Samples	SBS96A	SBS96B	SBS96C	SBS96D	SBS96E
OGG1_boot	3.36e-322	4.1e-322	0.9999999999999999	3.4e-322	3.8e-322
OGG1_boot.1	4.25e-322	5.53e-322	1.0	5.2e-322	5.53e-322
OGG1_boot.2	5.1e-322	5.5e-322	0.9999999999999999	5.73e-322	6.57e-322
OGG1_boot.3	6.13e-322	8.5e-322	1.0	7.07e-322	7.3e-322
OGG1_boot.4	1.4e-321	2.43e-321	1.0	2.02e-321	1.68e-321
OGG1_boot.5	3.4e-322	4.1e-322	1.0	4e-322	4.9e-322
OGG1_boot.6	5.63e-322	7.6e-322	0.9999999999999999	5.7e-322	6.67e-322
OGG1_boot.7	5.43e-322	5.83e-322	1.0	5.5e-322	6.4e-322
OGG1_boot.8	6.37e-322	7.36e-322	1.0	7.36e-322	8.2e-322
OGG1_boot.9	1.12e-321	1.83e-321	1.0	1.314e-321	1.457e-321
OGG1_boot.10	4e-322	3.9e-322	1.0	4.9e-322	5.7e-322
OGG1_boot.11	8.5e-322	9.2e-322	1.0	1.02e-321	1.16e-321
OGG1_boot.12	4.5e-322	5.83e-322	1.0	5.43e-322	5.8e-322
OGG1_boot.13	5.4e-322	5.83e-322	1.0	5.43e-322	5.8e-322
OGG1_boot.14	8.94e-322	1.29e-321	0.9999999999999999	1.14e-321	1.09e-321
OGG1_boot.15	1.354e-321	2.194e-321	1.0	1.616e-321	1.754e-321
OGG1_boot.16	3.26e-322	3.95e-322	1.0	3.3e-322	4.25e-322
OGG1_boot.17	8.15e-322	1.47e-321	1.0	9.2e-322	1.117e-321
OGG1_boot.18	1.01e-321	1.19e-321	1.0	1.176e-321	1.54e-321
OGG1_boot.19	1.186e-321	1.44e-321	0.9999999999999999	1.403e-321	1.66e-321
OGG1_boot.20	7.56e-322	9.2e-322	1.0	7.66e-322	9.8e-322
OGG1_boot.21	4.25e-322	4.15e-322	1.0	4e-322	4.94e-322
OGG1_boot.22	1.78e-321	4.916e-321	1.0	2.12e-321	2.095e-321
OGG1_boot.23	5.43e-322	7.3e-322	1.0	6.7e-322	7.6e-322
OGG1_boot.24	1.067e-321	2.07e-321	1.0	1.077e-321	1.31e-321
OGG1_boot.25	8.74e-322	1.576e-321	1.0	1.117e-321	1.067e-321
OGG1_boot.26	9.7e-322	1.566e-321	1.0	1.24e-321	1.06e-321
OGG1_boot.27	4.84e-322	5.24e-322	1.0	6e-322	6.27e-322
OGG1_boot.28	5.8e-322	7.76e-322	1.0	6.4e-322	7.4e-322
OGG1_boot.29	5.43e-322	7.36e-322	1.0	5.53e-322	6.4e-322
OGG1_boot.30	4e-322	5.2e-322	1.0	4.3e-322	4.7e-322
OGG1_boot.31	5.1e-322	5.5e-322	0.9999999999999999	5.73e-322	6.57e-322
OGG1_boot.32	7.56e-322	9.2e-322	1.0	8.9e-322	9.2e-322
OGG1_boot.33	6.2e-322	7.1e-322	1.0	6.57e-322	7.4e-322
OGG1_boot.34	7.66e-322	9.3e-322	1.0	9e-322	9.3e-322
OGG1_boot.35	6.7e-322	7.76e-322	1.0	6.4e-322	9.93e-322
OGG1_boot.36	5.43e-322	5.83e-322	1.0	5.43e-322	7e-322
OGG1_boot.37	6.27e-322	8.65e-322	0.9999999999999999	7.86e-322	8.65e-322
OGG1_boot.38	4.25e-322	4.15e-322	0.9999999999999999	4.64e-322	5e-322
OGG1_boot.39	8.9e-322	1.15e-321	1.0	1.32e-321	1.21e-321
OGG1_boot.40	5.43e-322	7.36e-322	0.9999999999999999	6.2e-322	7.07e-322
OGG1_boot.41	5.3e-322	7.1e-322	1.0	5.4e-322	6.87e-322
OGG1_boot.42	6.67e-322	7.7e-322	1.0	8.35e-322	9.24e-322
OGG1_boot.43	6.23e-322	5.8e-322	1.0	6.6e-322	8.05e-322
OGG1_boot.44	5.93e-322	5.5e-322	0.9999999999999999	6.3e-322	8.25e-322
OGG1_boot.45	5.43e-322	5.9e-322	0.9999999999999999	6.13e-322	6.4e-322
OGG1_boot.46	9.1e-322	1.15e-321	0.9999999999999999	1.097e-321	1.047e-321
OGG1_boot.47	6.6e-322	7.6e-322	1.0	6.97e-322	8.5e-322
OGG1_boot.48	6.77e-322	7.86e-322	1.0	7.2e-322	8.15e-322
OGG1_boot.49	9.2e-322	9.93e-322	1.0	9.63e-322	1.255e-321
OGG1_boot.50	4.45e-322	4.3e-322	1.0	4.8e-322	5.73e-322
OGG1_boot.51	4.25e-322	4.15e-322	1.0	4.64e-322	6.1e-322
OGG1_boot.52	4.3e-322	4.2e-322	0.9999999999999999	4.05e-322	5e-322
OGG1_boot.53	8.9e-322	9.7e-322	0.9999999999999999	1.003e-321	1.03e-321
OGG1_boot.54	6.4e-322	6e-322	1.0	6.8e-322	8.35e-322
OGG1_boot.55	6.97e-322	8.05e-322	1.0	7.4e-322	7.76e-322
OGG1_boot.56	5.6e-322	7.5e-322	0.9999999999999999	6.87e-322	7.16e-322
OGG1_boot.57	5.4e-322	5.83e-322	1.0	6.1e-322	7.56e-322
OGG1_boot.58	4.5e-322	4.35e-322	1.0	4.25e-322	5.8e-322
OGG1_boot.59	7.46e-322	6.1e-322	1.0	7.56e-322	1.15e-321
OGG1_boot.60	1.02e-321	9.93e-322	0.9999999999999999	1.17e-321	1.32e-321
OGG1_boot.61	5.7e-322	6.2e-322	1.0	7.07e-322	9.24e-322
OGG1_boot.62	9.24e-322	8.3e-322	1.0	9e-322	1.06e-321
OGG1_boot.63	5.7e-322	6.1e-322	1.0	5.1e-322	6.67e-322
OGG1_boot.64	4.6e-322	4.45e-322	1.0	5.6e-322	6.5e-322
OGG1_boot.65	9.1e-322	9.83e-322	0.9999999999999999	1.023e-321	1.18e-321
OGG1_boot.66	4.6e-322	4.5e-322	1.0	5.63e-322	6.57e-322
OGG1_boot.67	4.5e-322	4.4e-322	0.9999999999999999	4.9e-322	5.83e-322
OGG1_boot.68	6e-322	6.4e-322	0.9999999999999999	6.03e-322	7.1e-322
OGG1_boot.69	5.6e-322	6.1e-322	0.9999999999999999	5.7e-322	6.03e-322
OGG1_boot.70	4.7e-322	6.1e-322	1.0	5.7e-322	6.1e-322
OGG1_boot.71	5.6e-322	6.1e-322	1.0	5.7e-322	7.26e-322
OGG1_boot.72	5.9e-322	6.3e-322	1.0	6e-322	8.25e-322
OGG1_boot.73	4.64e-322	6e-322	1.0	5.63e-322	6.57e-322
OGG1_boot.74	6.97e-322	6.4e-322	0.9999999999999999	6.67e-322	8.35e-322
OGG1_boot.75	5.6e-322	6.03e-322	1.0	5.63e-322	6.6e-322
OGG1_boot.76	4.2e-322	4.1e-322	1.0	4.55e-322	6e-322
OGG1_boot.77	6.8e-322	6.3e-322	1.0	7.9e-322	1.01e-321
OGG1_boot.78	4.4e-322	4.25e-322	1.0	4.74e-322	6.23e-322
OGG1_boot.79	5.7e-322	6.2e-322	1.0	5.8e-322	7.4e-322
OGG1_boot.80	5.63e-322	6.1e-322	1.0	6.3e-322	8.5e-322
OGG1_boot.81	5.24e-322	4.2e-322	1.0	5.9e-322	6.77e-322
OGG1_boot.82	6.37e-322	5.9e-322	1.0	6.7e-322	7.6e-322
OGG1_boot.83	5.63e-322	6.1e-322	0.9999999999999999	5.7e-322	6.67e-322
OGG1_boot.84	5.4e-322	5.83e-322	1.0	6.1e-322	6.97e-322
OGG1_boot.85	5.24e-322	5.63e-322	1.0	5.9e-322	6.77e-322
OGG1_boot.86	7.8e-322	7.9e-322	1.0	7.9e-322	8.84e-322
OGG1_boot.87	5.8e-322	6.27e-322	0.9999999999999999	7.16e-322	7.5e-322
OGG1_boot.88	6.6e-322	6.13e-322	1.0	5.73e-322	7.95e-322
OGG1_boot.89	5.63e-322	6.1e-322	0.9999999999999999	7.6e-322	8.5e-322
OGG1_boot.90	1.42e-321	1.53e-321	1.0	1.5581771977247522e-279	2.386e-321
OGG1_boot.91	5.6e-322	6e-322	1.0	6.87e-322	6.57e-322
OGG1_boot.92	7.7e-322	7.8e-322	1.0	9.1e-322	9.34e-322
OGG1_boot.93	1.275e-321	1.43e-321	1.0	2.51e-321	1.645e-321
OGG1_boot.94	3.503e-321	2.584e-321	0.9822130852003331	0.017786914799666986	9.421986139796958e-90
OGG1_boot.95	1.107e-321	1.146e-321	1.0	1.976e-321	1.374e-321
OGG1_boot.96	1.586e-321	1.324e-321	0.8921119787079346	0.10788802129206557	3.864e-321
OGG1_boot.97	7.95e-322	9.7e-322	1.0	1.14e-321	9.04e-322
OGG1_boot.98	9e-322	1.02e-321	1.0	1.51e-321	1.16e-321
OGG1_boot.99	3.61e-321	1.996e-321	0.9801162970237435	0.019883702976256572	2.4494404251987285e-116
OGG1_boot.100	7.7e-322	7.8e-322	1.0	9.73e-322	1.057e-321
OGG1_boot.101	5.7e-322	7.7e-322	1.0	7.66e-322	7.36e-322
OGG1_boot.102	9.34e-322	1.344e-321	1.0	2.1e-321	1.14e-321
OGG1_boot.103	1.304e-321	2.29e-321	1.0	2.643e-321	1.477e-321
OGG1_boot.104	4.35e-322	4.2e-322	1.0	5.3e-322	6.2e-322
OGG1_boot.105	3.557e-321	3.57e-321	0.9650961078545216	0.034903892145478295	8.395495667581856e-290
OGG1_boot.106	2.37e-321	3.483e-321	0.9683507899901562	0.03164921000984391	4.017e-321
OGG1_boot.107	1.05e-321	1.087e-321	1.0	1.873e-321	1.36e-321
OGG1_boot.108	8.84e-322	9.6e-322	1.0	1.46e-321	1.21e-321
OGG1_boot.109	8.5e-322	9.2e-322	1.0	1.08e-321	1.1e-321
OGG1_boot.110	1.206e-321	1.46e-321	0.9999999999999999	2.98e-321	1.69e-321
OGG1_boot.111	2.48e-321	0.017458893023104924	0.9825411069768952	2.2941386676567515e-62	3.08e-321
OGG1_boot.112	1.294e-321	1.57e-321	0.9999999999999999	2.4e-321	1.606e-321
OGG1_boot.113	9.34e-322	1.06e-321	1.0	1.517e-321	1.27e-321
OGG1_boot.114	7.36e-322	9e-322	1.0	1.12e-321	1.077e-321
OGG1_boot.115	8.74e-322	7.86e-322	1.0	1.44e-321	1.255e-321
OGG1_boot.116	2.475e-321	1.966e-321	0.919640918256168	0.08035908174383188	1.0047263659374947e-246
OGG1_boot.117	8.3e-322	1.2e-321	1.0	1.625e-321	9.6e-322
OGG1_boot.118	7.8e-322	7.86e-322	1.0	1.245e-321	1.067e-321
OGG1_boot.119	7.7e-322	1.097e-321	0.9999999999999999	1.304e-321	1.003e-321
OGG1_boot.120	9.1e-322	1.146e-321	1.0	1.364e-321	1.047e-321
OGG1_boot.121	1.19e-321	1.93e-321	1.0	2.72e-321	1.72e-321
OGG1_boot.122	7.8e-322	6.3e-322	0.9999999999999999	9.2e-322	9.44e-322
OGG1_boot.123	4.5e-322	5.83e-322	0.9999999999999999	5.43e-322	5.2e-322
OGG1_boot.124	1.36e-321	2.055e-321	1.0	2.6297732768887273e-241	2.055e-321
OGG1_boot.125	1.695e-321	4.204e-321	1.0	2.7775923473033815e-279	1.897e-321
OGG1_boot.126	9.4e-322	9.14e-322	1.0	1.52e-321	1.334e-321
OGG1_boot.127	1.03e-321	1.497e-321	0.9999999999999999	1.8e-321	1.13e-321
OGG1_boot.128	1.71e-321	1.63e-321	1.0	1.3887239866e-314	3.45e-321
OGG1_boot.129	1.68e-321	2.35e-321	0.9125450494303555	0.0874549505696446	2.66e-321
OGG1_boot.130	8.9e-322	1.285e-321	1.0	1.6e-321	1.15e-321
OGG1_boot.131	3.533e-321	2.07e-321	0.9768370508506204	0.023162949149379594	2.585490013880827e-75
OGG1_boot.132	1.71e-321	1.45e-321	0.947374553143562	0.05262544685643794	2.554e-321
OGG1_boot.133	1.05e-321	9.34e-322	1.0	1.68e-321	1.734e-321
OGG1_boot.134	1.042e-321	9.2e-322	1.0	1.53e-321	1.344e-321
OGG1_boot.135	7.8e-322	7.9e-322	1.0	9.9e-322	8.84e-322
OGG1_boot.136	7.36e-322	9e-322	1.0	1.12e-321	9.54e-322
OGG1_boot.137	4e-322	3.9e-322	1.0	4.9e-322	6.27e-322
OGG1_boot.138	6.5e-322	7.5e-322	1.0	8.15e-322	9e-322
OGG1_real	5.4e-322	7.26e-322	1.0	6.1e-322	7.56e-322
OGG1_real.1	5.6e-322	6.1e-322	1.0	6.3e-322	7.26e-322
OGG1_real.2	1.097e-321	1.29e-321	1.0	1.947e-321	1.285e-321
UNG_boot	0.6082184730321756	0.15342372723913034	4.05e-322	0.23835779972869425	1.136e-321
UNG_boot.1	0.1474751953944586	0.329537356727294	4.74e-322	0.5229874478782474	1.215e-321
UNG_boot.2	5.894458770037814e-40	0.17557059781886614	4.25e-322	0.8244294021811338	1.15e-321
UNG_boot.3	0.4395768799198862	1.896778226589744e-107	5.1e-322	0.5604231200801137	1.215e-321
UNG_boot.4	0.3337637584412339	0.19146017518905975	3.9e-322	0.4747760663697064	1.126e-321
UNG_boot.5	0.534898346701716	0.018929189961547233	5.6e-322	0.44617246333673677	1.37e-321
UNG_boot.6	0.5519361819313221	2.436e-321	4.6e-322	0.4480638180686779	1.196e-321
UNG_boot.7	0.2075315525711311	0.3625765980788486	3.36e-322	0.42989184935002045	7.76e-322
UNG_boot.8	7.153191473848216e-185	0.3311245354296872	1.215e-321	0.6688754645703128	1.44e-321
UNG_boot.9	0.14075894500306613	0.08114053176470092	5.6e-322	0.7781005232322329	1.324e-321
UNG_boot.10	0.35246880664479835	0.0256658778529109	1.596e-321	0.6218653155022908	1.32e-321
UNG_boot.11	0.07107505547199969	0.16114044850889392	6.2e-322	0.7677844960191064	1.186e-321
UNG_boot.12	0.6512522942588956	0.07346058055501639	4.64e-322	0.27528712518608817	1.05e-321
UNG_boot.13	0.20440770749716397	0.3020942941533862	4.1e-322	0.49349799834944996	1.176e-321
UNG_boot.14	0.4406562446489293	0.23300021983219776	2.17e-322	0.3263435355188728	7.7e-322
UNG_boot.15	0.11693212252344494	0.458513437267569	3.85e-322	0.4245544402089862	1.067e-321
UNG_boot.16	0.32679323346892775	0.15354159384438038	3.85e-322	0.5196651726866918	1.12e-321
UNG_boot.17	0.3722038450065985	0.12847748953247054	5.34e-322	0.49931866546093095	1.39e-321
UNG_boot.18	2.0644690951726632e-160	0.2442694325551434	8.4e-322	0.7557305674448566	1.24e-321
UNG_boot.19	6.637471288800361e-27	0.4027314968551753	4.3e-322	0.5972685031448247	1.225e-321
UNG_boot.20	0.3165431205705226	6.556e-321	8.2e-322	0.6834568794294774	1.507e-321
UNG_boot.21	0.41884367734002237	0.0689992058038544	2.7e-322	0.5121571168561232	9.24e-322
UNG_boot.22	0.5008034720785051	0.21690982942458636	4.4e-322	0.2822866984969085	9.14e-322
UNG_boot.23	0.44365550057822245	0.03716264314540069	5.14e-322	0.5191818562763768	1.01e-321
UNG_boot.24	0.6851394860869884	0.09105447718396241	3.36e-322	0.22380603672904925	7.8e-322
UNG_boot.25	0.29269282713688893	5.815e-321	1.19e-321	0.707307172863111	1.655e-321
UNG_boot.26	0.36746230049707335	9.437e-321	5.24e-322	0.6325376995029266	1.31e-321
UNG_boot.27	0.6329971588328069	0.13359662071252001	4.8e-322	0.23340622045467307	1.176e-321
UNG_boot.28	1.2859963223989775e-26	2.2479614057895396e-144	6.47e-322	1.0	1.57e-321
UNG_boot.29	0.34315609509862105	0.2727078334187163	4.55e-322	0.3841360714826627	1.12e-321
UNG_boot.30	0.17804911439877696	0.1856577643074961	6.87e-322	0.6362931212937271	1.294e-321
UNG_boot.31	0.39946219665714144	0.20707500339967477	3.2e-322	0.3934627999431837	9.04e-322
UNG_boot.32	0.2988767638470844	0.008181957094994353	3.4e-322	0.6929412790579212	1.023e-321
UNG_boot.33	0.47209355369981176	0.13923111817932438	4.1e-322	0.3886753281208639	1.17e-321
UNG_boot.34	0.31970645660151586	0.054304155953527715	6.7e-322	0.6259893874449565	1.136e-321
UNG_boot.35	0.42598505821861077	0.1845369204063529	3.8e-322	0.3894780213750363	9.44e-322
UNG_boot.36	0.4727865403390807	5.613e-321	5.73e-322	0.5272134596609193	1.126e-321
UNG_boot.37	4.9439291977320284e-76	0.17120298664327555	9.54e-322	0.8287970133567246	1.685e-321
UNG_boot.38	0.6447601939049128	8.32981057092887e-304	2.6e-322	0.3552398060950872	8.94e-322
UNG_boot.39	0.16379108053921107	0.1361021282581776	3.6e-322	0.7001067912026112	9.34e-322
UNG_boot.40	0.125009378730247	0.1445635322893392	1.27e-321	0.7304270889804138	1.413e-321
UNG_boot.41	0.22416224795200318	0.3239501216663669	4e-322	0.45188763038162993	9.9e-322
UNG_boot.42	0.5298575023212864	0.06724342393479543	3.36e-322	0.40289907374391826	9.6e-322
UNG_boot.43	0.0029901099079903486	0.1695893356415717	8.4e-322	0.8274205544504378	1.265e-321
UNG_boot.44	0.2892412396609445	0.0250699331366183	5.3e-322	0.6856888272024371	1.32e-321
UNG_boot.45	0.3109136105507377	0.2889027991990592	6.7e-322	0.4001835902502031	1.11e-321
UNG_boot.46	0.10251927443172792	0.23024253430169353	6e-322	0.6672381912665786	1.023e-321
UNG_boot.47	0.5045408228416165	0.017514837145294396	4.5e-322	0.47794434001308894	9.24e-322
UNG_boot.48	0.43824355382712055	0.12972586186624924	6.27e-322	0.4320305843066303	1.2e-321
UNG_boot.49	0.18199556716774312	0.02688052284815401	4.35e-322	0.7911239099841029	1.19e-321
UNG_boot.50	0.4270283443755829	0.3125338638032036	6e-322	0.2604377918212134	1.146e-321
UNG_boot.51	0.46147624067614723	0.31962306913738925	1.02e-321	0.21890069018646363	1.225e-321
UNG_boot.52	0.8622018643657947	0.13779813563420523	4.8e-322	2.7156872624919653e-281	9.7e-322
UNG_boot.53	0.3699596478840767	0.2460508757940744	9.63e-322	0.3839894763218489	1.215e-321
UNG_boot.54	0.8023313407608124	0.19766865923918758	6.87e-322	4.0476827397649647e-296	9.1e-322
UNG_boot.55	0.5555939742330056	0.17113408218103712	8.05e-322	0.27327194358595736	1.126e-321
UNG_boot.56	0.7225434983522301	0.27745650164776986	7.46e-322	8.66e-321	9.83e-322
UNG_boot.57	0.2712879150918205	0.40988918039969113	1.976e-321	0.31882290450848827	1.28e-321
UNG_boot.58	0.3371997535667973	0.3404219059099872	1.774e-321	0.32237834052321535	1.294e-321
UNG_boot.59	0.7749545387029882	0.0894234230187293	1.65e-321	0.13562203827828234	1.22e-321
UNG_boot.60	0.7897755122607216	0.0619963186289445	1.517e-321	0.148228169110334	1.453e-321
UNG_boot.61	0.5738652489784566	0.2891117359267955	1.28e-321	0.1370230150947479	1.29e-321
UNG_boot.62	0.43367526318563454	0.4439971877084391	5.5e-322	0.12232754910592625	1.01e-321
UNG_boot.63	0.6909570424091382	0.30594949645322966	1.03e-321	0.0030934611376320356	1.047e-321
UNG_boot.64	0.8051189541282058	0.09058946428622568	5.3e-322	0.10429158158556856	1.02e-321
UNG_boot.65	0.40268667858569407	0.30844650705800786	4.49e-321	0.2888668143562979	1.41e-321
UNG_boot.66	0.4954517150837613	0.21799848870478838	2.633e-321	0.2865497962114504	1.225e-321
UNG_boot.67	0.616741222794215	0.15636187718033673	1.527e-321	0.22689690002544824	1.37e-321
UNG_boot.68	0.4674968860762143	0.3669910810173287	1.63e-321	0.16551203290645683	1.245e-321
UNG_boot.69	0.6798866385322713	0.21117650249787936	8e-322	0.10893685896984927	1.235e-321
UNG_boot.70	0.9405776866842599	9.39e-321	5e-322	0.05942231331573994	1.107e-321
UNG_boot.71	0.6109644406392223	0.11865629996233291	1.78e-321	0.2703792593984448	1.324e-321
UNG_boot.72	0.8149980869081812	0.18500191309181874	4.74e-322	6.013e-321	9.44e-322
UNG_boot.73	0.24005284461397125	0.4238286753057927	3.05e-321	0.33611848008023615	1.383e-321
UNG_boot.74	0.4561658412877063	0.37926471458558375	1.645e-321	0.16456944412670993	1.413e-321
UNG_boot.75	0.6582985982933204	0.2577777010016451	1.19e-321	0.08392370070503449	1.16e-321
UNG_boot.76	0.660104888742894	0.246651582510799	1.695e-321	0.09324352874630709	1.14e-321
UNG_boot.77	0.5545254275898803	0.1909456088558974	1.744e-321	0.25452896355422233	1.344e-321
UNG_boot.78	0.8355357372387006	0.08963442062706481	9.4e-322	0.07482984213423456	1.14e-321
UNG_boot.79	0.5933166532842093	0.08516941955081565	1.393e-321	0.3215139271649748	1.37e-321
UNG_boot.80	0.5253523772069765	0.3389203970228064	6.23e-322	0.13572722577021715	1.117e-321
UNG_boot.81	0.5030687551412995	0.3662675045872008	5.75e-321	0.1306637402714996	1.497e-321
UNG_boot.82	0.6472181532960817	0.2806143040932543	4.965e-321	0.072167542610664	1.26e-321
UNG_boot.83	0.8544550046976396	0.12109086958884459	7.3e-322	0.02445412571351584	1.136e-321
UNG_boot.84	0.7333169849380489	0.223738000979761	1.013e-321	0.04294501408219019	1.087e-321
UNG_boot.85	0.6509795345402787	0.12775625717613254	3.67e-321	0.22126420828358867	1.467e-321
UNG_boot.86	0.795001916212338	0.13198457089842172	1.19e-321	0.0730135128892403	1.22e-321
UNG_boot.87	0.5765889235963482	0.14210665121129287	1.2e-321	0.2813044251923591	1.3e-321
UNG_boot.88	0.6020056815711146	0.25832355421995473	1.734e-321	0.13967076420893054	1.235e-321
UNG_boot.89	0.7032039496737243	0.2967960503262756	1.042e-321	3.613783597995974e-139	1.06e-321
UNG_boot.90	0.8200917728945831	0.17990822710541687	6.13e-322	1.1433567107558104e-173	1.09e-321
UNG_boot.91	0.5802150171365785	0.2894768545025691	1.26e-321	0.13030812836085243	1.126e-321
UNG_boot.92	0.6999941528973666	0.3000058471026334	8.9e-322	1.7138724838047202e-77	1.02e-321
UNG_boot.93	0.7988611922409022	0.04471433697046515	1.15e-321	0.15642447078863264	1.117e-321
UNG_boot.94	0.829684601794427	0.09788365619814893	1.48e-321	0.0724317420074241	1.304e-321
UNG_boot.95	0.672690239507491	0.21004029063659269	1.225e-321	0.11726946985591621	1.25e-321
UNG_boot.96	0.8178333534472424	0.18216664655275772	4.18e-321	9.978451227041579e-110	1.24e-321
UNG_boot.97	0.5823609067873621	0.417639093212638	8.7e-322	2.644230980463022e-28	1.12e-321
UNG_boot.98	0.860972955368699	0.05720271460546425	1.023e-321	0.08182433002583678	1.126e-321
UNG_boot.99	0.8629102074129016	6.820013599512207e-285	1.35e-321	0.1370897925870984	1.215e-321
UNG_boot.100	0.47590642301011565	0.5240935769898845	8.45e-322	3.6672774e-317	1.057e-321
UNG_boot.101	0.6633907932252167	0.24019563207863584	7.86e-322	0.0964135746961475	1.05e-321
UNG_boot.102	0.6060170742310849	0.2757684217837169	7.2e-322	0.11821450398519824	1.107e-321
UNG_boot.103	0.6208461435018644	0.0312544040389713	7.95e-322	0.34789945245916437	1.255e-321
UNG_boot.104	0.4475861137380015	0.32179481410036814	8.55e-322	0.2306190721616302	1.16e-321
UNG_boot.105	0.4758513542291577	0.43491067215113477	7.8e-322	0.08923797361970756	1.166e-321
UNG_boot.106	0.5625081476376728	1.168e-320	0.03316286247429279	0.40432898988803434	1.82e-321
UNG_boot.107	0.8118636764249642	0.17146092550918812	3.167e-321	0.016675398065847627	9.6e-322
UNG_boot.108	0.8824390262195961	9.827e-321	1.265e-321	0.11756097378040387	1.22e-321
UNG_boot.109	0.48906103225871367	0.022338122937568348	2.1138227686152942e-17	0.48860084480371807	1.947e-321
UNG_boot.110	0.8174980422034268	0.18250195779657327	6.5e-322	2.9243364935033944e-59	8.7e-322
UNG_boot.111	0.8378105343363311	4.25e-321	1.586e-321	0.162189465663669	1.443e-321
UNG_boot.112	0.6895223393083869	0.18382915538303185	1.393e-321	0.1266485053085813	1.013e-321
UNG_boot.113	0.5855622765315753	0.2614771250597066	1.467e-321	0.15296059840871787	1.225e-321
UNG_boot.114	0.48010658094070013	0.2908701317232671	0.1454769022271113	0.08354638510892168	1.26e-321
UNG_boot.115	0.5276024667671271	0.006784134385827753	2.18e-321	0.4656133988470452	1.54e-321
UNG_boot.116	0.5244404344739275	0.04291721488783644	2.4545573578860384e-298	0.43264235063823614	1.196e-321
UNG_boot.117	0.5365402520458025	0.1542229876644155	4.007e-321	0.30923676028978203	1.21e-321
UNG_boot.118	0.5843933189863455	0.08070279738346561	1.097e-321	0.33490388363018875	1.31e-321
UNG_boot.119	0.40371118479993673	0.24148125438096335	0.06068950407398829	0.2941180567451116	1.487e-321
UNG_boot.120	0.5978951102948805	0.15976158447402758	0.06898959384353498	0.1733537113875568	1.457e-321
UNG_boot.121	0.1901034858432128	0.25964069645363125	1.383e-321	0.550255817703156	9.3e-322
UNG_boot.122	0.5165166289620261	0.22515159581800848	1.16e-321	0.2583317752199653	1.117e-321
UNG_boot.123	0.7618710752936192	0.008953329484308643	3.567e-321	0.2291755952220722	1.206e-321
UNG_boot.124	0.46937155713654977	0.27162974640755155	1.51e-321	0.2589986964558987	1.117e-321
UNG_boot.125	0.6881132364800941	0.05205974253909464	6.67e-322	0.2598270209808113	9.5e-322
UNG_boot.126	0.38175791735083714	0.17421610095291484	7.6e-322	0.44402598169624796	1.22e-321
UNG_boot.127	0.31680513720704395	0.31285649656230713	0.07228225764169935	0.2980561085889496	1.457e-321
UNG_boot.128	0.5548503537589999	0.15504467738964353	0.06840116505486851	0.2217038037964881	1.66e-321
UNG_boot.129	0.4976162344854683	0.3503519618540357	6.5e-322	0.15203180366049607	8.74e-322
UNG_boot.130	0.5434344463616282	1.59908362677551e-92	2.544e-321	0.4565655536383718	1.49e-321
UNG_boot.131	0.8039089096300209	1.953480647173321e-270	2.935e-321	0.19609109036997924	1.8e-321
UNG_boot.132	0.6921488317666191	0.10804416168914273	1.99e-321	0.19980700654423805	1.265e-321
UNG_boot.133	0.7103014421226547	0.08131493282141358	0.024301799139253243	0.18408182591667854	1.59e-321
UNG_boot.134	0.30771023986563006	0.1755769026746292	2.68e-321	0.5167128574597408	1.2e-321
UNG_boot.135	0.5325036695514391	0.05342851865804232	1.403e-321	0.4140678117905184	1.275e-321
UNG_boot.136	0.5517881677413473	0.0872038151023222	9.14e-322	0.3610080171563306	1.067e-321
UNG_boot.137	0.1379950893057144	0.41163007267994633	1.225e-321	0.4503748380143393	1.087e-321
UNG_boot.138	0.40345078780366617	0.17743895026787265	6.413e-321	0.41911026192846135	1.443e-321
UNG_boot.139	0.7377656489880086	4.634e-321	1.86e-321	0.26223435101199133	1.566e-321
UNG_boot.140	0.43881655413942544	0.16345706985127112	0.021259777889542506	0.376466598119761	1.58e-321
UNG_boot.141	0.6531043881782049	0.18829132907629964	1.457e-321	0.15860428274549543	1.067e-321
UNG_boot.142	0.701614325988235	9.64e-321	0.03501369199796414	0.263371982013801	1.39e-321
UNG_boot.143	0.7211873862746541	1.473778212833472e-127	3.157e-321	0.2788126137253459	1.635e-321
UNG_boot.144	0.483396494413015	1.7803755531636408e-104	0.036378768415661934	0.4802247371713231	1.55e-321
UNG_boot.145	0.5581882524644911	0.12392290337739105	1.635e-321	0.3178888441581178	1.29e-321
UNG_boot.146	0.5346241907075714	0.07430000025377073	8.4e-322	0.3910758090386579	1.087e-321
UNG_boot.147	0.5072224467691651	0.22782697238039723	1.92e-321	0.26495058085043777	9.7e-322
UNG_boot.148	0.37863686232213184	0.22262932265920707	2.367e-321	0.3987338150186611	1.255e-321
UNG_boot.149	0.2107202627869188	0.2729325664070621	2.594e-321	0.5163471708060191	1.03e-321
UNG_boot.150	0.3975713641380807	0.3003870920922568	1.33e-321	0.30204154376966247	1.18e-321
UNG_boot.151	0.9882974407039165	0.0036660741796958503	5.53e-322	0.00803648511638774	8.8e-322
UNG_boot.152	0.4761208076577377	0.06335499790909312	2.525e-321	0.4605241944331691	1.393e-321
UNG_boot.153	0.2589849289947977	0.22226761413671123	2.57e-321	0.518747456868491	1.403e-321
UNG_boot.154	0.6844891489238077	0.18593747408831446	9e-322	0.12957337698787788	8.6e-322
UNG_real	0.3870276137953799	0.08806557158899882	4.9e-322	0.5249068146156212	1.14e-321
UNG_real.1	0.6758117919306046	0.2157459624814399	1.166e-321	0.10844224558795544	1.15e-321
UNG_real.2	0.5214923819661186	0.1095702451833558	2.52e-321	0.3689373728505257	1.285e-321
ATP2B4_boot	4.595e-321	8.25e-322	0.03857556184289502	1.0020517327604866e-117	0.9614244381571049
ATP2B4_boot.1	2.347e-321	1.467e-321	0.44163267666407446	5.299019644997948e-209	0.5583673233359256
ATP2B4_boot.2	1.1487235558880816e-50	0.08143392166580604	0.2872873049837418	0.2081214275979022	0.42315734575255004
ATP2B4_boot.3	2.317e-321	1.907e-321	0.27400658608624573	0.338734706490429	0.38725870742332524
ATP2B4_boot.4	9.17e-321	1.3e-321	2.06e-321	0.5500584099482644	0.4499415900517355
ATP2B4_boot.5	2.584e-321	1.334e-321	0.1623372801516162	0.34020266059075244	0.49746005925763137
ATP2B4_boot.6	2.44e-321	1.45e-321	0.3093320330798641	0.21786733205225664	0.47280063486787927
ATP2B4_boot.7	4.713e-321	7.9e-322	0.09369492808869782	4.4937992199009e-281	0.9063050719113022
ATP2B4_boot.8	2.495e-321	9.73e-322	0.35397806321318764	3.4841471651795576e-274	0.6460219367868123
ATP2B4_boot.9	1.2552093568666217e-107	1.477e-321	0.23776513240347508	0.1622425003464248	0.5999923672501002
ATP2B4_boot.10	2.44e-321	1.05e-321	0.34320887407451717	0.04304625726842045	0.6137448686570623
ATP2B4_boot.11	3.295e-321	1.13e-321	0.1887718851914369	0.3891215886251097	0.42210652618345346
ATP2B4_boot.12	1.38e-321	4.7e-322	0.08849753713373845	0.41208620019265796	0.4994162626736036
ATP2B4_boot.13	1.897e-321	1.003e-321	0.3619690709888414	4.336447397561842e-238	0.6380309290111585
ATP2B4_boot.14	2.51e-321	2.1e-321	0.3498187854447568	0.3571654883785764	0.2930157261766667
ATP2B4_boot.15	2.49e-321	6.23e-322	0.07710015621892599	0.16709724371904697	0.755802600062027
ATP2B4_boot.16	2.095e-321	9.14e-322	0.26262927266213165	0.1420108363797862	0.5953598909580823
ATP2B4_boot.17	0.18661683513780405	4.13e-321	0.2745435654947942	0.2617773789224235	0.2770622204449782
ATP2B4_boot.18	2.46e-321	1.66e-321	0.40963655044118097	0.25522907716345866	0.3351343723953602
ATP2B4_boot.19	6.668514276378166e-178	3.043e-321	0.3272992265185575	0.3576179334903854	0.3150828399910572
ATP2B4_boot.20	2.31e-321	7.07e-322	0.020858639754606913	0.2653706824574511	0.713770677787942
ATP2B4_boot.21	2.856e-321	8.65e-322	0.07024850948909417	0.14798515572691748	0.7817663347839882
ATP2B4_boot.22	5.315124901179275e-203	2.055e-321	0.2112270324177743	0.26148808027785087	0.5272848873043748
ATP2B4_boot.23	1.927e-321	6.5e-322	0.12494267635159564	0.035586285606749354	0.839471038041655
ATP2B4_boot.24	6.606e-321	1.225e-321	2.868910828314319e-269	0.2634057372838115	0.7365942627161886
ATP2B4_boot.25	2.614e-321	6.87e-322	0.21599503918279053	0.12602830934998763	0.6579766514672217
ATP2B4_boot.26	3.31e-321	1.334e-321	0.3339674852007739	0.09462233778172563	0.5714101770175004
ATP2B4_boot.27	2.92e-321	1.937e-321	0.2581991868061806	0.13644280365761913	0.6053580095362003
ATP2B4_boot.28	1.937e-321	6.7e-322	0.3013845317249647	0.10801176920823653	0.5906036990667988
ATP2B4_boot.29	0.1802578392928086	1.26e-321	1.134022473046884e-84	0.1086177228979848	0.7111244378092066
ATP2B4_boot.30	0.05066764943128071	1.83e-321	0.04507127965112775	0.2779859366365472	0.6262751342810444
ATP2B4_boot.31	2.12e-321	8.6e-322	0.160151028214997	0.19171778458285674	0.6481311872021464
ATP2B4_boot.32	2.7453926273744614e-261	1.556e-321	0.09637771935840046	0.36911376437775295	0.5345085162638465
ATP2B4_boot.33	1.6222741288177358e-229	1.39e-321	0.15071927699207135	0.48455474956734	0.3647259734405886
ATP2B4_boot.34	2.945e-321	7.2e-322	0.15061482424925177	0.29890466039135893	0.5504805153593892
ATP2B4_boot.35	2.006e-321	9.3e-322	0.24674803178137228	0.05538954626353973	0.6978624219550881
ATP2B4_boot.36	1.7957156851572707e-57	2.22e-321	0.1986815891064235	0.10847778608738423	0.6928406248061922
ATP2B4_boot.37	3.23e-321	1.695e-321	0.44045685716850314	0.273603578594827	0.2859395642366699
ATP2B4_boot.38	0.6232506816234428	5.85e-321	0.37674931837655723	2.9464910383690286e-283	5.232415648829824e-232
ATP2B4_boot.39	2.68e-321	1.68e-321	0.20313883714696723	0.07630482502913903	0.7205563378238937
ATP2B4_boot.40	3.083e-321	7.36e-322	0.21965940423252645	0.3188567825187229	0.46148381324875065
ATP2B4_boot.41	2.13e-321	8.7e-322	0.15595305589774794	0.013812672893708534	0.8302342712085437
ATP2B4_boot.42	2.5e-321	1.042e-321	0.2758181545318149	0.24564178801998654	0.4785400574481986
ATP2B4_boot.43	2.58e-321	1.087e-321	0.43015102387292914	0.4368002415730158	0.13304873455405503
ATP2B4_boot.44	2.367e-321	1.126e-321	0.38086451974662355	0.45432064715271603	0.16481483310066045
ATP2B4_boot.45	8.467506794997241e-121	1.813e-321	0.1564129578946833	0.36754685059715436	0.47604019150816224
ATP2B4_boot.46	0.04431798494254976	3.03e-321	0.2164375974534246	0.289150139249441	0.4500942783545846
ATP2B4_boot.47	2.01e-321	6.67e-322	0.04172534813996197	0.4387289051509019	0.5195457467091362
ATP2B4_boot.48	1.92e-321	1.11e-321	0.23063200525516875	0.10500943197756968	0.6643585627672615
ATP2B4_boot.49	2.964e-321	4.086e-321	0.283136093589461	0.18615398567888067	0.5307099207316582
ATP2B4_boot.50	2.584e-321	1.14e-321	0.1710127660107556	0.28991734374206624	0.5390698902471781
ATP2B4_boot.51	5.01e-321	4.43e-321	0.3569820023322304	0.1549716172696427	0.488046380398127
ATP2B4_boot.52	9.068947352300104e-240	2.905e-321	0.19864412104904652	0.3370536798261784	0.4643021991247752
ATP2B4_boot.53	3.87e-321	1.897e-321	0.3432048084631206	0.24593492360485303	0.41086026793202624
ATP2B4_boot.54	5.01e-321	2.194e-321	0.32512451909483125	0.07174082927719741	0.6031346516279713
ATP2B4_boot.55	2.23e-321	7.76e-322	0.2246792808925614	0.3668055656217978	0.4085151534856408
ATP2B4_boot.56	2.41e-321	7.2e-322	0.10585721360418447	0.19330292642821725	0.7008398599675982
ATP2B4_boot.57	5.18e-321	1.003e-321	0.30232648453634403	0.047553673282693	0.6501198421809631
ATP2B4_boot.58	2.16e-321	7.56e-322	0.14903049525536388	0.2390085927533853	0.6119609119912507
ATP2B4_boot.59	8.90911009333366e-145	1.64e-321	0.22602279400942432	0.2228547395813012	0.5511224664092744
ATP2B4_boot.60	1.887e-321	6.5e-322	0.09108932998715231	0.21361114872812847	0.6952995212847192
ATP2B4_boot.61	8.959524803262039e-55	3.523e-321	0.3298358640869422	0.29387775215557743	0.37628638375748036
ATP2B4_boot.62	1.405257e-317	1.265e-321	0.024347061900451963	0.3490254475370083	0.6266274905625395
ATP2B4_boot.63	0.5384030133449256	1.986e-321	0.286347300255459	1.4978613613818309e-242	0.1752496863996153
ATP2B4_boot.64	8.85e-321	1.19e-321	0.11049560310879586	0.16750861209893378	0.7219957847922704
ATP2B4_boot.65	9.017e-321	2.673e-321	0.048925385530926006	0.26560189913482085	0.6854727153342532
ATP2B4_boot.66	5.336e-321	7.86e-322	0.00939687507765161	0.3279454523926725	0.6626576725296759
ATP2B4_boot.67	2.31e-321	6.7e-322	0.04791334290054622	0.3658008411772197	0.5862858159222342
ATP2B4_boot.68	3.775e-321	7.1e-322	0.011120663385010212	0.25059225140390107	0.7382870852110887
ATP2B4_boot.69	3.351278420497238e-247	2.33e-321	0.30153365206634797	0.2176071763751525	0.48085917155849944
ATP2B4_boot.70	2.05e-321	8.25e-322	0.25692079220024683	0.4258571654294818	0.31722204237027124
ATP2B4_boot.71	2.263e-321	8.84e-322	0.29248370454190664	0.26207268777669035	0.445443607681403
ATP2B4_boot.72	5.217989088335037e-279	1.255e-321	0.1378780579117678	0.1563377220083443	0.7057842200798878
ATP2B4_boot.73	1.91e-321	1.45e-321	0.34532824916970106	0.456116990102881	0.19855476072741804
ATP2B4_boot.74	1.58e-321	7.07e-322	0.06830750748344462	1.23869809100086e-13	0.9316924925164315
ATP2B4_boot.75	0.49814664921888707	1.42e-321	0.19248861678409018	0.1516558402494816	0.15770889374754107
ATP2B4_boot.76	1.45e-321	7.2e-322	0.08282223177629426	0.28083571282636116	0.6363420553973447
ATP2B4_boot.77	2.91e-321	7.7e-322	0.12026902430627148	0.20583011256123943	0.6739008631324891
ATP2B4_boot.78	2.525e-321	1.245e-321	0.2072090839558707	0.18080741859713342	0.611983497446996
ATP2B4_boot.79	2.75e-321	1.324e-321	0.17365995489334057	0.20230560514667126	0.6240344399599883
ATP2B4_boot.80	5.047783453267247e-98	2.02e-321	0.16730818215322382	0.030027697884131246	0.8026641199626449
ATP2B4_boot.81	1.38e-321	6.97e-322	0.029150925123299355	0.03463166141876329	0.9362174134579374
ATP2B4_boot.82	3.85e-321	7.86e-322	0.10153762588314412	0.01804861754817268	0.8804137565686831
ATP2B4_boot.83	7.42e-321	1.956e-321	0.1536198580359336	0.31824274964174154	0.5281373923223247
ATP2B4_boot.84	0.12329861174422754	2.085e-321	0.17943418279953025	0.18496692388726763	0.5123002815689746
ATP2B4_boot.85	0.18067065085855905	3.463e-321	0.30155340171484396	0.3180995254525849	0.19967642197401209
ATP2B4_boot.86	0.23783447020831247	2.08e-321	0.1451680333271946	0.15584527143701493	0.461152225027478
ATP2B4_boot.87	1.255e-321	4.7e-322	0.09490832123650417	0.28507920891588584	0.6200124698476099
ATP2B4_boot.88	3.36e-321	2.075e-321	0.482724593554561	0.1831551493889387	0.3341202570565003
ATP2B4_boot.89	2.515e-321	1.285e-321	0.2005188890788032	0.2779500387789842	0.5215310721422126
ATP2B4_boot.90	4.135e-321	1.013e-321	0.00654806025092686	0.35316683716559477	0.6402851025834784
ATP2B4_boot.91	4.1e-321	1.537e-321	0.34429211162544726	0.35354573347895	0.3021621548956027
ATP2B4_boot.92	0.1987466728420313	3.1e-321	0.23822434689784966	0.009665851270035485	0.5533631289900837
ATP2B4_boot.93	1.1991785343245857e-212	1.374e-321	2.184e-321	0.38897543566066517	0.6110245643393348
ATP2B4_boot.94	3.6e-321	1.966e-321	0.5535275685449614	0.4139234121439011	0.032549019311137274
ATP2B4_boot.95	4.363e-321	9.6e-322	0.13758013557368842	0.2765834122688037	0.5858364521575078
ATP2B4_boot.96	2.436e-321	1.74e-321	0.2261487739353442	0.1689994032198676	0.6048518228447882
ATP2B4_boot.97	1.917e-321	9.9e-322	0.3020444252007448	0.10675461135938458	0.5912009634398706
ATP2B4_boot.98	2.14e-321	8.15e-322	0.18325975490017046	0.5708759027101036	0.24586434238972588
ATP2B4_boot.99	2.554e-321	1e-321	0.4160149722918284	0.536744594704242	0.04724043300392962
ATP2B4_boot.100	2.515e-321	6.87e-322	0.26431140270798226	0.7356885972920176	7.653198248343297e-157
ATP2B4_boot.101	2.62e-321	6.37e-322	0.19498024155594457	0.7086294872948394	0.09639027114921588
ATP2B4_boot.102	2.446e-321	9.1e-322	0.3602338636905838	0.639766136309416	5.28e-321
ATP2B4_boot.103	3.305e-321	1.087e-321	0.33791877984918467	0.3872694876826799	0.27481173246813545
ATP2B4_boot.104	3.21e-321	1.04e-321	0.3587877886205741	0.602852877278244	0.03835933410118194
ATP2B4_boot.105	4.12e-321	1.087e-321	0.4190688121197345	0.5809311878802654	1.2656349956802384e-161
ATP2B4_boot.106	3.9e-321	9.1e-322	0.3732928389258135	0.5592695404116378	0.0674376206625487
ATP2B4_boot.107	2.495e-321	7.2e-322	0.2883120776654458	0.7116879223345542	3.7594665997975017e-283
ATP2B4_boot.108	6.186e-321	1.84e-321	0.4684700889125987	0.5315299110874012	6.57101331701243e-110
ATP2B4_boot.109	4.44e-321	1.28e-321	0.39551184382705673	0.6044881561729432	3.8050917066490137e-264
ATP2B4_boot.110	2.085e-321	6.47e-322	0.23741147992456624	0.488352285058572	0.27423623501686173
ATP2B4_boot.111	3.62e-321	9.83e-322	0.20742331670291797	0.5163169180313849	0.2762597652656972
ATP2B4_boot.112	2.41e-321	8.7e-322	0.28420429133941183	0.2704278080017603	0.4453679006588278
ATP2B4_boot.113	4.293e-321	7.7e-322	0.23026450127409223	0.6760327336835713	0.09370276504233643
ATP2B4_boot.114	4.87e-321	1.107e-321	0.3212134849143721	0.678786515085628	6.665e-321
ATP2B4_boot.115	8.597e-321	1.41e-321	0.2552247476907567	0.4092358412655277	0.3355394110437156
ATP2B4_boot.116	4.66e-321	1.17e-321	0.4561680605896899	0.5438319394103099	1.8054059339245604e-40
ATP2B4_boot.117	1.065e-320	2.485e-321	0.41217774232324444	0.3125628149211647	0.27525944275559094
ATP2B4_boot.118	2.525e-321	6.6e-322	0.44763311537876516	0.5523668846212347	8.474275328966389e-119
ATP2B4_boot.119	2.13e-321	8.4e-322	0.140288423633807	0.6581932336303155	0.2015183427358774
ATP2B4_boot.120	2.327e-321	8.25e-322	0.29439215988732287	0.44316150582739844	0.26244633428527864
ATP2B4_boot.121	3.19e-321	1.294e-321	0.28002883985741117	0.5052750565792336	0.21469610356335525
ATP2B4_boot.122	2.085e-321	8e-322	0.25779319752464175	0.6322865967979588	0.10992020567739955
ATP2B4_boot.123	3.77e-321	9.1e-322	0.14364416263737242	0.7965892375577849	0.059766599804842724
ATP2B4_boot.124	3.16e-321	8.84e-322	0.13612881580177033	0.4976064150299324	0.3662647691682972
ATP2B4_boot.125	5.133e-321	1.82e-321	0.4791690881524622	0.3296957463736311	0.19113516547390674
ATP2B4_boot.126	3.197e-321	1.08e-321	0.3990515822414332	0.5785130761225927	0.022435341635974063
ATP2B4_boot.127	2.27e-321	6.5e-322	0.07837105819349871	0.9216289418065013	6.77e-321
ATP2B4_boot.128	4.214e-321	1.12e-321	0.45523000428934524	0.5447699957106547	4.9760938552438633e-113
ATP2B4_boot.129	2.456e-321	6.37e-322	0.2603146155125086	0.7027689730679991	0.036916411419492146
ATP2B4_boot.130	2.737e-321	9.4e-322	0.22454375709087074	0.5158812876996625	0.25957495520946683
ATP2B4_boot.131	5.18e-321	1.705e-321	0.3022659212599507	0.4139416538506191	0.2837924248894302
ATP2B4_boot.132	3.24e-321	7.07e-322	0.16999161221558923	0.8300083877844108	1.2657514038962482e-149
ATP2B4_boot.133	5.835e-321	9.04e-322	0.2790843467869686	0.7209156532130315	5.455947067938334e-71
ATP2B4_boot.134	2.085e-321	6.4e-322	0.18972994200480583	0.5274786570822785	0.2827914009129156
ATP2B4_boot.135	5.92e-321	1.66e-321	0.4955545851184362	0.4700194087505745	0.03442600613098927
ATP2B4_boot.136	2.51e-321	1.05e-321	0.33060495172086035	0.6222455956297148	0.04714945264942476
ATP2B4_boot.137	2.68e-321	6.6e-322	0.1212832266103205	0.8787167733896794	6.339952826527028e-226
ATP2B4_boot.138	2.623e-321	8.94e-322	0.2559171292194689	0.7440828705892569	1.9127404072146552e-10
ATP2B4_boot.139	2.347e-321	6.47e-322	0.17546779957784048	0.45735236716387895	0.36717983325828063
ATP2B4_boot.140	2.535e-321	8.45e-322	0.3193148083177616	0.5785837027263221	0.10210148895591624
ATP2B4_boot.141	2.115e-321	6.67e-322	0.2529708294334922	0.41974450756199055	0.3272846630045173
ATP2B4_boot.142	2.49e-321	6.7e-322	0.09243772741920134	0.4506026492568507	0.456959623323948
ATP2B4_boot.143	4.71e-321	1.487e-321	0.3888832303444611	0.3892499507843473	0.22186681887119156
ATP2B4_boot.144	1.937e-321	6.77e-322	0.20529861390938575	0.4998763965208035	0.2948249895698106
ATP2B4_boot.145	2.787e-321	8.45e-322	0.35892103564291195	0.6182037060745038	0.022875258282584302
ATP2B4_boot.146	1.3157085950203465e-273	1.69e-321	0.48088668934341366	0.5191133106565864	1.3023382925499432e-44
ATP2B4_boot.147	6.497e-321	1.63e-321	0.4363208991467551	0.49856377731063384	0.06511532354261111
ATP2B4_boot.148	1.95e-321	6.6e-322	0.09664015251270743	0.48785642422530184	0.4155034232619907
ATP2B4_boot.149	7.273e-321	1.35e-321	0.3874034310684261	0.6125965667619218	2.169652044979499e-09
ATP2B4_boot.150	2.787e-321	9.1e-322	0.13573079887891645	0.3923851851673195	0.47188401595376406
ATP2B4_boot.151	2.75e-321	6.5e-322	0.2099593986320845	0.5438953355420307	0.2461452658258849
ATP2B4_boot.152	4.11e-321	1.37e-321	0.3761745193835204	0.36114284282171544	0.2626826377947643
ATP2B4_boot.153	2.327e-321	6.57e-322	0.20827754578930918	0.2876454470572194	0.5040770071534715
ATP2B4_boot.154	3.266e-321	7.4e-322	0.12862599985533235	0.3816935186640975	0.4896804814805702
ATP2B4_boot.155	2.846e-321	6.3e-322	0.13472056274814329	0.5303166265335402	0.3349628107183165
ATP2B4_boot.156	2.456e-321	8.55e-322	0.1538897255173147	0.7805297291526723	0.0655805453300132
ATP2B4_boot.157	4.185e-321	1.5e-321	0.3831731465722647	0.6168268534277352	6.69e-321
ATP2B4_boot.158	3.305e-321	6.6e-322	0.34285031464960053	0.4314893860524922	0.2256602992979072
ATP2B4_boot.159	3.034e-321	6.87e-322	0.05427499872371619	0.6217666488258609	0.323958352450423
ATP2B4_boot.160	6.23e-321	1.7e-321	0.41424520627732764	0.5857547937226723	4.140556494844442e-38
ATP2B4_boot.161	6.09e-321	1.023e-321	0.3756983517995288	0.6228158913048119	0.0014857568956593904
ATP2B4_boot.162	3.434e-321	8.94e-322	0.1865932919095546	0.47147383060231096	0.3419328774881344
ATP2B4_boot.163	4.886e-321	1.344e-321	0.44622197206206465	0.5537780279379352	1.3144025826383053e-38
ATP2B4_boot.164	2.61e-321	8.74e-322	0.3277155417616173	0.5351234958472121	0.13716096239117062
ATP2B4_boot.165	1.87e-321	6.8e-322	0.21803812306164883	0.7819618769383512	5.65e-321
ATP2B4_boot.166	2.826e-321	6.97e-322	0.3412671439013526	0.4973142153993926	0.16141864069925488
ATP2B4_boot.167	2.544e-321	1.003e-321	0.217852531607733	0.46542994619606115	0.3167175221962059
ATP2B4_boot.168	3.14e-321	8.94e-322	0.2885692680575242	0.7114307319424757	5.395e-321
ATP2B4_boot.169	4.58e-321	1.433e-321	0.3644470479697876	0.6355529520302126	2.893888913650562e-247
ATP2B4_boot.170	4.13e-321	1.28e-321	0.28277167843381684	0.518124190471234	0.19910413109494912
ATP2B4_boot.171	3.93e-321	9.3e-322	0.44292996100600124	0.5570700389939988	2.0254809352271176e-91
ATP2B4_boot.172	4.07e-321	9.7e-322	0.33847714488824043	0.6552874553667645	0.006235399744995024
ATP2B4_boot.173	2.055e-321	4.6e-322	0.1927132053438508	0.807286794656149	4.649959958371601e-281
