Samples	SBS96A	SBS96B	SBS96C	SBS96D	SBS96E
EXO1_0_real_train1	0.3538293021642195	0.005608818504792472	0.5823505445814163	0.03987646328584287	0.018334871463729033
OGG1_0_real_train1	0.028458546868052537	0.04886379061416442	0.008699785186192636	0.8764443379609002	0.037533539370690275
RNF168_0_real_train1	0.3386653159582262	2.77e-321	0.5418548859805412	0.0893465372635804	0.030133260797652342
UNG_0_real_train1	1.7306198466869112e-177	0.0554451976133883	0.7871979851828298	0.08351546493842209	0.07384135226535968
ATP2B4_0_real_train1	0.10860475416845385	1.705e-321	0.3461011624888357	0.30118562783654224	0.24410845550616816
ATP2B4_1_real_train1	0.09902189421483319	0.024568063427087578	0.09156566015638713	0.4001378907032441	0.3847064914984479
MLH1_0_real_train1	0.2995943018977572	0.6518617052645772	1.5029251490291604e-76	0.009894351262269644	0.03864964157539583
MSH2_0_real_train1	0.27599025356721935	0.6126358435240309	0.01648642520976251	0.014606787730041842	0.08028068996894541
MSH6_0_real_train1	0.3552114756809491	0.5823205528848836	7.016990625422353e-172	0.024019195547366017	0.03844877588680127
MSH6_1_real_train1	0.37112185229351413	0.5884978148969676	7.027428886889867e-168	0.04038033280951817	7.204073128546035e-234
PMS1_0_real_train1	0.03589082265393013	0.1181086351493877	0.012351044529317422	0.20452441593823525	0.6291250817291295
PMS2_0_real_train1	0.8111489938116183	0.08910910924233782	0.014424993741834714	0.038449443110152075	0.04686746009405692
EXO1_0_multinomial_train1	0.36947050776857077	1.3420693171412647e-83	0.5761986451872936	0.05433084704413548	2.87e-321
EXO1_0_multinomial_train1.1	0.34276958582602085	0.011935658432629904	0.5744585173142316	0.019207672466373425	0.051628565960744235
EXO1_0_multinomial_train1.2	0.37142252540962906	2.0944437433799674e-186	0.5786815190636858	0.02916260163970008	0.0207333538869852
EXO1_0_multinomial_train1.3	0.3164796762586468	0.010944603540237501	0.6229635319535488	0.044778816753245444	0.004833371494321532
EXO1_0_multinomial_train1.4	0.3379348425975795	2.194e-321	0.6329447498702514	0.02912040753216925	6.589095783865947e-105
EXO1_0_multinomial_train1.5	0.3117607807914025	2.2603681372372552e-47	0.5990358404550561	0.011817545682973937	0.07738583307056746
EXO1_0_multinomial_train1.6	0.3777051702935027	0.03038343091038385	0.5233666495611072	0.0685447492350063	2.36e-321
EXO1_0_multinomial_train1.7	0.33131293141926915	0.015850989750730203	0.610634307268523	0.0297306950461454	0.012471076515332134
EXO1_0_multinomial_train1.8	0.3863047985500639	0.004821812007694178	0.5622239389352786	0.03398068626638288	0.012668764240580326
EXO1_0_multinomial_train1.9	0.338292800336823	0.0015272589307323123	0.632025131319395	0.021357300245778907	0.006797509167270837
EXO1_0_multinomial_train1.10	0.335466905347486	0.006986766644218671	0.6019726096311762	0.03777594455861341	0.017797773818505773
EXO1_0_multinomial_train1.11	0.3182923697557261	0.011552023771330076	0.5568024546152645	0.04509450331993186	0.0682586485377476
EXO1_0_multinomial_train1.12	0.34732783753331165	0.01675875383098476	0.5311245897612482	0.06274404156374	0.04204477731071555
EXO1_0_multinomial_train1.13	0.376039421537251	5.500233807373802e-274	0.5693080238560266	0.02700389917544608	0.02764865543127639
EXO1_0_multinomial_train1.14	0.35833670383138055	3.464708872134998e-85	0.5853642222189576	0.029330107478686026	0.026968966470975866
EXO1_0_multinomial_train1.15	0.35065752346881307	0.02226678671756073	0.5910229376588982	0.024113723539191206	0.011939028615536584
EXO1_0_multinomial_train1.16	0.3777466876597123	0.0030782898266569947	0.579593153604558	0.03958186890907265	1.1000574974187225e-94
EXO1_0_multinomial_train1.17	0.3553453262282057	0.030956356979649807	0.5821601969815489	0.01919926678087011	0.012338853029725488
EXO1_0_multinomial_train1.18	0.35887665689359954	1.323694171122257e-115	0.5472060436614237	0.06765437693513704	0.02626292250983991
EXO1_0_multinomial_train1.19	0.3497526030837804	0.015344225412695782	0.5936106178378393	0.04129255366568443	9.151177992796212e-155
EXO1_0_multinomial_train1.20	0.3346330679496213	0.02035905748850592	0.5959063181992881	0.049101556362584745	1.2258512973482723e-83
EXO1_0_multinomial_train1.21	0.3421154953155957	0.04580755022240182	0.5726593528663693	0.03941760159563321	5.754564777199423e-126
EXO1_0_multinomial_train1.22	0.32253598874022	0.019514133772754974	0.5601979114800997	0.040867442048416046	0.056884523958509334
EXO1_0_multinomial_train1.23	0.306961424658901	4.617483404590492e-226	0.6300855365999232	0.018848924831047806	0.04410411391012792
EXO1_0_multinomial_train1.24	0.34690520783234674	0.01701033612022778	0.5999615018246374	0.03612295422278822	1.82257e-317
EXO1_0_multinomial_train1.25	0.35937867294481124	0.00581788685119912	0.5584574279449429	0.020670343089225544	0.055675669169821196
EXO1_0_multinomial_train1.26	0.3635904225905205	4.377712762633941e-09	0.5697665982554081	0.024543639618664046	0.042099335157694415
EXO1_0_multinomial_train1.27	0.3231587490035843	0.026966723880524443	0.6257881958641374	0.02408633125175386	6.879336365556516e-260
EXO1_0_multinomial_train1.28	0.3388098164596091	0.036606481394106105	0.531347202372527	0.016023370250071212	0.07721312952368665
EXO1_0_multinomial_train1.29	0.3740689047827166	9.679196541777471e-102	0.5611222596125273	0.010814046730019981	0.05399478887473633
EXO1_0_multinomial_train1.30	0.3622555185176912	0.03275022581602807	0.5495026358748586	0.0554916197914222	1.376579295854277e-189
EXO1_0_multinomial_train1.31	0.36762756866355034	3.604856796789919e-196	0.6028658140598018	0.028887246272248264	0.00061937100439953
EXO1_0_multinomial_train1.32	0.35065411637421506	3.97e-321	0.6190888604665227	0.030257023159262375	2.134e-321
EXO1_0_multinomial_train1.33	0.3647407606311564	0.020000647523746123	0.551219342411702	0.05280159549525343	0.011237653938141993
EXO1_0_multinomial_train1.34	0.31525775787290294	0.005532656547877582	0.6197175382136032	0.036137366107709575	0.023354681257906656
EXO1_0_multinomial_train1.35	0.33575880581507545	0.023432870110575082	0.566299181625924	0.048185813359502644	0.02632332908892292
EXO1_0_multinomial_train1.36	0.3639863346071344	0.0037776626644679366	0.5580602963434886	0.04035127462269618	0.03382443176221295
EXO1_0_multinomial_train1.37	0.3381919473669413	0.025960442775435695	0.5427117117976235	0.061989186338384135	0.031146711721615483
EXO1_0_multinomial_train1.38	0.3879346909865926	3.636e-321	0.5659648723335935	0.03292851489076032	0.013171921789053418
EXO1_0_multinomial_train1.39	0.37425635247764033	2.945e-321	0.5873057187438002	0.038437928775997	2.562462944166684e-12
EXO1_0_multinomial_train1.40	0.3463243610727493	1.18e-321	0.5645027204619999	0.03541469921140001	0.0537582192538508
EXO1_0_multinomial_train1.41	0.3300683880100681	5.218646664511747e-242	0.6194906016873525	0.03587813178729473	0.014562878515284655
EXO1_0_multinomial_train1.42	0.3415476778699462	2.79e-321	0.5763511535633403	0.034966328465511023	0.047134840101202426
EXO1_0_multinomial_train1.43	0.3937101877568836	0.011918788755687325	0.5657714867853718	0.02859953670205721	1.2968890486377754e-293
EXO1_0_multinomial_train1.44	0.3556433252333266	0.013108026350290465	0.5706978044068063	0.030617110412122586	0.02993373359745403
EXO1_0_multinomial_train1.45	0.3633621116281529	0.03493175391731136	0.5394981104856221	0.06220802393128022	3.763348168105916e-11
EXO1_0_multinomial_train1.46	0.37183617058858487	0.0243879832874588	0.5446224548019103	0.05915339132204599	1.1469208002163122e-99
EXO1_0_multinomial_train1.47	0.37578398640331323	1.245e-321	0.551110215030769	0.03907033302467272	0.0340354655412451
EXO1_0_multinomial_train1.48	0.35623505064911204	0.04882128490126294	0.5575514009893702	0.03739226346025488	2.11e-321
EXO1_0_multinomial_train1.49	0.3080127358160105	3.473e-321	0.5880646599494803	0.06399023187792993	0.039932372356579156
EXO1_0_multinomial_train1.50	0.33453600259270133	0.0009776222395122614	0.6287699062060998	0.035716468961686496	1.4237651489275635e-77
EXO1_0_multinomial_train1.51	0.35866656376915307	3.23091788970171e-226	0.6049592982640047	0.03637413796684205	6.598985972053576e-239
EXO1_0_multinomial_train1.52	0.38797911763571846	3.43e-321	0.5535893505147658	0.040939308510338536	0.01749222333917724
EXO1_0_multinomial_train1.53	0.3489770977773669	2.036e-321	0.5673990228066499	0.030778932581802036	0.05284494683418116
EXO1_0_multinomial_train1.54	0.34938533518174264	6.342798686807886e-175	0.5848823460499809	0.06573231876827647	8.900947645603638e-83
EXO1_0_multinomial_train1.55	0.3480641271334985	0.03524175581331493	0.5599385864217474	0.043305105469777706	0.013450425161661514
EXO1_0_multinomial_train1.56	0.3436569698135186	0.03721298877057961	0.599039877839792	0.02009016357610984	1.3509212917278296e-91
EXO1_0_multinomial_train1.57	0.33254099912552243	0.018446459694986032	0.5738501028635062	0.0467149542275759	0.028447484088409327
EXO1_0_multinomial_train1.58	0.36371099460838374	0.012780325963206555	0.5516465341655479	0.009999004024080948	0.061863141238780756
EXO1_0_multinomial_train1.59	0.3507910083849357	2.767e-321	0.5671605363435586	0.019568410182555368	0.06248004508895026
EXO1_0_multinomial_train1.60	0.3579753285856458	0.004167073644188861	0.5617528888991576	0.05415826671956278	0.021946442151444846
EXO1_0_multinomial_train1.61	0.3581855702660269	0.00043122795141740835	0.5935363114823751	0.04068583489587989	0.007161055404300842
EXO1_0_multinomial_train1.62	0.3806923220840193	3.0144237999157336e-12	0.5473105039439976	0.03339697378828483	0.03860020018068381
EXO1_0_multinomial_train1.63	0.3262797265037025	2.629489745454789e-167	0.6232377595179773	0.047678272262375	0.00280424171594516
EXO1_0_multinomial_train1.64	0.35733852866982874	1.4680994242586223e-82	0.5939424556158894	0.047641452137900074	0.0010775635763816593
EXO1_0_multinomial_train1.65	0.3525615024903094	0.009203346099282778	0.5641641824476592	0.0636910873855461	0.010379881577202654
EXO1_0_multinomial_train1.66	0.3418322175698745	0.0012634477561369523	0.6045359557799095	0.024151286311641495	0.02821709258243767
EXO1_0_multinomial_train1.67	0.3200310640396551	4.06e-321	0.6317607764337507	0.045373015722897	0.002835143803697061
EXO1_0_multinomial_train1.68	0.2947545826169499	0.043100963568965554	0.593026745174462	0.05414892080352192	0.014968787836100736
EXO1_0_multinomial_train1.69	0.32497324827417534	0.047637932066776585	0.5919413411684384	0.006371500604343474	0.02907597788626608
EXO1_0_multinomial_train1.70	0.34180935823063785	3.636e-321	0.5957462008192338	0.06244444095012842	2.974e-321
EXO1_0_multinomial_train1.71	0.3528975960057286	0.02358850204231882	0.5738214012412565	0.0401683670986095	0.009524133612086472
EXO1_0_multinomial_train1.72	0.34914641375894	6.1966608793716565e-43	0.5872514715580788	0.05662645739916896	0.006975657283812244
EXO1_0_multinomial_train1.73	0.32623906884430376	0.044654067836350515	0.5521361328219027	0.044363923296615905	0.03260680720082728
EXO1_0_multinomial_train1.74	0.3661980537689199	2.6713929652225273e-98	0.6135449588930748	0.020256987338005163	1.2824689506346996e-56
EXO1_0_multinomial_train1.75	0.32361663497279886	3.2293011642357723e-70	0.5993065160167388	0.015065355024979837	0.06201149398548267
EXO1_0_multinomial_train1.76	0.34938318783362565	1.285e-321	0.5751960755867802	0.032694562237955985	0.04272617434163817
EXO1_0_multinomial_train1.77	0.38236514401035493	6.932945914620768e-249	0.5406482139697746	0.0522719775285952	0.024714664491275448
EXO1_0_multinomial_train1.78	0.3389077959572206	2.95995252161871e-303	0.6031701626629116	0.043336306624871555	0.014585734754996476
EXO1_0_multinomial_train1.79	0.361974625135867	3.676e-321	0.5590541310016937	0.04487578901371525	0.03409545484872415
EXO1_0_multinomial_train1.80	0.3579286222673498	1.3837232333147825e-154	0.619143261212274	0.02292811652037616	1.8963013461120308e-183
EXO1_0_multinomial_train1.81	0.35931663847516726	0.020639635529628757	0.5491383174656592	0.0709054085295446	5.024962983606429e-64
EXO1_0_multinomial_train1.82	0.3626623000254443	1.14315915223575e-186	0.5877780522594486	0.0495596477151071	1.531837872703423e-105
EXO1_0_multinomial_train1.83	0.3314361426389807	4.185e-321	0.5737002437271088	0.039254762291782264	0.05560885134212824
EXO1_0_multinomial_train1.84	0.3700634269034554	0.0037853475219346874	0.5565220701502698	0.05275663838164082	0.016872517042699254
EXO1_0_multinomial_train1.85	0.3678791684080823	3.483e-321	0.5528854979861013	0.011087612210266953	0.06814772139554952
EXO1_0_multinomial_train1.86	0.36762005816702437	4.027e-321	0.5483255730412034	0.032964051012526856	0.0510903177792453
EXO1_0_multinomial_train1.87	0.3269870070851911	1.488109274217975e-131	0.6368457722457764	0.036167220669032385	2.4950973074300235e-89
EXO1_0_multinomial_train1.88	0.3471967059385436	0.017860315503360962	0.5680923644031349	0.06685061415496059	1.2075347024257787e-153
EXO1_0_multinomial_train1.89	0.35808090658311204	1.3171405820818628e-43	0.5877211635251649	0.054197929891723055	1.1884054832093391e-148
EXO1_0_multinomial_train1.90	0.3518337292356296	0.016116538976998152	0.5493467973020424	0.0158462971745618	0.06685663731076799
EXO1_0_multinomial_train1.91	0.3949143205376911	0.019265079628214044	0.5436810423892278	0.04213955744486696	2.1208441464194677e-39
EXO1_0_multinomial_train1.92	0.3537705878317426	0.009923317604497134	0.5269880275323251	0.04141904692665084	0.06789902010478435
EXO1_0_multinomial_train1.93	0.3374143046797401	2.0397177727629786e-306	0.6344144452869134	0.02817125003334672	2.87e-321
EXO1_0_multinomial_train1.94	0.318700521468702	6.1077859291038705e-77	0.6013942958128279	0.03055723586954475	0.0493479468489253
EXO1_0_multinomial_train1.95	0.3624290517778207	2.554e-321	0.5453475999450368	0.02508603950252575	0.06713730877461675
EXO1_0_multinomial_train1.96	0.4205333212481812	0.02087009814843572	0.5225059793267766	0.02850040971573337	0.0075901915608731765
EXO1_0_multinomial_train1.97	0.31368323935890313	2.66e-321	0.5963563596830036	0.0498664945394413	0.04009390641865185
EXO1_0_multinomial_train1.98	0.3160597069276652	0.03261915148687648	0.5535070692702742	0.05752275675733449	0.04029131555784967
OGG1_0_multinomial_train1	0.0018928185502450573	0.008083145303123913	0.054100589760033874	0.8481825397802091	0.08774090660638806
OGG1_0_multinomial_train1.1	0.02292067799273098	0.07609529292241285	0.01895867391197509	0.882025355172881	5.7533115430169096e-95
OGG1_0_multinomial_train1.2	0.04721912542856842	0.027211883621931013	0.0072799380263979625	0.8200603925023783	0.09822866042072416
OGG1_0_multinomial_train1.3	0.003279718762885555	0.04056643606284249	3.1123121864349793e-46	0.9561538451742719	6.52948786047024e-228
OGG1_0_multinomial_train1.4	5.776e-321	0.05261749763370346	1.374e-321	0.9473825023662965	3.66e-322
OGG1_0_multinomial_train1.5	0.00763355170107617	0.06762418377857829	5.381543617082694e-22	0.8775614492007023	0.047180815319643195
OGG1_0_multinomial_train1.6	0.012186713251511517	0.007194490849785278	0.021179817222233208	0.8042227528427676	0.15521622583370234
OGG1_0_multinomial_train1.7	0.04475144706500919	0.0356737758253045	0.033087585826424355	0.8864871912832618	2.8163450022630444e-141
OGG1_0_multinomial_train1.8	0.026508274699477266	0.043356813754400474	8.9e-322	0.9301349115461224	4.5e-322
OGG1_0_multinomial_train1.9	0.01122044276674162	0.04366161174398801	1.5052696783853e-218	0.9451179454892703	4.94e-322
OGG1_0_multinomial_train1.10	0.03301715057036801	0.059852629451860206	0.0012426312992197563	0.905887588678552	2.2399574817768532e-105
OGG1_0_multinomial_train1.11	0.017461882011876564	0.06026826108814048	9.72055112e-315	0.9222698568999831	7.36e-322
OGG1_0_multinomial_train1.12	0.03277371313051234	0.06176697944898755	0.04345815803452489	0.8225078948446187	0.03949325454135643
OGG1_0_multinomial_train1.13	0.0006104585847091274	0.04151654544041804	0.061940995258194	0.894212285795017	0.001719714921661992
OGG1_0_multinomial_train1.14	8.368810343150481e-50	0.014298528908058179	0.05827426461142058	0.8449721755361411	0.08245503094438013
OGG1_0_multinomial_train1.15	0.027156454522572974	0.07795053650271679	6.361273055866084e-82	0.8948930089747102	1.7451981095115856e-19
OGG1_0_multinomial_train1.16	0.038041970425769324	0.044074104792002286	0.006944994038610547	0.9109389307436179	4.6426716439857814e-98
OGG1_0_multinomial_train1.17	0.015533940557554849	0.04458090095182664	0.062302077990057866	0.8637921425466601	0.013790937953900616
OGG1_0_multinomial_train1.18	0.007390105043683343	0.03710295638354273	8.773994214944646e-23	0.9034167164548429	0.052090222117931066
OGG1_0_multinomial_train1.19	0.04207125618742995	0.061006251496411194	0.021524926242213333	0.8753975660739457	2.20405970505045e-32
OGG1_0_multinomial_train1.20	0.0204638881241998	0.06645935032220003	5.172886680985777e-49	0.9130767615536003	1.749225560736982e-251
OGG1_0_multinomial_train1.21	0.021319414225837097	0.03892879400328004	0.0018295575948762733	0.8563583008844312	0.0815639332915754
OGG1_0_multinomial_train1.22	0.0023652173359033444	0.09288632281023392	7.482351138920109e-73	0.9009502755624856	0.003798184291377123
OGG1_0_multinomial_train1.23	0.0009812693652646216	0.025573378499690585	0.01638388230771912	0.8563360151060626	0.1007254547212632
OGG1_0_multinomial_train1.24	0.028015738533868167	0.02362986992714653	0.03366486557667569	0.7625503394274867	0.15213918653482278
OGG1_0_multinomial_train1.25	1.7215734259426242e-71	0.017547041911049648	0.06694290722476809	0.9068674204104001	0.008642630453781955
OGG1_0_multinomial_train1.26	0.025355141451438697	0.04457876436958415	1.492096932246977e-09	0.877234250595123	0.052831842091757085
OGG1_0_multinomial_train1.27	1.19446174277473e-33	0.07677455290270817	8.942702180875665e-38	0.9232254470972919	1.2729132335724052e-273
OGG1_0_multinomial_train1.28	0.028128755772328956	0.02703657558227937	1.257793248090631e-37	0.8897394040971855	0.05509526454820616
OGG1_0_multinomial_train1.29	0.03615260268943029	0.07212025526262526	1.8299450269209642e-44	0.8917271420479443	5.675441738950146e-90
OGG1_0_multinomial_train1.30	0.04239091079239459	0.06023572327560357	1.0319817078683246e-33	0.8970885675804612	0.0002847983515408611
OGG1_0_multinomial_train1.31	0.01471127772034096	0.0419817044030802	7.360616164661977e-158	0.8213262977360244	0.12198072014055437
OGG1_0_multinomial_train1.32	0.047283100682878214	0.03838278231486529	7.577835770768858e-21	0.8466699293305986	0.06766418767165794
OGG1_0_multinomial_train1.33	0.025037800858480598	0.0461490414869341	9.04e-322	0.9288131576545852	4.6e-322
OGG1_0_multinomial_train1.34	0.028507690703487337	0.07942602062518364	0.0023038071289062704	0.866022494883572	0.023739986658850656
OGG1_0_multinomial_train1.35	0.030671690505784187	0.025917170137069713	0.032087775814415145	0.911323363542731	2.1868895434790634e-190
OGG1_0_multinomial_train1.36	0.005162576451159928	0.05164943883678518	0.03076066518841362	0.9098347694074993	0.0025925501161419852
OGG1_0_multinomial_train1.37	0.054181782147436124	0.055806588160528754	3.174248146891893e-07	0.866346810710619	0.023664501556601603
OGG1_0_multinomial_train1.38	0.052575765368480534	0.010336670154000837	0.08016951461270223	0.7841411417785463	0.07277690808627008
OGG1_0_multinomial_train1.39	0.05016372477341714	0.03797345059416653	0.02797282881733304	0.8751521959663906	0.008737799848692582
OGG1_0_multinomial_train1.40	0.02923556956053539	0.08069199389700664	9.9e-322	0.890072436542458	5.04e-322
OGG1_0_multinomial_train1.41	0.025038152860623802	0.032077241654754576	2.066112691464363e-247	0.9428846054846216	7.4e-322
OGG1_0_multinomial_train1.42	0.029129234868380573	0.03931044656575893	1.3397261819797288e-80	0.7653468735181037	0.16621344504775687
OGG1_0_multinomial_train1.43	0.014472648204275178	0.08862176789107921	0.005329849399780922	0.8915757345048646	7.626572310428322e-169
OGG1_0_multinomial_train1.44	0.045093434154922465	0.01809721683187969	0.011506982763962231	0.9253023662492356	3.7768849730238084e-92
OGG1_0_multinomial_train1.45	0.0088634469329324	0.04307516593687031	0.025949613801626026	0.8493216145724025	0.07279015875616872
OGG1_0_multinomial_train1.46	0.03832010190829143	0.057502792360206986	8.000506159439189e-42	0.9041771057315018	8.428380203172288e-67
OGG1_0_multinomial_train1.47	0.019152697572670133	0.03628954036090952	0.020654492648724834	0.8432703786219657	0.08063289079572974
OGG1_0_multinomial_train1.48	0.011433325604145516	0.03552670747681173	0.04651837965896776	0.8484983779066809	0.058023209353394084
OGG1_0_multinomial_train1.49	0.02870837605177716	0.05853356231806053	0.001163693065956262	0.8295492421183268	0.0820451264458792
OGG1_0_multinomial_train1.50	0.0592676981383347	0.034901378392666264	1.323246575512638e-112	0.8207081213849635	0.08512280208403553
OGG1_0_multinomial_train1.51	0.0001604664907797055	0.09282416147429391	1.7982522961859855e-24	0.8580508351597247	0.048964536875201595
OGG1_0_multinomial_train1.52	0.021163289190696634	0.054886269456399565	1.3566683817686993e-48	0.9233173200485054	0.0006331213043984529
OGG1_0_multinomial_train1.53	0.019612763431263416	0.05451799537973305	8.492240586533968e-19	0.9258692411890037	4.4083357436169404e-299
OGG1_0_multinomial_train1.54	0.03094837236675228	0.029092474318335844	1.285e-321	0.939959153314912	4.9e-322
OGG1_0_multinomial_train1.55	0.044763513905193446	0.0387041205406884	1.5085359224315631e-59	0.7688881750490748	0.14764419050504338
OGG1_0_multinomial_train1.56	0.027320559037924137	0.030475479325799453	0.043136528371812574	0.7564480340557622	0.14261939920870165
OGG1_0_multinomial_train1.57	0.014580172355606281	0.05843462054952947	0.046321194106141675	0.8806640129887224	2.4162210242513505e-57
OGG1_0_multinomial_train1.58	0.030180142057688243	0.030409038322405012	1.25215236209701e-80	0.8079242986363051	0.1314865209836016
OGG1_0_multinomial_train1.59	0.04328422769569188	0.01831378926775723	0.02690950381678852	0.7879479630186281	0.12354451620113419
OGG1_0_multinomial_train1.60	0.0500412011955791	0.026790599126643756	0.08196893814590275	0.7666244286067723	0.0745748329251021
OGG1_0_multinomial_train1.61	0.03555767171774945	0.05925534516147861	0.012175312197651679	0.8154770141855907	0.07753465673752945
OGG1_0_multinomial_train1.62	0.0313133332607866	0.0394728916917674	7.500548170440517e-160	0.8958235551398158	0.033390219907630254
OGG1_0_multinomial_train1.63	0.05682468253975159	0.05213400453602795	1.6351547234646447e-187	0.8816705423177436	0.009370770606477027
OGG1_0_multinomial_train1.64	0.03890433682546989	0.034694749564957446	0.021925886600814782	0.869143102860772	0.03533192414798602
OGG1_0_multinomial_train1.65	0.011741041748334884	0.024407212026920377	0.10986384325394048	0.7900424292656133	0.06394547370519096
OGG1_0_multinomial_train1.66	0.034323047577610885	0.024857638861077325	0.05645112263761883	0.844837016878444	0.03953117404524896
OGG1_0_multinomial_train1.67	0.025175353000283524	0.025637736172019483	0.09310612436444161	0.7709329449341017	0.0851478415291535
OGG1_0_multinomial_train1.68	2.35323e-319	0.0339720398169446	0.04803430309847937	0.8958110123798281	0.02218264470474792
OGG1_0_multinomial_train1.69	0.010433754115683858	0.05665211838593796	1.8637315772372207e-68	0.8533568654217283	0.0795572620766498
OGG1_0_multinomial_train1.70	4.713e-321	0.04741226154956589	0.05696684495553763	0.8956208934948964	3.8827806671530254e-108
OGG1_0_multinomial_train1.71	0.027038345350249415	2.762344264047008e-137	0.039906951145918024	0.931212078872223	0.0018426246316096862
OGG1_0_multinomial_train1.72	0.03686290957366291	0.05233295480386079	0.0006832445118091254	0.8909046679670743	0.01921622314359272
OGG1_0_multinomial_train1.73	0.04887715928788939	0.04883098628658596	6.39334030688504e-75	0.8847835730232304	0.017508281402294146
OGG1_0_multinomial_train1.74	0.02928309257568512	0.0023024562557437786	0.04217620804325594	0.8850630961174104	0.04117514700790468
OGG1_0_multinomial_train1.75	0.021086653573898634	0.051959146436190276	1.2085685485081783e-245	0.9269541999899111	4.8e-322
OGG1_0_multinomial_train1.76	0.0011687634933215177	0.05044867184854841	2.3494944290311055e-98	0.875405625991838	0.07297693866629221
OGG1_0_multinomial_train1.77	0.031030825068876524	0.040096557812942704	2.092895331095042e-76	0.9288726171181807	4.02890756898019e-59
OGG1_0_multinomial_train1.78	0.036884326738877336	3.7621655259015087e-31	0.09839114576278736	0.841754714446338	0.022969813051997145
OGG1_0_multinomial_train1.79	2.161874260287483e-270	0.0224261990311161	4.78906233406677e-113	0.9775738009688839	9.883105894358757e-229
OGG1_0_multinomial_train1.80	0.03175204299784568	0.06563040378905383	0.005421840674209281	0.8971957125388911	4.9414976122195586e-259
OGG1_0_multinomial_train1.81	0.0033928796702725693	0.040127620609201546	1.8897720746147387e-232	0.9564794997205259	7.26e-322
OGG1_0_multinomial_train1.82	0.006037676877508461	0.02678945167533702	0.04450390821413925	0.9055290724615707	0.017139890771444666
OGG1_0_multinomial_train1.83	6.23e-321	0.071039226147868	9.495979905280446e-144	0.8764964319739265	0.052464341878205506
OGG1_0_multinomial_train1.84	0.03009403174223902	0.012674029418607242	0.07566920800791171	0.831558674369683	0.05000405646155893
OGG1_0_multinomial_train1.85	0.016297728258086713	0.054101427029429196	0.03590682087787079	0.8510802013605563	0.042613822474056984
OGG1_0_multinomial_train1.86	0.01241793612599252	0.02899925876118952	0.05595658243745291	0.8597041181459464	0.04292210452941878
OGG1_0_multinomial_train1.87	0.050424626961736926	0.05317691590198138	0.022268623455196448	0.8725637186836162	0.001566114997469242
OGG1_0_multinomial_train1.88	0.030899234075985108	0.054577107669250786	1.255669364583152e-184	0.795662937821153	0.11886072043361089
OGG1_0_multinomial_train1.89	0.0343822322611194	0.024252271992673494	0.02347656801817853	0.8316886903644853	0.08620023736354333
OGG1_0_multinomial_train1.90	0.03626930966747209	0.06552318398154192	0.046093433577919965	0.852114072773066	4.6065534043761565e-48
OGG1_0_multinomial_train1.91	0.03966499379065059	0.040805378803513113	5.660197469748873e-57	0.8212238582213747	0.09830576918446181
OGG1_0_multinomial_train1.92	0.029465192775777103	0.03839909632711209	0.01471017140673648	0.802706166547825	0.11471937294254923
OGG1_0_multinomial_train1.93	0.034076348560112824	0.037899110040130496	0.009951922163337495	0.9180726192364193	2.1992720707915922e-29
OGG1_0_multinomial_train1.94	0.014575399764260678	0.07806251641778202	0.018642485145522858	0.88632749244716	0.002392106225274282
OGG1_0_multinomial_train1.95	1.8437125272589878e-95	0.0016173689304527796	0.11895627786695165	0.8794263532025957	2.2828725938865295e-230
OGG1_0_multinomial_train1.96	0.042425441733041906	0.04289816550866751	7.270911902253808e-05	0.914603683639268	3.546067033909854e-111
OGG1_0_multinomial_train1.97	0.05687342190663841	0.03261290541403843	2.194822718578585e-06	0.9105114778566047	8.482382281410977e-81
OGG1_0_multinomial_train1.98	0.009007571890290396	0.030197467790284295	5.700624366537126e-09	0.8629759310475166	0.09781902357128423
RNF168_0_multinomial_train1	0.3597796658352538	3.13e-321	0.4676790859926845	0.11278234158127542	0.05975890659078643
RNF168_0_multinomial_train1.1	0.3206646941879133	1.117e-321	0.560068343668445	0.11669483975477353	0.002572122388868117
RNF168_0_multinomial_train1.2	0.3556984471346259	0.06762963185836564	0.4528090961833945	0.12386282482361408	1.35e-321
RNF168_0_multinomial_train1.3	0.37928582960763085	6.23e-322	0.5423489423941816	0.07836522799818758	2.016e-321
RNF168_0_multinomial_train1.4	0.27618798833023445	1.65e-321	0.6135719444762374	0.07664232695676333	0.03359774023676482
RNF168_0_multinomial_train1.5	0.33473384697119896	1.93e-321	0.5995536158487078	0.06571253718009325	8.428312603242693e-233
RNF168_0_multinomial_train1.6	0.39750366592900716	6.489505928749696e-113	0.4633014054567982	0.11844809778364877	0.020746830830545734
RNF168_0_multinomial_train1.7	0.401586960976373	2.95e-321	0.5283236867844368	0.07008935223919022	3.417614171670724e-24
RNF168_0_multinomial_train1.8	0.37793359955877015	6.9e-322	0.48484442070544365	0.07504630354179212	0.06217567619399407
RNF168_0_multinomial_train1.9	0.3232134647843777	0.03986058313380879	0.5466997920408868	0.0902261600409267	1.7671312776292196e-283
RNF168_0_multinomial_train1.10	0.3336915957140785	8.4567e-319	0.5637922491602408	0.09128615643089168	0.011229998694788969
RNF168_0_multinomial_train1.11	0.4086878767251317	1.477e-321	0.5073244951176186	0.07430698135784733	0.009680646799402426
RNF168_0_multinomial_train1.12	0.2678163533678925	1.35e-321	0.603078479047737	0.09256168787781499	0.036543479706555436
RNF168_0_multinomial_train1.13	0.3195479094689688	6.7e-322	0.6151164363466985	0.015251347467905421	0.050084306716427295
RNF168_0_multinomial_train1.14	0.3403595006851018	6.67e-322	0.5550956746039046	0.10454482471099365	2.7723791326590254e-261
RNF168_0_multinomial_train1.15	0.3372381155039712	1e-321	0.46226095289167546	0.04691488096012064	0.1535860506442327
RNF168_0_multinomial_train1.16	0.364593522943411	1.97e-321	0.4121695729998631	0.16365717534044444	0.05957972871628146
RNF168_0_multinomial_train1.17	0.32000998728100877	8.35e-322	0.5516863586239338	0.06399130966947683	0.06431234442558058
RNF168_0_multinomial_train1.18	0.31338602132218596	3.01e-321	0.5755925725966129	0.029409987957708588	0.08161141812349249
RNF168_0_multinomial_train1.19	0.29432420771091683	6.668425434897552e-251	0.5952223438889844	0.11045344840009874	1.324e-321
RNF168_0_multinomial_train1.20	0.32630702976654374	1.986e-321	0.5451162165128607	0.07555111418678458	0.05302563953381107
RNF168_0_multinomial_train1.21	0.21397306359068174	1.56e-321	0.6557227982472718	0.026616893952990803	0.10368724420905555
RNF168_0_multinomial_train1.22	0.3481871262576803	9.6e-322	0.5660332056576766	0.08173401290063122	0.0040456551840118505
RNF168_0_multinomial_train1.23	0.3691088406563389	2.144e-321	0.46143675264922823	0.09203174904262547	0.07742265765180739
RNF168_0_multinomial_train1.24	0.32388383245779084	1.126e-321	0.5369091248228093	0.13920704271940004	1.93e-321
RNF168_0_multinomial_train1.25	0.33123196513372233	9.14e-322	0.6133220288817717	0.05377594568811219	0.001670060296393723
RNF168_0_multinomial_train1.26	0.2986196687147906	6.6e-322	0.5845770897956688	0.11680324148954045	3.619253019254732e-144
RNF168_0_multinomial_train1.27	0.2829084501092021	1.927e-321	0.573345154403899	0.11986377747801848	0.02388261800888035
RNF168_0_multinomial_train1.28	0.2668701734297761	0.00739026708535225	0.5578761654658235	0.10052556316612454	0.06733783085292355
RNF168_0_multinomial_train1.29	0.2964771187648321	3.063e-321	0.49568985231180474	0.09096793063512681	0.11686509828823634
RNF168_0_multinomial_train1.30	0.3874934190918378	1.4867470230411338e-255	0.5292650612371579	0.0832415196710043	1.2815515215703224e-97
RNF168_0_multinomial_train1.31	0.2944482304872279	2.416e-321	0.5786988707455962	0.041444442108998725	0.08540845665817716
RNF168_0_multinomial_train1.32	0.3570035176119389	1.04e-321	0.507028596656821	0.10370301198155381	0.03226487374968632
RNF168_0_multinomial_train1.33	0.34034434342918635	6.57e-322	0.6253730349298162	0.03428262164099746	1.6533257152252558e-241
RNF168_0_multinomial_train1.34	0.30559386391802046	2.04e-321	0.5967852230648035	0.09083416877377022	0.006786744243405797
RNF168_0_multinomial_train1.35	0.35697621090709053	1.1e-321	0.4923956769411867	0.15062811215172273	7.352848791620976e-50
RNF168_0_multinomial_train1.36	0.23823605844755916	9.301933278968872e-273	0.6264021751598119	0.03948447702826876	0.09587728936436025
RNF168_0_multinomial_train1.37	0.3531745639609594	3.384e-321	0.4571492469848143	0.09592729027169673	0.09374889878252973
RNF168_0_multinomial_train1.38	0.37227526781951226	2.22e-321	0.6007013264755712	0.027023405704916716	1.48e-321
RNF168_0_multinomial_train1.39	0.34154534750220505	0.02116744268262457	0.5402917855796362	0.09699542423553419	1.467e-321
RNF168_0_multinomial_train1.40	0.4185646707102149	2.707e-321	0.44662371402099255	0.13481161360456656	1.6642259805305026e-09
RNF168_0_multinomial_train1.41	0.3934698572280237	6.97e-322	0.5171589008589655	0.08937124191301075	1.75e-321
RNF168_0_multinomial_train1.42	0.3305037967492805	0.0014772616679531838	0.47378943958594566	0.10413112559426797	0.0900983764025526
RNF168_0_multinomial_train1.43	0.3318228252835486	1.047e-321	0.5755875765924847	0.08966182392453007	0.0029277741994367195
RNF168_0_multinomial_train1.44	0.3449784441872798	0.01462351450322718	0.4705043608416746	0.121134266998237	0.04875941346958148
RNF168_0_multinomial_train1.45	0.30717297698975565	0.0004581520856669218	0.5817950800966044	0.11057379082797289	9.769010697089774e-183
RNF168_0_multinomial_train1.46	0.27065272247665983	9.414341422700409e-141	0.523260036693588	0.1351553089105951	0.07093193191915709
RNF168_0_multinomial_train1.47	0.267907382869438	1.235e-321	0.5655843760031294	0.028845256788125016	0.1376629843393078
RNF168_0_multinomial_train1.48	0.3405956894042421	0.04213671079383531	0.42856353940160674	0.18870406040031593	7.7e-322
RNF168_0_multinomial_train1.49	0.32256624074663454	9.1e-322	0.5476740649424773	0.0856844723199425	0.044075221990945726
RNF168_0_multinomial_train1.50	0.3124638411532496	6.47e-322	0.4816907314699552	0.06816525361187226	0.13768017376492292
RNF168_0_multinomial_train1.51	0.3599392841022176	6.4e-322	0.5421798625599817	0.09788085333780079	2.6496802531012046e-80
RNF168_0_multinomial_train1.52	0.325217897063041	0.142771861015456	0.37685121628844365	0.08623406319794398	0.06892496243511526
RNF168_0_multinomial_train1.53	0.3889955096135617	0.025278701852228868	0.4828435248296089	0.10288226370460049	2.8311351869095674e-96
RNF168_0_multinomial_train1.54	0.4192387222530159	1.077e-321	0.5087317402023227	0.07202953754466129	1.2620149793253574e-180
RNF168_0_multinomial_train1.55	0.3292205974384365	0.024288770812400523	0.5470579380831424	0.06652834782288017	0.03290434584314043
RNF168_0_multinomial_train1.56	0.29680602809761447	7.16e-322	0.533238935786075	0.13310325443179716	0.03685178168451344
RNF168_0_multinomial_train1.57	0.2938070298022499	0.050416370034215195	0.503559862594485	0.1522167375690499	1.487e-321
RNF168_0_multinomial_train1.58	0.3589862384474509	2.243e-321	0.5728379754672752	0.06733594215524044	0.0008398439300333975
RNF168_0_multinomial_train1.59	0.386855956892534	0.04509214081580066	0.44495987404896686	0.12309202824269855	1.3569257196427647e-201
RNF168_0_multinomial_train1.60	0.34870492073319603	3.1041561511066596e-78	0.5321209159997395	0.07290398566209393	0.0462701776049706
RNF168_0_multinomial_train1.61	0.3170681960667865	1.29e-321	0.5077200035923659	0.04881090249924385	0.12640089784160372
RNF168_0_multinomial_train1.62	0.3413551537774703	6.6e-322	0.49877912066679087	0.12257008695709577	0.03729563859864303
RNF168_0_multinomial_train1.63	0.3491001720079115	1.265e-321	0.5249821761111241	0.12591765188096432	2.51e-321
RNF168_0_multinomial_train1.64	0.2249594166654176	1.126e-321	0.6441627371391205	0.06808756150030686	0.06279028469515495
RNF168_0_multinomial_train1.65	0.29937347485823074	9.3e-322	0.6064859842111927	0.08834926583380173	0.005791275096774683
RNF168_0_multinomial_train1.66	0.36544091223781616	0.008760649894111091	0.4875010902721115	0.08536353100034229	0.052933816595618965
RNF168_0_multinomial_train1.67	0.37941674939897885	1.361169302e-314	0.5458062754767219	0.07477697512429926	2.2191806264927595e-141
RNF168_0_multinomial_train1.68	0.28822046075450986	4.652122975358376e-297	0.5541494381507446	0.08114634446518797	0.0764837566295575
RNF168_0_multinomial_train1.69	0.2572711395462956	1.04e-321	0.5731371465826438	0.05917436445206424	0.11041734941899632
RNF168_0_multinomial_train1.70	0.34105786722613196	0.04509803556300824	0.537859760003369	0.07598433720749084	8.721209905177419e-135
RNF168_0_multinomial_train1.71	0.2662416850988728	1.28e-321	0.6123796230025426	0.04558510616893374	0.0757935857296509
RNF168_0_multinomial_train1.72	0.30627110718344736	3.46e-322	0.6204009028101015	0.06974294066716123	0.003585049339289779
RNF168_0_multinomial_train1.73	0.37977110299798117	1.391824183470701e-153	0.5336878899415629	1.95e-321	0.08654100706045591
RNF168_0_multinomial_train1.74	0.33343261253576933	1.917e-321	0.5121616825876987	0.15440570487653202	1.695e-321
RNF168_0_multinomial_train1.75	0.3976257511048839	1.586e-321	0.49397412464109136	0.1084001242540246	1.655e-321
RNF168_0_multinomial_train1.76	0.46429003820066783	0.0014663288369209891	0.4483827233035786	0.08078564342615394	0.005075266232678618
RNF168_0_multinomial_train1.77	0.32406422644253774	1.453e-321	0.515486515671421	0.08693281557419433	0.07351644231184684
RNF168_0_multinomial_train1.78	0.3524084704219675	7.66e-322	0.5258495394778755	0.1217419901001571	1.527e-321
RNF168_0_multinomial_train1.79	0.31215844021115974	9.446158812684236e-291	0.5288087111357377	0.08399541796384637	0.07503743068925614
RNF168_0_multinomial_train1.80	0.3216985625352247	1.364e-321	0.4347842486671234	0.10160803672807771	0.14190915206957413
RNF168_0_multinomial_train1.81	0.33359761588339454	0.005341457388143357	0.5874247088756408	0.07363621785282112	4.818716965260274e-215
RNF168_0_multinomial_train1.82	0.354216101420477	1.58e-321	0.5134552470295763	0.00017358631869353742	0.13215506523125325
RNF168_0_multinomial_train1.83	0.3972387238336807	6.3e-322	0.5026075662825438	0.06844223606877962	0.03171147381499608
RNF168_0_multinomial_train1.84	0.35349588454117103	6.863054798085625e-157	0.47245872307662684	0.11166464987030486	0.06238074251189733
RNF168_0_multinomial_train1.85	0.32716023910853437	1.0399799856996048e-103	0.553152432058839	0.11968732883262664	1.15e-321
RNF168_0_multinomial_train1.86	0.44191496782043915	2.34e-321	0.5046546157984146	0.05343041638114626	4.3255156779166035e-232
RNF168_0_multinomial_train1.87	0.310909882116583	0.020863304955382796	0.45765277208760047	0.11149346102250214	0.09908057981793172
RNF168_0_multinomial_train1.88	0.364374287389756	2.16e-321	0.5137799502225294	0.12184576238771463	3.229398678944652e-21
RNF168_0_multinomial_train1.89	0.30526205513935384	1.6134966651340056e-96	0.6138248386249191	0.06459130098404374	0.01632180525168322
RNF168_0_multinomial_train1.90	0.3052365239560534	1.047e-321	0.5759064651156443	0.11885701092830246	2.2083229881900735e-53
RNF168_0_multinomial_train1.91	0.36005854026247663	0.0006209552107213629	0.4341848877850365	0.11579332762390855	0.08934228911785683
RNF168_0_multinomial_train1.92	0.3535324522765757	6.13e-322	0.52734768794366	0.05683384435164307	0.06228601542812123
RNF168_0_multinomial_train1.93	0.4220076299415514	0.040962292705750226	0.47501586308854293	0.06201421426415556	5.347640679188807e-158
RNF168_0_multinomial_train1.94	0.3116795699977319	4.834551941319492e-24	0.5764791524360122	0.11184127756625581	6.676923324501653e-256
RNF168_0_multinomial_train1.95	0.28736059916428575	1.43e-321	0.5419719548233218	0.05276765951920054	0.11789978649319185
RNF168_0_multinomial_train1.96	0.3731695006374482	2.935e-321	0.47239148460582325	0.15443901475672858	7.419971285832382e-137
RNF168_0_multinomial_train1.97	0.3638943441183443	2.75e-321	0.4578744279430279	0.07229522739148767	0.1059360005471401
RNF168_0_multinomial_train1.98	0.29451414049252417	0.029306002339809418	0.5208115713950061	0.15536828577266035	9.2e-322
UNG_0_multinomial_train1	1.255808618052514e-246	0.06553762996305731	0.7835828204789488	0.11338120896369458	0.03749834059429939
UNG_0_multinomial_train1.1	1.833e-321	0.10992340378493382	0.7276255044194586	0.0748220690295203	0.08762902276608732
UNG_0_multinomial_train1.2	2.11e-321	0.05928032056792203	0.8345728002230949	0.10614687920898294	4.366998346054445e-131
UNG_0_multinomial_train1.3	5.173e-321	0.0393539620544351	0.8699533611410417	0.04836670928775274	0.0423259675167704
UNG_0_multinomial_train1.4	0.005864458020488318	0.06530845428953307	0.6459083173023679	0.09573218536135426	0.18718658502625654
UNG_0_multinomial_train1.5	0.0031260464762320112	0.051161552238546064	0.7937790989510982	0.07688097875984812	0.07505232357427569
UNG_0_multinomial_train1.6	3.56e-321	0.08212911181146673	0.7569227488937647	0.10424413411498276	0.05670400517978601
UNG_0_multinomial_train1.7	0.045250866851193346	0.030036430664693848	0.7767859900196025	0.0820925432200825	0.06583416924442798
