Samples	SBS96A	SBS96B	SBS96C	SBS96D	SBS96E
ATP2B4_real_train_fold1	0.09203352657758741	0.3970177613166368	0.1326840624147506	0.025564048236967733	0.35270060145405757
ATP2B4_real_train_fold1.1	0.1166189304718535	0.3807094613986466	0.047154351971050855	0.1519829021209613	0.30353435403748774
EXO1_real_train_fold1	0.5822580451771935	0.0885610291113123	0.08119945126045833	0.14882015320302502	0.0991613212480107
MLH1_real_train_fold1	0.10068131066032814	0.0029874381530906003	0.7206437970096848	0.12549167956540114	0.05019577461149549
MSH2_real_train_fold1	0.0018106421793999009	0.010317701106947175	0.8092879193994024	0.10416155004159257	0.07442218727265805
MSH6_real_train_fold1	0.10492424030455513	0.007952150022249629	0.7993451209407886	0.056438067296027586	0.03134042143637903
MSH6_real_train_fold1.1	0.0605233936159767	0.015896471964955906	0.7873630754516026	0.06076747766755012	0.07544958129991454
OGG1_real_train_fold1	5.5077458253592295e-211	0.7402998727522649	0.04551800609613655	0.07841874349208	0.13576337765951843
PMS1_real_train_fold1	5.61e-321	0.20765012787906795	0.20405501506558654	0.22952134042348762	0.35877351663185797
PMS2_real_train_fold1	0.5716262618445853	0.03333907288637541	0.3548068636483708	3.5e-322	0.040227801620668684
RNF168_real_train_fold1	0.5311361610717531	0.09141446927577448	0.010259701746312003	0.23674587615441792	0.1304437917517426
UNG_real_train_fold1	1.0002853335332811e-270	0.07985639025369681	0.14454324477663671	0.5679814757475131	0.20761888922215332
ATP2B4_dirichlet_train_fold1	0.04919450123964996	0.432043409212173	0.11642801306995755	0.1385380444703074	0.2637960320079121
ATP2B4_dirichlet_train_fold1.1	0.26134413166665693	0.411459812483185	0.015894801150476322	0.05656594681862236	0.25473530788105947
ATP2B4_dirichlet_train_fold1.2	0.11150118114649102	0.34417762681910014	0.10032315405390183	0.1262253251350499	0.3177727128454573
ATP2B4_dirichlet_train_fold1.3	0.06732170261110458	0.5781160001556606	0.048815018937899385	0.041218333247495666	0.2645289450478397
ATP2B4_dirichlet_train_fold1.4	0.037723448816462175	0.4870260497445167	0.13255449918153206	7e-322	0.34269600225748914
ATP2B4_dirichlet_train_fold1.5	0.22966896383496296	0.5535453546939231	0.08029835092302096	1.25e-321	0.13648733054809303
ATP2B4_dirichlet_train_fold1.6	0.13943179973005468	0.45464064694078954	0.08115779593550924	0.03422344265822796	0.29054631473541864
ATP2B4_dirichlet_train_fold1.7	2.7420781122119674e-188	0.35768383597932174	0.11475677221932022	0.07478418973974874	0.45277520206160926
ATP2B4_dirichlet_train_fold1.8	0.14692433752038883	0.431792275983397	0.005204135655440912	0.031109630743504636	0.3849696200972687
ATP2B4_dirichlet_train_fold1.9	0.07608596370584084	0.37418266481579987	0.00823162399517909	0.27508378890240787	0.26641595858077244
ATP2B4_dirichlet_train_fold1.10	0.06044105045709004	0.44103834760612537	0.08770756329563655	0.22344349338023176	0.18736954526091623
ATP2B4_dirichlet_train_fold1.11	0.03566379701820291	0.27884125873276683	0.15315321428151013	0.10729032515984468	0.42505140480767545
ATP2B4_dirichlet_train_fold1.12	0.16030673307507098	0.2764420992461173	0.06748543676946504	0.20441228928369617	0.29135344162565036
ATP2B4_dirichlet_train_fold1.13	0.25058273992595764	0.6036835422000697	0.0927548693537078	0.027431101767970072	0.025547746752294896
ATP2B4_dirichlet_train_fold1.14	0.08480925086451449	0.40199351406585715	0.12039452125150676	0.1221194637902585	0.270683250027863
ATP2B4_dirichlet_train_fold1.15	0.21826721979875988	0.33730130721409757	0.20144102638105635	4.45e-322	0.24299044660608615
ATP2B4_dirichlet_train_fold1.16	0.19964161833150235	0.28311795405008944	0.08503217073588745	0.1940816343430941	0.23812662253942668
ATP2B4_dirichlet_train_fold1.17	0.26334513280666366	0.31013497915650456	0.06572933156261182	0.005168009615306481	0.35562254685891337
ATP2B4_dirichlet_train_fold1.18	0.2062367955723861	0.38149001975369956	0.036131091740847276	4.5e-322	0.3761420929330669
ATP2B4_dirichlet_train_fold1.19	7.17e-321	0.4054972629228013	0.0872078285051756	0.3038796749963752	0.20341523357564792
ATP2B4_dirichlet_train_fold1.20	0.1668263730382427	0.38141419059708337	0.0914984934578948	9e-322	0.360260942906779
ATP2B4_dirichlet_train_fold1.21	0.19528216688491298	0.4646796757438747	0.07911476434558067	0.09031365594954424	0.17060973707608762
ATP2B4_dirichlet_train_fold1.22	0.05162798745985552	0.3471436254252134	0.11897791640753366	0.2670972627444333	0.21515320796296403
ATP2B4_dirichlet_train_fold1.23	2.095e-321	0.5410657099542187	0.15967223058277333	5.5e-322	0.29926205946300793
ATP2B4_dirichlet_train_fold1.24	0.14140815469801332	0.353639144117724	0.2220800557180939	0.061021331913134545	0.22185131355303428
ATP2B4_dirichlet_train_fold1.25	0.17280442949126434	0.4587571986250245	0.0846402555503674	6.478610471309455e-306	0.2837981163333437
ATP2B4_dirichlet_train_fold1.26	0.1702131726757223	0.6005534639820953	0.09978009717453039	0.006756713499766224	0.12269655266788586
ATP2B4_dirichlet_train_fold1.27	0.14596216294665898	0.27517485386277724	0.10072962817991811	0.16002506129556052	0.318108293715085
ATP2B4_dirichlet_train_fold1.28	0.12155397203110109	0.49978981040061665	0.02689928766443149	0.11859719424823432	0.23315973565561648
ATP2B4_dirichlet_train_fold1.29	0.06408418615150877	0.4702204467709561	0.18118722488645295	4.5e-322	0.2845081421910822
ATP2B4_dirichlet_train_fold1.30	0.22875001990031232	0.39704457121271564	0.08890569190279676	0.10615504686118463	0.17914467012299068
ATP2B4_dirichlet_train_fold1.31	0.3839530022439769	0.21371824294162986	0.11781056121024028	0.10315562600657556	0.18136256759757732
ATP2B4_dirichlet_train_fold1.32	1.5702555482188758e-85	0.22058447200779868	0.02166894920944582	0.5506279764959727	0.20711860228678283
ATP2B4_dirichlet_train_fold1.33	0.1846963721309183	0.3459644056251164	0.08252722987097189	0.004782531278133692	0.3820294610948598
ATP2B4_dirichlet_train_fold1.34	0.23514916687428578	0.3113532139611507	0.05284723645906099	0.13642288157088683	0.2642275011346156
ATP2B4_dirichlet_train_fold1.35	0.19058332669206493	0.28233059482965817	1.37e-321	0.0018989705759437931	0.5251871079023331
ATP2B4_dirichlet_train_fold1.36	0.13465524860272607	0.4122673971092745	0.04335281398881595	6.1e-322	0.40972454029918337
ATP2B4_dirichlet_train_fold1.37	0.06046273093566622	0.22918251436583154	0.03307221183431619	0.029751896105743712	0.6475306467584423
ATP2B4_dirichlet_train_fold1.38	0.1228904912659486	0.3746315242346563	2.564e-321	0.25316570184524556	0.24931228265414934
ATP2B4_dirichlet_train_fold1.39	0.052072164479760284	0.4375249903420759	0.05435185391985245	0.1074236792750843	0.3486273119832272
ATP2B4_dirichlet_train_fold1.40	0.10833511187599786	0.36220536392946023	0.126584917249854	0.07249614626013341	0.3303784606845547
ATP2B4_dirichlet_train_fold1.41	0.16676640406000415	0.39522325388060575	2.04e-321	0.2645724802435041	0.17343786181588597
ATP2B4_dirichlet_train_fold1.42	0.11486645002176346	0.43864007702931285	0.1444193548781126	0.20747095683777997	0.094603161233031
ATP2B4_dirichlet_train_fold1.43	0.1277163708988459	0.46413369271363747	0.02921668654476607	0.27465893193275087	0.10427431790999976
ATP2B4_dirichlet_train_fold1.44	0.0013829420857597835	0.38512141947266326	0.034417251881488885	0.14647324210176857	0.43260514445831943
ATP2B4_dirichlet_train_fold1.45	0.4362590549849885	0.3152052048065596	2.836e-321	0.07772278145395761	0.1708129587544942
ATP2B4_dirichlet_train_fold1.46	0.11293568325895427	0.46858821023291863	7.86e-322	0.13086476327065896	0.287611343237468
ATP2B4_dirichlet_train_fold1.47	0.18253226538377895	0.310875056765755	0.08657132892701955	0.18516077304592904	0.23486057587751744
ATP2B4_dirichlet_train_fold1.48	0.10160657585146064	0.4355321542592028	0.17981769962961608	0.0005268610761699031	0.2825167091835507
ATP2B4_dirichlet_train_fold1.49	0.10904614897333557	0.4065087914595763	3.45e-321	0.24399071309329656	0.24045434647379157
ATP2B4_dirichlet_train_fold1.50	0.029623339212606025	0.38518563390121074	0.24422419449310348	0.09598669735645474	0.24498013503662502
ATP2B4_dirichlet_train_fold1.51	0.36772699839661427	0.3505061689635011	1.635e-321	0.12893746570032147	0.1528293669395631
ATP2B4_dirichlet_train_fold1.52	0.17592666139228244	0.37187875764643885	0.06321510353799671	0.11279333124701445	0.2761861461762674
ATP2B4_dirichlet_train_fold1.53	0.11228679454494325	0.3656519616948237	1.724e-321	0.10254152552420179	0.4195197182360312
ATP2B4_dirichlet_train_fold1.54	0.12160340921315774	0.35681198346035936	7.4e-322	0.19718986391573437	0.32439474341074853
ATP2B4_dirichlet_train_fold1.55	0.07911449854532061	0.17603563871900355	0.18379959730297477	8.7e-322	0.561050265432701
ATP2B4_dirichlet_train_fold1.56	0.1823132158442091	0.4039468727179749	0.00348788122936537	0.20447269330831214	0.20577933690013847
ATP2B4_dirichlet_train_fold1.57	0.03909652937310966	0.4585855226310611	0.0918658070632249	1.586e-321	0.41045214093260435
ATP2B4_dirichlet_train_fold1.58	0.061311158413938145	0.3529570023304011	0.04721268345110724	4.3e-322	0.5385191558045535
ATP2B4_dirichlet_train_fold1.59	0.023585205978295363	0.24218031897999812	0.07435251822328165	0.09190760031429178	0.567974356504133
ATP2B4_dirichlet_train_fold1.60	0.03598486264882183	0.3480559119978953	0.029070505980764473	8.990928644727503e-91	0.5868887193725184
ATP2B4_dirichlet_train_fold1.61	0.008469723289934424	0.41185142295161664	0.13020422442835378	1.5415644638758132e-206	0.4494746293300951
ATP2B4_dirichlet_train_fold1.62	0.23791417124353806	0.28578308064598573	1.969961431611871e-293	0.2970020505368174	0.1793006975736588
ATP2B4_dirichlet_train_fold1.63	0.024403769080522303	0.3516329010802293	0.17590738415356194	1.29e-321	0.4480559456856865
ATP2B4_dirichlet_train_fold1.64	0.12124513363487043	0.45907623254578245	0.12685690160492838	0.1685265590267065	0.1242951731877121
ATP2B4_dirichlet_train_fold1.65	9.372867829961473e-42	0.22712831574120534	0.1862124522026045	2.0965578664210512e-206	0.5866592320561901
ATP2B4_dirichlet_train_fold1.66	0.12470805112771143	0.31659463647009267	0.10690605256903724	0.05752240357087933	0.39426885626227937
ATP2B4_dirichlet_train_fold1.67	0.22668775198842697	0.41865722374542547	0.048552708672551396	0.034846228675481226	0.271256086918115
ATP2B4_dirichlet_train_fold1.68	0.21711716903509365	0.5336016653776323	2.347e-321	5.306017055790946e-304	0.24928116558727398
ATP2B4_dirichlet_train_fold1.69	0.15461763436077552	0.36527272860497667	0.0402272894413501	1.28e-321	0.4398823475928977
ATP2B4_dirichlet_train_fold1.70	0.12342620921333246	0.27042855234092117	0.030088963802497	0.2565134048036304	0.319542869839619
ATP2B4_dirichlet_train_fold1.71	0.08695591277862515	0.358809970281995	0.04549222738063347	0.11904129020524643	0.3897005993534999
ATP2B4_dirichlet_train_fold1.72	0.15447336627844527	0.3979654297423738	0.18296254096361947	0.02420307906205585	0.24039558395350552
ATP2B4_dirichlet_train_fold1.73	1.4563270697770358e-269	0.47037037973133566	2.07e-321	0.15462549776142312	0.3750041225072413
ATP2B4_dirichlet_train_fold1.74	3.103e-321	0.2983557977190707	0.17591983524517865	0.3058468982159128	0.2198774688198379
ATP2B4_dirichlet_train_fold1.75	0.11077479638981318	0.22007188043025894	0.10804322366973353	0.04365270076220533	0.5174573987479891
ATP2B4_dirichlet_train_fold1.76	0.10307689842934971	0.4273938856538819	9.926e-321	0.17475946416624455	0.29476975175052367
ATP2B4_dirichlet_train_fold1.77	0.03330575147469446	0.296559372906435	0.03212603242785887	0.2132473863187383	0.4247614568722733
ATP2B4_dirichlet_train_fold1.78	0.0347755806222415	0.39635082160286683	0.04468342162578818	0.2763650616918283	0.2478251144572751
ATP2B4_dirichlet_train_fold1.79	0.07629186419382461	0.4312786092411618	0.24715571428128688	1.21e-321	0.24527381228372674
ATP2B4_dirichlet_train_fold1.80	0.14069509588378123	0.44835581031211214	0.12993688859891905	0.05011588089939759	0.23089632430578982
ATP2B4_dirichlet_train_fold1.81	0.1740285202676773	0.3539600463786018	0.09786120326702744	0.07700680413368792	0.29714342595300564
ATP2B4_dirichlet_train_fold1.82	0.03305257061383458	0.23259141067166825	0.3628586128668733	5.24e-322	0.3714974058476239
ATP2B4_dirichlet_train_fold1.83	0.007389760874556782	0.47801716661934424	0.20915815055133144	0.26871521870342613	0.03671970325134134
ATP2B4_dirichlet_train_fold1.84	0.030123566047445975	0.40244407284280914	0.1463378122588511	0.2817014172264325	0.13939313162446146
ATP2B4_dirichlet_train_fold1.85	0.3170446508596108	0.33254107202069205	0.04076408285476884	0.18509687135354025	0.12455332291138803
ATP2B4_dirichlet_train_fold1.86	0.2315742568371052	0.3372931706484076	0.013879792404266454	0.10490121008790221	0.3123515700223186
ATP2B4_dirichlet_train_fold1.87	0.17056678218384133	0.39036000765129164	0.0655082831211546	0.10888732257495039	0.26467760446876215
ATP2B4_dirichlet_train_fold1.88	0.43849269992202033	0.3140950797467542	1.11e-321	0.02435065851672873	0.2230615618144968
ATP2B4_dirichlet_train_fold1.89	0.06253816455458863	0.270810154071652	0.12185911501751025	1.843e-321	0.5447925663562491
ATP2B4_dirichlet_train_fold1.90	0.26702469008817775	0.3240817771809613	1.25e-321	0.2649488842477225	0.14394464848313826
ATP2B4_dirichlet_train_fold1.91	0.040282625465913095	0.3458725466446323	8.276576493649462e-260	0.19774148423943674	0.4161033436500178
ATP2B4_dirichlet_train_fold1.92	0.24324103999963928	0.21649805682823556	0.08012833837976072	0.1249319759273722	0.33520058886499227
ATP2B4_dirichlet_train_fold1.93	0.09401541779165778	0.42425335004922893	0.04083415489289413	4.620801665173459e-269	0.4408970772662193
ATP2B4_dirichlet_train_fold1.94	0.1295533062099605	0.4017107137182987	1.27e-321	0.2794929371632673	0.1892430429084735
ATP2B4_dirichlet_train_fold1.95	0.17202770091128708	0.2532934150906044	0.04413071631036124	0.06982554713495198	0.46072262055279545
ATP2B4_dirichlet_train_fold1.96	0.1570728935329206	0.27834789761231393	0.08511731327164282	6.9e-322	0.4794618955831227
ATP2B4_dirichlet_train_fold1.97	0.028776691241852094	0.33301251220024647	0.12807693599706998	0.14486846922012372	0.3652653913407078
RNF168_dirichlet_train_fold1	0.6046121055021869	0.13546229641327107	3.8e-322	0.20968280621351	0.05024279187103205
RNF168_dirichlet_train_fold1.1	0.5544969255171319	0.06590096743894877	8.6e-322	0.29214079924049596	0.08746130780342336
RNF168_dirichlet_train_fold1.2	0.6433465815478031	0.08323247166079609	0.03305884958170629	0.20105962737054892	0.039302469839145655
RNF168_dirichlet_train_fold1.3	0.3273261813700426	0.10971607202685645	0.025507194946069445	0.3454656647650305	0.1919848868920011
RNF168_dirichlet_train_fold1.4	0.731859223245102	0.032634474052462364	2.747e-321	0.041925042505699596	0.19358126019673608
RNF168_dirichlet_train_fold1.5	0.45213243427003347	0.1347068223755689	9.9e-322	0.26738158571147896	0.1457791576429187
RNF168_dirichlet_train_fold1.6	0.48796323926629603	0.08409520328658376	0.0012412649344503692	0.3583646448084586	0.06833564770421126
EXO1_dirichlet_train_fold1	0.6377489167260026	0.15134832280019359	0.07206742639931721	0.07014825029327967	0.06868708378120683
EXO1_dirichlet_train_fold1.1	0.529163943943258	0.04887481091231065	0.2472291724450385	0.09949606275770613	0.07523600994168664
EXO1_dirichlet_train_fold1.2	0.6012375465451383	0.05320056287778868	0.12486456417018238	0.07673535105175003	0.14396197535514055
RNF168_dirichlet_train_fold1.7	0.6515578470820935	0.0689931278960938	2.134e-321	0.18349932883069955	0.09594969619111307
EXO1_dirichlet_train_fold1.3	0.5978972053833812	0.09534295481323711	0.16844545054617868	0.11815095841527277	0.020163430841930296
RNF168_dirichlet_train_fold1.8	0.46695397254932847	0.07549766379393251	3.8e-322	0.2618252878091273	0.19572307584761167
EXO1_dirichlet_train_fold1.4	0.4846112213061645	0.06238794363387757	0.1465222294447717	0.1547640133807092	0.15171459223447706
EXO1_dirichlet_train_fold1.5	0.5314044587180421	0.02423037571187003	0.14376974470442364	0.25607901482432627	0.04451640604133792
EXO1_dirichlet_train_fold1.6	0.49314190590095874	0.17149206033964837	0.1922356687898965	0.0741821784339185	0.06894818653557779
EXO1_dirichlet_train_fold1.7	0.7343266440612258	0.06048064577102825	0.09426862848792404	0.07187680743424443	0.039047274245577496
RNF168_dirichlet_train_fold1.9	0.5191429630887094	0.13309832665429333	0.051483116406448245	0.05116611105379617	0.2451094827967528
RNF168_dirichlet_train_fold1.10	0.6515521415257849	0.18597294641937911	2.594e-321	0.09249745131328602	0.06997746074155003
EXO1_dirichlet_train_fold1.8	0.6115764082526948	0.04582094301664794	0.06846351233650302	0.13866071438717809	0.135478422006976
EXO1_dirichlet_train_fold1.9	0.6171915267448965	0.13719369719631713	0.07421845142137978	0.1322163907021925	0.03917993393521416
RNF168_dirichlet_train_fold1.11	0.4894204025348319	0.026301556478052646	7.8e-322	0.3689754608960332	0.11530258009108225
EXO1_dirichlet_train_fold1.10	0.6721846479896127	0.06512171549635012	4.104427597608531e-86	0.13981371114063798	0.12287992537339908
EXO1_dirichlet_train_fold1.11	0.6351506940241066	0.03527092556634453	0.03163414909914162	0.1349847990516495	0.1629594322587578
EXO1_dirichlet_train_fold1.12	0.6578610118720436	0.04591392275095818	0.0807102878843894	0.11823939216919542	0.0972753853234135
RNF168_dirichlet_train_fold1.12	0.3672225473087879	0.014429943064360419	0.025926420047567334	0.2408193986435986	0.35160169093568583
RNF168_dirichlet_train_fold1.13	0.3724075070614423	0.13369278020031725	0.0022683706474410713	0.3505964583816893	0.14103488370911005
EXO1_dirichlet_train_fold1.13	0.5822058662157298	0.057512879833681835	0.03407269890560854	0.0878733648760073	0.23833519016897253
EXO1_dirichlet_train_fold1.14	0.5464359166680635	0.22156036954361855	0.10234907715281066	0.08168899669471295	0.047965639940794565
EXO1_dirichlet_train_fold1.15	0.6148420753142275	0.027326414715510162	0.0027444996763010517	0.18177602862676373	0.17331098166719758
EXO1_dirichlet_train_fold1.16	0.6290342911075162	0.018860783051756366	0.029381085178993807	0.20580888492376767	0.11691495573796612
RNF168_dirichlet_train_fold1.14	0.615904039434536	0.12137610322693415	0.05003711334561881	0.15153647095420525	0.06114627303870573
RNF168_dirichlet_train_fold1.15	0.39613582766311173	0.1323980025001285	0.14951301048830895	0.16338338787047205	0.1585697714779787
RNF168_dirichlet_train_fold1.16	0.4822693657432038	0.00700136685570143	5.552406272595209e-153	0.30221260915974824	0.20851665824134663
RNF168_dirichlet_train_fold1.17	0.5585384716308286	0.10855971790039985	0.10178687172574899	0.10847536451434361	0.12263957422867897
RNF168_dirichlet_train_fold1.18	0.5657046923396857	0.12911163749730567	1.724e-321	0.18324916837982594	0.1219345017831827
EXO1_dirichlet_train_fold1.17	0.5488282693407849	0.07027096563191393	0.2319530422518715	0.0671883973274322	0.08175932544799742
EXO1_dirichlet_train_fold1.18	0.47980809884875797	0.1176746708271477	0.09610696806519149	6.303800822418008e-177	0.30641026225890294
RNF168_dirichlet_train_fold1.19	0.44518216868146976	0.17076302303773327	0.04564110620254579	0.15313206380237093	0.18528163827588012
EXO1_dirichlet_train_fold1.19	0.4363530153171985	0.11332471386736946	0.2411860237941762	0.14822996045232356	0.0609062865689322
EXO1_dirichlet_train_fold1.20	0.5924091517188036	0.13690448566237282	0.038575742773998126	0.182263036566941	0.04984758327788432
EXO1_dirichlet_train_fold1.21	0.668543805638808	0.037177704579532414	0.13758808606893147	0.018826456617235775	0.13786394709549246
RNF168_dirichlet_train_fold1.20	0.6075850485028078	0.013590793071008361	2.31e-321	0.21056909796569442	0.16825506046048935
EXO1_dirichlet_train_fold1.22	0.6893200101634833	0.0956826998014955	0.1252083442773266	3.127e-321	0.08978894575769455
EXO1_dirichlet_train_fold1.23	0.4344471627188924	0.06639360954928714	0.014284078348827224	0.4507021872129058	0.03417296217008766
RNF168_dirichlet_train_fold1.21	0.5527807827893637	0.13318715191274777	2.875e-321	0.12166594219892778	0.19236612309896092
RNF168_dirichlet_train_fold1.22	0.5160629481665441	0.10503558416860406	0.10824624355737009	0.1253071096530226	0.14534811445445922
RNF168_dirichlet_train_fold1.23	0.6291094599004978	0.11365354071889121	0.10449456773892657	0.0075295111872149415	0.14521292045446937
EXO1_dirichlet_train_fold1.24	0.5538989781211435	0.09258627460089422	0.20604191425779714	2.28e-321	0.14747283302016495
RNF168_dirichlet_train_fold1.24	0.5035491501354793	0.019551830904857695	0.016816402490855517	0.3091236624257057	0.1509589540431018
EXO1_dirichlet_train_fold1.25	0.523539434515643	0.20670703944582455	0.11054796536574703	0.15269051326914565	0.006515047403639529
RNF168_dirichlet_train_fold1.25	0.5282321704866109	0.04910299095507057	2.787e-321	0.2908072438155202	0.13185759474279837
EXO1_dirichlet_train_fold1.26	0.3751364102882644	0.16501762531764144	0.16418303548813723	0.17293531103376683	0.12272761787218993
RNF168_dirichlet_train_fold1.26	0.6435783450688249	0.0660158169420403	0.051690097894568576	0.052168065989194344	0.1865476741053718
EXO1_dirichlet_train_fold1.27	0.5307045578612277	0.0010320227682203847	0.18679522367532458	0.14605725240526377	0.13541094328996342
RNF168_dirichlet_train_fold1.27	0.6502265419543375	0.09113093620333981	2.025200028604906e-169	0.16433525612380454	0.09430726571851802
RNF168_dirichlet_train_fold1.28	0.4318449020647448	0.06055088683628789	0.03631409701323843	0.3471552497745188	0.12413486431121018
RNF168_dirichlet_train_fold1.29	0.48036245664153787	0.05920067443254882	7.9e-322	0.3664409516901235	0.09399591723578982
EXO1_dirichlet_train_fold1.28	0.651098731520521	0.025228826629250356	0.03850009977977064	0.21534344051720858	0.06982890155324933
RNF168_dirichlet_train_fold1.30	0.4066800847303488	0.13425939199088288	1.6443437845170699e-149	0.3144505061212556	0.14461001715751282
RNF168_dirichlet_train_fold1.31	0.6280462827403477	0.16771266442176974	4.41e-321	0.12154641923989538	0.08269463359798727
EXO1_dirichlet_train_fold1.29	0.5241555717539231	0.10645512433984637	0.06384953731434209	0.2540969719103878	0.05144279468150067
EXO1_dirichlet_train_fold1.30	0.390700777849302	0.04326199615129105	0.15922982377575948	0.15390717497463868	0.25290022724900874
RNF168_dirichlet_train_fold1.32	0.5338034050734414	0.04170903900432644	1.146e-321	0.34511516172871565	0.07937239419351654
RNF168_dirichlet_train_fold1.33	0.6461015139781213	0.1036316725808671	7.455487288265095e-254	0.13105869490974098	0.11920811853127053
RNF168_dirichlet_train_fold1.34	0.30970055535021707	0.03239445075606374	0.06427660909474922	0.40739973359518133	0.18622865120378854
RNF168_dirichlet_train_fold1.35	0.30046228060467733	0.12029124015429479	0.18158833504648403	0.3375804935927522	0.06007765060179164
EXO1_dirichlet_train_fold1.31	0.5489889402456141	0.0796071492378445	0.029406548202182938	0.18183755154481918	0.16015981076953942
RNF168_dirichlet_train_fold1.36	0.4528813657623447	0.0673965524353473	0.034803940546888054	0.2801669328389507	0.16475120841646917
RNF168_dirichlet_train_fold1.37	0.46543935931275393	0.16237074501503873	3.004e-321	0.22245416592357098	0.1497357297486364
RNF168_dirichlet_train_fold1.38	0.5904986570187143	0.1439299890481358	2.386e-321	0.14100995632382396	0.12456139760932577
RNF168_dirichlet_train_fold1.39	0.49935269918823066	0.08457617142335566	0.0593618338816562	0.27131732647147605	0.08539196903528129
EXO1_dirichlet_train_fold1.32	0.618582402965162	0.05849319436311222	0.07969196615009574	0.19352754853681756	0.04970488798481252
RNF168_dirichlet_train_fold1.40	0.45558995898150956	0.08932881528102193	0.13206628728271533	0.23789987819084088	0.08511506026391244
RNF168_dirichlet_train_fold1.41	0.637915292388406	0.07128805639223001	1.1591073876869901e-07	0.21819794652388239	0.07259858878474262
RNF168_dirichlet_train_fold1.42	0.5470547752446133	0.08702953467402454	1.4538704084915395e-27	0.24877500926048338	0.1171406808208789
EXO1_dirichlet_train_fold1.33	0.43522292470184654	0.08587230092698954	0.08106981507622203	0.07312406724099323	0.3247108920539488
EXO1_dirichlet_train_fold1.34	0.4320238320832158	0.08488719633825421	0.25965316311014663	0.18430122506248015	0.03913458340590302
RNF168_dirichlet_train_fold1.43	0.4726225400399271	0.17416357433326432	8.132614382163834e-242	0.2959258601792765	0.05728802544753191
RNF168_dirichlet_train_fold1.44	0.6967889885888371	0.014711643181067676	3.206e-321	0.23839053818932907	0.050108830040766064
RNF168_dirichlet_train_fold1.45	0.576340764606635	0.04968364251410279	0.08098784756048485	0.2747375554754725	0.018250189843305117
EXO1_dirichlet_train_fold1.35	0.6490608628656315	0.08401448075454968	0.08613681312112902	0.11128179985310718	0.06950604340558283
EXO1_dirichlet_train_fold1.36	0.5348034655282454	0.04924252347512038	2.21e-321	0.3263642012117346	0.08958980978489962
RNF168_dirichlet_train_fold1.46	0.48897621127781155	0.14697333603078208	0.07951916521557172	0.2845312874758348	1.5e-321
RNF168_dirichlet_train_fold1.47	0.4991778655080348	0.09879769183024492	1.32e-321	0.34100386785140063	0.061020574810319715
RNF168_dirichlet_train_fold1.48	0.45020046613523734	0.14237900361213177	0.08001037601302403	0.23625758694445217	0.09115256729515485
EXO1_dirichlet_train_fold1.37	0.6426780191189669	0.13925684718307796	0.10679239898004855	0.041734200226951755	0.0695385344909547
EXO1_dirichlet_train_fold1.38	0.6048600753615936	0.10846528488597791	0.07906427000638021	0.17886755100685786	0.028742818739190296
RNF168_dirichlet_train_fold1.49	0.6367957644261522	0.06275505705091083	7.07e-322	0.20017548320488765	0.10027369531804929
RNF168_dirichlet_train_fold1.50	0.5781967517796132	0.1820238433178008	0.06316488029119348	0.1585991322873431	0.01801539232404964
RNF168_dirichlet_train_fold1.51	0.47352538066404204	0.16131526700142	0.04167904629308416	0.09620831812021255	0.22727198792124123
RNF168_dirichlet_train_fold1.52	0.6126782918032934	0.08330951324344588	0.03460635613601454	0.21401848169069665	0.055387357126549776
EXO1_dirichlet_train_fold1.39	0.5056777216285024	0.13076475979000585	0.029542231324831202	0.22378630796776938	0.11022897928889105
EXO1_dirichlet_train_fold1.40	0.48437297988444616	0.12892772223835033	0.049034054055874576	0.20734292550311373	0.13032231831821528
EXO1_dirichlet_train_fold1.41	0.5791970811788061	0.03833387562971465	0.16577632105067042	0.1170123280060491	0.09968039413475957
RNF168_dirichlet_train_fold1.53	0.5140886025922844	0.08254483357458559	0.007310906470112295	0.3029609173022333	0.09309474006078432
EXO1_dirichlet_train_fold1.42	0.6201716185098721	0.06437437999917196	0.08095980207339065	0.19932779505000114	0.03516640436756413
EXO1_dirichlet_train_fold1.43	0.5822252455115486	0.08833618551428718	0.10098043606870714	0.1499851718830538	0.07847296102240352
PMS1_dirichlet_train_fold1	1.374e-321	0.18249811523153936	0.27197904960697944	0.11493476952332515	0.4305880656381561
MSH2_dirichlet_train_fold1	0.057153228668373454	7e-322	0.675208396635865	0.11657591085447501	0.15106246384128658
MSH2_dirichlet_train_fold1.1	0.019562744958947532	0.008658786392781228	0.5870711463401465	0.2627074316058058	0.121999890702319
PMS1_dirichlet_train_fold1.1	0.01396216437695992	0.292321311851259	0.2213332755504634	0.19999922711074006	0.2723840211105777
MSH2_dirichlet_train_fold1.2	2.98e-321	0.021897119474253355	0.7903049227120086	0.17734334719712266	0.010454610616615333
MSH6_dirichlet_train_fold1	0.1052668200269186	0.0069329303249278254	0.8258276860288135	0.03368185863554577	0.028290704983794334
MSH6_dirichlet_train_fold1.1	0.1530642987792774	0.0003821906416596777	0.8223990214323442	1.175648150943607e-190	0.024154489146718736
PMS2_dirichlet_train_fold1	0.6783838805940394	0.05329010450338826	0.2407360084034959	9.692445324119641e-129	0.02759000649907659
MSH6_dirichlet_train_fold1.2	0.28311476035911853	8.9e-322	0.5236128334582142	0.1715390478797567	0.021733358302910566
MSH6_dirichlet_train_fold1.3	0.06888364893612828	5.73e-322	0.9311163510638717	8.3e-322	2.416e-321
MSH6_dirichlet_train_fold1.4	3.13e-321	3.7e-322	0.8406846409122427	0.1593153590877573	5.93e-322
MSH2_dirichlet_train_fold1.3	0.05724779429691468	0.028809190519685446	0.890414149068259	1.9e-321	0.02352886611514092
PMS2_dirichlet_train_fold1.1	0.6253772092641139	0.03368876514911866	0.33768841055313104	9.04e-322	0.0032456150336365296
PMS2_dirichlet_train_fold1.2	0.57497865776189	0.042003340816371526	0.35588896556863586	7.36e-322	0.02712903585310242
PMS2_dirichlet_train_fold1.3	0.5221171409495936	0.009705302782843444	0.3767569340683274	1.196e-321	0.09142062219923573
MSH6_dirichlet_train_fold1.5	0.14034724886330338	2.327e-321	0.8596527511366966	2.76546093771464e-253	9.66794189215161e-245
MLH1_dirichlet_train_fold1	0.2313411259009345	0.022045672933704907	0.5922296767202759	0.04394276470392094	0.11044075974116374
MSH6_dirichlet_train_fold1.6	0.0371378164715444	0.029749053731493624	0.8966186131954993	3.821856535329072e-88	0.036494516601462676
MSH2_dirichlet_train_fold1.4	0.24623108119956247	0.019126085913307708	0.48626026649589293	0.1809010645203403	0.06748150187089667
MSH6_dirichlet_train_fold1.7	0.2197401927204822	0.07207507408191258	0.6409293078988333	0.008353189624833102	0.05890223567393872
PMS1_dirichlet_train_fold1.2	0.010557772688073617	0.22781515796866827	2.653e-321	0.47378025430260917	0.28784681504064896
PMS2_dirichlet_train_fold1.4	0.6819736080544352	0.05125832219338665	0.24946773773188097	2.42e-321	0.01730033202029729
PMS2_dirichlet_train_fold1.5	0.4877644143241997	0.02854624139314977	0.47031098100674296	1.5e-321	0.013378363275907638
PMS2_dirichlet_train_fold1.6	0.5892330356312302	0.004603974473273477	0.26135288645248683	3.46e-322	0.14481010344300954
PMS1_dirichlet_train_fold1.3	3.754580042713348e-164	0.24147717517404435	0.0405827910137988	0.3388916996419204	0.37904833417023664
PMS1_dirichlet_train_fold1.4	0.04153725519544594	0.20337952170250043	0.17269737707833394	0.20652055263570157	0.3758652933880181
MLH1_dirichlet_train_fold1.1	0.07724575544901258	9.3e-322	0.7627801418789202	0.13842885923727047	0.021545243434796756
MSH2_dirichlet_train_fold1.5	1.364e-321	1.2e-321	0.7273766602025299	0.20770701206444386	0.06491632773302623
PMS2_dirichlet_train_fold1.7	0.5930091860525822	0.02277190628454187	0.38421890766287586	1.206e-321	1.393e-321
PMS2_dirichlet_train_fold1.8	0.4790644322828601	0.038159012729425394	0.44392223336642683	7.26e-322	0.0388543216212877
MLH1_dirichlet_train_fold1.2	0.16992595973299737	0.018205017308051734	0.7724201899708463	0.006641768278430137	0.03280706470967464
MSH2_dirichlet_train_fold1.6	0.02070030664417037	1.49e-321	0.720894033158508	0.09633807041927901	0.16206758977804273
MSH2_dirichlet_train_fold1.7	9.14e-322	0.022144360033162804	0.7867875629933306	0.10860821626553725	0.08245986070796935
MSH6_dirichlet_train_fold1.8	0.21180103800156957	0.030053239893386104	0.5050811631949512	0.20895852404874055	0.04410603486135235
MSH6_dirichlet_train_fold1.9	0.2715772857106438	0.006423567379678055	0.5866896352376775	0.0944329296805292	0.040876581991471275
MSH6_dirichlet_train_fold1.10	2.3719061683215564e-125	3.9e-322	0.8018952524544161	0.1701279071043075	0.027976840441276494
MSH6_dirichlet_train_fold1.11	0.21216247141203243	1.107e-321	0.6889798423282258	0.07799881263263835	0.020858873627103487
MSH2_dirichlet_train_fold1.8	0.08354008784248482	1.2e-321	0.7425856601709576	0.13594433512316587	0.03792991686339168
PMS1_dirichlet_train_fold1.5	4.332243488e-314	0.21387196301983608	0.36615320813150265	0.07699421250236455	0.34298061634629673
MLH1_dirichlet_train_fold1.3	0.01167354402513415	4.15e-322	0.7550591516077321	0.172763826851933	0.060503477515200646
PMS1_dirichlet_train_fold1.6	2.757e-321	0.14964986899516147	0.2885963323088152	0.21905790902362668	0.3426958896723966
MSH6_dirichlet_train_fold1.12	0.1434234057373195	1.275e-321	0.7083002315936868	0.1299891069596041	0.018287255709389622
MSH6_dirichlet_train_fold1.13	0.08279856996226152	0.004031583870131225	0.6115540088771092	0.271347615382665	0.03026822190783288
MLH1_dirichlet_train_fold1.4	0.15241492723769362	5.4e-322	0.7146524039753337	0.13293266878697274	1.69e-321
MSH6_dirichlet_train_fold1.14	0.08131411153487694	0.02012400560614946	0.6882511174640134	0.10121183111699458	0.10909893427796565
MSH6_dirichlet_train_fold1.15	0.11885382677283762	0.02860986239336141	0.6997715330125454	0.09323555888686452	0.059529218934391205
MSH2_dirichlet_train_fold1.9	5.367826468002274e-97	0.005621081933598649	0.8469315882850914	0.03168126843557851	0.11576606134573147
MSH6_dirichlet_train_fold1.16	0.16009881879190394	0.012436395370026443	0.7306741836967263	0.007556418989905821	0.08923418315143755
PMS1_dirichlet_train_fold1.7	0.03018515422766038	0.19492094071801175	0.176921942342747	0.3019210216488293	0.29605094106275176
PMS1_dirichlet_train_fold1.8	5.53e-322	0.23077312362205532	0.344526531094552	0.13412647238390307	0.29057387289948944
PMS1_dirichlet_train_fold1.9	2.115e-321	0.23086824515125343	0.2468812645146231	0.2909816571094883	0.23126883322463498
PMS2_dirichlet_train_fold1.9	0.5782862768426719	0.026164113488855424	0.38664107384813146	8.3e-322	0.0089085358203412
PMS2_dirichlet_train_fold1.10	0.6686671472045982	0.020697235323732632	0.2991254943754585	8.8e-322	0.011510123096210698
MSH2_dirichlet_train_fold1.10	0.05306159100738046	0.03053594834269563	0.5936190877028922	0.2807041849771474	0.042079187969884316
PMS1_dirichlet_train_fold1.10	0.0076609579030345	0.24851621066308044	0.24626964405747515	0.196233835723499	0.3013193516529109
MSH2_dirichlet_train_fold1.11	0.08494839783026527	0.0531290226217468	0.7974118854026016	0.001642279771829261	0.06286841437355703
PMS2_dirichlet_train_fold1.11	0.6208731429342158	0.009962435172820869	0.3648336681524513	4.35e-322	0.004330753740512057
PMS1_dirichlet_train_fold1.11	0.11497601923891904	0.20087851867136436	0.05662825744611064	0.3619471460764139	0.265570058567192
MSH6_dirichlet_train_fold1.17	4.2e-322	2.77e-322	0.7506498214408164	0.12659331323081002	0.12275686532837345
PMS2_dirichlet_train_fold1.12	0.5431468347708246	0.014685539825917127	0.27599162992121856	7.26e-322	0.16617599548203954
MSH6_dirichlet_train_fold1.18	0.054086365748527855	2.66e-321	0.744576623300711	0.13772399950399528	0.06361301144676591
MSH6_dirichlet_train_fold1.19	0.06849448535648689	0.07075869110183766	0.7340640135168237	3.718132492803555e-222	0.1266828100248517
MSH6_dirichlet_train_fold1.20	0.07453404146097996	0.00957947005189225	0.8226370892372035	0.0182142856321282	0.07503511361779604
MSH6_dirichlet_train_fold1.21	0.1066079191384591	8.05e-322	0.7273507506702896	2.994e-321	0.16604133019125122
MSH6_dirichlet_train_fold1.22	0.1840260337115666	0.007271848088760445	0.65115904404825	0.11135737571988702	0.04618569843153609
MSH2_dirichlet_train_fold1.12	0.16558655995043414	0.015230127903992053	0.7272223675505879	3.380316622893529e-234	0.09196094459498584
MSH2_dirichlet_train_fold1.13	4.616233195297654e-71	1.067e-321	0.9526318454868097	0.023621273118017753	0.023746881395172573
PMS2_dirichlet_train_fold1.13	0.6762445888971312	0.04194812678940886	0.2818072843134599	7e-322	7.8e-322
MLH1_dirichlet_train_fold1.5	0.17715625267061674	0.0	0.6695732160461985	0.1502322009674974	0.0030383303156873414
MLH1_dirichlet_train_fold1.6	6.346620531991345e-62	0.0	0.6574549219234351	0.3173984246069604	0.025146653469604485
MSH2_dirichlet_train_fold1.14	1.023e-321	1.04e-321	0.7708894986749271	0.07701608431972302	0.15209441700534979
MLH1_dirichlet_train_fold1.7	0.1256330703567823	5.248391262579602e-05	0.8532579397313186	2.53e-321	0.021056505999273376
MSH2_dirichlet_train_fold1.15	1.364e-321	3.16e-322	0.7605374674434953	0.15541947970067374	0.08404305285583108
MSH6_dirichlet_train_fold1.23	0.001583651203278283	1.05e-321	0.8864252020856438	0.09145128693808635	0.02053985977299154
PMS2_dirichlet_train_fold1.14	0.7147672083435337	0.011089432016098813	0.24464998777894048	3.95e-322	0.029493371861426938
MLH1_dirichlet_train_fold1.8	5.456663032192555e-14	1.403e-321	0.6431176562018632	0.30495579167592546	0.05192655212215682
MSH6_dirichlet_train_fold1.24	0.07228875428222421	4.2e-322	0.6913578532817244	0.23635339243605138	1.136e-321
MLH1_dirichlet_train_fold1.9	0.16581186878005533	0.11145156709457513	0.5280661726771331	0.1946703914482364	5.7e-322
MSH2_dirichlet_train_fold1.16	2.297e-321	0.005692384724595661	0.7154778687390201	0.21600108232182683	0.06282866421455739
PMS1_dirichlet_train_fold1.12	0.12120038420743395	0.2480513033489623	0.2417483151971614	0.16830522493555497	0.22069477231088722
PMS2_dirichlet_train_fold1.15	0.506933352479613	0.03366866842035291	0.41102815018114647	1.07e-321	0.0483698289188876
MSH6_dirichlet_train_fold1.25	0.0325217011351235	0.024386434716139556	0.641118857046935	0.18910997168418647	0.11286303541761537
MSH6_dirichlet_train_fold1.26	0.09800857474396761	0.04651170883652561	0.8014190916204613	1.3740301707991104e-171	0.05406062479904535
PMS2_dirichlet_train_fold1.16	0.6478441934289927	0.04492695027939788	0.28475654912011233	8.2e-322	0.02247230717149708
MSH6_dirichlet_train_fold1.27	0.08088718936342146	4.15e-322	0.7293553257213123	0.05147124155846968	0.13828624335679657
PMS2_dirichlet_train_fold1.17	0.5708385853167743	0.12930387010482147	0.29656642432508357	3.36e-322	0.003291120253320605
MSH6_dirichlet_train_fold1.28	0.1593979801060459	4.55e-322	0.6861528820266266	0.1147600953848543	0.039689042482473104
PMS2_dirichlet_train_fold1.18	0.6429184698860118	0.0466884813721247	0.27889806777915926	1.19e-321	0.03149498096270438
PMS2_dirichlet_train_fold1.19	0.40218495066651216	0.11505673484800352	0.40924000766421065	2.105e-321	0.07351830682127367
PMS1_dirichlet_train_fold1.13	3.206e-321	0.20969610018269755	0.35701271818576474	0.2135515691754251	0.2197396124561126
MSH6_dirichlet_train_fold1.29	0.13422038135938322	0.07191710591905973	0.7938625127215571	8.997269759541238e-71	3.4114259726858953e-208
MSH6_dirichlet_train_fold1.30	0.008422179638622495	1.38e-321	0.8660949002484264	0.12548292011295098	2.78e-321
MSH6_dirichlet_train_fold1.31	0.29126168326565144	2.47e-321	0.6842880554330868	5.136079417647754e-10	0.024450260787653905
MSH6_dirichlet_train_fold1.32	0.24673717281614624	0.007020201953401754	0.6343812793975094	0.07316752045620685	0.0386938253767356
OGG1_dirichlet_train_fold1	0.024266797007366805	0.6670257705065314	6.811281442038638e-25	0.198623006953918	0.11008442553218387
UNG_dirichlet_train_fold1	1.89e-321	0.13614312158884948	0.10957087179493569	0.48779072667471535	0.2664952799414996
UNG_dirichlet_train_fold1.1	0.16867931315963103	0.1006545035468511	0.12396740801118505	0.28283144174082775	0.323867333541505
OGG1_dirichlet_train_fold1.1	0.18905474928501545	0.5333960042808752	1.16e-321	0.16209421723554238	0.11545502919856701
OGG1_dirichlet_train_fold1.2	1.5087474710388525e-83	0.6560761662991426	0.12483561113802727	5.984241162199855e-40	0.21908822256283025
UNG_dirichlet_train_fold1.2	0.195006959291982	0.014036640188712061	0.04734826964635608	0.4919006319783171	0.2517074988946327
UNG_dirichlet_train_fold1.3	0.05187635796291777	0.09837928001973904	0.20305361256330684	0.5636632969682548	0.0830274524857815
UNG_dirichlet_train_fold1.4	0.022212380074975058	0.05364976287109202	0.04772257573328948	0.6750875960177173	0.20132768530292613
OGG1_dirichlet_train_fold1.3	0.06749483467029241	0.7066912221718085	0.03792229196380525	0.08103637094618502	0.10685528024790891
OGG1_dirichlet_train_fold1.4	0.02808151743264716	0.8338370751706822	5.114e-321	0.13808140739667074	1.578977894118842e-101
OGG1_dirichlet_train_fold1.5	0.13011796256356067	0.7816371562147314	0.05557663894852873	1.28e-321	0.03266824227317918
UNG_dirichlet_train_fold1.5	0.011344213298994264	0.01728873782026681	0.06996209912058743	0.7080922688917348	0.1933126808684165
UNG_dirichlet_train_fold1.6	2.727e-321	0.07653682560066052	0.1202829522803874	0.5510732825401518	0.2521069395788004
UNG_dirichlet_train_fold1.7	0.06383878522962734	0.16754921305102227	0.098006396408678	0.5409720716535313	0.1296335336571409
UNG_dirichlet_train_fold1.8	0.08974218630129208	0.1296545477346955	0.1557045222374258	0.25677450978593874	0.36812423394064775
OGG1_dirichlet_train_fold1.6	0.0394035734728886	0.754545585428409	0.1293302045588554	1.12e-321	0.07672063653984691
UNG_dirichlet_train_fold1.9	1.2382947239446173e-25	0.10921328346643142	0.07648399705310928	0.6052503733175342	0.20905234616292503
