Samples	SBS96A	SBS96B	SBS96C	SBS96D	SBS96E
ATP2B4_real_train_fold1	0.2838444532917753	0.1504199423309073	0.41576457170178294	1.245e-321	0.1499710326755345
ATP2B4_real_train_fold1.1	0.35308436407261545	0.12270569333767342	0.40557348712717156	0.03169531041909337	0.08694114504344615
MLH1_real_train_fold1	0.005055590561442852	0.07059149670760612	0.023363667990195763	0.738476592205296	0.16251265253545927
MSH2_real_train_fold1	9.808428197314559e-85	1.2698981645986788e-289	0.02098525898664301	0.8064349198262265	0.1725798211871305
MSH6_real_train_fold1	0.030085488913295214	0.015434181852897726	2.994862249516009e-142	0.8401786244488562	0.11430170478495093
MSH6_real_train_fold1.1	0.007603537307503853	0.015055541196297064	0.06455592224950261	0.829773603198263	0.08301139604843351
MSH6_real_train_fold1.2	0.0037477044503564363	0.04915860999207782	0.014557903494721637	0.8173775267845012	0.11515825527834306
OGG1_real_train_fold1	0.7897759276904089	0.061754982222662215	0.12010574011044721	0.0037982094361203294	0.024565140540361307
PMS1_real_train_fold1	0.13296165842818414	0.08653540234685195	0.3415464006094906	0.14632605598190837	0.2926304826335651
PMS2_real_train_fold1	0.024275319453043405	0.536127392925447	0.013113133462782294	0.4264841541587274	7.66e-322
RNF168_real_train_fold1	0.06959469713040381	0.6370389523378327	0.13993275645587588	0.006867112750577835	0.14656648132530964
UNG_real_train_fold1	0.09502654110948161	0.10437640665335282	0.2783999125622355	6.862868530039728e-168	0.5221971396749301
ATP2B4_multinomial_train_fold1	0.19610531095268624	0.21117518429559742	0.462109964263674	2.683e-321	0.13060954048804227
ATP2B4_multinomial_train_fold1.1	0.31073209527356394	0.13165716883663992	0.4499586299339826	0.012912410633366619	0.09473969532244683
ATP2B4_multinomial_train_fold1.2	0.335281584516987	0.20598301791403384	0.2574346529694529	0.034204529388931704	0.1670962152105946
ATP2B4_multinomial_train_fold1.3	0.3063755308430452	0.1813785841483263	0.3454237310709811	6e-322	0.16682215393764718
ATP2B4_multinomial_train_fold1.4	0.4040999373621219	0.007439083547792839	0.29842639888721645	0.11729945815453234	0.17273512204833635
ATP2B4_multinomial_train_fold1.5	0.4260778433221546	0.2330533249579527	0.19137217285952499	0.0270430827426496	0.12245357611771815
ATP2B4_multinomial_train_fold1.6	0.28464948538186197	0.18396638597702455	0.41785815250038616	3.587e-321	0.11352597614072729
ATP2B4_multinomial_train_fold1.7	0.3627700185751108	0.0963686569534722	0.3824803797205416	0.05556859170025418	0.10281235305062109
ATP2B4_multinomial_train_fold1.8	0.32436565976822684	0.15641350418383934	0.32840724353843354	0.039367961767761736	0.15144563074173864
ATP2B4_multinomial_train_fold1.9	0.39516635279816725	0.07218271739054453	0.34644739596295876	0.046216173158179864	0.13998736069014955
ATP2B4_multinomial_train_fold1.10	0.4517999950637473	0.04084187395720938	0.45666012015239343	2.61e-321	0.05069801082664978
ATP2B4_multinomial_train_fold1.11	0.31921017411024133	0.2298393265289391	0.3274382770467781	2.03e-321	0.12351222231404155
ATP2B4_multinomial_train_fold1.12	0.32648014469391856	0.15195294434154197	0.39612341744219837	2.12604360401088e-233	0.1254434935223411
ATP2B4_multinomial_train_fold1.13	0.5444435355556363	0.13371953853861784	0.15365203278258277	0.0584791153554498	0.10970577776771338
ATP2B4_multinomial_train_fold1.14	0.41201886190936254	0.10373200776562809	0.34613135812499657	1.344e-321	0.13811777220001292
ATP2B4_multinomial_train_fold1.15	0.3033559413055842	0.17261740070429374	0.4133563071052886	1.9679012646027744e-180	0.1106703508848334
ATP2B4_multinomial_train_fold1.16	0.30466256782325435	0.12021910994392211	0.4540223809236539	1.4649837550122714e-125	0.1210959413091695
ATP2B4_multinomial_train_fold1.17	0.3675244116090658	0.15479735250045915	0.30453375205229116	0.008903128222771856	0.16424135561541198
ATP2B4_multinomial_train_fold1.18	0.31123455274572376	0.16067455975137862	0.34097719263578996	3.1636313983292926e-15	0.18711369486710455
ATP2B4_multinomial_train_fold1.19	0.3333434231982631	0.24326110023716802	0.39371449108853807	0.029680985476030826	1.8430043110877332e-42
ATP2B4_multinomial_train_fold1.20	0.25403242984862856	0.09344015682616866	0.4800796855575631	1.917e-321	0.17244772776763972
ATP2B4_multinomial_train_fold1.21	0.40923721360149995	0.12927393485399252	0.4246327614868054	0.007414461082066411	0.029441628975635608
ATP2B4_multinomial_train_fold1.22	0.47613246266929854	0.10486018424335454	0.3442286670473937	0.0123423438990083	0.06243634214094492
ATP2B4_multinomial_train_fold1.23	0.3680596515036043	0.09441642373537434	0.3340282891641023	2.144e-321	0.20349563559691908
ATP2B4_multinomial_train_fold1.24	0.34541898912994595	0.11106117733344095	0.37414294150928407	2.288e-321	0.169376892027329
ATP2B4_multinomial_train_fold1.25	0.2974192046101896	0.2266790195244782	0.39358148000170723	2.673e-321	0.082320295863625
ATP2B4_multinomial_train_fold1.26	0.34241897426998624	0.047454607067360176	0.40523365314198856	0.041288166247135334	0.1636045992735296
ATP2B4_multinomial_train_fold1.27	0.2680064358751928	0.04946721527938206	0.45063516761159406	0.13302891229386954	0.0988622689399616
ATP2B4_multinomial_train_fold1.28	0.36806401290999075	0.10995052291760793	0.5219854641724013	2.4655955926083447e-296	5.7e-322
ATP2B4_multinomial_train_fold1.29	0.11320343188431327	0.11498829511056312	0.6258675053501199	5.4e-322	0.14594076765500366
ATP2B4_multinomial_train_fold1.30	0.2627135521727014	0.17380537658355646	0.5490199625236625	1.31e-321	0.01446110872007979
ATP2B4_multinomial_train_fold1.31	0.23972644451223285	0.2080409560490342	0.41387248178380354	5.83e-322	0.13836011765492945
ATP2B4_multinomial_train_fold1.32	0.2890577355666704	0.21309350572448674	0.4573116309777876	9.9e-322	0.04053712773105546
ATP2B4_multinomial_train_fold1.33	0.16872035514340752	0.15731085718541415	0.5770197239940281	9.24e-322	0.09694906367715005
ATP2B4_multinomial_train_fold1.34	0.3839225542150637	5.770411358845346e-56	0.5109116553185246	0.03510325645518782	0.07006253401122385
ATP2B4_multinomial_train_fold1.35	0.3891699810990522	0.06510649924633496	0.3550776025827511	0.019915328038940347	0.17073058903292138
ATP2B4_multinomial_train_fold1.36	0.2883441158786717	0.21944705691840244	0.32493783428111345	1.0885013042734137e-06	0.167269904420508
ATP2B4_multinomial_train_fold1.37	0.3414346304012668	0.06469603757955783	0.4275962061692766	0.06284410923878657	0.1034290166111122
ATP2B4_multinomial_train_fold1.38	0.3141385099873727	0.22513886071269817	0.29115217790873865	0.073569474010334	0.09600097738085661
ATP2B4_multinomial_train_fold1.39	0.2117344806458497	0.21621336376178568	0.5117434497901683	1.507e-321	0.06030870580219648
ATP2B4_multinomial_train_fold1.40	0.25528971043902143	0.12654545564186653	0.46419202557210193	1.39e-321	0.15397280834700997
ATP2B4_multinomial_train_fold1.41	0.37047343499175467	0.15049500950651312	0.2988141023041131	0.016238428861319	0.16397902433630013
ATP2B4_multinomial_train_fold1.42	0.23104321775648295	0.23356110026885749	0.3739477464922838	5.9e-322	0.16144793548237574
ATP2B4_multinomial_train_fold1.43	0.39297871240356796	0.18400121315450124	0.274732356573918	0.08615228405616145	0.062135433811851444
ATP2B4_multinomial_train_fold1.44	0.33247741919156226	0.13549056482317068	0.5073787350720482	5.578229632945336e-181	0.024653280913219
ATP2B4_multinomial_train_fold1.45	0.286013558515532	0.023649068635609168	0.41685380852028353	0.1221701104714692	0.15131345385710604
ATP2B4_multinomial_train_fold1.46	0.24442900462283165	0.11905578168220263	0.5537203339880049	0.0010467424442032948	0.08174813726275743
ATP2B4_multinomial_train_fold1.47	0.43936252571365153	0.08943443310827623	0.3490009409341149	1.635e-321	0.12220210024395725
ATP2B4_multinomial_train_fold1.48	0.21904587550169177	0.09934657009432485	0.5614013420150249	1.22e-321	0.12020621238895834
ATP2B4_multinomial_train_fold1.49	0.26036239177578313	0.3186112259951397	0.41331959166552135	3.26e-321	0.007706790563555796
ATP2B4_multinomial_train_fold1.50	0.28449457903797715	0.1742518573009215	0.38043701212255154	2.204e-321	0.16081655153854976
ATP2B4_multinomial_train_fold1.51	0.5274370812972125	0.04687345374837495	0.1125293745672024	0.18367279833691857	0.12948729205029144
ATP2B4_multinomial_train_fold1.52	0.3328979492310345	1.887e-321	0.4744064947625084	8.467721613704622e-227	0.1926955560064572
ATP2B4_multinomial_train_fold1.53	0.31401517838394805	0.04697068785375492	0.4999435743653342	0.023053828195843666	0.11601673120111902
ATP2B4_multinomial_train_fold1.54	0.37215239882461904	0.17346895762385867	0.30609317618640114	0.0377364191316335	0.1105490482334875
ATP2B4_multinomial_train_fold1.55	0.3409984145436417	0.11479293409348651	0.3603746147097684	2.28e-321	0.18383403665310322
ATP2B4_multinomial_train_fold1.56	0.38256649171711077	0.16837557181017676	0.33323669507751447	3.032160903835537e-157	0.11582124139519816
ATP2B4_multinomial_train_fold1.57	0.28842447105446944	0.21343314929874949	0.34242078540138177	9.9e-322	0.15572159424539933
ATP2B4_multinomial_train_fold1.58	0.2698726065981476	0.2033451091700607	0.3716786562547114	1.3016587185353665e-130	0.15510362797708033
ATP2B4_multinomial_train_fold1.59	0.35045091599056877	0.12216123761240065	0.400421271269359	0.05807074006404908	0.06889583506362236
ATP2B4_multinomial_train_fold1.60	0.3598540062631057	0.141554151872853	0.32437470475520735	3.187e-321	0.17421713710883385
ATP2B4_multinomial_train_fold1.61	0.3293176531841695	0.19724179546293125	0.306474340908331	1.43e-321	0.16696621044456833
ATP2B4_multinomial_train_fold1.62	0.3294774914815325	0.061566469009905596	0.4938493300714193	2.327e-321	0.11510670943714267
ATP2B4_multinomial_train_fold1.63	0.38874409295978496	0.12984934972458695	0.3296828952192713	1.58e-321	0.1517236620963569
ATP2B4_multinomial_train_fold1.64	0.42558155387154695	0.04350649797294703	0.34729050406488493	0.04556014321766451	0.1380613008729566
ATP2B4_multinomial_train_fold1.65	0.23803095448850764	0.11111393026922405	0.4280905573583723	9.1e-322	0.2227645578838959
ATP2B4_multinomial_train_fold1.66	0.4186833314531033	3.62e-321	0.31133618358645654	1.9659012154028993e-284	0.2699804849604401
ATP2B4_multinomial_train_fold1.67	0.2747555507374886	0.20902860411516141	0.43763975881957917	6.23e-322	0.07857608632777076
ATP2B4_multinomial_train_fold1.68	0.31528798577800404	0.11339386524023641	0.34417237805774903	1.596e-321	0.22714577092401067
ATP2B4_multinomial_train_fold1.69	0.34740951908390627	0.12316406008511097	0.3789858918964869	6.3e-322	0.15044052893449586
ATP2B4_multinomial_train_fold1.70	0.3903125264201376	0.17067748048295348	0.22818591367624688	0.0241351914874216	0.1866888879332404
ATP2B4_multinomial_train_fold1.71	0.4061462255959601	0.028393329823327134	0.46976774656436027	0.0733543524619492	0.02233834555440331
ATP2B4_multinomial_train_fold1.72	0.277455792914634	0.2332539378928529	0.3481863667590015	1.47e-321	0.14110390243351156
ATP2B4_multinomial_train_fold1.73	0.29329352494535277	0.2778110495344251	0.25012565988762203	1.586e-321	0.17876976563260022
ATP2B4_multinomial_train_fold1.74	0.19582517527057341	0.17538955030667672	0.4503889616175005	1.8e-321	0.1783963128052494
ATP2B4_multinomial_train_fold1.75	0.4426120918201145	0.02807629469725722	0.3353867167395537	0.04144756053998193	0.1524773362030927
ATP2B4_multinomial_train_fold1.76	0.3476099238869557	0.07506655938007657	0.3722062375844821	0.08495990081270292	0.1201573783357827
ATP2B4_multinomial_train_fold1.77	0.2690111208659874	0.1769612811443108	0.34707481853882816	9.8e-322	0.20695277945087362
ATP2B4_multinomial_train_fold1.78	0.25251262277321046	0.22319728078742157	0.41843495290602006	0.04577137928918385	0.060083764244164055
ATP2B4_multinomial_train_fold1.79	0.26918408242023933	0.1494329068382285	0.4024521146707072	9.14e-322	0.1789308960708249
ATP2B4_multinomial_train_fold1.80	0.26874796402534074	0.15218082334447702	0.432199389847977	8.94e-322	0.1468718227822051
ATP2B4_multinomial_train_fold1.81	0.37219785547722956	0.19755835510812841	0.39499798455683566	2.13e-321	0.03524580485780633
ATP2B4_multinomial_train_fold1.82	0.21615588282927134	0.2295999915705226	0.4293413307302698	6.13e-322	0.1249027948699361
ATP2B4_multinomial_train_fold1.83	0.34857444020769374	0.1301809552519001	0.47771160278110536	0.04353300175930086	1.285e-321
ATP2B4_multinomial_train_fold1.84	0.3227150436124958	0.1692537703529385	0.35802670887221244	0.0028146293621841337	0.1471898478001691
ATP2B4_multinomial_train_fold1.85	0.2773911722064476	0.07065007311968621	0.4175458165582543	0.11888254044811011	0.11553039766750187
ATP2B4_multinomial_train_fold1.86	0.3249858742979683	0.25495595565372653	0.3200185112835397	1.023e-321	0.10003965876476532
ATP2B4_multinomial_train_fold1.87	0.2928370775275288	0.06419157562276344	0.5345552280787447	0.013874563833337086	0.094541554937626
ATP2B4_multinomial_train_fold1.88	0.42873953120756525	0.1408027851362583	0.30801977591724294	2.055e-321	0.12243790773893345
ATP2B4_multinomial_train_fold1.89	0.3163495547157791	0.08748364777210846	0.43955181459375336	1.586e-321	0.15661498291835915
ATP2B4_multinomial_train_fold1.90	0.3781341039554016	0.04033460513561473	0.46605123360408507	0.000508394502476761	0.11497166280242188
ATP2B4_multinomial_train_fold1.91	0.48091729746448075	0.1794574763161323	0.3311270315721403	0.008498194647246734	8.94e-322
ATP2B4_multinomial_train_fold1.92	0.31795600998119916	0.11741856083802844	0.42282711368250636	3.06e-321	0.1417983154982662
ATP2B4_multinomial_train_fold1.93	0.2705379620226079	0.170080958089006	0.42611917788137244	1.76e-321	0.1332619020070136
ATP2B4_multinomial_train_fold1.94	0.18753915756147685	0.15347761022888914	0.6224568381659369	1.33e-321	0.036526394043697015
ATP2B4_multinomial_train_fold1.95	0.31606300291127104	0.12051761317861172	0.3966404597369333	9.4e-322	0.16677892417318382
ATP2B4_multinomial_train_fold1.96	0.30937158131001413	0.24476690954940447	0.3916835485146921	1.84e-321	0.05417796062588933
ATP2B4_multinomial_train_fold1.97	0.3885648121507201	0.11004791033195867	0.4069828045138161	0.026035568394113712	0.06836890460939134
MSH2_multinomial_train_fold1	2.643e-321	4.274e-321	0.014422608405251771	0.8342834526868177	0.15129393890793047
MSH6_multinomial_train_fold1	0.016032399273040714	0.02608333171375427	4.030890908575083e-221	0.8215481438534773	0.1363361251597278
PMS1_multinomial_train_fold1	0.12954560910822674	0.20172458447333855	0.25565349692276884	0.0675306937372915	0.3455456157583745
MLH1_multinomial_train_fold1	0.012391224182053172	0.04365163764852301	0.018707156987369303	0.7474767252595949	0.17777325592245966
PMS2_multinomial_train_fold1	0.023150749021616936	0.5533588794955027	1.3702123612796586e-166	0.4234903714828802	1.19e-321
MSH2_multinomial_train_fold1.1	1.0809624805094216e-149	1.6e-321	0.01900189105873289	0.7895370881610615	0.19146102078020574
PMS1_multinomial_train_fold1.1	0.15420378975588458	0.09118844321705524	0.3352796864694265	0.14502044926782776	0.27430763128980595
MLH1_multinomial_train_fold1.1	0.002184097117402052	0.038228107783699936	0.0461031077363557	0.74918399385468	0.1643006935078622
MSH6_multinomial_train_fold1.1	0.01095013121393587	0.053117025722620295	0.005587794965615188	0.8273246925982819	0.10302035549954672
MSH6_multinomial_train_fold1.2	0.04129703180925824	1.221743214185083e-200	3.095748769939778e-172	0.8628338284796871	0.09586913971105447
MSH6_multinomial_train_fold1.3	0.005879437801790854	0.02408391250394628	0.05896085011644299	0.85004943620783	0.061026363369989865
MSH6_multinomial_train_fold1.4	0.031873603868184164	1.7995337459237366e-234	1.6621727857273347e-77	0.8472135015281296	0.12091289460368637
MSH6_multinomial_train_fold1.5	2.446103278339765e-104	0.03217520714152152	0.00916744634250681	0.8326085198610141	0.12604882665495756
MSH6_multinomial_train_fold1.6	1.75e-321	0.008195501342248456	0.09143172218299465	0.8478795377332493	0.05249323874150762
MSH2_multinomial_train_fold1.2	0.003130595042533607	1.6685980477173575e-32	0.014140635951744134	0.8115892656892618	0.17113950331646038
MSH2_multinomial_train_fold1.3	0.012152459879416735	2.525e-321	3.472587009752021e-207	0.8065024862301279	0.18134505389045547
MLH1_multinomial_train_fold1.2	4.0690732353109994e-207	0.055682517610860814	0.016730650845346536	0.7437913745621116	0.18379545698168112
MSH2_multinomial_train_fold1.4	2.465e-321	1.535271657468382e-210	0.01775796410918964	0.8173793755866993	0.16486266030411106
MSH6_multinomial_train_fold1.7	0.03186854840800197	0.0005366825737114909	9.691632502132808e-224	0.8462770630174288	0.12131770600085781
MSH6_multinomial_train_fold1.8	0.007603625186033491	0.0009939628518961395	0.051592174634747696	0.852150713011744	0.0876595243155787
PMS2_multinomial_train_fold1.1	0.02708387394676996	0.5437626029406566	0.00823393901195813	0.4209195841006154	7.66e-322
MLH1_multinomial_train_fold1.3	0.0038778045518693192	0.08598924466969297	0.011325826530473588	0.7380744559616205	0.16073266828634378
PMS1_multinomial_train_fold1.2	0.06634540770212176	0.02606630329824183	0.5632502718541847	0.10590648960407445	0.2384315275413774
MSH6_multinomial_train_fold1.9	1.74131712224755e-61	0.04747324430595375	0.05762391449804693	0.8072925763270595	0.08761026486893993
MSH6_multinomial_train_fold1.10	6.938929985618892e-42	0.02678930857139934	0.056622980758552655	0.82610127783917	0.09048643283087802
MSH6_multinomial_train_fold1.11	0.005194924235635078	0.03472324242530668	0.013925301463643248	0.8439497007143411	0.10220683116107379
MLH1_multinomial_train_fold1.4	0.01075176636464478	0.07378438715990798	0.01386192905886899	0.7152308600856434	0.186371057330935
MSH6_multinomial_train_fold1.12	0.006212602207188399	0.07959514480928154	0.005993156021594551	0.8010477212603764	0.10715137570155918
PMS1_multinomial_train_fold1.3	0.14591649906540755	0.024602542972944584	0.32001744782400365	0.1753778910243324	0.3340856191133117
MSH6_multinomial_train_fold1.13	0.04479464264945954	0.015531216692109922	0.010984331364173665	0.8124203748042464	0.1162694344900105
MSH6_multinomial_train_fold1.14	0.0028948285366071965	0.034913327305252186	0.008416957674904909	0.849079675213496	0.1046952112697398
PMS2_multinomial_train_fold1.2	0.012647745779417217	0.5293740466343135	0.036934731479602904	0.4210434761066663	1.57e-321
MSH6_multinomial_train_fold1.15	1.887968360602453e-176	0.009651033634960948	0.07048628697468196	0.8188850486814585	0.10097763070889858
MSH2_multinomial_train_fold1.5	0.009216299617206096	4.159053411947445e-223	2.2567699285041303e-59	0.8119367786996884	0.17884692168310554
PMS1_multinomial_train_fold1.4	0.09798539398198204	0.05887640546261561	0.4323864976009395	0.22073719202976158	0.19001451092470115
MSH2_multinomial_train_fold1.6	0.013856979067407075	1.576e-321	1.956e-321	0.8252587490979881	0.16088427183460477
PMS1_multinomial_train_fold1.5	0.08831594204527947	0.10044891085484307	0.35528628585813404	0.19808506322146502	0.2578637980202784
MSH6_multinomial_train_fold1.16	0.002998180735465107	0.06044043870094803	0.021005676691962856	0.818334504383367	0.09722119948825717
PMS1_multinomial_train_fold1.6	0.14846898158995703	0.025848800024271694	0.4190099345449828	0.11546225732971947	0.29121002651106903
PMS1_multinomial_train_fold1.7	0.15566375157940407	0.0654743802041462	0.38093149626825595	0.25856350374470727	0.1393668682034864
MSH6_multinomial_train_fold1.17	0.03255223610605947	0.02520990911486715	9.237449032414511e-245	0.8117827866727824	0.13045506810629104
PMS2_multinomial_train_fold1.3	0.02544129974683743	0.5446621227887656	0.011023558849741481	0.4188730186146555	1.186e-321
MSH6_multinomial_train_fold1.18	0.03358871587520826	0.020420458741700395	1.89e-321	0.8194726843313501	0.1265181410517412
MSH6_multinomial_train_fold1.19	0.013934801372075298	0.012238834632210708	0.036382276398819295	0.8188974832619287	0.11854660433496607
MSH6_multinomial_train_fold1.20	0.0038037499999553598	0.05391482557343057	0.019988772965784097	0.8059218910069004	0.11637076045392956
MSH6_multinomial_train_fold1.21	0.002267473129017147	0.034984018846314587	0.006071681824282952	0.8092506756601903	0.14742615054019512
PMS1_multinomial_train_fold1.8	0.20401381246303874	0.04781120007831117	0.2592510665283442	0.148286293426735	0.34063762750357096
PMS2_multinomial_train_fold1.4	0.026095428186930242	0.5083546004427717	0.011653781836951387	0.45389618953334665	1.1e-321
MSH6_multinomial_train_fold1.22	0.0003672673207281695	0.029439133434382342	0.04387657576116798	0.8278242472247908	0.09849277625893069
MSH6_multinomial_train_fold1.23	0.011935802260406537	0.07610342750002562	3.573095472020886e-126	0.8192118654304769	0.09274890480909109
MSH6_multinomial_train_fold1.24	0.013873305570846602	0.037930127606587496	0.014072028385032331	0.7915286069148862	0.1425959315226474
PMS2_multinomial_train_fold1.5	0.01668033806053559	0.511058405745114	0.014348559267292558	0.45791269692705805	7.46e-322
MSH2_multinomial_train_fold1.7	0.001509749729524516	2.396e-321	0.03358450146952601	0.7901552656544197	0.17475048314652972
MLH1_multinomial_train_fold1.5	0.01536162165438252	0.07029873653267928	0.001666207357187785	0.7717114299567686	0.14096200449898189
PMS1_multinomial_train_fold1.9	0.19325064481780804	0.06438945320781167	0.32678729930977957	0.10982547680212502	0.30574712586247565
MSH6_multinomial_train_fold1.25	0.03723001528028238	0.02963142551595867	2.229248606509999e-16	0.81709922229088	0.1160393369128788
MSH2_multinomial_train_fold1.8	0.0016270949231059722	2.275686175331973e-261	0.006117525689502532	0.8041604434048029	0.1880949359825887
PMS1_multinomial_train_fold1.10	0.048848573721196664	0.007307825870825446	0.4360060409726014	0.13597022625522376	0.37186733318015286
MSH6_multinomial_train_fold1.26	0.010301491467176222	0.021645759075757352	0.024248903423395193	0.8363464164118265	0.10745742962184475
MLH1_multinomial_train_fold1.6	0.019997065128571325	0.045061607499117314	0.001287095530118327	0.76379686908231	0.1698573627598829
MLH1_multinomial_train_fold1.7	0.013027768841914174	0.06934576362283232	0.024170297744705572	0.75554798495473	0.13790818483581802
MSH6_multinomial_train_fold1.27	0.011943490049837123	0.009124310284544404	0.08770277070399993	0.853732353149568	0.037497075812050584
MLH1_multinomial_train_fold1.8	0.0012081508921668919	0.10000582291627425	0.03303918600582206	0.7443546329771802	0.12139220720855656
MLH1_multinomial_train_fold1.9	0.004005466640325317	0.14488779904101015	0.024269639977255557	0.6827506671878787	0.14408642715353023
MSH6_multinomial_train_fold1.28	0.006012831006197689	0.07808259771970813	0.019991454683514927	0.7784931808411744	0.11741993574940476
MSH6_multinomial_train_fold1.29	5.888673404234716e-202	0.0446860381558839	0.08266124435172433	0.8088562432176389	0.06379647427475285
MSH2_multinomial_train_fold1.9	1.24e-321	0.006255460976088936	0.03843327948544945	0.7830971802851718	0.17221407925328971
PMS2_multinomial_train_fold1.6	0.010370874571004616	0.5435175208756857	0.030339575367152958	0.4157720291861568	1.146e-321
MSH6_multinomial_train_fold1.30	0.006752197142502693	0.014928868426183147	0.049557056805690274	0.8365249018107368	0.09223697581488727
MSH6_multinomial_train_fold1.31	0.03380646173448351	4.51726248809027e-294	1.4713946411945676e-227	0.8433692253398453	0.12282431292567116
PMS2_multinomial_train_fold1.7	0.01670464388199375	0.5325697763634248	0.03466513930135992	0.41606044045322155	7.56e-322
MSH6_multinomial_train_fold1.32	0.011411607956082703	3.923e-321	0.10833456763630413	0.7925836039384075	0.08767022046920553
MLH1_multinomial_train_fold1.10	0.0012466093264790062	0.06903961915118093	0.026832962775371748	0.7414163812686159	0.16146442747835227
PMS2_multinomial_train_fold1.8	0.025871509249801236	0.5265471991231896	0.010533719223528776	0.4370475724034805	8e-322
MLH1_multinomial_train_fold1.11	2.495e-321	0.039197281788801934	0.03346444679543607	0.776170691052127	0.1511675803636351
MSH6_multinomial_train_fold1.33	0.005476470265701513	0.048984311251257566	1.5142280228957604e-27	0.805237150886991	0.14030206759605007
PMS1_multinomial_train_fold1.11	0.21154183107158284	0.061289941656221654	0.18270164505107003	0.2908880988342779	0.2535784833868476
PMS2_multinomial_train_fold1.9	0.023549794542898413	0.5415782252138515	0.0176483161707516	0.41722366407249856	1.58e-321
PMS1_multinomial_train_fold1.12	0.19173935122722052	0.08652153204066264	0.40328328905683364	0.20135657460717343	0.11709925306810971
PMS1_multinomial_train_fold1.13	0.10239814904269996	0.059624499106238835	0.45258881599886824	0.17063093187310446	0.21475760397908839
PMS1_multinomial_train_fold1.14	0.13306660107651186	0.09608478404998438	0.3511713139546949	0.15136642916249846	0.2683108717563104
MSH6_multinomial_train_fold1.34	0.04053215412824512	0.022914919751929757	7.6409235686387e-217	0.8267067082695525	0.10984621785027268
MSH6_multinomial_train_fold1.35	0.00459805536047683	5.23288328083672e-217	0.0719932416903025	0.8161979294018663	0.10721077354735449
MSH6_multinomial_train_fold1.36	0.018499413361831828	0.024417888054575836	0.05465602296976928	0.7920851692449448	0.11034150636887836
MSH6_multinomial_train_fold1.37	0.031020599989663583	9.641743790601742e-204	1.042e-321	0.829078723471323	0.13990067653901347
MSH6_multinomial_train_fold1.38	0.03185542580775668	0.043288592013330296	6.952191322334239e-127	0.8263195804184913	0.09853640176042158
MLH1_multinomial_train_fold1.12	0.020375064145708277	0.06084775890841661	4.561651033044321e-84	0.7591522809780582	0.15962489596781698
MSH6_multinomial_train_fold1.39	3.0781324492616996e-121	0.040402988136092284	0.030369787731322276	0.8213288651925216	0.10789835894006372
PMS1_multinomial_train_fold1.15	0.10208461151966593	0.1530664940117361	0.3604481706406488	0.15200323918172925	0.2323974846462199
MSH6_multinomial_train_fold1.40	1.28e-321	0.012681667374671223	0.07123965617065839	0.7946861509081511	0.12139252554651937
PMS1_multinomial_train_fold1.16	0.24039789316085125	1.576e-321	0.16855887108884623	0.1678607799003017	0.4231824558500009
MSH6_multinomial_train_fold1.41	3.530673347791078e-212	0.0441201741143655	0.1031749904518269	0.8160188388034033	0.036685996630404165
MLH1_multinomial_train_fold1.13	1.6166493751741802e-40	0.07279158425343638	0.01821915470486604	0.768747186680749	0.14024207436094846
OGG1_multinomial_train_fold1	0.8007930938749953	0.038726712525743334	0.1064477437121708	0.01961350856632864	0.034418941320762
UNG_multinomial_train_fold1	0.07320317109998897	0.012953300716075408	0.2960173863121094	1.8625413375091312e-296	0.6178261418718263
OGG1_multinomial_train_fold1.1	0.7944264529955061	0.025708210771283126	0.1344712119386946	0.045388659996910934	5.464297605315124e-06
OGG1_multinomial_train_fold1.2	0.8024418207359788	0.08680703120772815	0.07145016828465721	0.006811992142209922	0.03248898762942598
UNG_multinomial_train_fold1.1	0.05252207421554614	0.19648894649642154	0.2891881778711189	3.68398702641364e-296	0.4618008014169136
OGG1_multinomial_train_fold1.3	0.8056762229279041	0.04458535339136486	0.06488879095423791	0.03952402349532476	0.045325609231168316
UNG_multinomial_train_fold1.2	0.1528568240681768	0.06605700556327695	0.2879618051046955	8.45e-322	0.49312436526385073
UNG_multinomial_train_fold1.3	0.08267313080750713	0.1048217852386922	0.30398319671507124	8.45e-322	0.5085218872387295
OGG1_multinomial_train_fold1.4	0.7807130954314451	0.07840664462812505	0.1256503614714277	2.061711676297476e-225	0.015229898469002311
UNG_multinomial_train_fold1.4	0.10760829760581614	0.13628323340211393	0.16567113914658388	0.030790478667981812	0.5596468511775043
UNG_multinomial_train_fold1.5	0.08737703716263392	0.07109415684012389	0.28783260702045854	0.029163765202973854	0.52453243377381
UNG_multinomial_train_fold1.6	0.04448063345541316	0.03265760509020495	0.34941014966390765	9.209806322421456e-253	0.5734516117904742
OGG1_multinomial_train_fold1.5	0.7857005454941873	0.07832728327697518	0.12530617449226564	2.846e-321	0.01066599673657178
OGG1_multinomial_train_fold1.6	0.767366381319052	0.0833876427964618	0.11761335781345825	6.207932681560852e-259	0.031632618071027865
UNG_multinomial_train_fold1.7	0.10360957928358329	0.06318102354158406	0.22433180956777626	1.383e-321	0.6088775876070566
UNG_multinomial_train_fold1.8	0.08941466260011162	0.1633254901294336	0.2154123550051003	1.517e-321	0.5318474922653545
OGG1_multinomial_train_fold1.7	0.697481228237776	0.10169793773141646	0.1644854504282339	1.8787032058630875e-188	0.036335383602573594
UNG_multinomial_train_fold1.9	0.04866160277994465	0.08419373749927198	0.5032651579907923	2.48e-321	0.3638795017299911
UNG_multinomial_train_fold1.10	0.12073751361331425	0.04950980148812248	0.1633573612195179	7.9e-322	0.6663953236790452
OGG1_multinomial_train_fold1.8	0.7470984106337049	0.009366022468001979	0.21434938402148318	3.1067327415676415e-37	0.02918618287680984
OGG1_multinomial_train_fold1.9	0.7971405770668014	0.04653018954522255	0.12836334426234983	0.0017998368199419804	0.02616605230568434
UNG_multinomial_train_fold1.11	0.10585145420661485	0.04406621070418436	0.2772683692490233	2.202518791010303e-245	0.5728139658401774
UNG_multinomial_train_fold1.12	0.11844652332306405	0.05301860245217518	0.2502798860194468	1.44e-321	0.5782549882053141
OGG1_multinomial_train_fold1.10	0.8120585756153815	0.010089160654082406	0.13514356145571052	0.02687984449097163	0.015828857783853942
OGG1_multinomial_train_fold1.11	0.8392236221462572	0.10051714901649005	0.024817002181954272	2.124e-321	0.035442226655298455
UNG_multinomial_train_fold1.13	0.1597628796004576	0.10454190728426527	0.20297876743732635	1.546e-321	0.5327164456779507
OGG1_multinomial_train_fold1.12	0.8607407732583571	0.05994296966064318	0.019708512672596032	0.01299997169656941	0.046607772711834326
OGG1_multinomial_train_fold1.13	0.7788074331736481	0.10785367673455079	0.08357725936188276	0.0028280409903009085	0.02693358973961749
OGG1_multinomial_train_fold1.14	0.7617887007524432	0.0340797384328242	0.17744728191106113	1.5116415727812746e-59	0.02668427890367136
OGG1_multinomial_train_fold1.15	0.76717548472531	0.09708643264216388	0.0904966923041258	3.631816396774689e-250	0.04524139032840033
UNG_multinomial_train_fold1.14	0.05005568447897096	0.10172430648375945	0.29333232163370254	8.2e-322	0.5548876874035671
OGG1_multinomial_train_fold1.16	0.8525967276959632	0.06587234972803088	0.05681854317417471	0.012487702009986789	0.012224677391844317
UNG_multinomial_train_fold1.15	0.14704225357016384	0.09172894696465633	0.1867240833301918	1.225e-321	0.5745047161349879
OGG1_multinomial_train_fold1.17	0.8065681435237316	0.05689098341029971	0.07883417924405785	0.022537060390612613	0.035169633431298294
UNG_multinomial_train_fold1.16	0.09024142304950393	0.06154473941694143	0.2584248625349649	1.5396516253334282e-151	0.5897889749985896
OGG1_multinomial_train_fold1.18	0.7927976481092284	0.02799382558359613	0.09940789898668648	0.027976018473636725	0.0518246088468523
UNG_multinomial_train_fold1.17	0.1533800954254868	0.06242204421968587	0.3069887105585272	0.02978250957015668	0.4474266402261432
UNG_multinomial_train_fold1.18	0.0656731749128221	0.15374615188792534	0.25522602581758946	8.286856964140507e-232	0.525354647381663
UNG_multinomial_train_fold1.19	0.10517895787863064	0.00600498665452058	0.3385018231674039	0.03187884552201625	0.5184353867774286
OGG1_multinomial_train_fold1.19	0.7917429380545107	0.03979324518010083	0.15156511039739679	8.1706538814598895e-168	0.016898706367991696
OGG1_multinomial_train_fold1.20	0.7578947105772552	0.07318512827336073	0.14738413069446882	0.012068814916500987	0.009467215538414073
UNG_multinomial_train_fold1.20	0.10962085253368936	0.2026376255309918	0.18743007242565385	1.097e-321	0.5003114495096649
UNG_multinomial_train_fold1.21	0.14013231420541397	0.025426950154741692	0.25397793228660953	0.07327792509453256	0.5071848782587022
OGG1_multinomial_train_fold1.21	0.7487320112276409	0.05473115513374349	0.18774338380576752	0.008225585646394066	0.0005678641864540672
OGG1_multinomial_train_fold1.22	0.761523694346909	0.08454656668396943	0.07206421095812923	0.029836032067021317	0.052029495943970966
OGG1_multinomial_train_fold1.23	0.8407965990995524	0.05135839452112529	0.0654083765620603	0.0035707512748010877	0.03886587854246082
OGG1_multinomial_train_fold1.24	0.7122420991296897	0.06338484127410482	0.2098228744251274	4.649056350926713e-213	0.014550185171078114
OGG1_multinomial_train_fold1.25	0.7854291137550748	0.07235855393357248	0.11941062346281495	0.008265125094121481	0.014536583754416185
UNG_multinomial_train_fold1.22	0.07275569597368714	0.02151386842231352	0.3853924713261054	1.013e-321	0.5203379642778939
OGG1_multinomial_train_fold1.26	0.7801620883059665	5.830166816440096e-187	0.17467458768639482	0.031114987150448605	0.014048336857190128
OGG1_multinomial_train_fold1.27	0.8040658233569365	0.023613636523541846	0.11575873989173562	0.02985388113828449	0.026707919089501528
OGG1_multinomial_train_fold1.28	0.7413289629659274	0.039199008069298914	0.2194720289647737	2.836e-321	2.327e-321
OGG1_multinomial_train_fold1.29	0.814238204236832	0.06860900543762113	0.07861726624029379	0.020289185620193356	0.018246338465059884
UNG_multinomial_train_fold1.23	0.03836787907121324	0.03012448499760688	0.35461945209795426	0.010036326250775532	0.56685185758245
OGG1_multinomial_train_fold1.30	0.8272971579802076	0.07039919428749655	0.05636405201684188	0.011907019420130026	0.03403257629532389
OGG1_multinomial_train_fold1.31	0.7794216270628009	0.057734521643226136	0.15195292384216083	1.942607315490693e-302	0.010890927451812103
UNG_multinomial_train_fold1.24	0.13115727799351518	0.06826063539862529	0.2505915658226274	0.058160125879539816	0.49183039490569236
UNG_multinomial_train_fold1.25	0.05732764661978713	0.1061611883053237	0.31974548567857364	0.0033500223723239827	0.5134156570239916
OGG1_multinomial_train_fold1.32	0.7853608385914336	0.08128577816916298	0.11741963421674623	3.470629120132981e-60	0.01593374902265721
UNG_multinomial_train_fold1.26	0.07052198512142596	0.1347954513225307	0.34224918125328785	1.6806091280619156e-114	0.45243338230275554
UNG_multinomial_train_fold1.27	0.10817745962733118	0.11413168914924637	0.3478302740838437	0.011338777113579989	0.4185218000259988
OGG1_multinomial_train_fold1.33	0.8304600469744338	0.07608088596560197	0.03384615749434668	0.0035034455396401928	0.05610946402597724
OGG1_multinomial_train_fold1.34	0.7523939629079023	0.03560630835992498	0.21199972873217274	3.638010856702451e-185	1.6302817370574001e-44
UNG_multinomial_train_fold1.28	0.10291762627198041	0.07115381534475607	0.2806372971458854	7.76e-322	0.5452912612373779
OGG1_multinomial_train_fold1.35	0.7859537781487571	0.07213267443625951	0.1419135474149834	1.0247834308231986e-57	1.5811666936143638e-117
UNG_multinomial_train_fold1.29	0.17710165696192365	0.13252081523847536	0.13313282735152124	0.01065184915893252	0.5465928512891474
OGG1_multinomial_train_fold1.36	0.8434619299411125	0.05162133014590374	0.01946179088683456	0.045100635429137136	0.04035431359701218
OGG1_multinomial_train_fold1.37	0.7385312069724974	0.09793444182652511	0.16353435120097753	3.206e-321	1.338223465103398e-83
OGG1_multinomial_train_fold1.38	0.7983657152725097	0.08083272666291283	0.08460054743055492	0.009905365411077045	0.02629564522294576
UNG_multinomial_train_fold1.30	0.11378094575736884	0.03474237259578699	0.30774682455014235	0.017527638878475017	0.5262022182182268
OGG1_multinomial_train_fold1.39	0.8295389551059698	3.745e-321	0.0854985222126129	0.018952554817578092	0.06600996786383928
OGG1_multinomial_train_fold1.40	0.788403122021416	0.04310620932013581	0.13047915389803033	0.019883877862237435	0.018127636898180498
UNG_multinomial_train_fold1.31	0.08403859334794297	0.16176091606786916	0.29594551142947767	2.446e-321	0.45825497915471025
UNG_multinomial_train_fold1.32	0.03255633715101476	0.07520970767855012	0.3287053519959995	0.14520692632690071	0.41832167684753485
UNG_multinomial_train_fold1.33	0.10316376514400731	0.12775128326552138	0.1773583784008807	0.09278579736960323	0.4989407758199875
UNG_multinomial_train_fold1.34	0.10912454982437268	0.0675059032386682	0.2559801318368082	1.586e-321	0.567389415100151
UNG_multinomial_train_fold1.35	0.13634379326618223	0.09082989274911803	0.286187835392549	1.7980311930967338e-276	0.4866384785921509
UNG_multinomial_train_fold1.36	0.15810221414367107	0.13437597624295872	0.190831860663896	1.3128340296292256e-155	0.5166899489494743
UNG_multinomial_train_fold1.37	0.08555719622515423	0.0931151456335855	0.3412623923153956	0.04832836392020853	0.43173690190565606
OGG1_multinomial_train_fold1.41	0.7719337955224248	0.07227255383015632	0.11738613704981246	3.56e-321	0.03840751359760654
UNG_multinomial_train_fold1.38	0.11022820218152721	0.057416150904829946	0.2844863993519285	1.596e-321	0.5478692475617143
OGG1_multinomial_train_fold1.42	0.732830240079168	0.06605087638026022	0.19012629694868652	0.000621540392462589	0.010371046199422754
OGG1_multinomial_train_fold1.43	0.8252332689967291	0.009284875542703283	0.10284183645314333	0.026445938868900384	0.03619408013852389
UNG_multinomial_train_fold1.39	0.08200296986838583	0.1553323094369451	0.29111330083114934	1.9322191682587556e-223	0.47155141986351967
OGG1_multinomial_train_fold1.44	0.7343913115848716	0.10153434462192269	0.16407397781447502	2.37e-321	3.6597873080386386e-07
OGG1_multinomial_train_fold1.45	0.7360085859351405	0.023512441712045265	0.2296412077819227	0.010837764570891535	4.321802492379586e-57
OGG1_multinomial_train_fold1.46	0.7705442636603002	0.05854174104139271	0.1464157640983731	1.0802833262452422e-264	0.024498231199934224
UNG_multinomial_train_fold1.40	0.05756464730067725	0.06765278835798481	0.33296102660806853	0.05747510523446789	0.4843464324988016
OGG1_multinomial_train_fold1.47	0.8253386939442454	0.013373696788630303	0.0894773205824155	0.03288317917843462	0.038927109506274184
OGG1_multinomial_train_fold1.48	0.8333956772855922	0.05021177945680443	0.07102057305740106	4.494416063337134e-54	0.04537197020020244
OGG1_multinomial_train_fold1.49	0.7565798215753922	0.05202090480554095	0.15300433262616356	1.1934254409393472e-168	0.03839494099290324
OGG1_multinomial_train_fold1.50	0.7675237754924081	0.06269106219966307	0.14066099846753094	0.0012380848490562632	0.027886078991341524
UNG_multinomial_train_fold1.41	0.025261166848188132	4.1647504793052074e-40	0.2664883739146127	0.0463401833221466	0.6619102759150526
OGG1_multinomial_train_fold1.51	0.7521710899096072	0.07258033352074882	0.13474625062184023	0.018300541047179073	0.022201784900624588
UNG_multinomial_train_fold1.42	0.12660610340807507	0.0326001853915374	0.22886411942428606	0.03127682156499647	0.5806527702111051
OGG1_multinomial_train_fold1.52	0.7847420314282697	0.0942040890267298	0.1064390034684385	2.870315245129949e-76	0.014614876076561957
UNG_multinomial_train_fold1.43	0.0707240759223087	0.05037781614006259	0.237152864559541	1.3e-321	0.6417452433780877
UNG_multinomial_train_fold1.44	0.13682845677252842	0.09691359084733431	0.2617961029520383	1.443e-321	0.504461849428099
RNF168_multinomial_train_fold1	0.07488576255667853	0.7059461127018268	0.04928470011108725	0.021950912238029162	0.14793251239237826
RNF168_multinomial_train_fold1.1	0.1192099809717912	0.6650541328930921	0.11130613663095726	5.482619304132219e-195	0.10442974950415959
RNF168_multinomial_train_fold1.2	0.07224622344575636	0.6459975889935224	0.11989155099400407	0.05232243064512055	0.10954220592159668
RNF168_multinomial_train_fold1.3	0.10107918089715852	0.6942084367975109	0.10898129821567834	9.6e-322	0.09573108408965224
RNF168_multinomial_train_fold1.4	0.051650225793263324	0.5753101297527723	0.15876143988959504	0.07667799591995922	0.13760020864441028
RNF168_multinomial_train_fold1.5	0.02012152177092477	0.6175802763916194	0.09415616626831058	0.05316188804810724	0.21498014752103806
RNF168_multinomial_train_fold1.6	9e-322	0.7016263793506562	0.17592974472347234	2.73e-321	0.12244387592587144
RNF168_multinomial_train_fold1.7	0.09798051321610697	0.600206794432591	0.13826531000796666	0.03109921336005764	0.13244816898327788
RNF168_multinomial_train_fold1.8	0.06687587822591488	0.5842818321833408	0.10726698816875513	0.07417655173154318	0.1673987496904461
RNF168_multinomial_train_fold1.9	0.01613296181562681	0.5638783369124886	0.2728875093708018	0.04055341248947639	0.10654777941160633
