Samples	SBS96A	SBS96B	SBS96C	SBS96D	SBS96E
EXO1_0_real_train1	0.825987014695973	0.022068840667284612	0.022467699710158835	0.1126865936718387	0.016789851254744827
OGG1_0_real_train1	4.4960600119724493e-125	0.01776866081329266	0.07872037695889107	0.1007751904638907	0.8027357717639254
RNF168_0_real_train1	0.7960171796717349	2.651603258117268e-143	0.10837252509085926	0.06981316746627586	0.02579712777113005
UNG_0_real_train1	0.05395831893873608	3.814084325171917e-94	0.03171612731568791	0.8100723748959242	0.10425317884965185
ATP2B4_0_real_train1	0.1393408835355781	5.418301667850525e-16	0.5630754174436654	0.18271668865506385	0.11486701036569213
ATP2B4_1_real_train1	1.768664011951799e-159	0.10589760211581825	0.7575888843873447	1.1596757964617228e-176	0.1365135134968371
MLH1_0_real_train1	2.495e-321	0.9396240885702805	1.364e-321	0.059054999829744416	0.0013209115999752925
MSH2_0_real_train1	2.065e-321	0.8712095623926011	1.1132432291666365e-216	0.12106222199456648	0.007728215612832608
MSH6_0_real_train1	1.1705005347e-313	0.9450640746222682	3.4938297710862644e-211	0.038245099681504684	0.01669082569622716
MSH6_1_real_train1	1.6047288872443647e-267	0.9664499300095041	8.71527369305e-312	0.005703371570331849	0.0278466984201641
PMS1_0_real_train1	5.530128011057803e-227	0.21292315781891683	0.5617708857609333	0.1832892568315324	0.042016699588617465
PMS2_0_real_train1	0.45730018017822127	0.5316949940216006	8.364536577841882e-277	3.06e-322	0.011004825800178015
EXO1_0_dirichlet_train1	0.8207412116565543	2.7230028242583066e-130	1.853e-321	0.01162001938057154	0.16763876896287414
RNF168_0_dirichlet_train1	0.767363671598061	4.35e-321	0.08751236258046455	0.14512396582147452	4.55e-322
RNF168_0_dirichlet_train1.1	0.8638232052193405	3.483e-321	1.2208307309541038e-50	1.3177749113922282e-298	0.13617679478065947
EXO1_0_dirichlet_train1.1	0.6565869289218321	0.05345027355148951	0.15638939799647286	0.13357339953020528	1.16e-321
RNF168_0_dirichlet_train1.2	0.9097855102984314	6.67e-322	6.685130835894346e-133	7.95e-322	0.0902144897015686
RNF168_0_dirichlet_train1.3	0.8774177390334659	1.7842456280325526e-301	2.38e-321	0.02949508414392148	0.09308717682261256
RNF168_0_dirichlet_train1.4	0.8813461588664946	2.18512444e-316	0.09564421843188513	0.0022225355879662147	0.02078708711365407
RNF168_0_dirichlet_train1.5	0.7673764138597088	5.915143226346142e-107	1.042e-321	0.23262358614029124	2.04e-321
RNF168_0_dirichlet_train1.6	0.677945861261138	3.4e-322	0.0031708825234874026	0.25573670841606266	0.06314654779931188
RNF168_0_dirichlet_train1.7	0.7848061807087382	0.08387944619222144	0.05458408934955476	2.223e-321	0.07673028374948553
RNF168_0_dirichlet_train1.8	0.8389848448727677	3.475150789585927e-176	1.823e-321	0.04816030721548884	0.11285484791174348
EXO1_0_dirichlet_train1.2	0.6335172282499328	0.1101055922104388	7.15387081997682e-260	0.23252933396404196	0.023847845575586418
EXO1_0_dirichlet_train1.3	0.8922487657677063	0.025937446743467978	9.9e-322	0.07738876731675756	0.004425020172068
RNF168_0_dirichlet_train1.9	0.683671720021795	1.55e-321	0.05693386188637245	0.11828850902872043	0.14110590906311218
EXO1_0_dirichlet_train1.4	0.6750725439767341	0.025870941703941316	1.9840581285120617e-133	0.29905651431932456	2.1e-321
EXO1_0_dirichlet_train1.5	0.9233089855881231	1.207e-320	9.8e-322	0.07669101441187692	3.7139201429843523e-32
EXO1_0_dirichlet_train1.6	0.8790286382108775	6.97e-322	2.517426777001551e-270	0.12097136178912246	1.4441613340889181e-300
EXO1_0_dirichlet_train1.7	0.7670840971511438	0.2329159028488563	3.053e-321	1.0965707231669103e-81	8.4e-322
EXO1_0_dirichlet_train1.8	0.7792715657052569	0.14040995952628862	1.176e-321	0.08031847476845443	2.87e-322
RNF168_0_dirichlet_train1.10	0.6679500736044536	0.0963154249686647	0.11160955895385087	0.12412494247303091	6.024669945410711e-260
EXO1_0_dirichlet_train1.9	0.6564798506484689	0.19845574372659822	2.050496419302242e-292	0.018559759788649748	0.12650464583628301
RNF168_0_dirichlet_train1.11	0.7530488287486589	0.06775709921261752	0.11659690149430928	0.06259717054441444	2.1486584046258192e-36
RNF168_0_dirichlet_train1.12	0.7263667948552701	8.9e-322	0.2326394806157231	0.040993724529006965	9.9e-322
EXO1_0_dirichlet_train1.10	0.8989276494480904	0.02077637238091314	0.08029597817099632	3.030247657717721e-295	1.4765648292808874e-56
EXO1_0_dirichlet_train1.11	0.7518438962825772	1.255e-321	0.029097313889844264	0.19934686931190607	0.019711920515672617
RNF168_0_dirichlet_train1.13	0.8078915686941782	0.11181971586223739	2.0290837538357345e-144	0.08028871544358433	3.1418120545703646e-110
RNF168_0_dirichlet_train1.14	0.8306360118969873	0.07173024031900792	0.09763374778400472	2.775086323331777e-292	2.9e-322
RNF168_0_dirichlet_train1.15	0.7431036180622711	9.2e-322	0.11545258778091669	0.1414437941568123	2.96e-322
RNF168_0_dirichlet_train1.16	0.5984431108406203	0.039182531262588784	0.19281425222175946	0.1695601056750315	4.7e-322
EXO1_0_dirichlet_train1.12	0.837374152753541	2.94e-321	4.782824707411182e-153	0.07331772211750945	0.08930812512894964
RNF168_0_dirichlet_train1.17	0.6596280702333085	0.19245348649134564	0.04117939370864808	2.223e-321	0.10673904956669772
EXO1_0_dirichlet_train1.13	0.9559151972275198	0.007826893485859498	0.03625790928662079	1.006e-320	2.164e-321
RNF168_0_dirichlet_train1.18	0.8630868311345113	2.485e-321	0.03789249092164843	0.0024260955142320047	0.09659458242960813
EXO1_0_dirichlet_train1.14	0.6695571295206387	0.12025751966095165	0.09651083327801917	0.02988317923460806	0.0837913383057824
RNF168_0_dirichlet_train1.19	0.7040987531376355	0.11080855533757626	0.10542289883816575	0.009684681984228866	0.06998511070239372
RNF168_0_dirichlet_train1.20	0.510362069851233	4.3364763804545426e-67	0.06885509151620958	0.2705156756822971	0.1502671629502601
EXO1_0_dirichlet_train1.15	0.5945041509845109	0.10471487114609136	0.028639446236523165	0.27214153163287447	6.3e-322
RNF168_0_dirichlet_train1.21	0.9798454152552999	2.88e-321	5.0119544483924835e-89	1.5124921923441262e-275	0.020154584744700225
RNF168_0_dirichlet_train1.22	0.7951963780229081	2.13e-321	0.1444435678642524	0.06036005411283941	3.8977517455346665e-247
EXO1_0_dirichlet_train1.16	0.9457003425812159	0.020280091236306405	1.332847204512816e-291	5.195794258063888e-195	0.03401956618247767
EXO1_0_dirichlet_train1.17	0.6803618771962515	0.05099498130096524	5.9e-322	0.2686431415027832	2.96e-322
RNF168_0_dirichlet_train1.23	0.8288269295745732	1.206e-321	1.6553690505497586e-96	0.09978495762782519	0.07138811279760168
EXO1_0_dirichlet_train1.18	0.7129173447499041	3.4802173372529504e-248	1.0836175773266792e-63	0.23687674209185894	0.05020591315823698
RNF168_0_dirichlet_train1.24	0.752651003590853	0.020528107261604835	0.07970721495204315	0.11760099016359146	0.029512684031907602
RNF168_0_dirichlet_train1.25	0.7672506827437459	9.5e-322	0.232749317256254	1.324e-321	3.6160837104371512e-214
RNF168_0_dirichlet_train1.26	0.7307000152631817	0.11177733292159497	6.842724426937708e-278	0.10588983648859239	0.051632815326630895
RNF168_0_dirichlet_train1.27	0.7208226601767748	0.06294644253095048	0.15690222440837975	0.0593286728838949	3.36e-322
RNF168_0_dirichlet_train1.28	0.6909319613437144	1.46e-321	0.27898677949657097	0.030081259159714838	2.96e-322
EXO1_0_dirichlet_train1.19	0.7296239451049025	0.04251905841590366	0.030015994938467055	0.19784100154072687	1.19e-321
RNF168_0_dirichlet_train1.29	0.9063829181842411	1.067e-321	0.0800336340755613	2.82e-321	0.013583447740197607
EXO1_0_dirichlet_train1.20	0.6267359691237089	0.2255576095668951	2.33e-321	0.14770642130939618	6.77e-322
RNF168_0_dirichlet_train1.30	0.6761379689893652	0.09806396307509195	0.2240726823541382	0.0017253855814047833	1.4e-322
RNF168_0_dirichlet_train1.31	0.9852149005215798	1.665e-321	0.007814034372588817	1.79e-321	0.006971065105831339
RNF168_0_dirichlet_train1.32	0.649407093333478	6.3792292215423906e-15	0.23301335151544503	0.11757955515107073	3.986551442527469e-280
RNF168_0_dirichlet_train1.33	0.7637198108372691	3.225925845327449e-90	2.1181414917860752e-95	0.17147410921908382	0.06480607994364714
EXO1_0_dirichlet_train1.21	0.6179788319128423	0.029759251298146563	0.2584414888093231	0.04082545381532438	0.05299497416436372
RNF168_0_dirichlet_train1.34	0.7872657577165105	0.10110749491649608	0.11162674736699331	1.537e-321	1.003e-321
EXO1_0_dirichlet_train1.22	0.7758849679662865	0.17273395878133563	3.0325284820446565e-97	0.036637025534057184	0.01474404771832063
EXO1_0_dirichlet_train1.23	0.7873539178168045	0.07869027924725466	5.617154308090457e-98	0.13395580293594067	1.013e-321
RNF168_0_dirichlet_train1.35	0.4181001901367556	0.045755409137184344	0.26778174452662157	0.23814905622579524	0.030213599973643333
RNF168_0_dirichlet_train1.36	0.7898118555580662	0.06951270514725169	0.015288678420145148	1.215e-321	0.12538676087453698
EXO1_0_dirichlet_train1.24	0.9967719655902321	6.8e-322	1.319857114911084e-147	1.3350213915205632e-106	0.0032280344097679174
RNF168_0_dirichlet_train1.37	0.887997369183084	0.04294153252372083	0.04141797058510471	1.1197396013015194e-111	0.0276431277080905
EXO1_0_dirichlet_train1.25	0.9964886215893827	2.41e-321	1.43e-321	2.595088863383692e-224	0.0035113784106173647
RNF168_0_dirichlet_train1.38	0.666480412881336	1.0200438337732892e-296	2.0320380999077594e-105	0.22473536545680378	0.10878422166186029
EXO1_0_dirichlet_train1.26	0.9740293821327585	9.4e-322	1.58e-321	3.58e-321	0.025970617867241485
EXO1_0_dirichlet_train1.27	0.821928470644682	3.0180999196053566e-298	0.07393928280837749	0.10413224654694056	2.37e-322
EXO1_0_dirichlet_train1.28	0.8855557051985268	0.051645424180696814	0.0484840500334705	1.53e-321	0.014314820587305972
EXO1_0_dirichlet_train1.29	0.8349720687610465	2.663e-321	0.07988335258156502	0.06664716688546658	0.018497411771922007
EXO1_0_dirichlet_train1.30	0.9801895439543441	0.01807927413999256	1.91e-321	0.001731181905663514	1.45e-321
RNF168_0_dirichlet_train1.39	0.47010621254446683	0.32451006669556554	1.82e-321	0.1679099930833103	0.0374737276766572
RNF168_0_dirichlet_train1.40	0.7956296919706562	0.05740415316185605	0.13730443669642084	1.93e-321	0.009661718171066867
EXO1_0_dirichlet_train1.31	0.7810185539590104	2.011044956927684e-71	2.8462774744569787e-26	0.08382674642148592	0.13515469961950377
EXO1_0_dirichlet_train1.32	0.7093091752980457	0.15739152963507344	2.6010339211472945e-27	0.12482855974466193	0.008470735322219035
EXO1_0_dirichlet_train1.33	0.8361011184943912	1.947e-321	2.632317644162656e-87	0.05326389795709869	0.11063498354851024
RNF168_0_dirichlet_train1.41	0.7744973027297362	0.10561927382714341	0.010430027772235697	0.06272882425237056	0.04672457141851415
RNF168_0_dirichlet_train1.42	0.8801396384263908	0.0014589210897438163	0.03107608289214262	0.022360400038367607	0.06496495755335534
EXO1_0_dirichlet_train1.34	0.8110895670636074	0.14578483372870682	4.0964819141606405e-281	0.043125599207685765	3.66e-322
RNF168_0_dirichlet_train1.43	0.9068000125298121	1.003e-321	1.4560104755005613e-240	0.03332709533859745	0.05987289213159039
EXO1_0_dirichlet_train1.35	0.8299876404079992	0.04947834093153899	1.56737972022359e-226	0.12053401866046183	2.07e-321
EXO1_0_dirichlet_train1.36	0.6435319713316995	0.004321047691793614	0.2736273692471882	0.05056784753884705	0.027951764190471757
RNF168_0_dirichlet_train1.44	0.7588805846067312	6.431205337660954e-264	0.22931004898275717	0.011809366410511507	4.6e-322
EXO1_0_dirichlet_train1.37	0.8607679070252747	2.204e-321	1.49351955985152e-19	0.08327982447284561	0.055952268501879746
RNF168_0_dirichlet_train1.45	0.8859176606788084	1.1160978563530255e-264	1.734e-321	0.10432337766364609	0.009758961657545516
RNF168_0_dirichlet_train1.46	0.6675392653180217	1.655e-321	0.09191624047180816	0.2405444942101702	4.25e-322
RNF168_0_dirichlet_train1.47	0.7556061134364416	0.06926496051539265	1.12e-321	8.3e-322	0.17512892604816585
RNF168_0_dirichlet_train1.48	0.6972256928909166	2.31e-321	0.23120806234236868	7.6e-322	0.07156624476671473
RNF168_0_dirichlet_train1.49	0.9769207217740581	1.606e-321	5.045146203017584e-168	0.023079278225942038	1.75e-321
RNF168_0_dirichlet_train1.50	0.6887663556811943	0.0931719448098764	0.11892432033816352	0.09913737917076582	2.2e-322
EXO1_0_dirichlet_train1.38	0.6119686797917977	1.96e-321	0.1257131423184716	0.16438692429875287	0.0979312535909776
RNF168_0_dirichlet_train1.51	0.6816999862653648	0.15728750671879435	0.03624249253896645	0.00579058400423282	0.11897943047264159
RNF168_0_dirichlet_train1.52	0.3347427098676443	0.30845996667679326	0.026753568838384867	0.10359246019873389	0.22645129441844375
EXO1_0_dirichlet_train1.39	0.9999999999999937	6.220400726299435e-15	1.576e-321	4.9673939457994086e-127	3.6e-322
EXO1_0_dirichlet_train1.40	0.9840337938525323	4.007e-321	1.566e-321	2.0069719016189526e-85	0.015966206147467597
RNF168_0_dirichlet_train1.53	0.9148547998979507	3.36e-322	0.03309089928822505	2.0285970017716583e-130	0.05205430081382428
EXO1_0_dirichlet_train1.41	0.8407511923408388	7.234285214562523e-227	0.01144505796746886	0.07405235267890295	0.07375139701278931
EXO1_0_dirichlet_train1.42	0.8309323191997615	0.09941686400592442	1.71e-321	6.703772070934673e-122	0.06965081679431394
RNF168_0_dirichlet_train1.54	0.3666927513922156	3.06e-322	0.3890334099715176	0.24427383863626695	3.6e-322
OGG1_0_dirichlet_train1	4.109753620321718e-222	3.513e-321	0.22199479897322974	0.0736536826339139	0.7043515183928565
UNG_0_dirichlet_train1	0.06029140019012658	0.03289956234224376	0.12052731826187185	0.7756244868746227	0.010657232331135072
UNG_0_dirichlet_train1.1	0.06080428459406072	0.0006605105022473196	1.6338486023192736e-174	0.7934715332493534	0.14506367165433864
UNG_0_dirichlet_train1.2	3.4842263536269625e-179	1.22e-321	0.23430121988723343	0.7235640813840877	0.04213469872867882
OGG1_0_dirichlet_train1.1	4.634724882865522e-52	1.457e-321	0.5879188793689902	1.206e-321	0.4120811206310097
UNG_0_dirichlet_train1.3	0.06390014921377028	0.04818196109487882	0.2010605551506568	0.6480225452768383	0.03883478926385574
OGG1_0_dirichlet_train1.2	0.03891093974837619	2.115e-321	0.1419371576192682	0.04375121553356099	0.7754006870987946
OGG1_0_dirichlet_train1.3	0.034669973988728064	5.547473400313939e-242	0.24833188681372842	0.09095565553415633	0.6260424836633873
UNG_0_dirichlet_train1.4	0.04432754182810073	1.635e-321	0.32203396175182886	0.5690576546164996	0.06458084180357096
UNG_0_dirichlet_train1.5	1.87e-321	4.64e-322	0.36581750830490023	0.5664887464581463	0.06769374523695348
OGG1_0_dirichlet_train1.4	7.4e-322	1.265e-321	0.09017093564558896	0.030203447548142682	0.8796256168062684
OGG1_0_dirichlet_train1.5	1.96e-321	0.003751660814134388	0.24186520963843314	0.026167375808536817	0.7282157537388957
UNG_0_dirichlet_train1.6	0.14896211215751726	0.04643157850799178	7.95e-322	0.7036890488805666	0.10091726045392428
UNG_0_dirichlet_train1.7	5.257806075e-315	0.006230861455160695	0.13133857519988587	0.8053854872941762	0.057045076050777174
UNG_0_dirichlet_train1.8	2.62e-321	0.07185498478120629	1.1044138571555e-311	0.7155755944169105	0.21256942080188315
OGG1_0_dirichlet_train1.6	2.11e-321	3.34e-321	0.061396824621650685	3.6831012546409117e-81	0.9386031753783494
UNG_0_dirichlet_train1.9	2.084300721168831e-154	2.03e-321	1.1949524779284924e-225	0.9182580224130411	0.08174197758695893
OGG1_0_dirichlet_train1.7	3.2652451643485644e-234	1.0622022217771102e-162	0.46668022625233285	0.0037477791766146176	0.5295719945710524
UNG_0_dirichlet_train1.10	0.046673947653372884	0.039254227581762266	4.059789771574855e-52	0.7957164146798221	0.11835541008504276
OGG1_0_dirichlet_train1.8	1.62e-321	0.06330078362461307	0.0049591282085872865	0.107296917342891	0.8244431708239085
UNG_0_dirichlet_train1.11	1.552775943287633e-281	1.75e-321	4.287240009186621e-247	0.872730284809276	0.12726971519072408
OGG1_0_dirichlet_train1.9	0.09721506373587033	0.10164876403065522	3.636543667116572e-62	7.902176204778367e-129	0.8011361722334744
OGG1_0_dirichlet_train1.10	0.02091379879349393	0.024827794948593537	2.0648265243350505e-298	1.544800523854626e-283	0.9542584062579124
OGG1_0_dirichlet_train1.11	7.053226214380414e-44	0.14753235066280967	0.32337453568794866	1.4068690323961605e-145	0.5290931136492416
UNG_0_dirichlet_train1.12	0.1557115176794402	4.092495038618663e-302	9.73e-322	0.6773082313161747	0.1669802510043851
UNG_0_dirichlet_train1.13	0.12668560570214996	2.6163628307007724e-246	0.05632111074363038	0.7462697340734608	0.0707235494807588
UNG_0_dirichlet_train1.14	0.012679297551109997	2.01e-321	0.0380486693871825	0.8567495521864915	0.092522480875216
OGG1_0_dirichlet_train1.12	0.12100013695060366	7.56e-322	3.0764911593122607e-130	0.09811543735081855	0.780884425698578
OGG1_0_dirichlet_train1.13	1.7988957330918515e-94	0.03454580569223476	6.031162888639666e-70	0.0640591838030483	0.9013950105047168
UNG_0_dirichlet_train1.15	1.07e-321	9.6e-322	0.18871867282756677	0.8026888857453462	0.00859244142708698
UNG_0_dirichlet_train1.16	1.8994557104615823e-147	0.18960852086378938	0.17567975797615398	0.6347117211600566	1.033e-321
UNG_0_dirichlet_train1.17	8.016803474862478e-250	0.09473129862915525	6.17264678311241e-253	0.6318250439871196	0.27344365738372517
OGG1_0_dirichlet_train1.14	1.0925617257357304e-197	0.10837713408742645	1.4552517580964218e-40	0.28110616568247526	0.6105167002300983
UNG_0_dirichlet_train1.18	0.0292298106070138	1.97e-321	0.2916704983155045	0.6790996910774817	4.3943848e-315
OGG1_0_dirichlet_train1.15	6.759764425685344e-238	1.38e-321	0.36582711429286824	0.03847741057425269	0.5956954751328791
UNG_0_dirichlet_train1.19	2.5317607099134254e-209	0.2414119673189576	3.1693659074743532e-174	0.6992437639949816	0.05934426868606096
OGG1_0_dirichlet_train1.16	0.031381347642911735	2.19e-321	0.36633187171792786	0.04397789427360851	0.5583088863655519
UNG_0_dirichlet_train1.20	0.07800629756312183	0.10331385743501172	1.01e-321	0.6552183103366074	0.16346153466525906
UNG_0_dirichlet_train1.21	1.3673923947083963e-248	0.17349963123705875	0.28759196992067054	0.461871796526669	0.07703660231560147
OGG1_0_dirichlet_train1.17	1.793e-321	0.030319490377509552	0.40333275446980266	0.17161935291782457	0.39472840223486316
UNG_0_dirichlet_train1.22	1.507e-321	1.098538516881149e-25	0.0913711435978517	0.9086288564021482	3.36e-322
UNG_0_dirichlet_train1.23	7e-322	0.35930187358234067	9.1e-322	0.5654173633368386	0.07528076308082064
UNG_0_dirichlet_train1.24	0.016795399020701773	0.01444088971141225	7.00389685650665e-80	0.8194423667931736	0.14932134447471243
OGG1_0_dirichlet_train1.18	0.06180874069635996	2.767e-321	2.5544511404131144e-192	0.09370245771521335	0.8444888015884268
UNG_0_dirichlet_train1.25	0.08566063442931779	0.11516812537538718	0.11461631345881867	0.6845549267364763	2.77e-322
OGG1_0_dirichlet_train1.19	4.456152287453667e-235	0.10018541158944828	0.0388474243179793	0.07156571523035915	0.7894014488622132
UNG_0_dirichlet_train1.26	0.09977896343891501	0.050855775181816	0.09960831515202608	0.6947977367778647	0.054959209449378134
OGG1_0_dirichlet_train1.20	2.1408896662508227e-21	1.94e-321	1.4538168175947276e-160	0.1425058032775448	0.8574941967224553
UNG_0_dirichlet_train1.27	2.17e-321	0.13295861055176084	1.0400480298424178e-306	0.7802325219337533	0.08680886751448591
OGG1_0_dirichlet_train1.21	0.12579785342216154	0.08486732001437453	1.0508650143848812e-113	2.071456043891782e-121	0.7893348265634639
OGG1_0_dirichlet_train1.22	0.13148906636381846	0.05165089259494014	0.005677191079611953	0.020811265011281645	0.7903715849503479
UNG_0_dirichlet_train1.28	0.07559801667876276	0.12191141954325364	1.6086978229108333e-156	0.6523747025838138	0.15011586119416973
UNG_0_dirichlet_train1.29	5.505581244104702e-286	9.2e-322	0.017270762788014715	0.7462403068153465	0.23648893039663876
OGG1_0_dirichlet_train1.23	0.004612218786222841	1.83005883e-315	0.13539271149155746	0.06745595979856936	0.7925391099236503
OGG1_0_dirichlet_train1.24	1.7289221249490542e-135	0.07174608961467453	0.3455859710486671	1.003e-321	0.5826679393366583
OGG1_0_dirichlet_train1.25	3.1276524939499583e-221	1.897e-321	1.4456741763e-313	0.15188951011439114	0.8481104898856089
OGG1_0_dirichlet_train1.26	4.613549209188535e-39	0.14958230517351248	4.29649190333025e-101	0.09149912676726236	0.7589185680592252
UNG_0_dirichlet_train1.30	1.6514639457125512e-21	9.5e-322	0.24287919363064997	0.75712080636935	5.63e-322
OGG1_0_dirichlet_train1.27	1.4132525182626387e-121	1.0926757811110717e-55	0.05155931050654639	0.013401915567183183	0.9350387739262704
OGG1_0_dirichlet_train1.28	0.16663215260792755	1.354e-321	0.00013370139153640845	0.19955346864906756	0.6336806773514684
UNG_0_dirichlet_train1.31	5.0997015440868906e-39	0.12370235311638425	0.2312973886694453	0.6450002582141705	1.2e-322
UNG_0_dirichlet_train1.32	0.024420740805467706	1.393e-321	0.04538608877606614	0.8491669286265128	0.08102624179195345
UNG_0_dirichlet_train1.33	1.992795295197189e-124	1.537e-321	0.052259703037979874	0.797314504998627	0.15042579196339295
OGG1_0_dirichlet_train1.29	0.16853243253521882	0.09237430115341795	1.4900606661372354e-90	0.1548959183175208	0.5841973479938424
OGG1_0_dirichlet_train1.30	1.46e-321	9.54e-322	0.45170681087935877	5.839090135754506e-97	0.5482931891206413
UNG_0_dirichlet_train1.34	0.10205126223429682	0.17175104266971325	0.18598654879805637	0.4714741632655033	0.06873698303243027
OGG1_0_dirichlet_train1.31	0.014562554616024377	0.007037360031045496	0.28399803192224177	0.1799614333350392	0.5144406200956493
UNG_0_dirichlet_train1.35	1.9419590851246824e-137	0.11529780499567442	2.1692350162011825e-179	0.6221172178785809	0.26258497712574475
UNG_0_dirichlet_train1.36	0.07641244475786556	2.026e-321	0.03048872985084323	0.8502728641807563	0.04282596121053483
UNG_0_dirichlet_train1.37	0.016068017896363227	0.1312633875664429	0.2770672624870766	0.5731473568971578	0.0024539751529594283
OGG1_0_dirichlet_train1.32	4.564165646827372e-218	0.1163930923359844	0.33338478929143023	1.0798027502307987e-202	0.5502221183725855
UNG_0_dirichlet_train1.38	0.0190843686967137	1.275e-321	4.55e-322	0.8984860442835327	0.08242958701975371
OGG1_0_dirichlet_train1.33	5.502140016949984e-288	2.79e-321	0.45536391273851745	0.0003197819060700188	0.5443163053554125
OGG1_0_dirichlet_train1.34	0.07764080721218984	0.08281665469871316	0.07513185715886833	0.06251125171976936	0.7018994292104594
OGG1_0_dirichlet_train1.35	0.13284183669815278	0.007016986211088979	7.567805385578272e-95	0.04062167905068414	0.8195194980400743
OGG1_0_dirichlet_train1.36	3.448344134954239e-126	2.895e-321	0.0014257933004527806	0.0564710854407251	0.9421031212588221
OGG1_0_dirichlet_train1.37	0.07865581767911473	0.05180338994224283	0.180647445550939	0.024778594293592908	0.6641147525341105
OGG1_0_dirichlet_train1.38	4.316840262314652e-53	9.747417390339283e-32	1.1668673567211483e-235	0.08275818314398499	0.9172418168560151
UNG_0_dirichlet_train1.39	9.31100904594221e-06	0.06608728582619335	5.4e-322	0.7920277469345338	0.14187565623022688
OGG1_0_dirichlet_train1.39	0.011402304859850016	4.18e-321	4.456538101839842e-190	0.1233105071160342	0.8652871880241157
UNG_0_dirichlet_train1.40	5.138302077580619e-293	5.2812671669421184e-67	6.57e-322	0.8110527916712413	0.18894720832875866
OGG1_0_dirichlet_train1.40	2.968997872802614e-34	1.28e-321	1.1677501653840729e-183	0.060374491767435715	0.9396255082325643
OGG1_0_dirichlet_train1.41	1.467433493565855e-127	0.06421575338694344	7.847278579248502e-107	0.027928924490519	0.9078553221225377
UNG_0_dirichlet_train1.41	0.017422487755170444	0.18190725962668064	1.02e-321	0.7602145388687093	0.040455713749439674
OGG1_0_dirichlet_train1.42	1.0975670595479591e-239	0.11338019238936095	0.07599712634377308	0.15684411651739572	0.6537785647494702
UNG_0_dirichlet_train1.42	0.026261944029984413	2.1233833120110368e-139	0.2383836597763911	0.6222322266109397	0.11312216958268488
OGG1_0_dirichlet_train1.43	9.806828188203446e-104	0.009419238171160292	2.7626121804811995e-17	9.262282627049103e-215	0.9905807618288398
OGG1_0_dirichlet_train1.44	3.580771812076069e-132	0.031248737003825213	0.4602392581635068	2.5187853107967597e-143	0.5085120048326679
OGG1_0_dirichlet_train1.45	1.3377324662845103e-255	3.864885770312566e-223	0.542545952462284	7.106192911479261e-281	0.45745404753771607
OGG1_0_dirichlet_train1.46	0.1900763118578502	0.020211618064156313	1.615880437947651e-184	0.12884257303544946	0.660869497042544
UNG_0_dirichlet_train1.43	3.345e-321	0.2079327952586829	9.14e-322	0.5162297542641643	0.27583745047715263
OGG1_0_dirichlet_train1.47	5.671926785628276e-225	3.755e-321	0.3667491782185037	0.014572667679416921	0.6186781541020794
OGG1_0_dirichlet_train1.48	9.8e-322	0.02263199533956643	0.26664811619914364	0.1416079781396537	0.5691119103216362
OGG1_0_dirichlet_train1.49	0.1330125522113241	0.02016612083057276	0.28354971170813004	1.5202540873426577e-71	0.563271615249973
OGG1_0_dirichlet_train1.50	0.011966358844002703	0.024009114860434815	2.559869941176849e-47	0.11187101201576832	0.8521535142797944
UNG_0_dirichlet_train1.44	4.334423826927033e-30	0.09501262424969405	1.0639234721750678e-39	0.7483964033042071	0.15659097244609885
OGG1_0_dirichlet_train1.51	0.09238556061665425	1.0646595727169316e-26	1.4334969837732537e-120	1.6696853714046023e-15	0.9076144393833442
OGG1_0_dirichlet_train1.52	1.5e-321	0.13347197633283864	0.11133664046617554	1.44e-321	0.7551913832009858
ATP2B4_0_dirichlet_train1	0.2840766442090605	0.10942696363837981	0.3085094804128894	0.1383377307885814	0.159649180951089
ATP2B4_1_dirichlet_train1	0.04881406198015984	0.20492357594172259	0.2276253268641294	1.7307308185057465e-48	0.5186370352139882
ATP2B4_0_dirichlet_train1.1	0.050022912935451753	1.0286274137033341e-233	0.7678291164232922	0.1821479706412561	4.36911382044889e-62
ATP2B4_1_dirichlet_train1.1	0.001948476948462822	0.13081903118222502	0.7300906719907139	9.218539839556458e-129	0.13714181987859822
ATP2B4_1_dirichlet_train1.2	0.11751868331298519	0.17469588266252595	0.7043796003688492	9.963912948050871e-115	0.0034058336556395427
ATP2B4_1_dirichlet_train1.3	1.1e-321	7.801186288693149e-117	0.7334162458528063	0.1629292870937826	0.10365446705341108
ATP2B4_0_dirichlet_train1.2	0.37909778349182954	2.87e-321	0.4546290693527484	0.15203738877631584	0.014235758379106261
ATP2B4_1_dirichlet_train1.4	1.5098773993643748e-118	0.309715805301174	0.58184476513838	1.3232772002023706e-134	0.10843942956044593
ATP2B4_0_dirichlet_train1.3	0.16919031466827505	0.007657287975011618	0.6716648074565886	0.15148758990012465	2.08e-322
ATP2B4_0_dirichlet_train1.4	0.06761902279683901	0.05645301073131875	0.193868234610718	0.46690509956064796	0.2151546323004762
ATP2B4_0_dirichlet_train1.5	0.16084051540781583	0.032995362495426665	0.41037112488086624	0.2167700248656039	0.1790229723502874
ATP2B4_0_dirichlet_train1.6	0.09654153367786884	0.08460771474714371	0.716565880258831	0.02128999153932062	0.08099487977683588
ATP2B4_1_dirichlet_train1.5	0.03106198149519352	1.13e-321	0.8694514883486812	0.08563174970343039	0.013854780452694867
ATP2B4_0_dirichlet_train1.7	0.0728754687329462	0.21373790195387582	0.39860944645651797	0.31477718285666006	2.1203404551715065e-105
ATP2B4_1_dirichlet_train1.6	1.12e-321	0.2644811308787165	0.6372781540867667	3.95e-322	0.0982407150345168
ATP2B4_1_dirichlet_train1.7	0.057565736983063165	0.10416276819518545	0.8382714948217513	1.829792738048283e-68	3.56e-322
ATP2B4_1_dirichlet_train1.8	0.10648514733223081	2.442184929799897e-29	0.5510871559501658	2.921089146146669e-250	0.3424276967176033
ATP2B4_1_dirichlet_train1.9	4.847212281932337e-175	0.1340347462637941	0.5160143377776654	0.26866707096454157	0.08128384499399903
ATP2B4_1_dirichlet_train1.10	2.6045476461810415e-97	0.1939025908455151	0.5405718727671718	0.022293075507897442	0.24323246087941575
ATP2B4_1_dirichlet_train1.11	6.741770063403714e-42	0.12945348856702177	0.683546175575428	1.29e-321	0.18700033585755033
ATP2B4_1_dirichlet_train1.12	1.126e-321	4.6784250787831663e-185	0.8018871565038647	4.8364609212630824e-89	0.19811284349613525
ATP2B4_1_dirichlet_train1.13	0.19570043558965294	1.52386718127296e-250	0.804299564410347	6.27e-322	1.6286274089923782e-61
ATP2B4_0_dirichlet_train1.8	0.14754241555192313	0.04468350411338623	0.20172227192811842	0.39625249340296587	0.20979931500360624
ATP2B4_1_dirichlet_train1.14	4.655184020120201e-148	0.013472460133354538	0.8249759019746472	1.0087864466226516e-296	0.16155163789199842
ATP2B4_1_dirichlet_train1.15	0.04382061731686628	0.16967123234028111	0.7459298778808154	1.2e-321	0.04057827246203712
ATP2B4_0_dirichlet_train1.9	0.21829203226777502	0.11196925749271779	0.27271720884623973	0.17107860914119383	0.22594289225207362
ATP2B4_0_dirichlet_train1.10	0.07654177820226898	1.714e-321	0.6168754955273673	0.16347895688751055	0.14310376938285305
ATP2B4_0_dirichlet_train1.11	0.2008518711906787	0.05773512702079795	0.33026289994449887	0.20362874933548208	0.20752135250854234
ATP2B4_1_dirichlet_train1.16	0.10813759551136172	0.2341794059661881	0.65768299852245	5.93e-322	3.66e-322
ATP2B4_0_dirichlet_train1.12	0.28329771693607186	1.25e-321	0.5996742054468296	0.00859779900854567	0.10843027860855285
ATP2B4_0_dirichlet_train1.13	0.2365555024161225	0.03613695685344115	0.5675477798206667	0.14288575352899716	0.016874007380772486
ATP2B4_0_dirichlet_train1.14	0.3256823677168793	8.45e-322	0.4772089485455526	0.197108683737568	1.8817287166732727e-54
ATP2B4_0_dirichlet_train1.15	0.2858195888200524	1.08e-321	0.5646588266653298	0.10064689975913786	0.048874684755479875
ATP2B4_1_dirichlet_train1.17	0.13144412316049464	0.1389687391766075	0.4359060398263407	0.003451652889682263	0.29022944494687497
ATP2B4_1_dirichlet_train1.18	1.02e-321	1.33e-321	0.8625225220694013	1.541446686288335e-293	0.13747747793059878
ATP2B4_1_dirichlet_train1.19	1.645e-321	0.013865817799789777	0.9861341822002101	4.2386288025675295e-53	2.77e-322
ATP2B4_1_dirichlet_train1.20	0.16006750592713298	0.1511032727643175	0.6012914539237991	0.08753776738475029	4.94e-322
ATP2B4_0_dirichlet_train1.16	0.11596394665984665	1.7220650443658574e-74	0.8840360533401533	1.4001550975677152e-85	1.3354180051445944e-203
ATP2B4_1_dirichlet_train1.21	3.400066698359721e-256	0.04912959484502067	0.8776139027756491	0.07325650237933024	2.5e-322
ATP2B4_1_dirichlet_train1.22	0.10108470104847983	0.01941820329636642	0.8695639644618134	1.275e-321	0.009933131193340305
ATP2B4_0_dirichlet_train1.17	0.064700582675421	1.907e-321	0.6182560094255068	0.22301140831607605	0.09403199958299609
ATP2B4_0_dirichlet_train1.18	0.061601983124037404	3.007744236546796e-162	0.45137779898856967	0.487020217887393	2.7e-322
ATP2B4_1_dirichlet_train1.23	1.724e-321	0.1513335924596727	0.8486664075403272	1.087e-321	1.5771340618447793e-19
ATP2B4_1_dirichlet_train1.24	0.06410345366199191	0.11286425288320438	0.38441165368874997	0.02077651803534122	0.4178441217307126
ATP2B4_0_dirichlet_train1.19	0.30995925623232956	9.83e-322	0.3313666049822659	0.24374233937995082	0.11493179940545371
ATP2B4_1_dirichlet_train1.25	0.1513562929292618	2.643e-321	0.5475506309009216	0.09876109028068507	0.2023319858891315
ATP2B4_0_dirichlet_train1.20	0.2627715845463033	2.554e-321	0.3520144727811061	0.2889804476569329	0.09623349501565782
ATP2B4_0_dirichlet_train1.21	4.237676920617372e-30	0.09164351587132309	0.38089525504029886	0.30955224294577366	0.2179089861426042
ATP2B4_0_dirichlet_train1.22	0.31932908327155995	6.07736504036e-313	0.4955033050615134	0.05477232560215085	0.13039528606477574
ATP2B4_0_dirichlet_train1.23	0.23816136796283877	0.2014485176535838	0.5378827116364162	3.067113387682841e-123	0.022507402747161263
ATP2B4_0_dirichlet_train1.24	0.24376721547705069	2.07e-321	0.36220105727720275	0.13747285131990739	0.25655887592583915
ATP2B4_1_dirichlet_train1.26	1.136e-321	0.17269825140734318	0.6618803784724308	0.1654213701202259	3.26e-322
ATP2B4_0_dirichlet_train1.25	0.2180007482471978	0.03988155306807264	0.41628921720847534	0.1862584112701108	0.13957007020614354
ATP2B4_1_dirichlet_train1.27	1.2349483340431362e-80	2.544e-321	0.9507637964383636	1.097e-321	0.04923620356163628
ATP2B4_0_dirichlet_train1.26	0.18438677261747938	0.07899002305235933	0.6719819100278918	0.037124705764509894	0.027516588537759686
ATP2B4_1_dirichlet_train1.28	0.06683675166133621	0.018357971322501797	0.9123821827811307	8.1e-322	0.002423094235031345
ATP2B4_0_dirichlet_train1.27	7.019543370539526e-122	0.03404211581125751	0.6396453529210591	0.3263125312676834	3e-322
ATP2B4_1_dirichlet_train1.29	6.869372346352656e-15	0.11851270836006288	0.6998324345536475	6.928854953869196e-258	0.18165485708628265
ATP2B4_0_dirichlet_train1.28	1.245e-321	1.07e-321	0.8972169694517057	8.05e-322	0.10278303054829437
ATP2B4_0_dirichlet_train1.29	2.2544825123157457e-14	8.2e-322	0.8401594061269075	0.051989296811241176	0.10785129706182889
ATP2B4_0_dirichlet_train1.30	0.2446136404789202	2.7e-321	0.4204330606460176	0.24199343726632108	0.0929598616087411
ATP2B4_0_dirichlet_train1.31	0.2796694213333939	1.8943892247438382e-285	0.1485553869298773	0.3850855717914692	0.18668961994525943
ATP2B4_1_dirichlet_train1.30	0.02991675471662378	0.1067388777519691	0.8633443675314071	1.176072145569954e-295	3.834971393040139e-55
ATP2B4_1_dirichlet_train1.31	0.21263674326849008	0.10602249107618973	0.49730097352312796	3.3880648587345855e-95	0.18403979213219232
ATP2B4_1_dirichlet_train1.32	2.22198189468817e-257	0.0019380861858260367	0.7354155092960336	0.018960772034380124	0.24368563248376027
ATP2B4_0_dirichlet_train1.32	0.03210212423488965	0.13934038547943348	0.8285574902856767	5.109020380433379e-108	3.356225823678888e-244
ATP2B4_0_dirichlet_train1.33	0.012887431829593385	0.02457642711115376	0.6248047049047034	0.20786650688644015	0.12986492926810933
ATP2B4_0_dirichlet_train1.34	0.20181387032997647	0.17019138730596914	0.5821632189628844	0.04583152340117004	3.66e-322
ATP2B4_0_dirichlet_train1.35	1.616e-321	0.03693555525280153	0.7532960677821785	0.07501364433013225	0.13475473263488777
ATP2B4_1_dirichlet_train1.33	0.03668013708434385	0.10853000186822657	0.8547898610474295	8.1e-322	5.43e-322
ATP2B4_1_dirichlet_train1.34	1.616e-321	0.06478191939837509	0.7296990638352003	1.196e-321	0.20551901676642473
ATP2B4_1_dirichlet_train1.35	2.837679764658331e-230	0.13865856455733866	0.8613414354426614	9.9e-322	3.7e-322
ATP2B4_1_dirichlet_train1.36	9.8e-322	0.017320243983727838	0.8457418141113049	1.6047257453016063e-297	0.13693794190496722
ATP2B4_0_dirichlet_train1.36	0.19967361040209863	0.06536505280341103	0.6223209622842146	0.11264037451027568	3.66e-322
ATP2B4_0_dirichlet_train1.37	0.007956794114329906	2.016e-321	0.6755599381138349	0.3164832677718352	7.314166638440395e-182
ATP2B4_1_dirichlet_train1.37	1.5216037537786976e-124	0.192237758126582	0.622030438806411	1.2597313657801169e-270	0.185731803067007
ATP2B4_1_dirichlet_train1.38	1.61e-321	0.10063108490059958	0.7200533557029861	6.6e-322	0.17931555939641422
ATP2B4_1_dirichlet_train1.39	1.2639897821341397e-302	0.1341784662014337	0.8495061596242072	0.014704862187611002	0.0016105119867482378
ATP2B4_1_dirichlet_train1.40	5.73e-322	0.2380160775244258	0.7445678730547316	5.43e-322	0.01741604942084262
ATP2B4_1_dirichlet_train1.41	7.559518744188246e-180	0.16389072909663976	0.6916242770769434	6.03e-322	0.14448499382641677
ATP2B4_1_dirichlet_train1.42	0.0028273161582744563	0.07663501004097302	0.6345034852127891	7.23170588569948e-153	0.28603418858796337
ATP2B4_0_dirichlet_train1.38	0.20447851794189528	1.2084197445176927e-172	0.7741360511664833	3.1730507846921165e-188	0.021385430891621395
ATP2B4_0_dirichlet_train1.39	0.24531705278119859	1.215e-321	0.516421255368021	0.020385251963825304	0.21787643988695515
ATP2B4_0_dirichlet_train1.40	0.19484263062237964	6.324484126377801e-119	0.6186844251111197	0.1864729442665007	6.653157254767179e-260
ATP2B4_1_dirichlet_train1.43	1.843e-321	0.028395702818701882	0.8426001614865115	0.1290041356947865	4.35e-322
ATP2B4_0_dirichlet_train1.41	5.72899829273855e-88	0.06151006446014471	0.5060515503381742	0.09313286396447502	0.339305521237206
ATP2B4_0_dirichlet_train1.42	0.1946352200406812	1.96e-321	0.5404242107531949	0.17738951398338623	0.0875510552227375
ATP2B4_0_dirichlet_train1.43	0.23771970657513156	0.024984530913676996	0.519503071248804	0.06587246274587581	0.15192022851651163
ATP2B4_0_dirichlet_train1.44	2.026e-321	0.04662044432889985	0.5693487328601065	0.30123882408999186	0.08279199872100197
ATP2B4_1_dirichlet_train1.44	0.17445455981479938	2.7452394808938523e-243	0.7499070963350872	2.7046120717510067e-213	0.07563834385011327
ATP2B4_0_dirichlet_train1.45	0.3174139094161009	3.864795911071477e-52	0.34858089879610055	0.10594812136088218	0.22805707042691634
ATP2B4_1_dirichlet_train1.45	0.11645746621647189	0.12623124643927766	0.43372541321010494	7.1e-322	0.32358587413414536
ATP2B4_0_dirichlet_train1.46	0.2914377201352435	9.8e-322	0.5424693457446912	0.1660929341200653	4.182452215408728e-265
ATP2B4_0_dirichlet_train1.47	0.03897654790655332	0.058975635084878276	0.2648273895859216	0.42526965811674033	0.21195076930590648
ATP2B4_0_dirichlet_train1.48	0.19921953613677804	5.6e-322	0.7340686630695541	0.06671180079366797	1.9273581610172803e-197
ATP2B4_1_dirichlet_train1.46	0.03076000606371846	0.2766774488448304	0.5227326296664632	0.0005070334108616602	0.16932288201412624
ATP2B4_1_dirichlet_train1.47	5.614564908832675e-274	0.11076500482828876	0.884999851332353	0.004235143839358075	9.4e-323
ATP2B4_1_dirichlet_train1.48	0.17867005242714415	8.3e-322	0.7358813371233226	6.5e-322	0.0854486104495332
PMS1_0_dirichlet_train1	1.32e-321	0.33919701502392624	0.5277535243747145	9.095019332123134e-23	0.13304946060135936
MSH6_1_dirichlet_train1	0.0874912181668364	0.8831370471049816	5.14e-322	5.4352498339054e-145	0.02937173472818192
MSH6_0_dirichlet_train1	1.5e-321	0.842801735740587	1.68e-321	0.15719826425941302	9.1e-322
MSH2_0_dirichlet_train1	5.2e-322	0.7696292362032281	2.626868500273187e-293	0.21717339850060216	0.013197365296169642
MSH6_0_dirichlet_train1.1	7.102260936108856e-280	0.9127909141543219	1.73e-321	0.07388893674907084	0.013320149096607115
MLH1_0_dirichlet_train1	9.93e-322	0.9046541331128014	7.86e-322	0.0743720548147304	0.0209738120724682
MSH6_1_dirichlet_train1.1	2.13e-321	0.9623836385336894	2.2562257085033362e-35	8.513428116924049e-274	0.037616361466310505
MLH1_0_dirichlet_train1.1	0.12290168108342908	0.8770983189165709	2.6e-322	8.3e-322	3.2e-322
PMS1_0_dirichlet_train1.1	1.19e-321	0.1584065984418839	0.7199513785224194	0.12164202303569661	5e-322
PMS1_0_dirichlet_train1.2	0.10386143567958095	0.007249756578633238	0.49306852311865246	0.33282785351400485	0.06299243110912854
MSH6_1_dirichlet_train1.2	1.156e-321	0.9764797807937414	9.7e-322	6.2e-322	0.023520219206258502
MSH6_1_dirichlet_train1.3	2.168472621158206e-158	0.8016976379762476	2.62e-321	0.19830236202375226	9.83e-322
PMS1_0_dirichlet_train1.3	0.020101804255877462	0.2859036423846917	0.36027650739636996	0.24413739537960671	0.08958065058345431
PMS1_0_dirichlet_train1.4	0.12380887662553196	0.1677479023478219	0.08361441941441684	0.4201181961362601	0.20471060547596934
PMS2_0_dirichlet_train1	0.5026201395716567	0.49737986042834315	3.533e-321	8.35e-322	2.0840981757209558e-160
MSH6_1_dirichlet_train1.4	0.18301771483069032	0.7392593999844477	0.015217141300108351	0.03873330246981061	0.023772441414943155
MSH6_0_dirichlet_train1.2	2.57139147051188e-160	0.957200009343266	0.020001298750712302	0.022798691906021653	1.65e-321
PMS1_0_dirichlet_train1.5	9.1e-322	0.08170463920839918	0.7555623376100026	0.16273302318159835	2.3396120492031182e-101
PMS1_0_dirichlet_train1.6	1.245e-321	0.15188882691726235	0.5834965002621073	0.26461467282063034	2.57e-322
PMS1_0_dirichlet_train1.7	0.057981080150081986	0.20999338129083558	0.5740717477734791	0.1579537907856032	7.9e-322
MSH6_1_dirichlet_train1.5	0.26575149241284596	0.70082775061236	1.25e-321	1.235e-321	0.03342075697479392
MLH1_0_dirichlet_train1.2	1.206e-321	0.8788640806094821	5e-322	0.12113591939051795	3.2e-322
PMS1_0_dirichlet_train1.8	0.120423043495143	0.2742175551036113	0.17746102504090397	1.7675032416509746e-190	0.4278983763603418
PMS1_0_dirichlet_train1.9	1.4989119800255878e-197	0.3396737991418675	0.4669859436745831	0.19334025718354933	4.4e-322
MLH1_0_dirichlet_train1.3	2.41e-321	1.0	3.26e-322	2.47e-322	4.3e-322
MSH2_0_dirichlet_train1.1	0.020911529728992295	0.9790884702710079	7.8e-322	9.937118183776436e-78	1.02e-321
