Samples	SBS96A	SBS96B	SBS96C	SBS96D	SBS96E
ATP2B4_real_train_fold1	0.17629580174410317	1.34e-321	0.28826059628462525	0.21490057257798353	0.32054302939328794
ATP2B4_real_train_fold1.1	0.1307911639062205	0.043744087643653055	0.35221686969800725	0.13255315270481097	0.3406947260473082
MLH1_real_train_fold1	0.05001802970940841	0.7583210294345247	0.004646524220367224	0.14861384919089102	0.038400567444808534
MSH2_real_train_fold1	2.6e-321	0.801628492663383	5.0419478090265284e-182	0.16629044458275374	0.03208106275386324
MSH6_real_train_fold1	1.2432026068850306e-82	0.8525070622190677	0.023496665002580956	0.09957155511849276	0.02442471765985855
MSH6_real_train_fold1.1	6.248641885298717e-77	0.8376143781416281	0.013152449495315148	0.0813905424943625	0.06784262986869431
MSH6_real_train_fold1.2	0.02418258977063425	0.8323496651337192	0.0030977920092963517	0.10951516888272134	0.030854784203628905
OGG1_real_train_fold1	0.08845735283455267	4.19086e-319	0.6500208986236621	0.028721006287430465	0.23280074225435474
PMS1_real_train_fold1	0.0855668739168975	0.14260965228402694	0.15886592360468457	0.401682087192335	0.21127546300205582
PMS2_real_train_fold1	0.47770356801751646	0.4626709497966378	0.021715749968857386	3.3e-322	0.037909732216988366
RNF168_real_train_fold1	0.6322369541084819	0.0558091089722188	0.07883950852043944	0.11653370394646968	0.11658072445239012
UNG_real_train_fold1	0.0975303705660201	0.007796329271744318	0.11662530854357725	0.5895160193762912	0.18853197224236715
ATP2B4_dirichlet_train_fold1	0.1748371943469133	1.003e-321	0.32480521592581585	0.17053429576867704	0.32982329395859367
ATP2B4_dirichlet_train_fold1.1	0.2707140219590614	0.06882939213709471	0.23994843307887828	6.942928935049193e-45	0.4205081528249657
ATP2B4_dirichlet_train_fold1.2	2.737e-321	0.17207479754312877	0.270689200269649	0.1595902336076581	0.39764576857956413
ATP2B4_dirichlet_train_fold1.3	0.2068820983529205	2.327e-321	0.21578126745757925	0.315160012549321	0.2621766216401793
ATP2B4_dirichlet_train_fold1.4	0.15928253730413416	2.974e-321	0.25254252201554717	0.09846628665853617	0.48970865402178254
ATP2B4_dirichlet_train_fold1.5	0.26522281868339403	0.017233880516427335	0.17433929256810227	0.009451667780673146	0.533752340451403
ATP2B4_dirichlet_train_fold1.6	2.12e-321	0.15822839071466652	0.24590710986477354	0.2975612684533954	0.2983032309671645
ATP2B4_dirichlet_train_fold1.7	0.2387927951416437	6.8e-322	0.2675277804534833	0.04142726798066287	0.4522521564242101
ATP2B4_dirichlet_train_fold1.8	0.21383357048548393	0.006797574238533381	0.408266430182181	0.14555853374081146	0.22554389135299036
ATP2B4_dirichlet_train_fold1.9	7.56e-322	0.08524951247105779	0.24945448672736367	0.14950860825756343	0.5157873925440151
ATP2B4_dirichlet_train_fold1.10	2.594e-321	0.1822102077056676	0.1921137065004159	0.33883525605908327	0.28684082973483316
ATP2B4_dirichlet_train_fold1.11	0.0997127842599505	2.17e-321	0.41222544566575725	0.2624670594250882	0.2255947106492042
ATP2B4_dirichlet_train_fold1.12	0.31854677028057543	0.0008429069532810628	0.29219352737704896	0.3000915141277051	0.08832528126138946
ATP2B4_dirichlet_train_fold1.13	0.16526307426199857	0.14494552535847355	0.32532026716949347	0.25503014132333457	0.10944099188669983
ATP2B4_dirichlet_train_fold1.14	0.3311055831946602	4.1379070954612506e-123	0.23667581924633074	0.22402506881042142	0.20819352874858763
ATP2B4_dirichlet_train_fold1.15	0.13906288724527477	1.31e-321	0.37888071575965543	0.33170533789973183	0.1503510590953379
ATP2B4_dirichlet_train_fold1.16	0.008988698197423503	0.10086014206457618	0.199867744180771	0.291967152549029	0.3983162630082002
ATP2B4_dirichlet_train_fold1.17	0.2396927908173944	7.36e-322	0.2600315524000931	0.25240651765330646	0.24786913912920608
ATP2B4_dirichlet_train_fold1.18	0.4738984108752726	3.5e-322	0.2680652558362173	0.06660581881434621	0.19143051447416387
ATP2B4_dirichlet_train_fold1.19	9.34e-322	0.0599123327111033	0.2890231136957147	4e-322	0.651064553593182
ATP2B4_dirichlet_train_fold1.20	0.24085728017324745	6.67e-322	0.22514022499457095	0.238762710343977	0.29523978448820465
ATP2B4_dirichlet_train_fold1.21	0.36838718043717	1.546e-321	0.45305704377970835	0.088935664558758	0.0896201112243636
ATP2B4_dirichlet_train_fold1.22	0.17526361001787852	0.025366665250788647	0.3182798900615109	0.3052804041889278	0.1758094304808941
ATP2B4_dirichlet_train_fold1.23	0.12980031827379301	3.66e-322	0.3166592037503466	0.32190378524481456	0.23163669273104595
ATP2B4_dirichlet_train_fold1.24	0.10206788439309879	2.6e-322	0.15590562496240074	0.39806346930084446	0.3439630213436559
ATP2B4_dirichlet_train_fold1.25	0.20566182361848911	0.10760733460666479	0.3718812625943664	0.10976066641884691	0.20508891276163294
ATP2B4_dirichlet_train_fold1.26	0.2969374798643045	3.75e-322	0.36493802489413985	0.18866275432865798	0.14946174091289768
ATP2B4_dirichlet_train_fold1.27	4.876e-321	0.11646938246623202	0.32875247150414744	0.3141944858898597	0.24058366013976082
ATP2B4_dirichlet_train_fold1.28	0.10772156970165896	0.045685732023127305	0.23901864908905335	0.2962238815866827	0.31135016759947765
ATP2B4_dirichlet_train_fold1.29	0.24827951115334684	2.49e-321	0.26981524110300287	0.11512548456617874	0.3667797631774715
ATP2B4_dirichlet_train_fold1.30	0.11959595099237459	0.1546756093004751	0.3399677535022787	0.16077651634770135	0.22498416985717004
ATP2B4_dirichlet_train_fold1.31	0.16526473558814234	0.06855565466054638	0.26406464779382555	0.25343530682512033	0.24867965513236545
ATP2B4_dirichlet_train_fold1.32	0.25603984237920063	0.0586774478125493	0.3487690380607096	0.13262514533603398	0.20388852641150643
ATP2B4_dirichlet_train_fold1.33	0.1553362496159004	2.04e-321	0.31505847571620654	0.08651531333615113	0.4430899613317417
ATP2B4_dirichlet_train_fold1.34	0.06856014291832346	0.11660531768324456	0.38563209000849163	0.21783702274306618	0.21136542664687422
ATP2B4_dirichlet_train_fold1.35	1.06e-321	0.2522272723197262	0.2516053599394517	0.12940935992622365	0.36675800781459844
ATP2B4_dirichlet_train_fold1.36	0.2898495974669281	3.04e-321	0.20003333865843467	0.13038602010077996	0.37973104377385714
ATP2B4_dirichlet_train_fold1.37	0.23769722607489982	0.125207650210652	0.335273539961643	0.04736701975829135	0.2544545639945138
ATP2B4_dirichlet_train_fold1.38	0.045734494963608596	0.054713790538558044	0.2678614867810617	0.06772877218518673	0.5639614555315848
ATP2B4_dirichlet_train_fold1.39	0.35060811635430855	6.6e-322	0.22676071992387156	0.18845690296429304	0.23417426075752676
ATP2B4_dirichlet_train_fold1.40	0.28396738292589935	1.1e-321	0.3564031564359684	0.2286488281167807	0.13098063252135173
ATP2B4_dirichlet_train_fold1.41	1.986e-321	1.94e-321	0.34710123365221957	4.2e-322	0.6528987663477803
ATP2B4_dirichlet_train_fold1.42	0.15577716838889907	6.27e-322	0.276248153611445	0.3215651522511298	0.24640952574852612
ATP2B4_dirichlet_train_fold1.43	0.23533744801815634	9.798466293902022e-306	0.18733370727297888	0.04279780515810808	0.5345310395507568
ATP2B4_dirichlet_train_fold1.44	0.15245153673633624	0.009243474752312162	0.4245303381905192	0.14697734112830302	0.2667973091925295
ATP2B4_dirichlet_train_fold1.45	0.2850150401968531	1.136e-321	0.41672673261953996	0.19481104059123436	0.10344718659237258
ATP2B4_dirichlet_train_fold1.46	0.03788382615931735	0.11237651885047599	0.3538270770830656	1.665e-321	0.49591257790714094
ATP2B4_dirichlet_train_fold1.47	0.16729067286669344	0.010189134347715106	0.35903288348350815	0.18698400441608024	0.27650330488600305
ATP2B4_dirichlet_train_fold1.48	0.2892198975712923	3.1e-322	0.2822986576278683	0.20902644806005527	0.21945499674078403
ATP2B4_dirichlet_train_fold1.49	0.21967767437137478	2.27e-321	0.42320528900526855	0.1969855838589509	0.1601314527644058
ATP2B4_dirichlet_train_fold1.50	0.26724169919175156	2.69e-321	0.2084870735916155	0.20265605919131827	0.32161516802531487
ATP2B4_dirichlet_train_fold1.51	0.11654724744788764	0.04322889039417081	0.38618584968759084	0.05709544639510256	0.39694256607524814
ATP2B4_dirichlet_train_fold1.52	0.14182819524242987	0.11542651748302059	0.41740934397158114	0.14110430528721335	0.18423163801575507
ATP2B4_dirichlet_train_fold1.53	0.1538705712277252	0.15380914218824338	0.34469592812909344	0.10863978849343027	0.23898456996150771
ATP2B4_dirichlet_train_fold1.54	0.115421446990822	0.09004369708713494	0.4710374540447205	0.11826104040289165	0.20523636147443083
ATP2B4_dirichlet_train_fold1.55	6.314e-321	2.204e-321	0.24572562325664948	0.27648730182466685	0.47778707491868355
ATP2B4_dirichlet_train_fold1.56	0.23547126217505948	0.044984154456766165	0.5471029560570604	0.017594855689121013	0.15484677162199306
ATP2B4_dirichlet_train_fold1.57	0.18319497342400515	0.04610473959392228	0.2230383049119495	0.09229507569305881	0.45536690637706434
ATP2B4_dirichlet_train_fold1.58	0.027838920768895516	0.10550760275172129	0.3607236588695875	0.06936736562017576	0.43656245198962007
ATP2B4_dirichlet_train_fold1.59	0.1504113305081618	1.05e-321	0.22360006616397504	0.10249462573157857	0.5234939775962847
ATP2B4_dirichlet_train_fold1.60	0.1822576100216337	3.538e-321	0.4334709880634209	0.14254492757795273	0.2417264743369927
ATP2B4_dirichlet_train_fold1.61	0.14126065409284383	7.95e-322	0.3255259371540971	0.15744220412025592	0.375771204632803
ATP2B4_dirichlet_train_fold1.62	0.023738293515306073	0.028563728670661127	0.5048909092348155	0.09041819668555684	0.3523888718936605
ATP2B4_dirichlet_train_fold1.63	0.17489989618625448	0.06370577270193191	0.19072085626711302	0.07404864921723658	0.49662482562746413
ATP2B4_dirichlet_train_fold1.64	0.2293507487331807	0.007201694526494198	0.25357859772849245	0.15169699452366495	0.35817196448816757
ATP2B4_dirichlet_train_fold1.65	0.15474816237592792	0.0036040873123076985	0.23006365234204326	0.15115721488806508	0.460426883081656
ATP2B4_dirichlet_train_fold1.66	0.30803185860624116	1.07e-321	0.27314148763978474	0.16604730945601093	0.2527793442979633
ATP2B4_dirichlet_train_fold1.67	0.10638217759612949	1.1e-321	0.31350879772168844	0.2222268929156229	0.35788213176655925
ATP2B4_dirichlet_train_fold1.68	0.06306266707765502	7.505615366867155e-185	0.20586237782452546	0.41115719393702477	0.3199177611607947
ATP2B4_dirichlet_train_fold1.69	0.19426912248448105	3.919106811653243e-89	0.25481458870346857	0.2256187588835541	0.32529752992849637
ATP2B4_dirichlet_train_fold1.70	3.76e-321	1.3351799567080907e-135	0.33749829903575473	0.2188898893642377	0.4436118116000076
ATP2B4_dirichlet_train_fold1.71	0.0020197744013657026	2.164e-321	0.4516860120991112	0.20682591269979908	0.33946830079972395
ATP2B4_dirichlet_train_fold1.72	0.23723762950481248	4.931959413807367e-277	0.2864692822531626	0.2727708438768758	0.20352224436514935
ATP2B4_dirichlet_train_fold1.73	5.232967066923773e-143	0.11515550242777965	0.3869444867432324	0.10063426403552468	0.39726574679346327
ATP2B4_dirichlet_train_fold1.74	0.1434122040873673	1.03e-321	0.28992700300170604	0.16682328576446387	0.3998375071464628
ATP2B4_dirichlet_train_fold1.75	0.20207669425891128	0.11769263086707568	0.20693667225256215	0.1371938305765903	0.33610017204486065
ATP2B4_dirichlet_train_fold1.76	0.19384993038810214	0.014001040756862825	0.18212983606587263	0.06118534847537803	0.5488338443137842
ATP2B4_dirichlet_train_fold1.77	0.07046753586050336	6.7e-322	0.2572669820334988	0.1710041968021914	0.5012612853038065
ATP2B4_dirichlet_train_fold1.78	0.3093065085776503	1.1236878700655504e-240	0.2664704716166669	0.1928871354726169	0.2313358843330657
ATP2B4_dirichlet_train_fold1.79	0.39200824117386723	0.03836181436433937	0.32284509168805225	0.04521074437668007	0.20157410839706116
ATP2B4_dirichlet_train_fold1.80	0.1834548752411141	2.7e-322	0.19531777812275614	0.2537919199483476	0.3674354266877822
ATP2B4_dirichlet_train_fold1.81	0.08813989124658092	0.06648991907734746	0.4036254658691012	0.04789337918290226	0.39385134462406823
ATP2B4_dirichlet_train_fold1.82	0.23023060567858153	7.46e-322	0.25023717174679927	0.23130403981923556	0.28822818275538353
ATP2B4_dirichlet_train_fold1.83	0.10050334575632798	0.06499353161462418	0.21959487731392624	0.0879613228283025	0.5269469224868191
ATP2B4_dirichlet_train_fold1.84	0.30410324407940276	4.1502743333e-314	0.4155513544891831	0.10120012843014757	0.1791452730012664
ATP2B4_dirichlet_train_fold1.85	0.2952000458800057	0.07208409672920958	0.22781246746367845	0.19171297114384503	0.2131904187832612
ATP2B4_dirichlet_train_fold1.86	0.1776069775588874	0.0008654337274006485	0.2697901458743846	0.2397438358852273	0.31199360695409994
ATP2B4_dirichlet_train_fold1.87	0.2054887607170521	1.27e-321	0.3583683036240499	0.08452707016634607	0.35161586549255186
ATP2B4_dirichlet_train_fold1.88	2.15e-321	0.02295844358446351	0.22389778899813362	0.166401622524536	0.5867421448928669
ATP2B4_dirichlet_train_fold1.89	0.02664246883729385	0.04829741289118432	0.47653434623557644	0.16937583175706125	0.27914994027888423
ATP2B4_dirichlet_train_fold1.90	0.09966060469133985	0.06870672585322851	0.42713447646539693	0.12131586493739019	0.28318232805264454
ATP2B4_dirichlet_train_fold1.91	6.580795400077255e-120	0.10567885036413341	0.380072133320841	0.23293817132816602	0.28131084498685954
ATP2B4_dirichlet_train_fold1.92	0.15557231459888515	2.696361413389399e-230	0.22409748896840967	0.263846339054357	0.356483857378348
ATP2B4_dirichlet_train_fold1.93	0.25696257214366214	1.16e-321	0.35037968228224226	0.05472712287667792	0.3379306226974176
ATP2B4_dirichlet_train_fold1.94	2.382327753098735e-112	0.16079490403044566	0.21704893823332952	0.15745323069212197	0.46470292704410276
ATP2B4_dirichlet_train_fold1.95	0.008961042883621116	6.57e-322	0.31248204642504784	0.4167262296360623	0.26183068105526863
ATP2B4_dirichlet_train_fold1.96	0.31037621045544794	2.9e-322	0.19763059928576343	0.23201114824542973	0.25998204201335884
ATP2B4_dirichlet_train_fold1.97	3.834e-321	0.12380936231446002	0.2547074845832845	0.0769496662497605	0.5445334868524948
MSH2_dirichlet_train_fold1	8.9e-322	0.8211214212965877	2.7443758056046122e-210	0.04357391880177371	0.13530465990163854
MSH6_dirichlet_train_fold1	3.246e-321	0.7999684552266532	0.010067784111633721	0.18996376066171317	9.14e-322
PMS1_dirichlet_train_fold1	0.013049877146597654	0.26460074281483287	0.10473455695260862	0.47705434626107956	0.1405604768248813
MLH1_dirichlet_train_fold1	0.07483282742206208	0.8142668682220217	4.94e-322	0.05361272599056983	0.05728757836534635
PMS2_dirichlet_train_fold1	0.4280199861613546	0.5191388894277229	0.0011479708150746286	3.46e-322	0.05169315359584789
MSH2_dirichlet_train_fold1.1	0.05556868949822685	0.6628493938455289	6.1e-322	0.1419859855711434	0.13959593108510082
PMS1_dirichlet_train_fold1.1	0.045845615651048645	0.20834006427716267	0.16696444991773102	0.49813426484927037	0.08071560530478745
MLH1_dirichlet_train_fold1.1	0.08762434035503366	0.6651031050725621	0.018549942631126182	0.17720772933465087	0.05151488260662714
MSH6_dirichlet_train_fold1.1	0.10981016155880426	0.6362678994169741	2.105e-321	0.17001465819607678	0.08390728082814473
MSH6_dirichlet_train_fold1.2	1.443e-321	0.8688906820120699	3.8e-322	0.042118879548709465	0.08899043843922054
MSH6_dirichlet_train_fold1.3	0.05641851747268883	0.8912512057379958	0.01671809641037805	3.8562923421365275e-46	0.03561218037893754
MSH6_dirichlet_train_fold1.4	0.13244367006059649	0.6703040717403099	0.1121429987651857	9.374987873177024e-221	0.08510925943390801
MSH6_dirichlet_train_fold1.5	0.08016010691003507	0.8691790557952817	2.4945837927676543e-169	7.76e-322	0.05066083729468344
MSH6_dirichlet_train_fold1.6	0.0703637482161101	0.6453696144286385	0.022894995495204164	0.22975137800507567	0.031620263854971735
MSH2_dirichlet_train_fold1.2	1.803e-321	0.7146362752059368	3.36e-322	0.226459245962149	0.05890447883191415
MSH2_dirichlet_train_fold1.3	1.793e-321	0.6726263742530139	0.024189713052021417	0.30318391269496486	8.921922773155751e-229
MLH1_dirichlet_train_fold1.2	0.2608638482471438	0.6210090940315898	1.285e-321	0.08075135121480097	0.03737570650646537
MSH2_dirichlet_train_fold1.4	0.1526003713523014	0.7548550534213441	1.38e-321	0.09254457522635463	3.59e-321
MSH6_dirichlet_train_fold1.7	0.23823894331496365	0.719246571962405	0.042514484722631335	1.58e-321	1.17e-321
MSH6_dirichlet_train_fold1.8	0.16050961146572085	0.7749599263903132	0.023666394810238207	9.34e-322	0.04086406733372757
PMS2_dirichlet_train_fold1.1	0.5804865933521597	0.3742467069713014	0.04526669967653903	3.3e-322	1.526896712094167e-276
MLH1_dirichlet_train_fold1.3	0.14958938331595303	0.595203364616311	0.011136419000583684	0.14878676065547503	0.09528407241167713
PMS1_dirichlet_train_fold1.2	1.393e-321	0.2003911070758474	0.1737145949704021	0.4749500975651185	0.15094420038863207
MSH6_dirichlet_train_fold1.9	0.013608020510383472	0.7502310698769925	0.04654114982724004	1.443e-321	0.1896197597853839
MSH6_dirichlet_train_fold1.10	4.43e-321	0.9318061188144876	0.03958097591474774	9.04e-322	0.028612905270764724
MSH6_dirichlet_train_fold1.11	0.08568723290987529	0.7515546210715125	0.010103322291174792	0.1420293155911294	0.010625508136307948
MLH1_dirichlet_train_fold1.4	0.028587308384063453	0.8229909071889157	0.03385655499730607	0.05990046674737974	0.05466476268233528
MSH6_dirichlet_train_fold1.12	0.021885883427646472	0.7815404693376398	0.06410308584477094	0.06563962957636867	0.06683093181357402
PMS1_dirichlet_train_fold1.3	0.15556435488429599	0.20294612315320654	0.16575450493381286	0.19769413293117377	0.27804088409751093
MSH6_dirichlet_train_fold1.13	0.11010164637839127	0.683004540198242	0.03880340676085523	0.1573772758291527	0.010713130833358828
MSH6_dirichlet_train_fold1.14	3.913e-321	0.8540536894754447	0.021564452341895517	0.12438185818265975	7.56e-322
PMS2_dirichlet_train_fold1.2	0.47802056475811705	0.4715826478457996	0.05039678739608333	3.9e-322	8.84e-322
MSH6_dirichlet_train_fold1.15	1.79e-321	0.654905477763999	0.014621688026662527	0.2486378506464703	0.08183498356286835
MSH2_dirichlet_train_fold1.5	0.028315210866266285	0.8381759374281288	0.006395502642628828	0.0923295280038457	0.034783821059130485
PMS1_dirichlet_train_fold1.4	0.06483372811214153	0.23243182769023638	0.18126392433906013	0.3245292657499883	0.19694125410857355
MSH2_dirichlet_train_fold1.6	4.870506224524682e-80	0.6812243768442827	6.37e-322	0.3187756231557172	4.9e-322
PMS1_dirichlet_train_fold1.5	0.36520835816179925	1.7079425849825253e-215	0.16966524344882872	0.3671865253881097	0.09793987300126229
MSH6_dirichlet_train_fold1.16	0.08659023275113896	0.8466295424518608	0.0002732559846273159	0.029241013381648157	0.03726595543072451
PMS1_dirichlet_train_fold1.6	9.83e-322	0.16650339714705886	0.15439448126200955	0.33855409457468977	0.34054802701624187
PMS1_dirichlet_train_fold1.7	0.2603127604991244	0.1057874981545383	0.18889508177478084	0.3103292291132309	0.13467543045832567
MSH6_dirichlet_train_fold1.17	0.11304478479148583	0.8291715189048604	0.038299229318100717	8.248621953209926e-189	0.01948446698555297
PMS2_dirichlet_train_fold1.3	0.5474874624308221	0.45081959646943515	0.0016929410997427656	3e-322	1.467e-321
MSH6_dirichlet_train_fold1.18	1.4264582544429592e-45	0.8118604768316957	0.06428054007957791	0.009896841802379788	0.11396214128634653
MSH6_dirichlet_train_fold1.19	1.986e-321	0.8931960881769305	1.32e-321	0.07968352829625651	0.027120383526812994
MSH6_dirichlet_train_fold1.20	0.12892156614760145	0.8067650506182439	0.00047495392922223265	0.014904517992498173	0.048933911312434214
MSH6_dirichlet_train_fold1.21	0.11801904848004507	0.7647037734916404	0.0016630157016603332	0.11561416232665422	3.75e-322
PMS1_dirichlet_train_fold1.8	0.02107533553714544	0.2705367104377909	0.12904635875174522	0.32864593797736974	0.2506956572959486
PMS2_dirichlet_train_fold1.4	0.4861477956937446	0.4884271312309103	5.012175200940323e-33	0.023844691951714368	0.0015803811236307754
MSH6_dirichlet_train_fold1.22	1.0246373852254776e-278	0.8063091310145547	0.034790192769690365	0.10985741557326859	0.049043260642486326
MSH6_dirichlet_train_fold1.23	0.18669258465782726	0.6166574443327606	0.0	0.1953472067702847	0.0013027642391275015
MSH6_dirichlet_train_fold1.24	0.10411382949670527	0.8282887844318197	1.28e-321	0.03399730594371611	0.033600080127758856
PMS2_dirichlet_train_fold1.5	0.6290448165127066	0.33509249071106545	4.74e-322	3.7374e-319	0.03586269277622803
MSH2_dirichlet_train_fold1.7	2.105e-321	0.6849129613891758	3.16e-322	0.26971668378938984	0.045370354821434374
MLH1_dirichlet_train_fold1.5	7.518707065002676e-33	0.7059555386010515	0.024159680848200003	0.18973528052886734	0.0801495000218811
PMS1_dirichlet_train_fold1.9	0.27381981266136635	1.383e-321	0.32205818495920246	0.3444005661701519	0.059721436209279354
MSH6_dirichlet_train_fold1.25	1.517e-321	0.6337331917341245	0.12835589273650835	0.23791091552936702	2.67e-322
MSH2_dirichlet_train_fold1.8	4.116e-321	0.7423528208666312	3.46e-322	0.18922480858336677	0.06842237055000186
PMS1_dirichlet_train_fold1.10	0.14951409210630315	0.11883780430994674	0.14825110223383856	0.416050603786011	0.16734639756390052
MSH6_dirichlet_train_fold1.26	0.0103574719504411	0.8917158508725397	1.02e-321	0.09792667717701904	7.86e-322
MLH1_dirichlet_train_fold1.6	0.03678130607654981	0.8438878873869926	0.005013589145149327	0.07117961250225864	0.04313760488904956
MLH1_dirichlet_train_fold1.7	0.22026339382189492	0.6269505024419083	1.275e-321	0.1527861037361967	3.3e-322
MSH6_dirichlet_train_fold1.27	0.14951254397613906	0.6674636701491431	5.3e-322	0.11645160063991893	0.06657218523479895
MLH1_dirichlet_train_fold1.8	0.32880006651892874	0.6198415274245658	3.434e-321	0.04994725563389817	0.001411150422607278
MLH1_dirichlet_train_fold1.9	0.12055602424125819	0.6533874379415514	1.413e-321	0.20595816167928266	0.020098376137907742
MSH6_dirichlet_train_fold1.28	3.7184059524515236e-75	0.8477764422511315	4.55e-322	0.15222355774886853	1.047e-321
MSH6_dirichlet_train_fold1.29	0.10072893368490107	0.667403469105573	0.10082283765969595	2.012649783354282e-75	0.13104475954982983
MSH2_dirichlet_train_fold1.9	0.046814070797912166	0.7408809496926876	0.008407350099247212	0.19376858581442974	0.010129043595723197
PMS2_dirichlet_train_fold1.6	0.3127475572625146	0.48393532685659335	7.7e-322	1.03e-321	0.20331711588089216
MSH6_dirichlet_train_fold1.30	0.020131971159748626	0.7224221029058092	0.04302180874716265	0.12137304367926725	0.09305107350801231
MSH6_dirichlet_train_fold1.31	0.07322778938496477	0.8877683354121857	0.008039949759294191	7.36e-322	0.030963925443555262
PMS2_dirichlet_train_fold1.7	0.4225384177334661	0.4955178305216298	0.05659574141307221	3.46e-322	0.02534801033183185
MSH6_dirichlet_train_fold1.32	2.796e-321	0.9280634775780241	0.0251180608746401	1.5184304054217117e-128	0.04681846154733597
MLH1_dirichlet_train_fold1.10	0.28901710934087727	0.5683283181655479	0.0035546981409546805	0.09414580746543914	0.04495406688718129
PMS2_dirichlet_train_fold1.8	0.541094855443083	0.3525528938232924	0.07808314596896886	3.06e-322	0.02826910476465587
MLH1_dirichlet_train_fold1.11	0.06706495792641712	0.7013162649149178	0.016406157196077558	0.2152126199625875	3.8e-322
MSH6_dirichlet_train_fold1.33	0.1575114366448978	0.7181854855618053	5.3e-322	0.12430307779329694	4.15e-322
PMS1_dirichlet_train_fold1.11	0.06015767920561106	0.12349539724066066	0.12187974815975379	0.521342561220872	0.1731246141731027
PMS2_dirichlet_train_fold1.9	0.4974318706864499	0.4051392082312049	0.02744425274444299	1.62e-321	0.0699846683379022
PMS1_dirichlet_train_fold1.12	0.13268262494673644	0.4005670963131126	0.13016233918131645	0.21217087067374205	0.12441706888509249
PMS1_dirichlet_train_fold1.13	0.023014775241784687	0.18118775865953213	0.17413468859846148	0.30574037798497616	0.3159223995152456
PMS1_dirichlet_train_fold1.14	0.24827349359307366	1.05e-321	0.2449107792993267	0.4164625189449247	0.09035320816267503
MSH6_dirichlet_train_fold1.34	3.63e-321	0.6838826438775667	0.02444743890664244	0.19280223054384601	0.09886768667194482
MSH6_dirichlet_train_fold1.35	2.075e-321	0.6952847265416029	0.08845676532299016	0.15321370213715307	0.06304480599825378
MSH6_dirichlet_train_fold1.36	0.0948839043206661	0.7536383352520696	0.01665864511429397	0.06796560759374738	0.0668535077192232
MSH6_dirichlet_train_fold1.37	0.12885837427748895	0.7400758903200545	0.009165637491784409	0.07728608855646055	0.044614009354211524
MSH6_dirichlet_train_fold1.38	0.024099404599906213	0.7955036041550283	1.47e-321	0.12750633569688072	0.05289065554818473
MLH1_dirichlet_train_fold1.12	0.12192980451698218	0.5822966958585312	3.95e-322	0.23743287437940427	0.058340625245082385
MSH6_dirichlet_train_fold1.39	0.07241263408477047	0.797688891100903	4.7235856567854616e-195	0.03872397960261383	0.09117449521171264
PMS1_dirichlet_train_fold1.15	5.1e-322	0.14252915067625677	0.12011610326264836	0.4792792603762901	0.25807548568480465
MSH6_dirichlet_train_fold1.40	0.025670388665932582	0.693881445460961	0.00800386076076969	0.21683801716091294	0.055606287951423715
PMS1_dirichlet_train_fold1.16	0.042844903147197584	0.22262510402766783	0.2696208595432113	0.31216048300883104	0.15274865027309234
MSH6_dirichlet_train_fold1.41	9.2e-322	0.8459931055201316	0.0	0.06715413584396304	0.08685275863590541
MLH1_dirichlet_train_fold1.13	0.21268008510815936	0.6178282688821221	0.0	0.06100094840043765	0.10849069760928086
OGG1_dirichlet_train_fold1	0.09438626106775005	3.32e-321	0.7211654059514431	0.032509636871664055	0.15193869610914268
UNG_dirichlet_train_fold1	1.2543225551876339e-158	0.05261750463368622	0.08909676046458935	0.5592055518976393	0.299080183004085
OGG1_dirichlet_train_fold1.1	0.15303018973788798	1.58e-321	0.5955275911397309	0.15289403540593863	0.09854818371644246
OGG1_dirichlet_train_fold1.2	0.07663464437089007	1.189639929521124e-28	0.6785478599484034	0.018681549817332607	0.22613594586337396
UNG_dirichlet_train_fold1.1	0.20509461730953424	2.144e-321	0.16226235758466712	0.5679839082263752	0.06465911687942338
OGG1_dirichlet_train_fold1.3	0.11077233573124692	2.27e-321	0.7098458400566947	0.13090396789480938	0.048477856317248956
UNG_dirichlet_train_fold1.2	0.321045659138642	2.77e-322	0.13642849626832093	0.5342430504782187	0.008282794114818342
UNG_dirichlet_train_fold1.3	0.054628050393639535	0.0020989379672241566	0.12377249400789907	0.6701434806337927	0.1493570369974447
OGG1_dirichlet_train_fold1.4	0.1874877854707063	0.011048403733388461	0.6025070193221151	0.022381984662087316	0.17657480681170273
UNG_dirichlet_train_fold1.4	0.19133306692060903	6.37e-322	0.06484104640141962	0.4842304694934415	0.2595954171845297
UNG_dirichlet_train_fold1.5	0.17238428384472054	5.34e-322	0.13508444532392694	0.5334288933362967	0.15910237749505574
UNG_dirichlet_train_fold1.6	0.11665740582821839	2.826e-321	0.09441952727228362	0.5507036573794669	0.23821940952003118
OGG1_dirichlet_train_fold1.5	0.05531016510424105	2.65e-321	0.6931799487952691	2.0675687262199295e-208	0.25150988610048997
OGG1_dirichlet_train_fold1.6	0.12221876997405669	3.27e-321	0.5627206848853724	6.725581212369366e-77	0.3150605451405709
UNG_dirichlet_train_fold1.7	0.06339715543892506	0.05711436081955287	0.15159144563407725	0.4574706978055513	0.2704263403018936
UNG_dirichlet_train_fold1.8	0.16625855955218943	8.05e-322	0.13892295508898225	0.5834144913847641	0.11140399397406436
OGG1_dirichlet_train_fold1.7	0.15181107063709645	1.9292677438212578e-87	0.5625312986854368	0.06565526524063699	0.2200023654368298
UNG_dirichlet_train_fold1.9	0.1351754219348688	2.8279603126186556e-306	0.12829256194566477	0.5630287286293124	0.17350328749015412
UNG_dirichlet_train_fold1.10	5.716515635574175e-237	0.047262943434286366	0.10818824828968598	0.701690575300779	0.14285823297524863
OGG1_dirichlet_train_fold1.8	0.0462893418545	0.05958158430402301	0.6205742674150287	2.7747763159392193e-31	0.2735548064264482
OGG1_dirichlet_train_fold1.9	0.026840803532994548	0.013242642033284513	0.5800340882260991	1.926157067631547e-12	0.3798824662056957
UNG_dirichlet_train_fold1.11	0.035085131039532765	0.13340472623993055	0.14029075488973128	0.4431621431648469	0.24805724466595827
UNG_dirichlet_train_fold1.12	0.06826170602642442	0.057693300686003215	0.10285054956687135	0.5703755064796415	0.20081893724105934
OGG1_dirichlet_train_fold1.10	0.20821979338673227	7.86e-322	0.6748638800310164	0.07345287558016135	0.04346345100209
OGG1_dirichlet_train_fold1.11	0.23595489079190463	7.9e-322	0.5955444505076103	0.05911201385737187	0.10938864484311318
UNG_dirichlet_train_fold1.13	0.09934823174913321	0.033526887826209266	0.1314395928204677	0.6159009791279471	0.11978430847624286
OGG1_dirichlet_train_fold1.12	3.62e-321	9.328392649814822e-115	0.7932341573686579	1.927e-321	0.20676584263134215
OGG1_dirichlet_train_fold1.13	3.0553461681039583e-84	0.021501671271211234	0.7130234319732645	1.0594428407827563e-209	0.2654748967555244
OGG1_dirichlet_train_fold1.14	0.20748157439637124	1.042e-321	0.5513262144330808	0.06158444927310741	0.17960776189744052
OGG1_dirichlet_train_fold1.15	0.10208652979182607	0.14860227505053636	0.487639675806921	2.456e-321	0.2616715193507166
UNG_dirichlet_train_fold1.14	0.01839863678444434	0.012125354000367227	0.1325184956092357	0.8161580518036013	0.020799461802351534
OGG1_dirichlet_train_fold1.16	0.07933750343485135	0.0734313829881433	0.7129837262337131	0.04647137318618394	0.08777601415710816
UNG_dirichlet_train_fold1.15	0.16340440879621312	0.07710272900875204	0.19325659850553387	0.5295352256767919	0.03670103801270903
OGG1_dirichlet_train_fold1.17	0.23493268836317974	1.976e-321	0.5958461167978536	0.004872640556742887	0.1643485542822239
UNG_dirichlet_train_fold1.16	0.13700631723688897	0.0888052061575159	0.20064277573151781	0.48841327849788274	0.08513242237619469
OGG1_dirichlet_train_fold1.18	0.03823620003792535	3.88e-321	0.8413013512198341	0.08546206120625041	0.03500038753599003
UNG_dirichlet_train_fold1.17	7.7e-322	0.023032441308636614	0.08988141774613685	0.8014191438671805	0.08566699707804605
UNG_dirichlet_train_fold1.18	0.20755617036188306	6.5e-322	0.15116113696005268	0.49185960290952846	0.1494230897685358
UNG_dirichlet_train_fold1.19	0.22675236011664107	1.403e-321	0.063011399285491	0.5619639607370448	0.14827227986082311
OGG1_dirichlet_train_fold1.19	3.3136736993634405e-23	0.0370363763571436	0.6871469404507864	0.03681448245251933	0.2390022007395508
OGG1_dirichlet_train_fold1.20	0.02224453665363315	3e-321	0.39258053036470686	3.9700110256709034e-229	0.58517493298166
UNG_dirichlet_train_fold1.20	0.20625260485742833	1.863e-321	0.08356260249280226	0.6482720866449609	0.06191270600480847
UNG_dirichlet_train_fold1.21	2.1712596027e-314	0.08473016491237954	0.02817003038750153	0.5535251767915974	0.3335746279085214
OGG1_dirichlet_train_fold1.21	0.2026752168032796	2.665649730622834e-183	0.629065355290856	0.1277665083302015	0.040492919575662895
OGG1_dirichlet_train_fold1.22	0.13343267273046372	0.09961304925861832	0.48380898910146797	0.021032984674134027	0.26211230423531595
OGG1_dirichlet_train_fold1.23	0.08543468451646216	2.787e-321	0.5680882042353005	0.10107345606430547	0.2454036551839317
OGG1_dirichlet_train_fold1.24	0.08787948469526545	0.01227947522250854	0.6272378250391907	9e-322	0.27260321504303536
OGG1_dirichlet_train_fold1.25	3.68e-321	0.13042744073266302	0.6357107444906887	0.008640574408714788	0.22522124036793348
UNG_dirichlet_train_fold1.22	2.035401152075516e-44	0.012557743368977765	0.10415393608377972	0.556942487292577	0.3263458332546655
OGG1_dirichlet_train_fold1.26	0.15721910123070737	2.016e-321	0.7043372476620666	0.017933855720397233	0.12050979538682888
OGG1_dirichlet_train_fold1.27	0.20597228325166111	0.012489828476242432	0.5981528222465542	1.2287173695649387e-98	0.18338506602554222
OGG1_dirichlet_train_fold1.28	0.11374719426554632	0.028923912085277545	0.6446887293405581	1.77e-321	0.21264016430861804
OGG1_dirichlet_train_fold1.29	0.058060397685895576	2.816e-321	0.6932167968880394	0.03977262052622587	0.20895018489983933
UNG_dirichlet_train_fold1.23	0.08182686712642029	1.2604725798188855e-278	0.0902476298620158	0.6110577727827546	0.2168677302288092
OGG1_dirichlet_train_fold1.30	0.06948463161613776	0.0014181963524559043	0.5729302032523269	0.1254851182607098	0.23068185051836967
OGG1_dirichlet_train_fold1.31	0.07881421176252752	0.03124532471367529	0.7212122388847352	0.041772431067413275	0.12695579357164863
UNG_dirichlet_train_fold1.24	0.1905607341823668	2.075e-321	0.07418764974114507	0.3877266033106691	0.3475250127658191
UNG_dirichlet_train_fold1.25	0.336736396509176	0.05613170764125898	0.05273312555468019	0.47063617939726843	0.08376259089761652
OGG1_dirichlet_train_fold1.32	0.19860769226097202	1.334e-321	0.7014750567389805	0.023863193470278043	0.07605405752976932
UNG_dirichlet_train_fold1.26	0.10210739701902162	6.1e-322	0.08231900434057648	0.5702824237611175	0.24529117487928437
UNG_dirichlet_train_fold1.27	0.08010999871968069	0.18678595987915542	0.0706012256974309	0.41341293565120485	0.24908988005252813
OGG1_dirichlet_train_fold1.33	0.05356696431155381	2.134e-321	0.5694385278481267	0.08164074814003508	0.29535375970028444
OGG1_dirichlet_train_fold1.34	0.07211987671128059	2.6403101274075653e-50	0.6379533873962656	1.399657612888356e-291	0.28992673589245394
UNG_dirichlet_train_fold1.28	0.14357157575267718	1.734e-321	0.18821048377989963	0.5679381545682158	0.1002797858992074
OGG1_dirichlet_train_fold1.35	0.0900377146682843	3.597e-321	0.7021049819436034	0.021390328070631244	0.18646697531748116
UNG_dirichlet_train_fold1.29	6.118530029541455e-305	0.14619721354921675	0.21002089444071215	0.6098247128222061	0.03395717918786517
OGG1_dirichlet_train_fold1.36	0.1313745627292276	0.0375611267846775	0.5662624687465405	0.06320120326104231	0.2016006384785122
OGG1_dirichlet_train_fold1.37	0.11252684737441739	2.69e-321	0.5826214686160816	0.023790766167919992	0.2810609178415811
OGG1_dirichlet_train_fold1.38	0.15833304323173875	7.56e-322	0.5672155582422922	3.375497404345727e-131	0.274451398525969
UNG_dirichlet_train_fold1.30	1.41e-321	0.2062918297729485	0.09503284386795405	0.4444356918367025	0.254239634522395
OGG1_dirichlet_train_fold1.39	2.05e-321	0.18907787745191787	0.5902140677380794	5.114297291495132e-91	0.22070805481000275
OGG1_dirichlet_train_fold1.40	0.1738671030504261	0.01449915272344916	0.6260147247360907	0.06354604966810284	0.12207296982193135
UNG_dirichlet_train_fold1.31	0.1725298610432107	0.008431007615061716	0.11271462072188844	0.5685384418259674	0.13778606879387165
UNG_dirichlet_train_fold1.32	0.19228153869430986	3.9851970905314217e-262	0.09763693024303338	0.5680962165512528	0.14198531451140392
UNG_dirichlet_train_fold1.33	0.1731189393017553	6.27e-322	0.04587411785766144	0.6134747245079757	0.16753221833260762
UNG_dirichlet_train_fold1.34	0.2444172924261532	0.020683441840171766	0.04467719702681908	0.4883827059033057	0.20183936280355014
UNG_dirichlet_train_fold1.35	0.1973920623231795	0.04264218168316785	0.07901182019383124	0.3519631580524336	0.32899077774738783
UNG_dirichlet_train_fold1.36	0.15737517905375936	2.203680501785821e-138	0.16878817559390905	0.30929149361259317	0.36454515173973845
UNG_dirichlet_train_fold1.37	0.22677391507986908	1.2533141769976029e-123	0.08324425543233557	0.4133681310605165	0.2766136984272789
OGG1_dirichlet_train_fold1.41	0.06198772221864901	1.887e-321	0.7690971230560006	0.06695892124739367	0.10195623347795674
UNG_dirichlet_train_fold1.38	0.061832916874078034	0.07433842941161749	0.06995944604188249	0.627720459435978	0.16614874823644404
OGG1_dirichlet_train_fold1.42	0.06856805771441037	1.057e-321	0.6856127089701842	0.18551890390664924	0.06030032940875622
OGG1_dirichlet_train_fold1.43	0.29031847994687787	3.85e-322	0.4804018509385328	0.10225744217686247	0.12702222693772694
UNG_dirichlet_train_fold1.39	0.23324831914904331	1.98e-321	0.05925622040260607	0.6438843610125282	0.0636110994358225
OGG1_dirichlet_train_fold1.44	0.18370129751766415	4.2e-322	0.4950479255317566	0.01390789368100774	0.3073428832695714
OGG1_dirichlet_train_fold1.45	0.1001547007302466	0.04068126416348196	0.6773727939268083	0.006618051840774882	0.17517318933868842
OGG1_dirichlet_train_fold1.46	0.05583654152589654	0.0019833906965785455	0.5574289918738979	0.1491907472996661	0.23556032860396092
UNG_dirichlet_train_fold1.40	0.17089283131287022	0.222264057652956	0.11458186196250886	0.1142402160876252	0.37802103298403966
OGG1_dirichlet_train_fold1.47	0.11816560119043516	1.314e-321	0.803701327254188	0.04899795877298851	0.029135112782388468
OGG1_dirichlet_train_fold1.48	0.13033436558449288	5.970900453066624e-292	0.598209731624635	0.06916106479336945	0.20229483799750272
OGG1_dirichlet_train_fold1.49	0.11537707246107823	1.401535111100202e-147	0.6572846328949871	5.881996788109178e-256	0.22733829464393476
OGG1_dirichlet_train_fold1.50	0.07580739245452367	2.31e-321	0.6655207333392776	7.8e-322	0.2586718742061988
UNG_dirichlet_train_fold1.41	0.20887158757009414	7.226632002532921e-271	0.023197595527134972	0.6494617253710898	0.11846909153168107
OGG1_dirichlet_train_fold1.51	0.22519101201227093	1.16e-321	0.5835596487349686	0.03817648015628583	0.1530728590964745
UNG_dirichlet_train_fold1.42	0.09736840473537257	2.96e-322	0.07640730408078382	0.5349712726661033	0.2912530185177403
OGG1_dirichlet_train_fold1.52	0.19019033492443674	7.86e-322	0.4716131096850432	0.04537405465602241	0.2928225007344978
UNG_dirichlet_train_fold1.43	2.64e-321	0.13659046005760486	0.24705874784923285	0.4526518491162541	0.16369894297690807
UNG_dirichlet_train_fold1.44	2.56e-321	0.05922940482530144	0.09189702560420972	0.4814541630590008	0.367419406511488
RNF168_dirichlet_train_fold1	0.4404779728131566	0.1309849079967846	0.11387323870719275	0.06931280461510822	0.24535107586775773
RNF168_dirichlet_train_fold1.1	0.5499376471539192	0.0196673865752274	0.021962272644688724	0.02769364068234955	0.380739052943815
RNF168_dirichlet_train_fold1.2	0.5465857769205278	3.685963070186891e-82	0.05440016596481037	0.21018491087546615	0.18882914623919567
RNF168_dirichlet_train_fold1.3	0.6700072060320371	1.364e-321	0.12871514934932404	0.1408388989731911	0.060438745645447774
RNF168_dirichlet_train_fold1.4	0.6029781505875793	0.057603876096940475	0.11239032748330147	0.12690165484987317	0.10012599098230557
RNF168_dirichlet_train_fold1.5	0.43389734944763825	0.11435370593920327	0.024076043716541564	0.22666534475366984	0.20100755614294707
RNF168_dirichlet_train_fold1.6	0.709690486697641	0.0030385298851670047	0.17543630859370013	0.09595188442664578	0.015882790396846123
RNF168_dirichlet_train_fold1.7	0.40662114216447176	0.11860961031460895	0.08833297209161903	0.1853649730663874	0.20107130236291282
RNF168_dirichlet_train_fold1.8	0.6505861615942693	0.044847101147649	0.1611676481131478	0.09393576030026198	0.04946332884467193
RNF168_dirichlet_train_fold1.9	0.7310321218814887	0.048916704604409944	0.08867690960844563	0.11243934718557991	0.018934916720075953
RNF168_dirichlet_train_fold1.10	0.5854314518195578	0.17227706753559682	0.08628586017352609	2.3476207845611233e-59	0.15600562047131913
RNF168_dirichlet_train_fold1.11	0.8523320561347916	0.06549438152265062	0.042137784050334214	7.882323679591204e-257	0.04003577829222363
RNF168_dirichlet_train_fold1.12	0.6940540320616633	0.04684743679013044	0.07000819598830255	0.10179986732386842	0.08729046783603524
RNF168_dirichlet_train_fold1.13	0.6602911552923612	0.05110654560866424	0.11543118220806223	0.12269243302499641	0.05047868386591591
RNF168_dirichlet_train_fold1.14	0.40082910031606966	0.27675601471915395	0.02597991298051235	0.04692624476438442	0.2495087272198796
RNF168_dirichlet_train_fold1.15	0.8092546712812324	0.0947641664048546	0.0607865715339476	0.001977302680044239	0.033217288099921166
RNF168_dirichlet_train_fold1.16	0.36429851514794254	0.1255710709394965	0.05510350935945377	0.2639124339392041	0.19111447061390302
RNF168_dirichlet_train_fold1.17	0.6653228234939242	0.1306672312144383	0.04818953074943422	0.0500124024881455	0.10580801205405788
RNF168_dirichlet_train_fold1.18	0.5709191764802173	2.165269987997587e-72	0.12213350950280313	0.13727045556660933	0.1696768584503703
RNF168_dirichlet_train_fold1.19	0.6426300719617519	0.0707300704285994	0.06231054911178967	0.13733266299511776	0.08699664550274137
RNF168_dirichlet_train_fold1.20	0.6355649324046201	0.07865125451127933	0.04988147703266623	0.08399671319163336	0.15190562285980103
RNF168_dirichlet_train_fold1.21	0.5105338509940369	0.1365305110516926	0.09778427537227961	0.12547785171264764	0.1296735108693432
