Samples	SBS96A	SBS96B	SBS96C	SBS96D	SBS96E
ATP2B4_real_train_fold1	0.03691252088681525	0.05524178549588999	0.579253490915197	0.09107259404691945	0.2375196086551783
ATP2B4_real_train_fold1.1	0.04850668441952634	2.036e-321	0.7259056062311051	0.1545946338527271	0.07099307549664152
MLH1_real_train_fold1	2.45e-321	0.9798121955530812	1.58e-321	0.020187804446918808	1.937e-321
MSH2_real_train_fold1	2.283e-321	0.9520255505894759	1.19e-321	0.04797444941052417	8.55e-322
MSH6_real_train_fold1	6.268192512272598e-292	0.9807327032140547	2.26e-321	1.1712913632123323e-264	0.01926729678594539
MSH6_real_train_fold1.1	4.12950912130993e-208	0.9763677363184773	0.012090668882666494	1.9533489930932788e-28	0.011541594798856213
OGG1_real_train_fold1	0.03762138050089293	3.096073506202025e-168	0.0011896926697416432	0.11397249522672612	0.8472164316026394
PMS1_real_train_fold1	0.005756279910448307	0.18967913855941262	0.32311485605041995	0.4558190306908809	0.025630694788838115
PMS2_real_train_fold1	0.5154098752562544	0.4845901247437455	5.53e-322	2.77e-322	1.34e-321
RNF168_real_train_fold1	0.8855373776943842	0.03846232698246164	1.1854588687737163e-36	0.05046860068254205	0.025531694640612057
UNG_real_train_fold1	1.8617098373207997e-15	0.05867209265104129	8.41545192109952e-112	0.8523129836168408	0.08901492373211582
ATP2B4_multinomial_train_fold1	0.07681080442031732	0.11337374014905159	0.7162432044326408	0.041001878801582244	0.05257037219640821
ATP2B4_multinomial_train_fold1.1	0.10910858399913981	1.24e-321	0.5358115583259226	0.1840851218617866	0.17099473581315097
ATP2B4_multinomial_train_fold1.2	0.05351932464846687	1.43e-321	0.6574006602937892	0.2496971019914517	0.039382913066292206
ATP2B4_multinomial_train_fold1.3	0.11683187062211645	1.705e-321	0.25470795257443685	0.3126284468873008	0.31583172991614605
ATP2B4_multinomial_train_fold1.4	0.021548295253878785	2.63e-321	0.7931511649305898	0.18530053734402271	2.4715086939663915e-09
ATP2B4_multinomial_train_fold1.5	0.07472602492784373	1.196e-321	0.690877667978809	0.1989578119966343	0.03543849509671286
ATP2B4_multinomial_train_fold1.6	2.6022006538234868e-220	1.56e-321	0.537708402352573	0.25219339052825407	0.21009820711917293
ATP2B4_multinomial_train_fold1.7	0.05799424869259492	1.0465928577816962e-212	0.7137019463964712	0.1275663612150136	0.10073744369592026
ATP2B4_multinomial_train_fold1.8	0.05473521056447117	0.001935525307341438	0.6545334883636255	0.203757143606003	0.08503863215855913
ATP2B4_multinomial_train_fold1.9	0.1398875119467956	1.695e-321	0.6016391023404586	0.15575358141989415	0.1027198042928517
ATP2B4_multinomial_train_fold1.10	0.20337087856669295	8.65e-322	0.021683793133038143	0.3113962548296976	0.4635490734705714
ATP2B4_multinomial_train_fold1.11	0.012055160077326309	0.035368665994068765	0.46466068569179	3.937309574861449e-71	0.48791548823681485
ATP2B4_multinomial_train_fold1.12	1.8375347823229627e-27	0.023588050685111314	0.7649231967411372	0.21148875257375155	2.054922007326315e-217
ATP2B4_multinomial_train_fold1.13	0.06076016278183415	1.937e-321	0.6182266734156014	0.14699407885308705	0.17401908494947727
ATP2B4_multinomial_train_fold1.14	0.021628101943707574	2.8613787443580357e-173	0.6142636830754091	0.1632359797119733	0.20087223526890993
ATP2B4_multinomial_train_fold1.15	3.5247946232267306e-170	1.1767298967305866e-46	0.9042388836561995	0.08126674256349888	0.014494373780301642
ATP2B4_multinomial_train_fold1.16	0.008998645862417632	0.08926142226328748	0.7985600706713293	0.05478139858477501	0.04839846261819068
ATP2B4_multinomial_train_fold1.17	0.13103037313404536	0.05905351381530242	0.32301901192900623	0.0410451943611881	0.44585190676045805
ATP2B4_multinomial_train_fold1.18	5.01431234171726e-17	0.05892268871195674	0.7591048025565843	5.1830998880212485e-21	0.18197250873145904
ATP2B4_multinomial_train_fold1.19	0.13481279616682668	1.73e-321	0.6312896239500119	0.1499515925855285	0.08394598729763299
ATP2B4_multinomial_train_fold1.20	9.20420784721324e-36	0.09152462485457845	0.7825518864046851	2.767360637142767e-06	0.12592072138009935
ATP2B4_multinomial_train_fold1.21	0.050039223450945115	8.8e-322	0.7915777185244672	0.07286126272397754	0.08552179530061023
ATP2B4_multinomial_train_fold1.22	2.328201861645508e-51	3.889723360069413e-239	0.4953181511976096	0.3357305625138871	0.16895128628850334
ATP2B4_multinomial_train_fold1.23	0.0945555052342158	0.08827661656701528	0.19568592152872105	0.1866342913594997	0.4348476653105484
ATP2B4_multinomial_train_fold1.24	0.08686440103440045	0.0024506940364033623	0.6873516118696573	1.0414559240691389e-144	0.2233332930595389
ATP2B4_multinomial_train_fold1.25	0.00862514810127202	2.93e-321	0.6555298577527433	0.1767161716186639	0.15912882252732086
ATP2B4_multinomial_train_fold1.26	1.421546210698992e-115	1.96e-321	0.3909915859165264	0.3690079820257595	0.24000043205771404
ATP2B4_multinomial_train_fold1.27	2.0159474926066526e-169	1.294e-321	0.7634955555837402	0.14265405078250817	0.09385039363375178
ATP2B4_multinomial_train_fold1.28	2.51631317159495e-05	1.107e-321	0.630579586161327	0.3693952507069571	1.2493463251322049e-182
ATP2B4_multinomial_train_fold1.29	0.1428761845355776	0.03067986057127359	0.2557300391403073	0.11041072402765727	0.4603031917251843
ATP2B4_multinomial_train_fold1.30	0.017436578132433284	8.94e-322	0.8524403208590924	0.0985704366832351	0.03155266432523943
ATP2B4_multinomial_train_fold1.31	0.12112280578803267	0.08018650777738966	0.45055873419216863	0.14362496630058535	0.2045069859418236
ATP2B4_multinomial_train_fold1.32	0.02485589676415218	1.13e-321	0.8131966174596492	0.16194748577619852	6.93495385466576e-30
ATP2B4_multinomial_train_fold1.33	3.176843295972773e-144	2.4997998875444532e-70	0.41448045840715875	0.26696079327133737	0.3185587483215039
ATP2B4_multinomial_train_fold1.34	3.9729059027561214e-115	1.821980534091601e-235	0.7677459231060325	0.2155553267341774	0.01669875015978996
ATP2B4_multinomial_train_fold1.35	1.2929435155183335e-48	1.146e-321	0.6198984320095907	0.27707889967392374	0.10302266831648553
ATP2B4_multinomial_train_fold1.36	0.08503689431729886	2.559882439038259e-227	0.7427603193957175	0.09780605970967339	0.07439672657731015
ATP2B4_multinomial_train_fold1.37	0.15332333381806332	1.37e-321	0.8153949436123487	0.03120123258342063	8.048998616737393e-05
ATP2B4_multinomial_train_fold1.38	0.05730271902381355	4.0842248841754707e-305	0.8355387898469713	0.06148359072688943	0.04567490040232553
ATP2B4_multinomial_train_fold1.39	0.04491205619057334	4.20310562802694e-68	0.7746929213129973	7.962135522834386e-43	0.18039502249642939
ATP2B4_multinomial_train_fold1.40	0.06357276979777783	0.07335702981155966	0.46581708437626523	0.18361338798494067	0.21363972802945663
ATP2B4_multinomial_train_fold1.41	0.17015443529751564	1.67e-321	0.6164061864789373	0.09651519529157188	0.1169241829319751
ATP2B4_multinomial_train_fold1.42	1.5336702797864235e-123	0.026185577401947425	0.9214489270771947	0.05236549552085775	6.001609545412999e-155
ATP2B4_multinomial_train_fold1.43	4.107711770688561e-36	2.31e-321	0.5550932583747225	0.22853107369827316	0.21637566792700444
ATP2B4_multinomial_train_fold1.44	1.3872443505072264e-169	1.023e-321	0.6747458674369752	0.15889605447671826	0.16635807808630662
ATP2B4_multinomial_train_fold1.45	1.2916968422789466e-17	0.011047219172136559	0.9177186638990162	0.016641819979958342	0.0545922969488887
ATP2B4_multinomial_train_fold1.46	0.05304506907816173	2.8087200340139206e-108	0.3504764039858466	0.3618485310768865	0.23462999585910518
ATP2B4_multinomial_train_fold1.47	1.530129838581816e-131	2.59e-321	0.8210473137144758	0.17895268628552416	3.594243165900436e-76
ATP2B4_multinomial_train_fold1.48	5.688058766877013e-107	0.02428368447189458	0.6447942568050926	1.3246388543095838e-237	0.3309220587230128
ATP2B4_multinomial_train_fold1.49	0.05746157894767835	8.692909710915379e-55	0.7269792017402849	0.10268953395839246	0.11286968535364429
ATP2B4_multinomial_train_fold1.50	0.05096050314232747	0.050764755826307045	0.6393026826440138	0.023584165424957025	0.23538789296239468
ATP2B4_multinomial_train_fold1.51	0.048272617681360576	1.5650845421496766e-305	0.6372612434825252	0.1515423528945847	0.16292378594152934
ATP2B4_multinomial_train_fold1.52	1.1400694459406546e-129	1.5633457544929525e-94	0.9129696835638758	0.0866498599550239	0.000380456481100422
ATP2B4_multinomial_train_fold1.53	0.12899530896288555	1.9620522466225032e-234	0.656396418848653	0.179440149348785	0.03516812283967633
ATP2B4_multinomial_train_fold1.54	2.6001067646349106e-90	1.591907327136911e-26	0.6756321843092222	0.13671582667428153	0.1876519890164963
ATP2B4_multinomial_train_fold1.55	1.5434333004387126e-119	0.0077707035305095975	0.2132085427681117	0.32378953019976114	0.4552312235016177
ATP2B4_multinomial_train_fold1.56	0.11320964433976695	1.97e-321	0.793286355683783	0.06509043420516306	0.028413565771286824
ATP2B4_multinomial_train_fold1.57	0.0019304152127372811	2.44e-321	0.6075437102823897	0.19302645404336916	0.19749942046150384
ATP2B4_multinomial_train_fold1.58	4.761062219662586e-66	0.04209057642150316	0.37537327428659456	0.12867620786071088	0.45385994143119146
ATP2B4_multinomial_train_fold1.59	2.331706978241168e-71	1.44e-321	0.7761773811718948	0.22382261882810517	6.355593676041081e-186
ATP2B4_multinomial_train_fold1.60	4.118534185333765e-37	1.7453654645972437e-220	0.7311566518923001	0.2172180771257142	0.051625270981985744
ATP2B4_multinomial_train_fold1.61	0.04766288790543414	0.0009677332954903687	0.6870297529710844	0.26433962582799114	6.42997798049323e-92
ATP2B4_multinomial_train_fold1.62	1.7043193942518232e-185	7.16e-322	0.8623003411377259	0.1343309059225635	0.0033687529397106344
ATP2B4_multinomial_train_fold1.63	0.0317688588536016	0.09344841684074466	0.5816153223950615	0.0687726805481776	0.22439472136241465
ATP2B4_multinomial_train_fold1.64	0.08684055106314843	2.376e-321	0.44941773576802635	0.26753716849671816	0.1962045446721071
ATP2B4_multinomial_train_fold1.65	0.038562676121843546	0.029222310463176096	0.6930072391065433	0.038136209650737	0.2010715646577
ATP2B4_multinomial_train_fold1.66	0.08207336251796597	0.0785680912901397	0.48514158630321247	1.404590097824725e-97	0.35421695988868196
ATP2B4_multinomial_train_fold1.67	3.062391526030999e-120	0.058648961974278734	0.8168709700714423	9.323965561512182e-120	0.12448006795427904
ATP2B4_multinomial_train_fold1.68	0.16961002053063765	0.022213444913262437	0.4015455766635867	1.5717457951170746e-41	0.40663095789251313
ATP2B4_multinomial_train_fold1.69	3.017333330315587e-183	0.13829182908926274	0.6211404192153938	3.7169380915082184e-17	0.24056775169534358
ATP2B4_multinomial_train_fold1.70	0.18414603861736073	1.75e-321	0.5058142030769157	0.1728511615421413	0.1371885967635822
ATP2B4_multinomial_train_fold1.71	4.1173169543746096e-22	1.255790405754878e-19	0.9093576325125852	0.05659066243806465	0.03405170504935018
ATP2B4_multinomial_train_fold1.72	0.034781880242165275	0.029666338125388304	0.5659188511402407	5.243767085834898e-06	0.3696276867251198
ATP2B4_multinomial_train_fold1.73	4.043245694661276e-66	2.446e-321	0.7285956040891114	3.2222725882455336e-31	0.2714043959108886
ATP2B4_multinomial_train_fold1.74	0.06686412729288127	1.0975703936772393e-107	0.5852155455747027	3.263064024001727e-127	0.347920327132416
ATP2B4_multinomial_train_fold1.75	1.5368983566831427e-135	2.6504796899268065e-183	0.7876031890816302	0.21239681091836973	7.18005110744383e-215
ATP2B4_multinomial_train_fold1.76	0.0012719039355499975	0.04106327352364944	0.8280405279145158	0.01118938267919388	0.1184349119470909
ATP2B4_multinomial_train_fold1.77	0.02931129760742119	0.03575118398439928	0.29823981636296193	0.15005164700135337	0.48664605504386416
ATP2B4_multinomial_train_fold1.78	0.05335643267124191	1.54e-321	0.7650049911556239	0.11247797265230183	0.06916060352083221
ATP2B4_multinomial_train_fold1.79	0.02139094795003969	0.0027868430443151303	0.7347948866412353	0.036335990332816405	0.20469133203159356
ATP2B4_multinomial_train_fold1.80	0.22430664058352676	0.01627452792651155	0.4030799670401979	0.07749307342741396	0.2788457910223499
ATP2B4_multinomial_train_fold1.81	0.05004114213294229	8e-322	0.8178046359998054	0.13215422186725237	2.6463830526422073e-60
ATP2B4_multinomial_train_fold1.82	6.664608904548375e-37	0.06473845539926941	0.6326597966931738	0.09668594207037437	0.20591580583718236
ATP2B4_multinomial_train_fold1.83	1.2169218784361648e-152	1.364e-321	0.7372595240898135	0.18724493321754196	0.0754955426926445
ATP2B4_multinomial_train_fold1.84	0.14286985327351945	1.2639475955245238e-257	0.770285632608241	0.06613257046467699	0.02071194365356248
ATP2B4_multinomial_train_fold1.85	9.701068354529687e-22	1.45e-321	0.8697583539959857	0.13024164600401428	2.092895812608975e-119
ATP2B4_multinomial_train_fold1.86	0.0956760913300876	3.323241744498089e-153	0.7919555714349282	0.02664392268377921	0.0857244145512051
ATP2B4_multinomial_train_fold1.87	0.06226064171721737	7.7e-322	0.7769126406057575	0.1608267176770252	3.6686904275776145e-182
ATP2B4_multinomial_train_fold1.88	0.061508137180197	5.692566509543313e-257	0.6077469468240836	0.24175186457687797	0.08899305141884156
ATP2B4_multinomial_train_fold1.89	0.09764388674921474	2.4595925528547694e-80	0.31616715858660327	0.22283802648959633	0.3633509281745857
ATP2B4_multinomial_train_fold1.90	0.0507979419312117	1.11e-321	0.7440857611746	0.20511629689418828	5.477553780169786e-168
ATP2B4_multinomial_train_fold1.91	0.10120884818779678	1.186e-321	0.4844857065290932	0.19743977678855631	0.21686566849455374
ATP2B4_multinomial_train_fold1.92	0.05389959481103966	1.5269993196184747e-137	0.8979375697740533	0.048162835414807474	9.944574798243254e-14
ATP2B4_multinomial_train_fold1.93	2.2632832690684865e-156	0.06032625845208474	0.6766195219313014	0.05321907735592643	0.2098351422606874
ATP2B4_multinomial_train_fold1.94	4.809586234511593e-118	1.65e-321	0.5789435999135232	0.2529462030807139	0.16811019700576293
ATP2B4_multinomial_train_fold1.95	0.025708600023970542	0.05539121061350661	0.6399438307119283	0.017484761558165203	0.26147159709242923
ATP2B4_multinomial_train_fold1.96	9.57713434045743e-129	0.00081755120106164	0.9231417389430164	2.5375286632855638e-104	0.0760407098559219
ATP2B4_multinomial_train_fold1.97	3.171810460148244e-54	4.838050361505091e-215	0.9134643820041496	0.08653561799585043	1.36097484336935e-101
MSH2_multinomial_train_fold1	2.01e-321	0.9547246193589051	9.63e-322	0.04527538064109498	5.8e-322
PMS1_multinomial_train_fold1	0.10196509948466546	0.2200846361110377	0.17013657069104735	0.4197177834583694	0.08809591025488009
MSH6_multinomial_train_fold1	8.159206700594613e-223	0.9829800082011175	1.84e-321	2.075e-321	0.017019991798882333
MSH6_multinomial_train_fold1.1	1.9684916338859522e-234	0.975299090207413	1.45e-321	1.8822687401873578e-267	0.024700909792587104
PMS2_multinomial_train_fold1	0.5033339902808258	0.4966660097191742	5.43e-322	2.77e-322	1.596e-321
MSH6_multinomial_train_fold1.2	2.82e-321	0.9830712591652704	1.815535514479793e-288	5.1012427483307185e-266	0.016928740834729783
MSH2_multinomial_train_fold1.1	1.714e-321	0.937365215950168	7.07e-322	0.06263478404983203	5.6e-322
PMS1_multinomial_train_fold1.1	0.0248650920985707	0.14864533833178656	0.11396454271676068	0.5763248245419867	0.1362002023108954
PMS2_multinomial_train_fold1.1	0.48625929938996343	0.5137407006100367	8.65e-322	2.87e-322	5.608227731764139e-200
MSH2_multinomial_train_fold1.2	2.337e-321	0.9735410935202127	1.25e-321	0.02645890647978737	9.14e-322
PMS1_multinomial_train_fold1.2	0.1156038457069677	0.10829373961239738	0.2570883708139975	0.48834193774377266	0.03067210612286468
MSH6_multinomial_train_fold1.3	6.637419481483054e-246	0.9231224110378958	0.03154403998565569	0.04533354897644855	2.465e-321
MSH6_multinomial_train_fold1.4	2.994e-321	0.9723179228866369	1.645e-321	1.5e-321	0.027682077113363113
MSH6_multinomial_train_fold1.5	5.025562097246558e-24	0.9421021326693689	0.05789786733004085	7.616858693062293e-76	5.903687097925952e-13
PMS1_multinomial_train_fold1.3	0.12038155685178918	0.1769502090623028	0.23237076753531694	0.37927141092137906	0.091026055629212
MSH6_multinomial_train_fold1.6	1.088129922902949e-155	0.9624284933477291	4.156618139926759e-188	1.7595027719507307e-32	0.03757150665227081
MSH6_multinomial_train_fold1.7	1.3037250259861232e-145	0.9959057605387973	0.0016228561712454495	7.6822976489087155e-112	0.0024713832899573218
MSH6_multinomial_train_fold1.8	1.2639541955216622e-18	0.9746416953983769	2.6435574092154294e-229	7.772232844000219e-295	0.025358304601623114
PMS2_multinomial_train_fold1.2	0.5377952370641754	0.46220476293582463	5.4e-322	2.77e-322	1.82e-321
MSH2_multinomial_train_fold1.3	2.66e-321	0.9620184442598494	1.25e-321	0.037981555740150476	9e-322
MLH1_multinomial_train_fold1	2.045e-321	0.9612422551622841	9.9e-322	0.038757744837715956	8.94e-322
MSH6_multinomial_train_fold1.9	5.565959127290227e-236	0.9790927201853841	1.986e-321	5.1109677312737236e-172	0.020907279814615938
PMS2_multinomial_train_fold1.3	0.5328757456156998	0.4671242543843	5.34e-322	2.67e-322	5.1e-322
MLH1_multinomial_train_fold1.1	5.594038235080382e-192	0.9858141196009765	1.4e-321	0.014185880399023585	1.374e-321
MSH6_multinomial_train_fold1.10	2.73e-321	0.9520865895592561	0.04791341044074386	1.9766443407070044e-120	1.285e-321
MSH6_multinomial_train_fold1.11	1.0181224069827369e-230	0.9679728791600262	0.004879688327113429	1.4166004429904898e-155	0.027147432512860555
MSH6_multinomial_train_fold1.12	1.4629388953002405e-114	0.9948751118963864	3.002235360477334e-35	1.288939302505178e-70	0.0051248881036136005
PMS2_multinomial_train_fold1.4	0.5283311226510681	0.4716688773489319	5.43e-322	2.77e-322	7.95e-322
MLH1_multinomial_train_fold1.2	2.115e-321	0.9879218429923934	1.31e-321	0.012078157007606463	9.7e-322
MSH6_multinomial_train_fold1.13	4.619152608772943e-289	0.9849821438986859	6.070765952485241e-108	4.463852741473824e-25	0.015017856101314049
MSH2_multinomial_train_fold1.4	2.535e-321	0.9434276484868902	1.4e-321	0.05657235151310979	1.11e-321
MLH1_multinomial_train_fold1.3	2.09e-321	0.9620767541738969	1.01e-321	0.03792324582610305	6.1e-322
MSH6_multinomial_train_fold1.14	1.535476908106151e-254	0.9768120572625834	9.060934703178424e-16	1.742938060000083e-117	0.023187942737415715
MSH6_multinomial_train_fold1.15	1.85e-321	0.9754063542873245	1.467e-321	1.324e-321	0.024593645712675673
PMS1_multinomial_train_fold1.4	0.1374410827898231	0.1575361263376823	0.12760331532935204	0.5774194755431425	8.25e-322
MSH6_multinomial_train_fold1.16	1.47e-321	0.9719370209789099	2.0449630451874677e-222	1.897e-321	0.028062979021090076
PMS2_multinomial_train_fold1.5	0.465284947002688	0.5347150529973119	5.53e-322	2.7e-322	1.097e-321
MSH6_multinomial_train_fold1.17	3.718410211313249e-192	0.9685380435654127	0.01654183586656709	0.014920120568020213	7.95437578523419e-144
MSH6_multinomial_train_fold1.18	2.9691963590351976e-40	0.9756010994278768	0.016465901398676177	4.5922316261992034e-17	0.007932999173446949
PMS2_multinomial_train_fold1.6	0.5256018654550327	0.4743981345449673	5.43e-322	2.77e-322	1.057e-321
MSH2_multinomial_train_fold1.5	2.915e-321	0.9405018686745681	1.2e-321	0.059498131325431886	1.433e-321
MSH6_multinomial_train_fold1.19	3.025134181757144e-289	0.9831255417124413	5.0259250174438e-311	1.633549121235438e-114	0.016874458287558784
MLH1_multinomial_train_fold1.4	2.89e-321	1.0	2.26e-321	6.375731743637106e-134	3.9159270658615583e-69
PMS2_multinomial_train_fold1.7	0.5367657747749652	0.4632342252250348	5.63e-322	2.87e-322	1.087e-321
PMS1_multinomial_train_fold1.5	1.44354517318804e-48	0.19521282380779884	0.41794577768279983	0.38684139850940125	5.725780470881536e-55
MSH2_multinomial_train_fold1.6	6.925557333739756e-297	0.9464469157431622	1.43e-321	0.05355308425683764	1.42e-321
MSH2_multinomial_train_fold1.7	1.09e-321	0.9746359436177539	1.166e-321	0.02536405638224621	8.5e-322
MSH6_multinomial_train_fold1.20	2.38e-321	0.9950098104681774	1.537e-321	1.5e-321	0.004990189531822632
PMS1_multinomial_train_fold1.6	0.11364007942191894	0.12941434019806833	0.17567652315650092	0.45795732592733274	0.12331173129617913
MSH6_multinomial_train_fold1.21	2.78e-321	0.9497661219462056	7.756941838062709e-24	0.04139075076140847	0.008843127292385865
MSH6_multinomial_train_fold1.22	2.204e-321	0.9938460173365201	5.173460962106222e-241	4.967965225990165e-302	0.006153982663479917
MLH1_multinomial_train_fold1.5	1.86e-321	1.0	1.087e-321	7.387424393666382e-81	1.695e-321
PMS1_multinomial_train_fold1.7	6.5947211137910164e-167	0.30742913613855444	6.79487269513157e-22	0.5106494943535558	0.18192136950788979
PMS2_multinomial_train_fold1.8	0.48502570290108254	0.5149742970989175	2.87e-322	2.87e-322	5.63e-322
PMS2_multinomial_train_fold1.9	0.5294910869657972	0.4705089130342028	2.7e-322	2.7e-322	5.2e-322
PMS1_multinomial_train_fold1.8	0.013524601239272026	0.14661898837043785	0.32878093861077234	0.5110754717795176	5.34e-322
PMS1_multinomial_train_fold1.9	2.8406424992964123e-201	0.29165163633086105	8.182070809388621e-62	0.6084786398705737	0.09986972379856525
PMS2_multinomial_train_fold1.10	0.4694254078155299	0.5168932756979462	8.05e-322	2.77e-322	0.013681316486523883
MSH6_multinomial_train_fold1.23	3.178775678430246e-213	0.9766779591436229	2.4548385120405235e-290	1.2843887899060088e-223	0.023322040856377204
MLH1_multinomial_train_fold1.6	2.78e-321	0.9910397457679732	1.07e-321	0.008960254232026819	1.33e-321
MSH2_multinomial_train_fold1.8	1.334e-321	0.9478122500555863	1.107e-321	0.05218774994441373	1.324e-321
MSH6_multinomial_train_fold1.24	2.376e-321	0.9769291606745056	4.6733208504963816e-267	1.913002467756838e-238	0.023070839325494388
MSH6_multinomial_train_fold1.25	2.752933211446732e-166	0.9575459007635085	3.420283000944689e-70	0.02660860559823815	0.015845493638253355
PMS2_multinomial_train_fold1.11	0.4671971940536812	0.5328028059463187	8.5e-322	2.8e-322	2.233e-321
PMS2_multinomial_train_fold1.12	0.532626013322577	0.4673739866774229	5.5e-322	2.77e-322	8e-322
MSH6_multinomial_train_fold1.26	5.61959755910865e-134	0.9779952974823424	9.366766219181007e-124	4.542734385714286e-53	0.022004702517657602
PMS2_multinomial_train_fold1.13	0.5102776963903541	0.489722303609646	5.63e-322	2.87e-322	8.2e-322
MLH1_multinomial_train_fold1.7	1.833e-321	1.0	1.067e-321	1.856469129787121e-160	1.665e-321
MSH2_multinomial_train_fold1.9	1.65e-321	0.9422896701985599	9.14e-322	0.057710329801439995	8.15e-322
MSH6_multinomial_train_fold1.27	6.762618438970562e-187	0.9845256589147178	7.851557241424859e-277	1.553246412679026e-92	0.015474341085282367
MSH2_multinomial_train_fold1.10	2.29e-321	0.9673731490412777	1.215e-321	0.03262685095872228	1.47e-321
MLH1_multinomial_train_fold1.8	2.06e-321	0.9501841596425881	1.72e-321	0.04981584035741198	2.35e-321
PMS1_multinomial_train_fold1.10	0.07709115053451845	0.2854125839727599	0.07944179768093375	0.46261972020851205	0.0954347476032758
MSH2_multinomial_train_fold1.11	1.62e-321	0.9320669912880062	6.67e-322	0.06793300871199373	5.24e-322
PMS2_multinomial_train_fold1.14	0.5718605347729939	0.42813946522700624	5.6e-322	2.87e-322	1.067e-321
MSH6_multinomial_train_fold1.28	8.60995514977207e-310	0.9844553505326171	2.4125609087556794e-278	1.947e-321	0.01554464946738289
MLH1_multinomial_train_fold1.9	2.2386991507238796e-270	0.999578341218577	4.176134157834824e-180	0.000421658781423025	9.291744483483034e-142
PMS1_multinomial_train_fold1.11	0.13074376805091056	0.0658586376479266	0.33063975974656845	0.4727578345545943	4.275182885234463e-110
MSH2_multinomial_train_fold1.12	6.789464643944699e-229	0.9464084948789202	1.26e-321	0.053591505121079734	9e-322
MSH6_multinomial_train_fold1.29	5.4901293277200326e-213	0.9999999999999999	2.28e-321	1.635e-321	2.598394147082809e-85
PMS1_multinomial_train_fold1.12	0.019458841405468174	0.2439608081648962	0.19158258984942106	0.43800525958880976	0.10699250099140492
MSH6_multinomial_train_fold1.30	4.771892774004855e-217	0.9577217102656046	1.586e-321	1.734e-321	0.042278289734395534
MSH6_multinomial_train_fold1.31	1.3406107154357718e-116	0.9691051219824642	0.024919617039918147	7.836002437520951e-137	0.005975260977617642
MLH1_multinomial_train_fold1.10	2.446e-321	0.9977841530184415	1.34e-321	0.0022158469815586105	1.665e-321
MSH6_multinomial_train_fold1.32	6.662455279251646e-278	0.97144331394248	0.024946259331335725	0.003610426726184244	1.77e-321
PMS1_multinomial_train_fold1.13	5.440902996342771e-81	0.23036526479325162	0.2847873534478601	0.4297958734973746	0.05505150826151365
MSH2_multinomial_train_fold1.13	1.956e-321	0.9226732483575395	6.77e-322	0.07732675164246053	2.67e-322
PMS1_multinomial_train_fold1.14	8.832160048174162e-11	0.26840674994641484	0.30165159879107806	0.39507794152096043	0.034863709653224995
MLH1_multinomial_train_fold1.11	2.57e-321	1.0	1.126e-321	3.9400787143581555e-90	1.05e-321
MLH1_multinomial_train_fold1.12	1.49e-321	0.9779505176944591	7.7e-322	0.022049482305541022	6.27e-322
MSH6_multinomial_train_fold1.33	3.7879982873670586e-162	0.993016222182744	2.0589102276274256e-100	1.6545566345356377e-49	0.006983777817256086
MSH6_multinomial_train_fold1.34	4.005122616126052e-172	0.941276359635056	0.05424355163816112	7.852912107355019e-88	0.004480088726783037
PMS2_multinomial_train_fold1.15	0.5493075818100932	0.45069241818990685	5.4e-322	2.77e-322	1.294e-321
MSH6_multinomial_train_fold1.35	2.406e-321	0.9818069055687597	1.225e-321	1.08e-321	0.01819309443124035
UNG_multinomial_train_fold1	0.00038932842539595494	0.025266103110673833	4.643012030893898e-167	0.9307305384753712	0.04361402998855891
OGG1_multinomial_train_fold1	0.034520658762867695	0.0016582209712393031	0.0450165897067114	0.09155745746049099	0.8272470730986906
UNG_multinomial_train_fold1.1	1.0804700555891895e-34	0.062201215999602225	2.219365946857711e-249	0.7755598513850598	0.16223893261533806
OGG1_multinomial_train_fold1.1	0.1081328536703542	2.416e-321	0.0559694292306961	0.04378915545675175	0.7921085616421978
OGG1_multinomial_train_fold1.2	0.05966508891887015	1.64e-321	0.09018718126703998	0.08613543007789569	0.7640122997361942
OGG1_multinomial_train_fold1.3	0.07508280780509415	6.474375241052167e-236	8.211169954521902e-21	0.06883624927692193	0.856080942917984
OGG1_multinomial_train_fold1.4	0.0758948918399904	2.3361345175797875e-56	1.3266351357193536e-42	0.07063808324988735	0.8534670249101222
UNG_multinomial_train_fold1.2	9.560853202742694e-52	0.08803722467195856	7.188579046253034e-254	0.8055141333820687	0.10644864194597281
OGG1_multinomial_train_fold1.5	5.410299495336856e-53	2.452375038816107e-94	0.26409325025774294	0.0614884279415271	0.67441832180073
UNG_multinomial_train_fold1.3	8.910844776692548e-109	8.83462232792722e-119	0.12178413118039749	0.8782158688196025	9.24e-322
OGG1_multinomial_train_fold1.6	0.05695055403172123	2.5462672866184583e-250	1.447180250857288e-49	0.07095754480209239	0.8720919011661865
UNG_multinomial_train_fold1.4	6.57552206186361e-89	0.12142976431158095	7.2847127e-316	0.8650292488495759	0.013540986838843217
OGG1_multinomial_train_fold1.7	0.06637864994613947	0.0022290475234103555	1.9845771603830448e-24	0.09529338419433447	0.8360989183361157
UNG_multinomial_train_fold1.5	0.0020889223481587163	2.8978753647147263e-72	0.026244512079979337	0.8319315135730526	0.1397350519988093
OGG1_multinomial_train_fold1.8	0.0022444420715061527	6.780090553029679e-166	0.10104495857888289	0.06768090032189744	0.8290296990277135
UNG_multinomial_train_fold1.6	0.06697624647506988	0.06601507559764441	3.5192164563e-313	0.7362057251310324	0.13080295279625337
OGG1_multinomial_train_fold1.9	5.456578096178107e-74	2.0204301420085922e-137	0.26504533291087856	0.09432617422957404	0.6406284928595474
UNG_multinomial_train_fold1.7	0.01199915363807537	0.04157698960323784	6.869870734150287e-211	0.8448397966378303	0.1015840601208565
UNG_multinomial_train_fold1.8	4.3167035230345916e-37	0.10109529113008767	7.386046913071215e-194	0.7783140949680668	0.1205906139018456
OGG1_multinomial_train_fold1.10	0.05220227998514196	5.520321908273234e-138	7.355672138135091e-56	0.06915523877166688	0.8786424812431912
OGG1_multinomial_train_fold1.11	0.09972724029137975	6.351928894355203e-18	0.12638377188382124	0.036471079470003206	0.7374179083547956
UNG_multinomial_train_fold1.9	1.5517849774692687e-108	1.949606242628131e-270	4.4630982270274806e-92	0.9508372295805048	0.049162770419495225
OGG1_multinomial_train_fold1.12	0.041810093561444106	2.57e-321	0.09778412793253131	0.12474489413322928	0.7356608843727954
OGG1_multinomial_train_fold1.13	0.037114493618244905	7.51478483206906e-230	6.940430301705259e-05	0.10981702121778883	0.8529990808609492
OGG1_multinomial_train_fold1.14	6.530614098056797e-11	5.1636362658710675e-95	0.08737507207634512	0.06461918003339077	0.848005747824958
UNG_multinomial_train_fold1.10	2.6060557405171442e-43	0.1414890683668053	1.023e-321	0.7452043297624714	0.11330660187072328
UNG_multinomial_train_fold1.11	0.06280955911687978	0.09725498508856333	9.243960281771567e-86	0.7568079696292229	0.0831274861653338
OGG1_multinomial_train_fold1.15	0.06629912066985774	7.47078540599644e-121	0.02061020778685107	0.1359472347272642	0.7771434368160268
OGG1_multinomial_train_fold1.16	4.0724558663273065e-15	2.184e-321	0.25764784417955466	0.051630482023798836	0.6907216737966424
OGG1_multinomial_train_fold1.17	7.253426121405699e-24	2.772005314586747e-244	0.1651256280794251	0.02970927223964498	0.8051650996809299
UNG_multinomial_train_fold1.12	1.0185193578825925e-92	0.1293150154951674	2.3212443987769184e-51	0.8355336041931074	0.035151380311725273
OGG1_multinomial_train_fold1.18	0.049081237099159056	2.26e-321	0.19197945403158767	0.06565323545191458	0.6932860734173388
UNG_multinomial_train_fold1.13	2.146612100948389e-89	0.09134221729227986	6.169631259435723e-290	0.8292329630718502	0.07942481963586996
OGG1_multinomial_train_fold1.19	0.016032226349044738	3.5436120319101213e-234	0.05711001247765862	0.11661801864025892	0.8102397425330375
OGG1_multinomial_train_fold1.20	0.023910808697753767	5.965952136253885e-13	0.006200701211665714	0.13609131461014853	0.8337971754798353
UNG_multinomial_train_fold1.14	8.62495523529147e-218	0.03286402475894563	0.038038697809678106	0.9088082695511486	0.02028900788022784
UNG_multinomial_train_fold1.15	0.04343855191154004	0.017085403829544488	0.08572987095935607	0.7465501092359558	0.10719606406360373
UNG_multinomial_train_fold1.16	1.6688405194534308e-186	0.06073770052303861	7.430259126816396e-106	0.8310095662284087	0.10825273324855271
UNG_multinomial_train_fold1.17	0.041483035316454656	1.0482004156016344e-60	5.384660319598059e-91	0.8986234682100137	0.05989349647353164
OGG1_multinomial_train_fold1.21	0.036473729817080004	2.81e-321	0.08264994180930485	0.05899863367556007	0.8218776946980552
UNG_multinomial_train_fold1.18	0.07699399003219888	0.020247939806062036	4.79955795702244e-31	0.7715996214673133	0.13115844869442592
UNG_multinomial_train_fold1.19	5.047016297389209e-45	4.2907875534789123e-45	5.2134393264679504e-23	0.9175167663419491	0.08248323365805091
UNG_multinomial_train_fold1.20	0.01249428082501719	0.09120362719897335	1.2439092185788845e-29	0.8084499944533263	0.08785209752268305
OGG1_multinomial_train_fold1.22	0.007132950580214459	8.34408872988235e-258	1.1113725094066012e-37	0.13265736203504053	0.8602096873847449
UNG_multinomial_train_fold1.21	2.0416357790570073e-79	0.06080344970366663	1.105038931063909e-306	0.8058680123569996	0.13332853793933397
UNG_multinomial_train_fold1.22	2.7283860971999588e-70	1.914781740532822e-292	0.1061457021957104	0.8239884898133327	0.0698658079909569
OGG1_multinomial_train_fold1.23	0.029022442193239475	0.023071815596121762	0.007561945639949378	0.1103268131713421	0.8300169833993473
OGG1_multinomial_train_fold1.24	3.596449468012327e-12	7.869409078344199e-85	0.2703798293717111	0.03520404101288777	0.6944161296118047
OGG1_multinomial_train_fold1.25	0.013370461961104778	1.1584922793065402e-169	0.12610419439795745	0.07542480697349076	0.7851005366674471
UNG_multinomial_train_fold1.23	1.0559106996940442e-170	2.848202463911237e-277	0.22486506458957276	0.7587681580400031	0.016366777370424173
UNG_multinomial_train_fold1.24	6.6529282666990004e-52	0.1164962909194818	5.8154015164829095e-56	0.7428573090312943	0.14064640004922377
OGG1_multinomial_train_fold1.26	0.007674923805566953	1.5324570669930739e-139	0.12008600693143125	0.10526919215023285	0.766969877112769
OGG1_multinomial_train_fold1.27	0.04139270231892174	2.614e-321	0.0003299121348160923	0.14704715516786343	0.8112302303783986
UNG_multinomial_train_fold1.25	0.044355487453982774	0.0852392280629061	2.1127943086911792e-183	0.8061736047634177	0.06423167971969357
OGG1_multinomial_train_fold1.28	0.009385640062827815	0.00900071967237346	0.10393164806996394	0.050064205646363456	0.8276177865484712
UNG_multinomial_train_fold1.26	6.574253892600177e-47	0.054413288239255606	1.3562555743356496e-234	0.8210812203019068	0.12450549145883774
UNG_multinomial_train_fold1.27	6.905805658656311e-97	1.3135219305839013e-17	0.041931292643622754	0.8645573764785545	0.0935113308778229
UNG_multinomial_train_fold1.28	8.692616174883662e-88	0.05587947334181835	8.522276718276795e-159	0.8269600069535867	0.11716051970459504
OGG1_multinomial_train_fold1.29	0.00151354104328453	0.00802427902501847	0.01964597675976406	0.10053954809285039	0.8702766550790826
OGG1_multinomial_train_fold1.30	0.02709249016745997	0.005783736105373018	0.04288785974845783	0.09247044046641312	0.8317654735122962
UNG_multinomial_train_fold1.29	7.981263908639129e-09	0.023433170695964557	4.0542925883759545e-86	0.8693165559004867	0.10725026542228484
UNG_multinomial_train_fold1.30	0.03309847688333194	0.10700935515996907	1.4344905524178203e-208	0.7446769212407239	0.115215246715975
UNG_multinomial_train_fold1.31	0.3158013637064841	0.022855086391921603	3.914075405631189e-198	0.5421028742422476	0.1192406756593467
UNG_multinomial_train_fold1.32	0.13849182804811222	0.02975289659571157	8.795764577779739e-298	0.7046504800024195	0.1271047953537569
OGG1_multinomial_train_fold1.31	0.009845476132213524	2.5415848200833092e-52	0.11980994378670647	0.05088560247697564	0.8194589776041042
OGG1_multinomial_train_fold1.32	0.10365830025503889	1.623467878602196e-302	3.840148794433519e-52	0.056414063890867	0.839927635854094
OGG1_multinomial_train_fold1.33	0.016664142927539174	1.680333973440938e-259	9.862313765354677e-24	0.1238678737892343	0.8594679832832264
OGG1_multinomial_train_fold1.34	0.018277937834727396	0.05506495393800825	1.6149555062428472e-76	0.015773281020903824	0.9108838272063605
OGG1_multinomial_train_fold1.35	0.10068724654060568	5.0036357691168915e-242	1.3778724142708087e-42	0.052307386029417924	0.8470053674299765
OGG1_multinomial_train_fold1.36	0.03808565765423356	0.01037921287900996	1.2395524993476882e-64	0.04451434216396459	0.9070207873027919
OGG1_multinomial_train_fold1.37	0.04271563242128438	0.021024450260569847	1.7759013335300573e-69	0.05570379614345706	0.8805561211746886
UNG_multinomial_train_fold1.33	2.6156707797985303e-250	0.014546685345388067	5.333687728054605e-273	0.9313623077448515	0.05409100690976033
UNG_multinomial_train_fold1.34	2.114345057126446e-197	1.08e-321	0.14847693481776664	0.8515230651822334	1.1261576904722123e-97
UNG_multinomial_train_fold1.35	3.9083753651983316e-35	0.073267609278021	7.768571014900552e-112	0.8508720828090619	0.07586030791291713
OGG1_multinomial_train_fold1.38	0.031233022460478158	2.4997174937546532e-197	6.233378237841182e-35	0.0674636535984453	0.9013033239410764
UNG_multinomial_train_fold1.36	2.6345952823514664e-214	0.08739932683667576	3.415051857031121e-149	0.7757639028021084	0.13683677036121586
UNG_multinomial_train_fold1.37	0.06951800113635123	0.05313240724787882	0.0010314551428115795	0.7852010024115145	0.09111713406144378
OGG1_multinomial_train_fold1.39	0.020387163340790968	0.05076204996061552	5.388121494083599e-92	0.07805240661663541	0.8507983800819583
OGG1_multinomial_train_fold1.40	0.002806406542514566	2.162450716036127e-08	0.04529181331284677	0.15323834077478857	0.798663417745343
UNG_multinomial_train_fold1.38	0.10973593708207142	0.0491732318118126	1.0850676897921081e-44	0.6717970089905818	0.1692938221155341
OGG1_multinomial_train_fold1.41	0.08332609450404307	0.012156465856124114	0.05547267795598023	0.07333483073514434	0.7757099309487082
OGG1_multinomial_train_fold1.42	0.037369709547201126	4.943055836179838e-189	0.05762446103437765	0.08859896951959326	0.8164068598988279
OGG1_multinomial_train_fold1.43	0.014382234167702332	3.02e-321	0.029840462537041625	0.11966842465444527	0.8361088786408107
OGG1_multinomial_train_fold1.44	0.021498734578835374	4.205308063326674e-277	1.250625610733921e-05	0.15597158092892383	0.8225171782361334
UNG_multinomial_train_fold1.39	1.0805186181093251e-218	0.08919150348219143	1.5125173998406165e-18	0.8028134090335046	0.10799508748430384
UNG_multinomial_train_fold1.40	5.368507125168486e-44	0.01217823727541379	0.12130102888072465	0.8221875818358887	0.04433315200797283
OGG1_multinomial_train_fold1.45	0.010404571563866254	2.024508149308476e-63	0.061106324715463484	0.10079064735551822	0.827698456365152
UNG_multinomial_train_fold1.41	4.180603769382424e-31	0.04851438392009543	0.0451732146922942	0.8468757574203233	0.05943664396728697
UNG_multinomial_train_fold1.42	7.8714729463732e-133	0.056985322782384606	1.665753467786012e-227	0.9299778698951304	0.013036807322484965
OGG1_multinomial_train_fold1.46	0.07634466904889389	0.006997103998122193	7.206874268965945e-79	0.1219229948840876	0.7947352320688963
OGG1_multinomial_train_fold1.47	0.0332928306037798	0.019229561280112415	4.1946676314183544e-18	0.06791960330596458	0.879558004810143
UNG_multinomial_train_fold1.43	0.08938071065086252	0.08299703771161289	1.4433663101892748e-124	0.7452742358606914	0.08234801577683305
OGG1_multinomial_train_fold1.48	1.5586014106839744e-44	7.17106458845738e-197	0.0940071445810677	0.10601990634975453	0.7999729490691776
OGG1_multinomial_train_fold1.49	0.0019313090394748092	0.014130784443488234	4.2629055205314464e-11	0.10195343058990392	0.881984475884504
OGG1_multinomial_train_fold1.50	0.037127697170952295	2.347e-321	0.011813129123122386	0.0841536553053389	0.8669055184005864
OGG1_multinomial_train_fold1.51	0.03781663282553744	0.012453939504832874	0.027816705364414242	0.11266770767784015	0.8092450146273752
UNG_multinomial_train_fold1.44	0.05111776254231335	0.013480221802502551	2.1766486910960235e-133	0.771922350078096	0.16347966557708823
OGG1_multinomial_train_fold1.52	0.06482388517483832	3.147e-321	1.2842210160170821e-15	0.09593779758575051	0.8392383172394099
RNF168_multinomial_train_fold1	0.8769885576380257	0.06333898409094459	0.038251923501733974	7.196110972155773e-73	0.02142053476929567
RNF168_multinomial_train_fold1.1	0.8623355946473801	0.07072297142381716	1.695e-321	0.06694143392880283	1.107e-321
RNF168_multinomial_train_fold1.2	0.8628182008118572	0.038206508870243266	0.06799024449661116	1.512754962691412e-08	0.030985030693738886
RNF168_multinomial_train_fold1.3	0.9497511119271582	4.3510085890485264e-23	0.01163665166307548	0.03861223640976625	9.002747316834733e-207
RNF168_multinomial_train_fold1.4	0.8608951345825822	0.0648223281387346	8.117193007969525e-262	0.07428253727868322	1.245e-321
RNF168_multinomial_train_fold1.5	0.8752378704957563	2.3846139726102805e-180	0.03025593944492562	0.08353416239646443	0.010972027662853535
RNF168_multinomial_train_fold1.6	0.8783726947839381	0.0608481288705931	4.1124646926276106e-37	0.031111056224573275	0.02966812012089557
RNF168_multinomial_train_fold1.7	0.8049729594866377	0.08122878108196535	0.06674164754369898	0.038948244911020766	0.008108366976677344
RNF168_multinomial_train_fold1.8	0.9671857474109019	0.023519100476104796	1.273314093609962e-222	3.7626467456480775e-120	0.00929515211299337
RNF168_multinomial_train_fold1.9	0.9853156282204963	8.750651607612718e-125	1.5292186873332048e-138	0.01060431194504778	0.004080059834455936
RNF168_multinomial_train_fold1.10	0.8350259564057904	0.09222856983977903	4.7375848064564576e-98	0.023359775671094634	0.04938569808333594
RNF168_multinomial_train_fold1.11	0.7887168679651135	0.04983153156727381	1.119499374434385e-65	0.12680996324113125	0.03464163722648135
RNF168_multinomial_train_fold1.12	0.8799754676928666	0.06409988494916848	0.01336705273481615	0.026123844240128084	0.016433750383020765
