Samples	SBS96A	SBS96B	SBS96C	SBS96D	SBS96E
ATP2B4_real_train_fold1	0.1506197122600592	1.423e-321	0.5281770171645971	0.16473583650804968	0.15646743406729396
ATP2B4_real_train_fold1.1	0.07824828687456635	0.04888353217535358	0.6284778202791689	0.04707397618115048	0.19731638448976077
MLH1_real_train_fold1	7.426458369122842e-110	0.9088834537680833	1.9374057245103047e-305	0.09084371558386849	0.00027283064804809446
MSH2_real_train_fold1	1.467e-321	0.9168163739564481	1.15e-321	0.08318362604355195	1.18e-321
MSH6_real_train_fold1	1.947e-321	0.9669035437910953	1.19763898e-315	0.012185872147640782	0.02091058406126387
MSH6_real_train_fold1.1	1.976e-321	0.9460093623455399	0.03671186137246631	0.016357322568475306	0.0009214537135184755
MSH6_real_train_fold1.2	3.053e-321	0.971094467651339	2.4923989084711582e-248	0.028841475079004055	6.40572696569877e-05
OGG1_real_train_fold1	5.640412556400819e-06	5.868733710333925e-257	0.18948256327140575	0.0737688822273103	0.7367429140887277
PMS1_real_train_fold1	0.05495406644739008	0.2127471749059251	0.2903562898888549	0.36569580111446454	0.07624666764336531
PMS2_real_train_fold1	0.41709437181340914	0.5730852489835923	1.833e-321	3e-322	0.00982037920299864
RNF168_real_train_fold1	0.8436023169656092	0.0014007666067248662	0.0635246688507575	0.04932684573140909	0.04214540184549927
UNG_real_train_fold1	0.06323747013133309	6.642399589010517e-185	0.09392259028410012	0.7702708101654685	0.0725691294190983
ATP2B4_dirichlet_train_fold1	0.14130269149286637	1.09e-321	0.5199244701893571	0.14421743191723352	0.19455540640054295
ATP2B4_dirichlet_train_fold1.1	0.2336635096819427	0.036038424483842674	0.6678291964840946	2.3587058969089484e-296	0.0624688693501201
ATP2B4_dirichlet_train_fold1.2	2.05e-321	0.15672455913041794	0.7806136539353615	0.034309414187747744	0.028352372746472652
ATP2B4_dirichlet_train_fold1.3	0.2115277804376932	2.955e-321	0.45581806893298404	0.2475866984390898	0.08506745219023303
ATP2B4_dirichlet_train_fold1.4	0.08635908841100376	1.75e-321	0.9136409115889963	6.955627149480769e-86	3.2473591304831993e-253
ATP2B4_dirichlet_train_fold1.5	0.24312876060871147	2.1290704285976414e-169	0.7568712393912886	4.489590227083641e-262	2.5e-322
ATP2B4_dirichlet_train_fold1.6	1.675e-321	0.15716033612435665	0.4490562480771886	0.28133605099461684	0.11244736480383792
ATP2B4_dirichlet_train_fold1.7	0.16027399438485446	5.43e-322	0.7716249774241782	2.0569065161807514e-201	0.06810102819096746
ATP2B4_dirichlet_train_fold1.8	0.19588084731331132	0.008118078477588326	0.21944609562193246	0.1583960787248744	0.4181588998622936
ATP2B4_dirichlet_train_fold1.9	9.04e-322	0.03214590010857859	0.8493774755678086	0.11847662432361283	1.531520377536425e-187
ATP2B4_dirichlet_train_fold1.10	1.665e-321	0.1994495938734184	0.3457918275154198	0.35480653999156186	0.09995203861959993
ATP2B4_dirichlet_train_fold1.11	0.04881961548820202	2.204e-321	0.32778712017481243	0.2643404773841225	0.35905278695286313
ATP2B4_dirichlet_train_fold1.12	0.32423113683951993	0.019738526325694502	8.811318118705883e-81	0.3109922208072708	0.3450381160275148
ATP2B4_dirichlet_train_fold1.13	0.1050995831151532	0.20947028778802826	0.12038445500209914	0.22999354825978496	0.3350521258349345
ATP2B4_dirichlet_train_fold1.14	0.41328480087786756	3.113e-321	0.24342413900147417	0.16463283348305485	0.17865822663760345
ATP2B4_dirichlet_train_fold1.15	0.09461553997605739	1.186e-321	0.026119923381075997	0.44523414065989353	0.4340303959829731
ATP2B4_dirichlet_train_fold1.16	5.096469715083733e-114	0.09946267457437136	0.679431639917933	0.22110568550769572	1.3469809020172058e-108
ATP2B4_dirichlet_train_fold1.17	0.25514448202880274	9.83e-322	0.34566928187059864	0.21149181717041238	0.18769441893018632
ATP2B4_dirichlet_train_fold1.18	0.5636346444089104	6.2e-322	0.16815958788514934	4.985524749480862e-07	0.2682052691534653
ATP2B4_dirichlet_train_fold1.19	5.8e-322	2.28e-321	1.0	4.15e-322	2.57e-322
ATP2B4_dirichlet_train_fold1.20	0.23579204880625954	8.7e-322	0.498289143586903	0.1766436393177363	0.08927516828910126
ATP2B4_dirichlet_train_fold1.21	0.3966250055053197	2.16e-321	0.0002763709962149321	0.060152892338867545	0.5429457311595978
ATP2B4_dirichlet_train_fold1.22	0.13743556205688057	0.07412136550605576	0.11436043196915635	0.3248233120881979	0.3492593283797094
ATP2B4_dirichlet_train_fold1.23	0.08461357286963207	6.5e-322	0.24618265937886152	0.3798773809219219	0.2893263868295845
ATP2B4_dirichlet_train_fold1.24	0.03744240694561022	4.5e-322	0.5263432762921271	0.4362143167622628	8.187140210990132e-124
ATP2B4_dirichlet_train_fold1.25	0.19883768867065954	0.1265927819064291	0.2853013286462402	0.04799160107389926	0.3412765997027719
ATP2B4_dirichlet_train_fold1.26	0.3015353066768325	6.97e-322	0.19069910689886577	0.14286846152618266	0.3648971248981192
ATP2B4_dirichlet_train_fold1.27	2.164e-321	0.11957259336397498	0.3423933183205289	0.3049391713464069	0.23309491696908918
ATP2B4_dirichlet_train_fold1.28	0.058546088835424	0.08676838857439977	0.44338975538458303	0.26101468517262455	0.15028108203296853
ATP2B4_dirichlet_train_fold1.29	0.2546836080884772	2.39e-321	0.6478322128438805	3.9678894432581536e-34	0.0974841790676424
ATP2B4_dirichlet_train_fold1.30	0.06185499334751704	0.18959023825348628	0.25112538080601216	0.17062033162793624	0.3268090559650484
ATP2B4_dirichlet_train_fold1.31	0.18360838264945126	0.060077810644209646	0.3625470416775177	0.2237699179145846	0.16999684711423677
ATP2B4_dirichlet_train_fold1.32	0.2415212758580897	0.08493676170632723	0.2631573927813594	0.07431899301235355	0.3360655766418702
ATP2B4_dirichlet_train_fold1.33	0.09198423351463718	1.56e-321	0.8407771151610904	1.8738956986111222e-101	0.06723865132427248
ATP2B4_dirichlet_train_fold1.34	4.6389865146979027e-116	0.1551558630309286	0.18925705073355387	0.2564431449734663	0.3991439412620512
ATP2B4_dirichlet_train_fold1.35	1.334e-321	0.2508736859742293	0.6783796060306181	0.033089359971146606	0.037657348024005936
ATP2B4_dirichlet_train_fold1.36	0.3240100802838878	1.62e-321	0.6759892234929508	6.962231614187776e-07	3.637224747123145e-22
ATP2B4_dirichlet_train_fold1.37	0.1851260099165259	0.17355007377617843	0.3203604791388654	1.3422167977723943e-86	0.32096343716843023
ATP2B4_dirichlet_train_fold1.38	1.3280358788123795e-139	0.034070973596621354	0.9659290264033786	3.84702766398613e-126	4.268823977639839e-176
ATP2B4_dirichlet_train_fold1.39	0.40181655717032483	9.3e-322	0.257844066578319	0.1361310600681219	0.20420831618323415
ATP2B4_dirichlet_train_fold1.40	0.3085290550604516	1.314e-321	0.1404876312618012	0.2001486060882991	0.35083470758944824
ATP2B4_dirichlet_train_fold1.41	5.4e-322	4.25e-322	1.0	2.87e-322	1.0564931664934291e-79
ATP2B4_dirichlet_train_fold1.42	0.1234862651742872	8.45e-322	0.3748492583445857	0.31412948970466087	0.18753498677646616
ATP2B4_dirichlet_train_fold1.43	0.1992604413528457	1.87e-321	0.8007395586471542	6.335862935729932e-154	2.77e-322
ATP2B4_dirichlet_train_fold1.44	0.10501257056212988	5.03780805084637e-27	0.30486362448467336	0.18783182954757516	0.40229197540562156
ATP2B4_dirichlet_train_fold1.45	0.2997001649876634	2.574e-321	0.06902923663110903	0.15240524521299523	0.4788653531682323
ATP2B4_dirichlet_train_fold1.46	3.8633295447902855e-197	0.044534422721013205	0.86350974050839	9.24e-322	0.09195583677059672
ATP2B4_dirichlet_train_fold1.47	0.11050559286636508	0.02630895481685212	0.5369685127152629	0.08974353847310217	0.23647340112841775
ATP2B4_dirichlet_train_fold1.48	0.26794734661577596	5.63e-322	0.17440207589881374	0.26869887217320987	0.2889517053122004
ATP2B4_dirichlet_train_fold1.49	0.20355362512773129	2.86e-321	0.28499495063336044	0.12648992466965475	0.38496149956925363
ATP2B4_dirichlet_train_fold1.50	0.2578133020242868	1.52e-321	0.5017324364540579	0.16573443893857612	0.07471982258307931
ATP2B4_dirichlet_train_fold1.51	0.060376921517385836	0.010962797820659165	0.735174616027175	3.035910119290369e-131	0.1934856646347799
ATP2B4_dirichlet_train_fold1.52	0.05648934135501524	0.16310930389152029	0.1442498140667409	0.17066716920645134	0.46548437148027233
ATP2B4_dirichlet_train_fold1.53	0.11198538232761245	0.19282800265515984	0.23387636299269773	0.11327973506495573	0.3480305169595742
ATP2B4_dirichlet_train_fold1.54	0.05704307001215263	0.10709513091621167	0.3829923801505065	0.06036718786385236	0.392502231057277
ATP2B4_dirichlet_train_fold1.55	2.095e-321	1.32e-321	0.80185041962738	0.19814958037262012	4.348171895653151e-78
ATP2B4_dirichlet_train_fold1.56	0.17961526574679249	0.07194715466038576	0.12332758731527707	2.1697231238132086e-118	0.6251099922775447
ATP2B4_dirichlet_train_fold1.57	0.172389325829832	0.02379804672751738	0.8010746155598677	0.002738011882783017	3.6578874059824544e-126
ATP2B4_dirichlet_train_fold1.58	1.0127388054126533e-134	0.06664108129528167	0.8168598364691126	3.754916265251099e-170	0.11649908223560565
ATP2B4_dirichlet_train_fold1.59	0.09681537688963604	1.126e-321	0.8876439349800835	0.015540688130280434	4.5911378957155e-311
ATP2B4_dirichlet_train_fold1.60	0.1607109544429042	4.6545111861523e-311	0.2896921679060552	0.11987714806292012	0.42971972958812044
ATP2B4_dirichlet_train_fold1.61	0.10247806556222895	9.63e-322	0.7997834363076953	0.013014121993555599	0.08472437613652023
ATP2B4_dirichlet_train_fold1.62	4.460587230087654e-139	0.0032810296293743586	0.6576420208413783	3.0773944541126605e-84	0.3390769495292473
ATP2B4_dirichlet_train_fold1.63	0.1692214237393028	0.0493959323740654	0.7779702672181508	0.0034123766684808895	2.2e-322
ATP2B4_dirichlet_train_fold1.64	0.2486887202335792	1.8836815767141897e-101	0.6048697567615906	0.05972522888556718	0.08671629411926302
ATP2B4_dirichlet_train_fold1.65	0.13432960905686178	4.556806256276749e-181	0.8083076694392917	0.057362721503846595	2.6504613138638248e-129
ATP2B4_dirichlet_train_fold1.66	0.3157982668064563	1.24e-321	0.3630448353313471	0.12185564905086275	0.19930124881133376
ATP2B4_dirichlet_train_fold1.67	0.050117556722081555	1.235e-321	0.6759938426648476	0.14612886281704576	0.1277597377960251
ATP2B4_dirichlet_train_fold1.68	0.01622063302224739	5.395238553784289e-232	0.48065595562485464	0.4399630390286042	0.06316037232429378
ATP2B4_dirichlet_train_fold1.69	0.19613544618544795	1.080777610707412e-245	0.5179970563871814	0.17477803887276713	0.1110894585546034
ATP2B4_dirichlet_train_fold1.70	2.29e-321	2.663e-321	0.7303163582592495	0.151375090989311	0.11830855075143966
ATP2B4_dirichlet_train_fold1.71	3.178672957471488e-296	1.645e-321	0.509258714479544	0.17062824423765194	0.32011304128280416
ATP2B4_dirichlet_train_fold1.72	0.261575628095233	6.013934878587461e-275	0.28035862732312844	0.2297511238719528	0.2283146207096858
ATP2B4_dirichlet_train_fold1.73	1.9677736503703932e-293	0.08158200339537781	0.7695847149371704	2.818225369119192e-87	0.1488332816674518
ATP2B4_dirichlet_train_fold1.74	0.08160571567606399	1.156e-321	0.7654128969343486	0.0684852177876822	0.08449616960190524
ATP2B4_dirichlet_train_fold1.75	0.1727877990238789	0.1421741471557186	0.6719366508429165	2.5063778448659444e-52	0.013101402977486
ATP2B4_dirichlet_train_fold1.76	0.16615123244772545	8.848315398879966e-186	0.8089861913453696	0.02486257620690499	1.8e-322
ATP2B4_dirichlet_train_fold1.77	3.1495776457363754e-21	8e-322	0.9173503237373791	0.08264967626262083	7.504639784140394e-191
ATP2B4_dirichlet_train_fold1.78	0.3596035846228635	5.319311905118621e-247	0.43178859753407983	0.06289954474773878	0.1457082730953179
ATP2B4_dirichlet_train_fold1.79	0.4783459160343221	0.013446778587114653	0.15193523865457892	0.02844386945666258	0.3278281972673218
ATP2B4_dirichlet_train_fold1.80	0.13762663141128662	4.64e-322	0.6473136898883539	0.21014669948082923	0.004912979219530193
ATP2B4_dirichlet_train_fold1.81	0.01594143907265411	0.049780031144117734	0.7187865439595759	1.9876118817748807e-72	0.21549198582365223
ATP2B4_dirichlet_train_fold1.82	0.23608169213906866	9.54e-322	0.5265895454018767	0.13834835598702147	0.09898040647203335
ATP2B4_dirichlet_train_fold1.83	0.06365322195694313	0.034162572396743085	0.8538047904054331	0.048379415240880644	3.5e-322
ATP2B4_dirichlet_train_fold1.84	0.31156634199950806	3.881189852333236e-45	0.2098437702629604	0.037647090483531744	0.44094279725399965
ATP2B4_dirichlet_train_fold1.85	0.32761480340405613	0.09846795599090823	0.2704973174136397	0.12349707856218012	0.17992284462921598
ATP2B4_dirichlet_train_fold1.86	0.14882712144948182	1.7589563444708792e-141	0.6322270046624341	0.14723915457366413	0.07170671931441999
ATP2B4_dirichlet_train_fold1.87	0.19436038956768087	1.75e-321	0.5643960093068812	0.004846464945259176	0.23639713618017869
ATP2B4_dirichlet_train_fold1.88	1.413e-321	1.7415305586859981e-301	0.832499470365837	0.167500529634163	2e-322
ATP2B4_dirichlet_train_fold1.89	2.134282379004812e-147	0.038023022162794115	0.46016685077251607	0.12123564211486391	0.3805744849498259
ATP2B4_dirichlet_train_fold1.90	0.054074320479042995	0.07279755738171317	0.5887495033802457	0.0016982265379627038	0.2826803922210354
ATP2B4_dirichlet_train_fold1.91	8.540289634254641e-268	0.1321273946899886	0.37062655332359407	0.19231001116409752	0.30493604082231973
ATP2B4_dirichlet_train_fold1.92	0.1199474589699586	5.179131921738683e-294	0.6592032707270395	0.1886371797205237	0.03221209058247825
ATP2B4_dirichlet_train_fold1.93	0.2395672351827579	9.44e-322	0.5182175219144719	1.7822525611847542e-108	0.2422152429027702
ATP2B4_dirichlet_train_fold1.94	2.35e-321	0.14918867158047275	0.7523707523368238	0.09844057608270336	4.1e-322
ATP2B4_dirichlet_train_fold1.95	1.208035708982165e-249	8.15e-322	0.2720136104177534	0.47754832488764265	0.2504380646946039
ATP2B4_dirichlet_train_fold1.96	0.3161448715135242	2.67e-322	0.18861740982126676	0.2958479914251091	0.19938972724009996
ATP2B4_dirichlet_train_fold1.97	2.31e-321	0.08952917141536051	0.8873710757034157	0.023099752881223866	4.15e-322
MSH2_dirichlet_train_fold1	8.7e-322	0.9197651887973722	0.07773702521622144	0.0024977859864062767	4.25e-322
MSH6_dirichlet_train_fold1	1.275e-321	0.9284389124533896	7.6e-322	0.07156108754661042	1.2394825076029264e-204
PMS1_dirichlet_train_fold1	1.5323172245836672e-218	0.36183335496642793	0.12317084994696531	0.4535010883731183	0.06149470671348849
MLH1_dirichlet_train_fold1	0.00297690966734257	0.9970230813151878	2.54e-321	9.017469506241145e-09	9.54e-322
PMS2_dirichlet_train_fold1	0.34808145405948104	0.651918545940519	1.754e-321	3.26e-322	1.196e-321
MSH2_dirichlet_train_fold1.1	0.02198742200302091	0.7783049676818679	0.03865756564964187	0.1610500446654694	4.7e-322
PMS1_dirichlet_train_fold1.1	0.012110241853977926	0.3072422597367296	0.0016918377854092592	0.5080416198306918	0.17091404079319153
MLH1_dirichlet_train_fold1.1	0.019616762351675844	0.8218250444234325	6.006379945757432e-212	0.14163419113699216	0.016924002087899435
MSH6_dirichlet_train_fold1.1	0.06939326158952472	0.7758561211054784	7.876398359880142e-67	0.1547506173049968	4.005097583401702e-86
MSH6_dirichlet_train_fold1.2	1.3e-321	0.9724946826877993	0.0028716921544726074	0.024633625157728198	3.46e-322
MSH6_dirichlet_train_fold1.3	3.093e-321	0.9865750259726089	3.53e-321	1.52e-321	0.013424974027391127
MSH6_dirichlet_train_fold1.4	0.04223346825293712	0.7958835010344816	0.04362639218587598	1.37e-321	0.1182566385267054
MSH6_dirichlet_train_fold1.5	1.9410369661354583e-105	0.9990949537378516	1.0065140932627489e-267	4.64e-322	0.0009050462621483302
MSH6_dirichlet_train_fold1.6	5.8789633933075605e-83	0.8123475533057104	1.265e-321	0.16270569795024134	0.024946748744048272
MSH2_dirichlet_train_fold1.2	1.225e-321	0.8401111594994353	1.35e-321	0.15988884050056487	5.7e-322
MSH2_dirichlet_train_fold1.3	1.527e-321	0.7841285856711137	8.4e-322	0.20869765944733673	0.007173754881549735
MLH1_dirichlet_train_fold1.2	0.25968120267665135	0.7403187973233487	8.6e-322	4.872275593770086e-118	6.7e-322
MSH2_dirichlet_train_fold1.4	0.06674917582999493	0.933250824170005	6.2e-322	7.906684160767113e-304	7.9e-322
MSH6_dirichlet_train_fold1.7	0.09782501544159528	0.8675185599129919	5.83e-322	5.6e-322	0.034656424645412715
MSH6_dirichlet_train_fold1.8	3.270526853881455e-30	0.9673312011571611	0.012855772262627222	5.7e-322	0.01981302658021165
PMS2_dirichlet_train_fold1.1	0.5208565477687933	0.4540054531026514	8.05e-322	2.9e-322	0.02513799912855517
MLH1_dirichlet_train_fold1.3	0.10128798549308697	0.7082591104880596	0.02278929587422636	0.1676636081446271	1.7184710514065673e-81
PMS1_dirichlet_train_fold1.2	1.635e-321	0.26565788313979405	0.20311991907294769	0.4280733591079158	0.1031488386793425
MSH6_dirichlet_train_fold1.9	1.665e-321	0.8004482046480195	0.19955179535198048	1.29e-321	5e-322
MSH6_dirichlet_train_fold1.10	1.06e-321	0.9645131645154589	1.285e-321	4.9e-322	0.03548683548454115
MSH6_dirichlet_train_fold1.11	1.0304285226859275e-10	0.9456615599331863	1.374e-321	0.043249283547168164	0.011089156416602583
MLH1_dirichlet_train_fold1.4	5.273331550163694e-301	0.946804923857288	0.025831948257824165	4.109865661608178e-55	0.02736312788488779
MSH6_dirichlet_train_fold1.12	2.6e-321	0.8846007072425623	0.04362024401500008	0.02275456771933961	0.049024481023098004
PMS1_dirichlet_train_fold1.3	0.15757270016639083	0.28196245759252603	0.49830430158889205	0.03717198657794925	0.024988554074241897
MSH6_dirichlet_train_fold1.13	0.025068470776703752	0.8553029776016193	8.6e-322	0.08131911048476158	0.03830944113691535
MSH6_dirichlet_train_fold1.14	1.14e-321	0.9677371443964515	9.04e-322	0.021258558580339867	0.011004297023208624
PMS2_dirichlet_train_fold1.2	0.32312253473047275	0.6313533327464196	6.7e-322	3.6e-322	0.0455241325231077
MSH6_dirichlet_train_fold1.15	1.49e-321	0.7580794134837215	0.0050411144984251754	0.22755577569099827	0.009323696326855015
MSH2_dirichlet_train_fold1.5	6.349967672831732e-87	0.9868300266893049	1.722605331617434e-73	0.008017716246268899	0.005152257064426266
PMS1_dirichlet_train_fold1.4	0.007731991746934789	0.31449038105438665	0.26379428503961855	0.30219892513781677	0.11178441702124314
MSH2_dirichlet_train_fold1.6	1.087e-321	0.808756630452765	1.93e-322	0.19124336954723495	2.4e-322
PMS1_dirichlet_train_fold1.5	0.4700837526480578	0.010307323800580298	2.4365776485193703e-69	0.3367646263488657	0.1828442972024962
MSH6_dirichlet_train_fold1.16	4.693935292932761e-132	0.9999999828164412	2.79e-321	1.5802368e-316	1.7183558733230853e-08
PMS1_dirichlet_train_fold1.6	1.32e-321	0.18205953559129678	0.5177151191430354	0.3002253452656679	6.47e-322
PMS1_dirichlet_train_fold1.7	0.2913680039157004	0.1703996392368147	0.2790097604157878	0.15632598470074327	0.1028966117309539
MSH6_dirichlet_train_fold1.17	1.2401723288550472e-153	0.9642082445666962	1.245e-321	9.44e-322	0.03579175543330379
PMS2_dirichlet_train_fold1.3	0.44456817672582644	0.5554318232741735	2.77e-322	2.7e-322	3.06e-322
MSH6_dirichlet_train_fold1.18	2.213e-321	0.8611954124853622	0.10848139105363493	1.95e-321	0.030323196461002896
MSH6_dirichlet_train_fold1.19	1.013e-321	1.0	1.146e-321	2.182445638040246e-84	1.51e-321
MSH6_dirichlet_train_fold1.20	0.041601011705567494	0.9583989882944325	4.818939799577417e-206	7.473760213614432e-165	6.485173083888289e-200
MSH6_dirichlet_train_fold1.21	0.015341653011979144	0.9830261820426013	7e-322	0.0016321649454195287	1.83e-321
PMS1_dirichlet_train_fold1.8	1.5074222723100154e-78	0.3488252640180228	0.3949544472841231	0.2501306033739051	0.006089685323949188
PMS2_dirichlet_train_fold1.4	0.39447050653869886	0.6055294934613011	5.3e-322	7.4e-322	2.9e-322
MSH6_dirichlet_train_fold1.22	2.055e-321	0.9391286049375497	0.04147463223199155	3.864138780195125e-18	0.019396762830458728
MSH6_dirichlet_train_fold1.23	0.13529174187763632	0.7736277647662764	2.6e-322	0.09108049335608738	0.0
MSH6_dirichlet_train_fold1.24	2.025343295976122e-37	1.0	2.08e-321	2.18e-321	1.96e-321
PMS2_dirichlet_train_fold1.5	0.6423799443367662	0.3576200556632337	2.87e-322	8.8e-322	0.0
MSH2_dirichlet_train_fold1.7	1.126e-321	0.787268896961422	4e-322	0.21273110303857792	2.47e-322
MLH1_dirichlet_train_fold1.5	3.844e-321	0.8227804644669525	0.045403589687222586	0.12530158182103543	0.006514364024789353
PMS1_dirichlet_train_fold1.9	0.26973417455452453	8.622383635468961e-130	6.7e-322	0.322801798625748	0.4074640268197276
MSH6_dirichlet_train_fold1.25	9.9e-322	0.7438749462678398	5.1e-322	0.13288035497588999	0.12324469875627009
MSH2_dirichlet_train_fold1.8	1.86e-321	0.8646020132425621	1.393e-321	0.1353979867574379	2.9e-322
PMS1_dirichlet_train_fold1.10	0.168803574217409	0.19850457819555	0.36985098436955455	0.24597003940403264	0.016870823813453787
MSH6_dirichlet_train_fold1.26	1.46e-321	1.0	3.1e-322	1.51e-321	4.1e-322
MLH1_dirichlet_train_fold1.6	1.2740078245e-314	0.9873941900863489	9.378401501237163e-236	5.933598170207529e-215	0.012605809913651206
MLH1_dirichlet_train_fold1.7	0.1719292846793571	0.8046454993111674	2.9e-322	0.02342521600947553	3.56e-322
MSH6_dirichlet_train_fold1.27	0.09402160166893467	0.8297669760984678	7.842975389765045e-302	0.07621142223259748	4.74e-322
MLH1_dirichlet_train_fold1.8	0.263778743480521	0.7362212565194789	3.06e-322	1.08e-321	3.5e-322
MLH1_dirichlet_train_fold1.9	0.04343160540256952	0.8367444516377246	9.63e-322	0.119823942959706	8.05e-322
MSH6_dirichlet_train_fold1.28	1.75e-321	0.9811137888256585	2.9e-322	0.018886211174341513	3.85e-322
MSH6_dirichlet_train_fold1.29	3.393446683112624e-200	0.7819392399481607	0.15369463570290054	1.927e-321	0.0643661243489386
MSH2_dirichlet_train_fold1.9	1.9299114472271574e-127	0.9069146284692874	1.04e-321	0.08940817407898154	0.0036771974517310875
PMS2_dirichlet_train_fold1.6	0.2965798814053601	0.5887997342407559	0.11462038435388394	2.03e-321	2.4e-322
MSH6_dirichlet_train_fold1.30	3.043e-321	0.838094919037582	0.08638048820678071	0.06321877047286387	0.012305822282773236
MSH6_dirichlet_train_fold1.31	2.76e-321	0.9915518238240396	7.5e-322	4.25e-322	0.00844817617596039
PMS2_dirichlet_train_fold1.7	0.29399995021340564	0.6494851012272288	1.714e-321	3.2e-322	0.05651494855936569
MSH6_dirichlet_train_fold1.32	8.94e-322	0.9719947482156737	1.12e-321	8.2e-322	0.02800525178432628
MLH1_dirichlet_train_fold1.10	0.2999257836123718	0.6981643761271592	3.046901704154229e-274	0.0019098402604689375	2.61e-321
PMS2_dirichlet_train_fold1.8	0.49764798648148	0.4314407804692853	8.4e-322	2.6e-322	0.07091123304923475
MLH1_dirichlet_train_fold1.11	6.337701092335111e-276	0.8967778253222974	6.7e-322	0.09987943795560533	0.003342736722097387
MSH6_dirichlet_train_fold1.33	0.017251648114522927	0.982748351885477	4e-322	1.5282294758096209e-57	5.3e-322
PMS1_dirichlet_train_fold1.11	0.0283524852854877	0.21123825062059284	0.2135400321838215	0.4965129685597237	0.05035626335037409
PMS2_dirichlet_train_fold1.9	0.4629952667593431	0.4892838583995487	0.04772087484110827	6.97e-322	3.8465109392433816e-83
PMS1_dirichlet_train_fold1.12	0.12312774349821211	0.507820484705007	0.19446219383628144	0.10584306720860878	0.06874651075189069
PMS1_dirichlet_train_fold1.13	3.5524723582176944e-119	0.23154196426120058	0.5737541117133399	0.1947039240254595	1.4253527078096212e-106
PMS1_dirichlet_train_fold1.14	0.26636302130589345	1.63e-321	1.0894118191408295e-125	0.4678223363804557	0.26581464231365104
MSH6_dirichlet_train_fold1.34	1.334e-321	0.7764936059641733	0.06598500107117913	0.15752139296464773	4.097795695611971e-171
MSH6_dirichlet_train_fold1.35	9.8e-322	0.7878174418816057	6.720890276768231e-12	0.12207670047634105	0.09010585763533237
MSH6_dirichlet_train_fold1.36	0.061476881689034854	0.8820556935746366	0.038798696162068144	0.017668728574260304	3.6504364930242065e-33
MSH6_dirichlet_train_fold1.37	0.05673649739000777	0.9166254839866002	0.026638018623242936	1.4908290884430343e-13	9.576022851011447e-206
MSH6_dirichlet_train_fold1.38	7.8989459889430775e-106	0.9553375034023368	0.008987088308145456	0.03567540828951765	1.3e-321
MLH1_dirichlet_train_fold1.12	0.07959032191535154	0.7280192557875208	1.087e-321	0.19239042229712777	3.3e-322
MSH6_dirichlet_train_fold1.39	4.1748637587114707e-75	0.9484271164509345	0.05157288354906559	1.0967969401364816e-142	8.55e-322
PMS1_dirichlet_train_fold1.15	1.156e-321	0.1761813559694428	0.33311009619879256	0.4884938373918948	0.0022147104398698796
MSH6_dirichlet_train_fold1.40	2.955e-321	0.8152132190847445	2.293464743315419e-104	0.1842093383188753	0.000577442596380063
PMS1_dirichlet_train_fold1.16	0.013093017713959923	0.30036650090511285	0.1364116495062824	0.28509501616685035	0.26503381570779444
MSH6_dirichlet_train_fold1.41	6.2e-322	0.9359269630879296	1.23e-321	0.06407303691207054	3.16e-322
MLH1_dirichlet_train_fold1.13	0.19849093763868228	0.7509490216210708	0.005043385536803279	0.04551665520344347	3.8e-322
OGG1_dirichlet_train_fold1	0.004513387335839951	3.84e-321	0.014660512514494647	0.1030320897094449	0.8777940104402205
UNG_dirichlet_train_fold1	2.239279226926621e-208	0.024190120676386474	0.2889229099453372	0.6868869693782764	4.1e-322
OGG1_dirichlet_train_fold1.1	0.07680343002215398	2.31e-321	1.5820142552816026e-215	0.17643327364431188	0.7467632963335343
OGG1_dirichlet_train_fold1.2	4.3772660368557494e-41	0.0013934740537220765	0.14333276156934333	0.06264541224641526	0.7926283521305193
UNG_dirichlet_train_fold1.1	0.18647819276081953	7.693347538645e-312	1.42e-321	0.6510771602240554	0.16244464701512518
OGG1_dirichlet_train_fold1.3	1.2081964520056083e-58	9.176494101984852e-162	6.37e-322	0.11539092730067571	0.8846090726993243
UNG_dirichlet_train_fold1.2	0.24487268639636522	5.8e-322	2.4e-322	0.6133559035959013	0.14177141000773338
UNG_dirichlet_train_fold1.3	0.025944799639928302	3.30584197785426e-273	1.818941833446419e-50	0.8633873255444795	0.11066787481559201
OGG1_dirichlet_train_fold1.4	0.14334176783590635	0.012380068811622532	0.015565838994515826	0.07591333767004535	0.7527989866879098
UNG_dirichlet_train_fold1.4	0.16758049508111234	5.43e-322	0.20782389781225133	0.6245956071066365	5.63e-322
UNG_dirichlet_train_fold1.5	0.13562982166714954	7.46e-322	0.009034300506980186	0.7139474695438549	0.14138840828201538
UNG_dirichlet_train_fold1.6	0.11685837284370929	1.88e-321	0.25051619476665155	0.6326254323896392	4.114873161307695e-163
OGG1_dirichlet_train_fold1.5	3.4747225872447665e-147	2.594e-321	0.24330967844993617	0.008027132342425247	0.7486631892076385
OGG1_dirichlet_train_fold1.6	0.04229303856837693	3.923e-321	0.4050012781219194	1.1557634852163142e-133	0.5527056833097036
UNG_dirichlet_train_fold1.7	0.036266618050895094	0.02498036919025745	0.194819820536477	0.6450741994212303	0.09885899280114015
UNG_dirichlet_train_fold1.8	0.08999152443851549	1.05e-321	5.4e-322	0.7545187093088213	0.15548976625266336
OGG1_dirichlet_train_fold1.7	0.10206181339873394	2.235616485635066e-301	0.10194643501091274	0.1465391754473815	0.6494525761429719
UNG_dirichlet_train_fold1.9	0.10689409553346332	2.2e-321	0.15993418067273923	0.6767784032576155	0.056393320536181894
UNG_dirichlet_train_fold1.10	1.34451379417836e-248	0.024204569848037167	0.055277700512038466	0.859189517708154	0.06132821193177019
OGG1_dirichlet_train_fold1.8	2.6368007087795885e-150	0.06428762762337453	0.29643164008203937	1.7563966213580424e-106	0.6392807322945862
OGG1_dirichlet_train_fold1.9	2.274871529149338e-240	2.945e-321	0.504994680537812	1.8462847877290806e-56	0.4950053194621881
UNG_dirichlet_train_fold1.11	0.005102622563214764	0.11700146573683855	0.21766663200657949	0.5953306744476968	0.06489860524567014
UNG_dirichlet_train_fold1.12	0.07717728468272	0.004783242949159453	0.08354349470640628	0.776919113547269	0.057576864114445514
OGG1_dirichlet_train_fold1.10	0.12139720324967031	1.986e-321	5.63e-322	0.026488305333369135	0.8521144914169607
OGG1_dirichlet_train_fold1.11	0.18547318395368226	1.546e-321	9.750294279280796e-164	0.05894484533008194	0.7555819707162358
UNG_dirichlet_train_fold1.13	0.0684620369932161	0.022566619557813663	0.0032105493670599216	0.7901239188436674	0.11563687523824276
OGG1_dirichlet_train_fold1.12	1.76e-321	3.2e-321	0.1486639192120643	4.157962907620801e-24	0.8513360807879358
OGG1_dirichlet_train_fold1.13	2.233e-321	7.471176485231877e-67	0.2687773568043591	3.269225818992895e-153	0.7312226431956409
OGG1_dirichlet_train_fold1.14	0.1584216018640287	1.665e-321	0.004176355806821251	0.12330103741959492	0.7141010049095551
OGG1_dirichlet_train_fold1.15	0.028337682143995097	0.15907455002487916	0.3496914541188712	1.586e-321	0.4628963137122545
UNG_dirichlet_train_fold1.14	2.45e-321	0.009431817294817587	4.94e-322	0.8925951215634684	0.09797306114171397
OGG1_dirichlet_train_fold1.16	3.0166761034533296e-71	0.1002904783301541	3.5733424157212167e-165	0.03161088045569289	0.8680986412141529
UNG_dirichlet_train_fold1.15	0.138964131999489	0.07069533088959357	6.47e-322	0.5916774151022417	0.19866312200867567
OGG1_dirichlet_train_fold1.17	0.21426382882178713	1.724e-321	0.08241012542912983	0.011821912705188817	0.6915041330438942
UNG_dirichlet_train_fold1.16	0.11212435001046578	0.10016894815803781	1.82331393124891e-83	0.5883045436369364	0.1994021581945601
OGG1_dirichlet_train_fold1.18	1.596e-321	3.004e-321	4.3e-322	0.030702887778453074	0.9692971122215469
UNG_dirichlet_train_fold1.17	9.5e-322	0.02331058542638622	8.2e-322	0.9211361215870748	0.05555329298653894
UNG_dirichlet_train_fold1.18	0.18074241492686544	8.8e-322	9.159741033993664e-186	0.6603078224884413	0.15894976258469332
UNG_dirichlet_train_fold1.19	0.21107727987876074	1.28e-321	5.241879759546097e-68	0.7431606321046771	0.045762088016562195
OGG1_dirichlet_train_fold1.19	4.691459765087789e-274	0.02087873478805904	0.28528580530901104	0.020231443557404194	0.6736040163455259
OGG1_dirichlet_train_fold1.20	1.324e-321	7e-322	0.8706535979369474	8.35e-322	0.1293464020630526
UNG_dirichlet_train_fold1.20	0.19616300337954495	2e-321	9.04e-322	0.754868910141062	0.048968086479392915
UNG_dirichlet_train_fold1.21	1.3842409214138942e-270	0.027689610742099604	0.16687007786106264	0.8054403113968376	2.1e-322
OGG1_dirichlet_train_fold1.21	0.15514653857063507	0.015213988808150355	5.248446878701764e-264	0.05621775010099109	0.7734217225202235
OGG1_dirichlet_train_fold1.22	0.09751724396683434	0.07789595356031448	0.2643055513416828	0.06581505300406856	0.4944661981270999
OGG1_dirichlet_train_fold1.23	0.0009360895520675656	2.05e-321	0.21538719688780347	0.16918495691082733	0.6144917566493016
OGG1_dirichlet_train_fold1.24	0.01719638393648042	8.950557530632242e-80	0.3513383816734777	1.49e-321	0.631465234390042
OGG1_dirichlet_train_fold1.25	2.184e-321	0.12045595045548442	0.1881956578010812	0.03212205598103768	0.6592263357623968
UNG_dirichlet_train_fold1.22	2.159873346649226e-263	2.05e-321	0.30084607267941155	0.6991539273205885	5.53e-322
OGG1_dirichlet_train_fold1.26	0.0766271170282636	5.726037721425359e-247	1.4925181659553867e-113	0.026613597546473935	0.8967592854252625
OGG1_dirichlet_train_fold1.27	0.15642724111645614	0.008140685811484548	0.15518064625405395	2.0254897365263329e-175	0.6802514268180055
OGG1_dirichlet_train_fold1.28	0.0664730173471617	0.0388569961149905	0.08524232197059028	0.02490797944265509	0.7845196851246025
OGG1_dirichlet_train_fold1.29	1.5187110945179244e-163	2.396e-321	0.06125059287365587	0.1203709215531932	0.8183784855731511
UNG_dirichlet_train_fold1.23	0.030074191884470105	2.02e-321	0.17386076483159724	0.7838893152279668	0.012175728055965854
OGG1_dirichlet_train_fold1.30	1.0138698891239938e-58	0.006316865180920822	0.1716876317013764	0.16960008978639443	0.6523954133313086
OGG1_dirichlet_train_fold1.31	4.4707706482736305e-17	0.022072921595937562	5.452378785166812e-61	0.10971531374950745	0.868211764654555
UNG_dirichlet_train_fold1.24	0.1640844765237438	1.225e-321	0.3127386662271966	0.5231768572490596	4.2e-322
UNG_dirichlet_train_fold1.25	0.3769404120897158	0.08191673022701401	1.66e-321	0.5072496206953168	0.03389323698795317
OGG1_dirichlet_train_fold1.32	0.0905402772752887	2.8715820763067477e-290	4.3157948975295285e-308	1.0828601500496659e-70	0.9094597227247113
UNG_dirichlet_train_fold1.26	0.060717187650717305	5.1e-322	0.09453029461060605	0.802565780858268	0.04218673688040864
UNG_dirichlet_train_fold1.27	0.07906237540608789	0.15506786678070034	0.18588472428184225	0.5799850335313694	9.101912365362129e-150
OGG1_dirichlet_train_fold1.33	2.0614671305495023e-101	2.13e-321	0.47144559994264007	0.022805567344582684	0.5057488327127772
OGG1_dirichlet_train_fold1.34	4.257638568176595e-22	1.4415625097784694e-88	0.34331212708422976	1.6544312558246694e-63	0.6566878729157704
UNG_dirichlet_train_fold1.28	0.12993397010971078	1.576e-321	1.6929975085316485e-84	0.6887124080342106	0.18135362185607873
OGG1_dirichlet_train_fold1.35	2.7921105236125295e-12	2.727e-321	0.11639433147782711	0.07778240812789115	0.8058232603914898
UNG_dirichlet_train_fold1.29	1.423e-321	0.13309298949479	5.3e-322	0.6705389132701373	0.1963680972350727
OGG1_dirichlet_train_fold1.36	0.06197154920964359	0.05239122261141481	0.07162093653670579	0.12745689212949796	0.6865593995127378
OGG1_dirichlet_train_fold1.37	0.04466153816518979	3.03e-321	0.3269473725701372	0.032204676704743404	0.5961864125599298
OGG1_dirichlet_train_fold1.38	0.08513503410609247	1.36e-321	0.21377738127128473	0.044585399599887804	0.6565021850227349
UNG_dirichlet_train_fold1.30	1.374e-321	0.21837536109248917	0.29305722544477225	0.4885674134627387	8.299871984012803e-224
OGG1_dirichlet_train_fold1.39	1.453e-321	0.19620372223277296	0.16352190277858017	2.470182209353725e-39	0.640274374988647
OGG1_dirichlet_train_fold1.40	0.10827737902864006	0.023422099916266256	2.671948406180932e-91	0.08321235880493909	0.7850881622501545
UNG_dirichlet_train_fold1.31	0.14089869309762212	3.844051114860165e-139	4.3154242681612876e-141	0.7613074222962216	0.09779388460615636
UNG_dirichlet_train_fold1.32	0.18466526667339234	1.986e-321	7.068085497373785e-192	0.7312846615749399	0.08405007175166769
UNG_dirichlet_train_fold1.33	0.16063003449281066	5.43e-322	2.5646246736637947e-58	0.8214608181822262	0.01790914732496324
UNG_dirichlet_train_fold1.34	0.2702753429439842	7.166491024327896e-78	0.11432442015455334	0.6154002369014626	9.24e-322
UNG_dirichlet_train_fold1.35	0.20593412665965574	0.020550243193521025	0.34548315669796226	0.428032473448861	2.03e-322
UNG_dirichlet_train_fold1.36	0.12006235774501187	1.26e-321	0.5051002529305894	0.37483738932439886	1.8341916708408142e-240
UNG_dirichlet_train_fold1.37	0.22522707204455283	2.535e-321	0.29736347384453765	0.4774094541109095	5.93e-322
OGG1_dirichlet_train_fold1.41	4.2195832708731195e-210	2.09e-321	8.41020110097265e-131	0.08687130289589749	0.9131286971041025
UNG_dirichlet_train_fold1.38	0.05108330494250514	0.03527652773397427	2.9880210019908066e-12	0.8646244581491308	0.0490157091714017
OGG1_dirichlet_train_fold1.42	9.00217870648705e-219	1.665e-321	9.377496993508729e-197	0.1792350808604378	0.8207649191395623
OGG1_dirichlet_train_fold1.43	0.2731870661694242	7.4e-322	3.063169945155399e-57	0.11956087350707456	0.6072520603235012
UNG_dirichlet_train_fold1.39	0.2294496753447824	2.15e-321	1.023e-321	0.7509343636582253	0.019615960996992206
OGG1_dirichlet_train_fold1.44	0.12190373796065272	6.9e-322	0.34487648769839396	0.04897668699444672	0.4842430873465067
OGG1_dirichlet_train_fold1.45	0.010687098256831569	0.06988187595811624	0.13237111391656226	0.0006502712091527282	0.7864096406593373
OGG1_dirichlet_train_fold1.46	3.0742801166250284e-184	1.6700627455524322e-147	0.08395315913618136	0.2615870056616012	0.6544598352022174
UNG_dirichlet_train_fold1.40	0.1600995964335982	0.1915226359448304	0.47528012332123626	0.17309764430033517	2.4e-322
OGG1_dirichlet_train_fold1.47	2.349818062338853e-188	2.574e-321	4.2e-322	6.050668721349866e-204	1.0
OGG1_dirichlet_train_fold1.48	0.07418160925246178	4.277188996926771e-123	0.12836153185334284	0.10247111553070824	0.6949857433634871
OGG1_dirichlet_train_fold1.49	0.06347773037809339	8.204818649197174e-154	0.18812839657668926	0.011162115473956229	0.7372317575712611
OGG1_dirichlet_train_fold1.50	0.00044150312568707196	2.816e-321	0.2843711672396268	3.7651292653813084e-166	0.715187329634686
UNG_dirichlet_train_fold1.41	0.18542043886458806	1.3367949499196036e-295	1.344e-321	0.814579561135412	1.863e-321
OGG1_dirichlet_train_fold1.51	0.18400608054116008	1.8e-321	0.00611727890199608	0.07882343138603842	0.7310532091708054
UNG_dirichlet_train_fold1.42	0.0361358357900376	2.4e-322	0.22530453670287495	0.7385596275070873	9.47592120032705e-310
OGG1_dirichlet_train_fold1.52	0.1557609395516634	1.03e-321	0.3456313860006771	0.02722287101242985	0.4713848034352297
UNG_dirichlet_train_fold1.43	2.317e-321	0.11878391715727528	0.12422882645858073	0.5533887560909851	0.20359850029315882
UNG_dirichlet_train_fold1.44	2.48e-321	0.003122299145343848	0.3527270159268049	0.6441506849278513	2.57e-322
RNF168_dirichlet_train_fold1	0.5500611657131629	0.09116869584015676	0.3587701384466802	1.2803447679149054e-83	6.655051001802252e-264
RNF168_dirichlet_train_fold1.1	0.6958176745211898	5.844947695053635e-169	0.2940068665799353	0.01017545889887487	1.1e-322
RNF168_dirichlet_train_fold1.2	0.6930954422382425	2.653e-321	0.1611354701727452	0.14576908758901247	1.294e-321
RNF168_dirichlet_train_fold1.3	0.8517339924171583	7.6e-322	1.6244105206461267e-08	0.03456572869380917	0.11370026264492725
RNF168_dirichlet_train_fold1.4	0.7966838972180159	2.181672428017404e-10	8.854645319801062e-18	0.10153688273216771	0.10177921983164914
RNF168_dirichlet_train_fold1.5	0.5788527533126219	0.05857394860529687	0.11158396130928114	0.2509893367728002	2.87e-322
RNF168_dirichlet_train_fold1.6	0.8300705199154261	2.39e-321	6.5e-322	1.126e-321	0.16992948008457404
RNF168_dirichlet_train_fold1.7	0.5427935617880906	0.0712408210317666	0.09796781570701182	0.22628931217204795	0.06170848930108318
RNF168_dirichlet_train_fold1.8	0.8390587926405475	0.0043191159341240334	9.957830485066143e-280	1.0082168893592452e-255	0.1566220914253286
RNF168_dirichlet_train_fold1.9	0.9361026546663714	9.371275393544712e-32	7.9e-322	9.465470331380263e-303	0.06389734533362852
RNF168_dirichlet_train_fold1.10	0.7210757398858954	0.09991525512178995	0.17738933321973507	1.6e-321	0.0016196717725796969
RNF168_dirichlet_train_fold1.11	0.9999999999999999	2.14e-321	8.74e-322	5.04e-322	7.541544374528255e-160
RNF168_dirichlet_train_fold1.12	0.924994716089707	1.2512472050811987e-33	2.08e-321	0.008877293467074382	0.06612799044321867
RNF168_dirichlet_train_fold1.13	0.8896573387768902	9.796187707019536e-36	3.7653105740709754e-80	0.019830466656811763	0.09051219456629807
RNF168_dirichlet_train_fold1.14	0.5098814014963553	0.2532180270042986	0.1717892373308262	0.06511133416851987	3e-322
RNF168_dirichlet_train_fold1.15	0.981176174518686	5.874082984672859e-121	1.097e-321	6.77e-322	0.01882382548131403
RNF168_dirichlet_train_fold1.16	0.47462272317801024	0.0826471252210312	0.1399894723921069	0.30274067920885167	9.5e-322
RNF168_dirichlet_train_fold1.17	0.8660809824854838	0.07026706028464375	0.06306178210251769	3.07e-321	0.0005901751273548596
RNF168_dirichlet_train_fold1.18	0.721856909163987	1.724e-321	0.22061027911948494	0.02562284287239288	0.03190996884413534
RNF168_dirichlet_train_fold1.19	0.8902903720877452	0.009281426942447244	0.052402226271413145	0.02818497678979948	0.01984099790859503
RNF168_dirichlet_train_fold1.20	0.8475624672893424	0.025680226411207256	0.10816598688269179	0.018591319416758557	1.88e-321
RNF168_dirichlet_train_fold1.21	0.6696029687063024	0.10018910946696388	0.07334000523350812	0.08938551097303933	0.06748240562018618
RNF168_dirichlet_train_fold1.22	0.7299473673334711	0.0003090291861341565	0.15743622454636821	0.11230737893402651	4.6e-322
RNF168_dirichlet_train_fold1.23	0.9503011888735602	2.48e-321	1.7e-321	2.61e-321	0.049698811126439944
RNF168_dirichlet_train_fold1.24	1.0	1.764e-321	9.04e-322	8.35e-322	3.9002333991490703e-19
RNF168_dirichlet_train_fold1.25	0.6735511939796001	2.465e-321	0.1425409893568704	0.18390781666352957	7.504023241640358e-135
RNF168_dirichlet_train_fold1.26	0.9449164133557655	0.030114461127896428	0.011308939257426473	9.070236180311424e-09	0.01366017718867553
RNF168_dirichlet_train_fold1.27	0.9354510134224303	0.03689465935720914	6.6e-322	4.1070837620043307e-305	0.027654327220360524
RNF168_dirichlet_train_fold1.28	0.8361882588101729	1.3259954826632804e-111	0.0715871436164086	0.028879917871447208	0.06334467970197141
RNF168_dirichlet_train_fold1.29	0.6119221633555133	0.29744513694827335	7.819920721838749e-219	9.979661731557814e-154	0.09063269969621322
