Samples	SBS96A	SBS96B	SBS96C	SBS96D	SBS96E
EXO1_0_real_train1	0.05963453173080067	0.09890770942380657	0.5857677773432228	0.025485973723324017	0.23020400777884592
OGG1_0_real_train1	0.82231582849888	0.0844550812933033	0.011267614738859136	0.06037107893133653	0.021590396537621136
RNF168_0_real_train1	0.08778620534015208	0.1464899217655375	0.5783807393208953	0.007687188449457682	0.17965594512395763
UNG_0_real_train1	0.1155612318639892	0.26445701455975856	0.08334178017194706	8.942567646600214e-225	0.536639973404305
ATP2B4_0_real_train1	0.2647213945256512	0.41043870817153694	0.15768336314451226	0.011067574249410463	0.15608895990888913
ATP2B4_1_real_train1	0.32736489030966903	0.5192842385534148	0.03234975487111403	0.12100111626580218	5.461657266817627e-96
MLH1_0_real_train1	0.0063518288264929335	4.518064231096522e-135	9.658353389326264e-214	0.8073662646839508	0.18628190648955623
MSH2_0_real_train1	0.0009457614608068696	0.06162218174364623	4.13e-321	0.7623973253278898	0.17503473146765716
MSH6_0_real_train1	0.011489775583176617	0.02809984973438605	0.00921901032218059	0.8194096395807353	0.13178172477952124
MSH6_1_real_train1	0.027607597048070302	0.0004246286218942362	0.020430158677074352	0.8333851079849259	0.11815250766803516
PMS1_0_real_train1	0.16640025971067313	0.4976667466042807	2.827249727023256e-301	0.16046244445447255	0.1754705492305736
PMS2_0_real_train1	0.02818682492513557	0.024995948593033335	0.5134070791156502	0.43341014736618083	1.22e-321
EXO1_0_multinomial_train1	0.0836805636391457	0.05220434941999592	0.6165745486271528	0.011695670598513393	0.2358448677151921
RNF168_0_multinomial_train1	0.086021299962733	0.20781970612275877	0.5417776070150625	0.005204987663866315	0.15917639923557925
RNF168_0_multinomial_train1.1	0.096604820469583	0.20814905132608036	0.5813133533777315	1.4e-321	0.11393277482660531
EXO1_0_multinomial_train1.1	0.07573106631129664	0.06635324723375302	0.5767740965885506	0.08979091230656555	0.19135067755983426
RNF168_0_multinomial_train1.2	0.08497309577411395	0.22274642212762039	0.5656761891198957	0.058241082481188006	0.0683632104971818
RNF168_0_multinomial_train1.3	0.09110074049137688	0.1537944108647961	0.5057716293386264	0.03378103892390737	0.2155521803812932
RNF168_0_multinomial_train1.4	0.10745012579391755	0.1834628622271281	0.5283526992164596	0.043940402388633476	0.13679391037386127
RNF168_0_multinomial_train1.5	0.016584783444468596	0.22467944716425747	0.5650165516486885	2.18e-321	0.19371921774258544
RNF168_0_multinomial_train1.6	0.1018193976701889	0.11880774417064895	0.5300129223046467	1.4134412655121767e-286	0.24935993585451532
RNF168_0_multinomial_train1.7	0.06286193208187184	0.10833639645080925	0.5904627168506149	0.019635399998249144	0.218703554618455
RNF168_0_multinomial_train1.8	0.13060396872977298	0.1066561716874179	0.6109430297507399	0.008611897211679355	0.14318493262038992
EXO1_0_multinomial_train1.2	0.02753202801475747	0.15987982737128054	0.5788143822113143	0.010973092484722648	0.22280066991792497
EXO1_0_multinomial_train1.3	0.09524670761294017	0.025496735358422732	0.6379512172998655	0.047950370816874095	0.19335496891189738
RNF168_0_multinomial_train1.9	0.07179171375465483	0.14731354502135918	0.6090500325878694	3.014e-321	0.17184470863611667
EXO1_0_multinomial_train1.4	0.05432871986689724	0.10539917846757571	0.5897274648901488	0.002761121625944817	0.24778351514943348
EXO1_0_multinomial_train1.5	0.06649378331257799	0.08752808533809649	0.5805949265195643	0.03348608692289433	0.23189711790686673
EXO1_0_multinomial_train1.6	0.056763002460820736	0.09444945368679013	0.5911154770282341	8.93712651813207e-92	0.257672066824155
EXO1_0_multinomial_train1.7	0.07252906233829243	0.054081144937397886	0.5889833689684606	0.028783506039073103	0.2556229177167761
EXO1_0_multinomial_train1.8	0.05396188751609181	0.1304935026252534	0.5238979658187848	0.025319277489181984	0.2663273665506879
RNF168_0_multinomial_train1.10	0.16610908583837722	0.06779019100853104	0.5206455802235113	8.53493149072625e-208	0.24545514292958062
EXO1_0_multinomial_train1.9	0.045427839554862515	0.07072973315158564	0.6474688528088366	0.05700453818941336	0.17936903629530185
RNF168_0_multinomial_train1.11	0.03989835043544368	0.17601974458790456	0.5548687425276095	0.014688992491763466	0.21452416995727872
RNF168_0_multinomial_train1.12	0.08204287574976789	0.1611000655314546	0.5717100780320049	0.05797570822047729	0.12717127246629523
EXO1_0_multinomial_train1.10	0.04077618078868799	0.09105074938995422	0.5973516830326584	0.02888786370447141	0.24193352308422822
EXO1_0_multinomial_train1.11	0.06562136325355472	0.07848514044354914	0.5599966843321136	0.03758376504793781	0.2583130469228447
RNF168_0_multinomial_train1.13	0.08126378950276224	0.0711535239799802	0.5725734678504507	0.16257605190724878	0.11243316675955803
RNF168_0_multinomial_train1.14	0.08769721762429365	0.17472553632751417	0.5509141540264777	0.02633053655194026	0.1603325554697742
RNF168_0_multinomial_train1.15	0.0796947502435734	0.07351064854417425	0.5803077956729006	0.027769255932305077	0.23871754960704672
RNF168_0_multinomial_train1.16	0.10464621883026444	0.16222125309177357	0.5448040973264794	0.021065665828715892	0.16726276492276682
EXO1_0_multinomial_train1.12	0.08835898987712879	0.09042073949262013	0.6065242934890854	0.003884587135961369	0.21081139000520438
RNF168_0_multinomial_train1.17	0.07175971594671143	0.19603865528628242	0.5104444492599276	0.031148894143106613	0.19060828536397198
EXO1_0_multinomial_train1.13	0.08494692661440614	0.09034095611812043	0.5818522295609919	0.0062701916299553575	0.23658969607652613
RNF168_0_multinomial_train1.18	0.11252402755067523	0.20417156909290538	0.5450430887227014	5.774139693975943e-306	0.13826131463371802
EXO1_0_multinomial_train1.14	0.07386111496039437	0.06907052204779154	0.5827287218121403	0.02265664231605464	0.2516829988636192
RNF168_0_multinomial_train1.19	0.08654430568213943	0.07927482627569953	0.6554633049006959	0.0221390031853476	0.15657855995611747
RNF168_0_multinomial_train1.20	0.024742334081548245	0.13013610691544514	0.5977785488004435	1.0080260007662063e-120	0.24734301020256316
EXO1_0_multinomial_train1.15	0.06025817885499224	0.09783777207113578	0.5741356110510952	0.022961222602671697	0.24480721542010503
RNF168_0_multinomial_train1.21	0.12778706180141391	0.10299102216685704	0.551013387398375	0.009225847833955641	0.20898268079939838
RNF168_0_multinomial_train1.22	0.09746545133145403	0.1891495126834134	0.4692392946984365	0.04092265245726504	0.20322308882943096
EXO1_0_multinomial_train1.16	0.043012862515570356	0.1052282188816385	0.554964473854505	0.01994608732642098	0.27684835742186525
EXO1_0_multinomial_train1.17	0.04563241710162872	0.10001969677327166	0.6045593506481051	0.026901855424111144	0.22288668005288334
RNF168_0_multinomial_train1.23	0.09198818234042627	0.07070175053631822	0.6398309818167559	9.218519860696929e-06	0.19746986678663891
EXO1_0_multinomial_train1.18	0.048664853018371985	0.1211482917307195	0.5323266260233683	0.031234591057049853	0.26662563817049034
RNF168_0_multinomial_train1.24	0.05569235350819072	0.1721226272602682	0.6392079725836214	0.00020959024984143598	0.13276745639807846
RNF168_0_multinomial_train1.25	0.05410275267818316	0.20394009378453087	0.5841579633126839	0.006234880727934058	0.15156430949666821
RNF168_0_multinomial_train1.26	0.05526922556645314	0.12572157007256501	0.6131952007421174	2.816e-321	0.20581400361886432
RNF168_0_multinomial_train1.27	0.1293812136557623	0.21796640033218345	0.4759392930358357	0.001759805030238129	0.1749532879459804
RNF168_0_multinomial_train1.28	0.05979248082407987	0.14074957132738164	0.6046095290102973	0.024272351135867936	0.1705760677023732
EXO1_0_multinomial_train1.19	0.03943705425390452	0.13047491640216585	0.5503546583967409	0.05524354831593289	0.2244898226312559
RNF168_0_multinomial_train1.29	0.05185502749373223	0.1401105405758245	0.5845204285812218	0.020882680492867813	0.2026313228563536
EXO1_0_multinomial_train1.20	0.06279899505793553	0.10793578249887009	0.568102958606745	0.026088491199132303	0.23507377263731727
RNF168_0_multinomial_train1.30	0.0847162158437965	0.15649275337691004	0.590415783430094	0.00423892378162273	0.1641363235675766
RNF168_0_multinomial_train1.31	0.06528471377065957	0.1799349169330309	0.5604546975664499	0.023179574582110122	0.17114609714774953
RNF168_0_multinomial_train1.32	0.08255898963330142	0.13661051278625858	0.6218247975309688	0.014480761281557989	0.14452493876791317
RNF168_0_multinomial_train1.33	0.056383717159282025	0.24251756132496696	0.5194965917647725	1.023e-321	0.18160212975097859
EXO1_0_multinomial_train1.21	0.06434313438715122	0.06520059976932413	0.5946345698725236	8.19660237952161e-181	0.27582169597100104
RNF168_0_multinomial_train1.34	0.08468112095696183	0.0830487801587251	0.6955633409003318	7.26e-322	0.13670675798398124
EXO1_0_multinomial_train1.22	0.06496993349977405	0.07816241263898997	0.6111113302299465	0.034552836792147955	0.2112034868391416
EXO1_0_multinomial_train1.23	0.057984670407906634	0.11729977160666398	0.5781558926650062	0.005216077125345936	0.24134358819507717
RNF168_0_multinomial_train1.35	0.08900245016011853	0.11841378181925911	0.5341532003082587	2.372287042175144e-136	0.2584305677123635
RNF168_0_multinomial_train1.36	0.08138661467677248	0.20435210672939053	0.5549815935933773	0.002382586430713801	0.15689709856974599
EXO1_0_multinomial_train1.24	0.06340748871335461	0.13584333148922417	0.6136154286590811	0.02097588869362398	0.1661578624447159
RNF168_0_multinomial_train1.37	0.060984464087614584	0.16103045652524123	0.5731521985790275	7.115677893443573e-269	0.2048328808081167
EXO1_0_multinomial_train1.25	0.07330694131710398	0.11221552731921793	0.5490711899097246	0.0493560263279788	0.21605031512597467
RNF168_0_multinomial_train1.38	0.09349823843410354	0.1550259725193528	0.6439546219630158	4.7207063246e-314	0.107521167083528
EXO1_0_multinomial_train1.26	0.03911237656531311	0.11135583381838546	0.6127886362221123	0.03368712949559942	0.20305602389858968
EXO1_0_multinomial_train1.27	0.04534257807154583	0.12788345129330592	0.6021891450120364	0.0021716221214976893	0.2224132035016144
EXO1_0_multinomial_train1.28	0.04759706200291948	0.11930123487865021	0.5959976455258947	0.00408225259338406	0.23302180499915154
EXO1_0_multinomial_train1.29	0.06034216255935619	0.11443172124432328	0.5981972899340557	0.007883271329357854	0.21914555493290677
EXO1_0_multinomial_train1.30	0.03256179620007292	0.1441883581320589	0.5883159073000221	2.559846089786413e-49	0.2349339383678461
RNF168_0_multinomial_train1.39	0.11608245849632479	2.31e-321	0.5749388436634967	2.15488406398728e-268	0.30897869784017845
RNF168_0_multinomial_train1.40	0.13571731047537033	0.18959407429793756	0.5523935925506078	1.1780288286139088e-304	0.12229502267608426
EXO1_0_multinomial_train1.31	0.04754338699505283	0.10653074522817134	0.5614248856575749	0.04547102645213416	0.23902995566706678
EXO1_0_multinomial_train1.32	0.07164803744302777	0.08208174579393183	0.5870119514421006	0.04136356543273304	0.2178946998882068
EXO1_0_multinomial_train1.33	0.0736200178373954	0.06464964163031407	0.6028902965689987	0.0262669342607163	0.23257310970257544
RNF168_0_multinomial_train1.41	0.08863723892903358	0.1509558814582211	0.6265477510513251	2.095e-321	0.13385912856142043
RNF168_0_multinomial_train1.42	0.0815577844902941	0.14888649780862578	0.6267967784375177	1.1989926596424682e-61	0.14275893926356237
EXO1_0_multinomial_train1.34	0.06466713195043718	0.08494296190920855	0.5873690422950694	0.02124778587314777	0.2417730779721372
RNF168_0_multinomial_train1.43	0.09272702725022677	0.16868190006511966	0.5482760507317361	1.947e-321	0.19031502195291755
EXO1_0_multinomial_train1.35	0.07160766379917423	0.12830480136285088	0.566702591361937	0.005530078043417787	0.22785486543262012
EXO1_0_multinomial_train1.36	0.053509303550809545	0.09598570679669143	0.5756066526349443	0.005572297778978288	0.2693260392385767
RNF168_0_multinomial_train1.44	0.09988908354890036	0.17775926286139923	0.5773052528399515	2.895e-321	0.14504640074974903
EXO1_0_multinomial_train1.37	0.07192625374447754	0.045186904545434135	0.5993839465451093	0.015001638314399653	0.2685012568505794
RNF168_0_multinomial_train1.45	0.07932271423854836	0.20169248603533613	0.5610328513139815	2.68e-321	0.15795194841213395
RNF168_0_multinomial_train1.46	0.09603653600709161	0.1045564011240951	0.6236279170963905	1.881651723015056e-172	0.17577914577242262
RNF168_0_multinomial_train1.47	0.029890780936385575	0.2140097585010359	0.596816988888867	0.013407940556772987	0.14587453111693854
RNF168_0_multinomial_train1.48	0.02042629391956687	0.2565773372540476	0.5692769765384305	2.2e-321	0.153719392287955
RNF168_0_multinomial_train1.49	0.098157123556944	0.13754510097432826	0.5377178369696254	0.01909704953733061	0.20748288896177164
RNF168_0_multinomial_train1.50	0.0772699928289989	0.10854161316571165	0.5463015673933521	0.027018472379101304	0.24086835423283603
EXO1_0_multinomial_train1.38	0.08618146787168321	0.08462294063876645	0.6163508779229012	0.005471302349678926	0.2073734112169704
RNF168_0_multinomial_train1.51	0.05077782425921987	0.20960294254253103	0.5751939248102482	0.018515957289137183	0.14590935109886358
RNF168_0_multinomial_train1.52	0.09208335948486235	0.09459688005996214	0.5359273660203924	0.08107154848288547	0.19632084595189764
EXO1_0_multinomial_train1.39	0.08286655669924294	0.06485359655208807	0.5403698048461538	0.05351168375935022	0.2583983581431649
EXO1_0_multinomial_train1.40	0.07733771600752293	0.07758434504149563	0.5716769354583421	0.04322850000420109	0.2301725034884383
RNF168_0_multinomial_train1.53	0.10818948395943787	0.16364658496211132	0.5718940089605506	0.005034500813395141	0.15123542130450482
EXO1_0_multinomial_train1.41	0.0191056421055345	0.14681186717072583	0.5698908366673913	0.05722819593163472	0.20696345812471365
EXO1_0_multinomial_train1.42	0.041253615245408104	0.1437036107757432	0.587783357394898	0.0023386909631494153	0.2249207256208014
RNF168_0_multinomial_train1.54	0.11814392484614185	0.19818948189399854	0.5150226813996986	1.374e-321	0.16864391186016092
OGG1_0_multinomial_train1	0.8190872746311357	0.12777023558716777	8.925570712227891e-86	0.02248074371306337	0.030661746068633335
UNG_0_multinomial_train1	0.11168770482974624	0.20384623458726805	0.013048826866383548	0.049418967961360236	0.6219982657552421
UNG_0_multinomial_train1.1	0.15149163715779024	0.29071724146037814	0.06612858354924556	0.014769880220336911	0.4768926576122491
UNG_0_multinomial_train1.2	0.13476464989876363	0.2400968368342701	0.08496107603618039	1.784e-321	0.5401774372307859
OGG1_0_multinomial_train1.1	0.8071462979007055	0.07185582749700992	0.00277948240670102	0.10403607288110445	0.014182319314479204
UNG_0_multinomial_train1.3	0.13705111534668782	0.2073375811704069	0.1497136275411351	0.019584965472188458	0.4863127104695818
OGG1_0_multinomial_train1.2	0.8517424883166842	5.42053407682274e-265	0.010847286210743363	0.10141932410231191	0.03599090137026046
OGG1_0_multinomial_train1.3	0.8824010584352584	0.016869597295967948	0.026023776330379507	0.054236644408260794	0.020468923530133257
UNG_0_multinomial_train1.4	0.10363271906109116	0.3516221369589701	0.025168508372523293	1.81e-321	0.5195766356074154
UNG_0_multinomial_train1.5	0.09148053294778381	0.25283261872116863	0.09411851375251802	8.35e-322	0.5615683345785294
OGG1_0_multinomial_train1.4	0.9232493333163495	1.0014592822125666e-119	3.67e-321	0.0749556375520223	0.0017950291316283565
OGG1_0_multinomial_train1.5	0.8592052527035227	1.0244131164244815e-155	0.016149940428090828	0.12464480686838647	1.892529430366361e-70
UNG_0_multinomial_train1.6	0.1256027103904985	0.08386817696072514	0.11983160315545563	2.647388447041449e-172	0.6706975094933209
UNG_0_multinomial_train1.7	0.23650279589052461	0.1669664363351228	0.050059053767012834	0.06218196280212976	0.48428975120521
UNG_0_multinomial_train1.8	0.07872357719098297	0.34257939820721367	1.4945763695580845e-185	1.12e-321	0.5786970246018033
OGG1_0_multinomial_train1.6	0.856954027121943	0.010730247870940063	2.270940615313071e-173	0.07567966088684033	0.05663606412027677
UNG_0_multinomial_train1.9	0.10022589861894733	0.2615868911332521	0.10427645592234623	7.591190267864843e-15	0.5339107543254467
OGG1_0_multinomial_train1.7	0.8458036432241992	0.08991975150592899	3.957222468765255e-10	0.058676144332320206	0.005600460541829352
UNG_0_multinomial_train1.10	0.06898967797218875	0.38674412406574343	0.06850411004085541	5.43e-322	0.47576208792121244
OGG1_0_multinomial_train1.8	0.7661999784693696	0.0511982785703921	0.09011140925549913	2.76e-321	0.09249033370473926
UNG_0_multinomial_train1.11	0.10385135747307771	0.359623349050981	0.05117952583377688	1.917e-321	0.48534576764216464
OGG1_0_multinomial_train1.9	0.8377298129855447	0.09204832428061284	4.2787753557380254e-103	0.06427024956447695	0.0059516131693656705
OGG1_0_multinomial_train1.10	0.8117943383034545	0.13252301407520042	2.28e-321	0.05568264762134502	1.0105170450463148e-76
OGG1_0_multinomial_train1.11	0.8958479199510692	1.4907121877982337e-21	0.002535474013739507	0.1016166060351913	1.48151246148273e-21
UNG_0_multinomial_train1.12	0.05283496425415376	0.2802296502800663	0.12817475121132724	7.76e-322	0.5387606342544528
UNG_0_multinomial_train1.13	0.11006537403918493	0.2749125514187272	0.06706200015615237	1.596e-321	0.5479600743859356
UNG_0_multinomial_train1.14	0.05684659005919674	0.2863572065822585	0.11134934340714334	2.124e-321	0.5454468599514015
OGG1_0_multinomial_train1.12	0.884473268379246	1.8740780815768326e-199	0.012063709539216885	0.07512254214754487	0.02834047993399213
OGG1_0_multinomial_train1.13	0.8031358943267481	0.10013706078628498	5.524e-321	0.03740297040223322	0.05932407448473375
UNG_0_multinomial_train1.15	0.11211900598345595	0.3657520428710303	1.979513954180161e-44	0.017979032076363845	0.5041499190691499
UNG_0_multinomial_train1.16	0.1677147646094892	0.24099186890170005	0.07213705272764334	2.204e-321	0.5191563137611674
UNG_0_multinomial_train1.17	0.15376118523292945	0.19587234156282105	0.06786132681955671	1.107e-321	0.5825051463846928
OGG1_0_multinomial_train1.14	0.8327803612281012	0.11710463082522207	5.403771091458933e-91	0.05011500794667662	1.38e-321
UNG_0_multinomial_train1.18	0.06851914953201682	0.43303726269142423	0.0028458050796270505	6.419886232025767e-187	0.495597782696932
OGG1_0_multinomial_train1.15	0.7738693450931748	0.12331488750643134	0.038259130428746964	0.06455663697164686	4.509239819604753e-59
UNG_0_multinomial_train1.19	0.11532859427542926	0.31511214324926534	0.046715410205156155	0.026791052498824873	0.49605279977132444
OGG1_0_multinomial_train1.16	0.8176237063454246	0.07046932105428476	0.01037755833250788	0.04730865437209039	0.054220759895692326
UNG_0_multinomial_train1.20	0.11697927724014937	0.25835970850435075	0.05942350570978317	1.3070226603063131e-30	0.5652375085457167
UNG_0_multinomial_train1.21	0.12877286991623826	0.2116267563125567	0.10325076621538537	0.05143676621989623	0.5049128413359234
OGG1_0_multinomial_train1.17	0.874138864500973	0.008608662145976885	9.519956742765183e-58	0.09671842759856444	0.02053404575448579
UNG_0_multinomial_train1.22	0.061420658732066924	0.3855165991205584	1.2313942796036382e-174	1.3286127e-317	0.5530627421473746
UNG_0_multinomial_train1.23	0.03289922324979207	0.46196504072999856	0.011070286289159448	0.00809957847387284	0.48596587125717716
UNG_0_multinomial_train1.24	0.13160686764623558	0.2568887504116394	0.07413016576635183	5.347949839628732e-100	0.5373742161757732
OGG1_0_multinomial_train1.18	0.7830424315832624	0.1445312162920019	0.01584473366654996	0.023004471157831444	0.0335771473003544
UNG_0_multinomial_train1.25	0.13002774515015192	0.34552644622868134	0.09918834906658787	8.45e-322	0.42525745955457883
OGG1_0_multinomial_train1.19	0.8206974871172914	0.05154534275223584	0.014104596798977888	0.0956523719920598	0.018000201339435182
UNG_0_multinomial_train1.26	0.08302678718217883	0.27080611538628513	1.0554469698948729e-191	0.09889061497136305	0.547276482460173
OGG1_0_multinomial_train1.20	0.7627578559724218	0.13219183078432614	0.04000410449860577	0.06504620874464626	8.228011408892979e-227
UNG_0_multinomial_train1.27	0.09591198905058691	0.36229933726476427	0.10137753758569688	1.245e-321	0.440411136098952
OGG1_0_multinomial_train1.21	0.7021737635416637	0.2348323803784548	4.674e-321	0.06299385607988152	3.460523454344607e-129
OGG1_0_multinomial_train1.22	0.8187921603798183	0.10468124578027056	0.034482032793235806	0.004738345878133209	0.03730621516854227
UNG_0_multinomial_train1.28	0.10948253769986688	0.18176869240952895	0.08511427738047286	8.4e-322	0.6236344925101315
UNG_0_multinomial_train1.29	0.13971451632188217	0.284035546404987	0.015121430893293224	3.1226130982048715e-52	0.5611285063798377
OGG1_0_multinomial_train1.23	0.8728901426307305	0.05239453801156353	4.906e-321	0.07471531935770598	6.004101666045906e-283
OGG1_0_multinomial_train1.24	0.8352418359696924	0.05128703671728383	2.134e-321	0.11347112731302378	2.07e-321
OGG1_0_multinomial_train1.25	0.727436408437402	0.1948633915228325	0.05094774173718275	0.026752458302582806	7.479148527972442e-175
OGG1_0_multinomial_train1.26	0.828581739841177	0.14591170616225005	2.69e-321	0.02550655399657291	3e-321
UNG_0_multinomial_train1.30	0.14916489127135335	0.24802748703662778	0.00024772826412500573	4.406523696149395e-55	0.602559893427894
OGG1_0_multinomial_train1.27	0.8357161999853171	0.08533839881353783	3.584887457171345e-152	0.07894540120114527	1.0424088473722255e-240
OGG1_0_multinomial_train1.28	0.7888344708417685	0.10814906753684785	0.02286038874548976	0.06034942442757207	0.019806648448321976
UNG_0_multinomial_train1.31	0.10363107546544446	0.40206035520483296	0.045571880210783046	6.434958343664375e-74	0.4487366891189394
UNG_0_multinomial_train1.32	0.15716215064335415	0.16635861799816468	0.05499890846341087	2.465e-321	0.6214803228950704
UNG_0_multinomial_train1.33	0.08570809357552694	0.2843630263560238	0.07636540654504938	8.1e-322	0.5535634735233999
OGG1_0_multinomial_train1.29	0.7556912323741636	0.1934450420552269	0.013695073367576542	0.032281378038460096	0.0048872741645727465
OGG1_0_multinomial_train1.30	0.7892424897796061	0.11984078316794125	2.144e-321	0.09091672705245257	2.1780620380212009e-66
UNG_0_multinomial_train1.34	0.14777842178021316	0.20847722732743343	0.06460630797112592	0.01975176422778675	0.5593862786934408
OGG1_0_multinomial_train1.31	0.7963690444660455	0.12113768835619683	2.8650477635624282e-204	0.08249326717775757	2.78e-321
UNG_0_multinomial_train1.35	0.1293915208362609	0.14264965262770324	0.1564568855903875	0.03641486455839832	0.53508707638725
UNG_0_multinomial_train1.36	0.08695161696247251	0.3397500537245187	0.05502617308946535	8.4e-322	0.5182721562235434
UNG_0_multinomial_train1.37	0.07663069026801196	0.19894991452937932	0.10544627699755336	1.09e-321	0.6189731182050553
OGG1_0_multinomial_train1.32	0.800567346102904	0.030473753822596848	0.04053587905597698	0.07406831278466411	0.054354708233857955
UNG_0_multinomial_train1.38	0.10019964795339187	0.2990549870090673	0.12582022786891345	7.631424918976834e-32	0.4749251371686273
OGG1_0_multinomial_train1.33	0.753010800945233	0.17854962601533872	0.009754151041429281	0.040420571752991186	0.01826485024500792
OGG1_0_multinomial_train1.34	0.8001488250849969	0.09856618699950957	0.022542304537574144	0.042166947452059955	0.036575735925859436
OGG1_0_multinomial_train1.35	0.7945686218865499	0.12410774991302194	1.699290917164817e-57	0.08132362820042818	2.4146865040746666e-206
OGG1_0_multinomial_train1.36	0.8885015665663016	0.016101886858577996	0.01760237583292007	0.03949025019371459	0.03830392054848546
OGG1_0_multinomial_train1.37	0.8296501347072947	0.13859492477264904	9.585756392714356e-144	0.015587178024721782	0.01616776249533455
OGG1_0_multinomial_train1.38	0.8551937106832094	0.059148825206845085	3.473e-321	0.07417372849725111	0.011483735612694477
UNG_0_multinomial_train1.39	0.0799014702189184	0.32639911496438473	0.012137970335313438	0.024629127379077655	0.556932317102306
OGG1_0_multinomial_train1.39	0.7574269066053223	0.11495648225952303	1.3627998913598634e-172	0.11651156847526398	0.011105042659890787
UNG_0_multinomial_train1.40	0.04421305221258396	0.2868595640401245	0.12305595127478854	1.9998587086276813e-201	0.5458714324725029
OGG1_0_multinomial_train1.40	0.791840406825503	0.13264918221154284	9.857529400922934e-299	0.07551041096295412	1.82e-321
OGG1_0_multinomial_train1.41	0.8756055747849295	1.5318463826826247e-35	0.053507716343408236	0.026428222903766552	0.04445848596789568
UNG_0_multinomial_train1.41	0.0931102879008993	0.22428727762384076	0.1731149123632084	1.78e-321	0.5094875221120514
OGG1_0_multinomial_train1.42	0.8421510110839597	0.09483729960314172	0.001999657165818318	0.0337719512820755	0.027240080865004748
UNG_0_multinomial_train1.42	0.03622557451787338	0.33631011424975493	0.1044382805189347	1.29e-321	0.5230260307134371
OGG1_0_multinomial_train1.43	0.8322149260589713	0.08952764031455585	0.025829889468316408	0.052427544158156474	2.5825940141936896e-183
OGG1_0_multinomial_train1.44	0.7697556196797135	0.13072997347728105	0.05034118694897722	0.019982514570916755	0.02919070532311149
OGG1_0_multinomial_train1.45	0.8043689882867071	0.1625845590244055	3.7740849466798018e-298	0.03304645264562034	4.326695502222105e-11
OGG1_0_multinomial_train1.46	0.7579198167369009	0.19571064591069273	0.007596238972551032	0.033531183043331296	0.005242115336524033
UNG_0_multinomial_train1.43	0.15062468506807827	0.26284720097611397	4.66e-321	0.04109865773690817	0.5454294562188997
OGG1_0_multinomial_train1.47	0.7869669418453161	0.12922581658820087	0.039457666407935583	0.04434957515854728	1.9398822593309873e-141
OGG1_0_multinomial_train1.48	0.7765360484223953	0.1281812053193332	2.85e-321	0.06601350105315269	0.02926924520511876
OGG1_0_multinomial_train1.49	0.7877960469695258	0.13280212232893973	0.02944823247985727	0.04448364035645145	0.005469957865225793
OGG1_0_multinomial_train1.50	0.8362330191360476	0.04947321096935872	5.85e-321	0.10302009082940036	0.01127367906519331
UNG_0_multinomial_train1.44	0.15786714733800702	0.17410851749759562	0.12292256083648352	0.029979261247178427	0.5151225130807353
OGG1_0_multinomial_train1.51	0.8041586151284765	1.0513662422765098e-50	0.06881269337670584	0.07375460245796064	0.05327408903685714
OGG1_0_multinomial_train1.52	0.8658959624544053	0.025546399943997263	0.021906232303171416	0.058358169502819336	0.028293235795606587
ATP2B4_0_multinomial_train1	0.2988905301949214	0.32160831307729376	0.11070415022154885	0.10233634418106877	0.16646066232516718
ATP2B4_1_multinomial_train1	0.2776115220876388	0.5135805625452392	0.021615571922969975	0.10927675021906301	0.07791559322508909
ATP2B4_0_multinomial_train1.1	0.2308546972886023	0.45491800161986706	0.1876481830586033	7.579974917810679e-20	0.1265791180329274
ATP2B4_1_multinomial_train1.1	0.3516030692503633	0.5226342864341992	0.0637085922553926	0.05322178897091997	0.00883226308912487
ATP2B4_1_multinomial_train1.2	0.3998853273712965	0.4422566066843444	0.07016833093765108	0.08768973500670812	1.2970800518850514e-297
ATP2B4_1_multinomial_train1.3	0.1984907099875487	0.6681307492273607	0.061700436883107744	0.06504725117094577	0.006630852731037036
ATP2B4_0_multinomial_train1.2	0.2474700297047146	0.40156609928488307	0.20184801766727783	9.34e-322	0.14911585334312455
ATP2B4_1_multinomial_train1.4	0.4084909669561865	0.4701405345399148	1.83e-321	0.12136849850389887	1.3735505991427921e-213
ATP2B4_0_multinomial_train1.3	0.19758773828135484	0.4572649913721283	0.20881842488511054	1.36e-321	0.13632884546140636
ATP2B4_0_multinomial_train1.4	0.22446890357089905	0.46574809820315477	0.10420889288076567	0.015482646968526591	0.19009145837665406
ATP2B4_0_multinomial_train1.5	0.26135532087676533	0.43267425186276387	0.10589313553938388	0.0266753717271168	0.17340191999397014
ATP2B4_0_multinomial_train1.6	0.23810406473717807	0.4050362753455117	0.15829646673579975	2.7750942011947824e-62	0.19856319318151056
ATP2B4_1_multinomial_train1.5	0.46977914525823317	0.34788709186547934	0.059469812322459806	0.1228639505538277	5.853943766244879e-164
ATP2B4_0_multinomial_train1.7	0.3346026894995548	0.3673186352816762	0.09277777040348296	0.06350160830776735	0.14179929650751869
ATP2B4_1_multinomial_train1.6	0.45902732573232896	0.40444828108349234	5.915823869920619e-81	0.13652439318417864	8.4e-322
ATP2B4_1_multinomial_train1.7	0.3750356010494736	0.4618452398284407	4.244e-321	0.14622851525196215	0.016890643870123626
ATP2B4_1_multinomial_train1.8	0.24507978585720458	0.5501574956479378	1.160333604134647e-05	0.19182437885125928	0.012926736307556844
ATP2B4_1_multinomial_train1.9	0.39676715546545666	0.41579346250131344	0.08504470884761021	0.09245219708744455	0.009942476098175118
ATP2B4_1_multinomial_train1.10	0.3543403841930415	0.406048926552783	0.09111832269943916	0.14849236655473622	1.073768546635808e-251
ATP2B4_1_multinomial_train1.11	0.2984158443148383	0.5719708296715725	4.332042179351324e-40	0.12961324085432854	8.515926070875771e-08
ATP2B4_1_multinomial_train1.12	0.3023769158386026	0.5623722920875776	0.016327044092012435	0.1189237479818076	2.92457055206445e-310
ATP2B4_1_multinomial_train1.13	0.35877117740642706	0.5230701221140625	0.06059023472187814	0.057568465757632456	9.014029580961176e-224
ATP2B4_0_multinomial_train1.8	0.2265506944601453	0.43375661527859677	0.20991597963777522	0.03588192510449254	0.09389478551899015
ATP2B4_1_multinomial_train1.14	0.43464321655796223	0.3591501379781926	0.0018625494945914607	0.13043403372814671	0.07391006224110712
ATP2B4_1_multinomial_train1.15	0.3496619201771083	0.43269359244477146	0.08280616124846853	0.11534558271293174	0.019492743416720106
ATP2B4_0_multinomial_train1.9	0.29611160717692536	0.326077703568304	0.1284309544490594	0.04587413796594794	0.20350559683976324
ATP2B4_0_multinomial_train1.10	0.210276829410787	0.5346378812002981	0.14644185085294853	1.196e-321	0.10864343853596624
ATP2B4_0_multinomial_train1.11	0.20882714630953658	0.49585179011151603	0.13571546144315036	0.06897437190339424	0.09063123023240283
ATP2B4_1_multinomial_train1.16	0.4002426789967565	0.4280461910075657	2.288e-321	0.16310158037584288	0.008609549619834964
ATP2B4_0_multinomial_train1.12	0.2322656528917336	0.35451096864243314	0.24181254672897615	0.00194299405823894	0.16946783767861825
ATP2B4_0_multinomial_train1.13	0.1954515444868668	0.40806323820320967	0.22805479271422222	2.72e-321	0.1684304245957012
ATP2B4_0_multinomial_train1.14	0.26288763501414225	0.4649854265663672	0.10573569294244724	0.10143343612125653	0.06495780935578678
ATP2B4_0_multinomial_train1.15	0.24757786961495876	0.459380781703872	0.1685331798263278	6.119674128916552e-170	0.1245081688548414
ATP2B4_1_multinomial_train1.17	0.28784897778442137	0.5671780539680877	2.3987216762362735e-39	0.1338188187329774	0.01115414951451346
ATP2B4_1_multinomial_train1.18	0.4362494238329373	0.4270037512541149	0.010546410670025238	0.09721851867375832	0.028981895569164327
ATP2B4_1_multinomial_train1.19	0.42652326003943875	0.3300321010717685	0.1037203566510073	0.08665802363707573	0.05306625860070976
ATP2B4_1_multinomial_train1.20	0.33002884687217765	0.4610567819496356	0.004382765102364458	0.10617192404809536	0.09835968202772696
ATP2B4_0_multinomial_train1.16	0.2807946679578085	0.35262138337505133	0.21197537046080145	3.5723602239421463e-79	0.1546085782063386
ATP2B4_1_multinomial_train1.21	0.32457948568069184	0.47851339029765416	0.07181494920039506	0.1250921748212589	2.026e-321
ATP2B4_1_multinomial_train1.22	0.34033436388517163	0.42574671237223094	0.1526578502020483	0.06353268526311219	0.01772838827743691
ATP2B4_0_multinomial_train1.17	0.2391929863224354	0.4651477164098181	0.09754227562519502	0.012560062199667802	0.1855569594428837
ATP2B4_0_multinomial_train1.18	0.3570430678246086	0.2919941025869576	0.16210423962180692	0.04179857886848207	0.14706001109814465
ATP2B4_1_multinomial_train1.23	0.4624067589424302	0.35807571462727594	8.029287549165705e-221	0.14649744901273726	0.033020077417556574
ATP2B4_1_multinomial_train1.24	0.29391914029346433	0.5055673570139018	0.04889495098136212	0.05688712996524876	0.09473142174602309
ATP2B4_0_multinomial_train1.19	0.310840586548383	0.3719240129157213	0.11501118003546656	0.02707213484789343	0.17515208565253576
ATP2B4_1_multinomial_train1.25	0.25903785296718784	0.5438140863090661	0.04889563473400523	0.14825242598974073	1.56e-321
ATP2B4_0_multinomial_train1.20	0.2878440552363495	0.41259521001272415	0.095082050094527	0.030896234552970765	0.17358245010342863
ATP2B4_0_multinomial_train1.21	0.40692256840094876	0.2237317388881071	0.1489782605863302	0.031036090456084936	0.1893313416685289
ATP2B4_0_multinomial_train1.22	0.3250014535977608	0.29134707031687557	0.1999718309632704	3.5178854830349546e-171	0.18367964512209323
ATP2B4_0_multinomial_train1.23	0.2532298325200956	0.3760751018299552	0.212097479860263	0.025080196021425836	0.13351738976826055
ATP2B4_0_multinomial_train1.24	0.22884977945923982	0.4640154636771312	0.2001142498276407	0.0020715309430192038	0.10494897609296919
ATP2B4_1_multinomial_train1.26	0.22672511419188376	0.6779060588481808	0.0729146069535333	0.022454220006402233	7.56e-322
ATP2B4_0_multinomial_train1.25	0.3205339819282398	0.4366620933108689	0.12429599588191095	0.0742060729494969	0.04430185592948345
ATP2B4_1_multinomial_train1.27	0.36850592671695953	0.43855415023817224	0.12548579982928817	0.05479565693704599	0.012658466278534114
ATP2B4_0_multinomial_train1.26	0.2106508566012288	0.3717801900723272	0.21386715587777932	5.4e-322	0.20370179744866468
ATP2B4_1_multinomial_train1.28	0.31223595623630424	0.5351337195528207	0.0003450335153300368	0.15228529069554492	9.44e-322
ATP2B4_0_multinomial_train1.27	0.22731838347839756	0.3818391429960828	0.17127842925010728	0.0766748449025428	0.14288919937286956
ATP2B4_1_multinomial_train1.29	0.25772490997993674	0.5302765139868533	0.048568438869812124	0.16343013716339774	2.4345756809260193e-241
ATP2B4_0_multinomial_train1.28	0.2709310462002608	0.3350888321479506	0.1788091395897159	0.003702579886676343	0.2114684021753963
ATP2B4_0_multinomial_train1.29	0.3220561150785859	0.36726481466249694	0.18074766401679238	0.0027857870568573453	0.1271456191852674
ATP2B4_0_multinomial_train1.30	0.3588737083681892	0.2849844060591064	0.17373301460495588	0.019487031177764826	0.1629218397899837
ATP2B4_0_multinomial_train1.31	0.15468315223690532	0.4803853380830061	0.1536781213694546	0.05323581030158316	0.15801757800905086
ATP2B4_1_multinomial_train1.30	0.2530817022451214	0.5376039064324261	0.14161967399824715	0.06769471732420544	1.3347942572951936e-138
ATP2B4_1_multinomial_train1.31	0.3441773878825763	0.5469547260165566	0.00795734342387162	0.10091054267699548	1.01e-321
ATP2B4_1_multinomial_train1.32	0.298134777085645	0.5526401237664003	0.09342755935004603	0.05579753979790866	2.230830417986482e-50
ATP2B4_0_multinomial_train1.32	0.2623433923087169	0.33568144041119585	0.2447468880688106	2.41e-321	0.15722827921127652
ATP2B4_0_multinomial_train1.33	0.26198993357325284	0.4804983185189202	0.14813561448251567	0.02071144946731916	0.08866468395799205
ATP2B4_0_multinomial_train1.34	0.26634319185321437	0.38346975499152414	0.1435602293761088	0.013492441765588606	0.19313438201356425
ATP2B4_0_multinomial_train1.35	0.18391374002476424	0.4321298305044714	0.2333384996338673	0.023879465671953523	0.12673846416494344
ATP2B4_1_multinomial_train1.33	0.3039726846178109	0.5219667311548636	0.06256797269899453	0.07129722790734183	0.040195383620989324
ATP2B4_1_multinomial_train1.34	0.32131311550136243	0.4137956730164679	0.13081993220075663	0.12355173652974108	0.010519542751671941
ATP2B4_1_multinomial_train1.35	0.3623022074635333	0.4259546741698059	0.009210456424614452	0.15777990886102242	0.04475275308102375
ATP2B4_1_multinomial_train1.36	0.31567818629593886	0.46724659468696395	0.00020702483838925474	0.18372188370404718	0.03314631047466073
ATP2B4_0_multinomial_train1.36	0.3239127206591501	0.3182978820343199	0.1931268508236404	1.556e-321	0.1646625464828897
ATP2B4_0_multinomial_train1.37	0.2015577976136742	0.40738748332017893	0.27780191622046957	0.0009159326407475278	0.11233687020492981
ATP2B4_1_multinomial_train1.37	0.4093211211066467	0.4093595895820352	1.304e-321	0.16450753844100552	0.016811750870312614
ATP2B4_1_multinomial_train1.38	0.21583272415832197	0.6337929456386775	7.642543142564984e-197	0.15037433020300042	1.675e-321
ATP2B4_1_multinomial_train1.39	0.33678939478125663	0.44676013107324186	0.0490521683592013	0.16739830578170664	4.593618712322371e-12
ATP2B4_1_multinomial_train1.40	0.4210508453051608	0.43517996922011315	0.06183538009225994	0.08193380538246625	3.7134865022319116e-119
ATP2B4_1_multinomial_train1.41	0.3533872098685963	0.46269980623111473	0.04380757061263144	0.11642311359957577	0.023682299688081828
ATP2B4_1_multinomial_train1.42	0.4230268532038497	0.4001966458216563	0.07161891297751163	0.10515758799698229	1.245e-321
ATP2B4_0_multinomial_train1.38	0.18271209163165167	0.5497079708587032	0.07895128856911071	0.044332049873971865	0.14429659906656245
ATP2B4_0_multinomial_train1.39	0.25512496623790826	0.35665165369908336	0.17264515406838435	0.023745440258733	0.1918327857358911
ATP2B4_0_multinomial_train1.40	0.32838985138201654	0.4034882977282014	0.10925955994400639	0.02551542880463349	0.13334686214114227
ATP2B4_1_multinomial_train1.43	0.3718827275908953	0.4541680743781451	0.0032705206872327575	0.14820728321407894	0.022471394129647913
ATP2B4_0_multinomial_train1.41	0.2246807629750243	0.45257364769812514	0.15887027854441307	9.893313380405616e-78	0.16387531078243758
ATP2B4_0_multinomial_train1.42	0.3176209553469968	0.3336221827679835	0.19158488562156994	4.118652447268908e-254	0.15717197626344978
ATP2B4_0_multinomial_train1.43	0.24516946520807215	0.45180108045632694	0.1279190844002578	1.94e-321	0.17511036993534326
ATP2B4_0_multinomial_train1.44	0.21172802593998813	0.33770767683596403	0.2735982531568198	0.02949069376022833	0.14747535030699974
ATP2B4_1_multinomial_train1.44	0.35274502350947384	0.5175142508088479	0.09203918426450282	0.03770154141717397	1.5727604596353878e-15
ATP2B4_0_multinomial_train1.45	0.2967211880148818	0.3338118080132022	0.19609769335894717	0.023360608504299774	0.15000870210866907
ATP2B4_1_multinomial_train1.45	0.36701806488802774	0.4071097158266376	0.15468533323075773	0.07118688605457693	1.953904203727281e-66
ATP2B4_0_multinomial_train1.46	0.21753660861969024	0.5275490611456148	0.13692570559829886	0.03160113526270081	0.0863874893736953
ATP2B4_0_multinomial_train1.47	0.22118306405374932	0.46619014626753663	0.1437751991736326	0.05374949930427875	0.1151020912008027
ATP2B4_0_multinomial_train1.48	0.22931376283498098	0.4755015629625827	0.13894535620358267	0.0076865394897926145	0.14855277850906093
ATP2B4_1_multinomial_train1.46	0.195831544233882	0.7011923720426019	0.05134290562030333	0.05163317810321297	4.9661506113658605e-25
ATP2B4_1_multinomial_train1.47	0.25090370064425893	0.6141953070095676	0.026181217664473698	0.10871977468169962	1.69e-321
ATP2B4_1_multinomial_train1.48	0.36968543117857255	0.3831371640850162	0.08085588440252583	0.11676740944508085	0.04955411088880442
PMS1_0_multinomial_train1	0.15291696491255372	0.46901605614179587	0.025596527956496425	0.24685242996759332	0.10561802102156048
MSH6_1_multinomial_train1	0.020770468253894475	0.021807482781345224	0.046145397392489844	0.8111996984499117	0.10007695312235879
MSH6_0_multinomial_train1	0.004308212189277628	0.05212943342783065	3.6573043741584195e-110	0.8218104046405525	0.12175194974233915
MSH2_0_multinomial_train1	2.663e-321	0.07503500312535402	1.2317472530890338e-174	0.7584920068908024	0.16647298998384347
MSH6_0_multinomial_train1.1	0.02076549142230566	0.011721085153453697	8.861098644177225e-50	0.8275071784942477	0.14000624492999295
MLH1_0_multinomial_train1	0.002505747816084675	9.904992461964897e-160	0.006549686232340556	0.7767376186890955	0.21420694726247907
MSH6_1_multinomial_train1.1	0.03246636583372622	0.01054647018280844	1.3790160721429369e-33	0.8410931001454471	0.11589406383801827
MLH1_0_multinomial_train1.1	0.018298657334093846	2.194e-321	6.289943717706159e-292	0.7911919865582192	0.19050935610768685
PMS1_0_multinomial_train1.1	0.13403130584540127	0.49950625911075086	0.04256719944252892	0.14705633535289558	0.17683890024842333
