Samples	SBS96A	SBS96B	SBS96C	SBS96D	SBS96E
ATP2B4_real_train_fold1	0.34005337326138246	0.07172449596729132	0.472344187620406	0.005944014705932855	0.1099339284449873
ATP2B4_real_train_fold1.1	0.3552767783278238	0.10304110032234153	0.4113006269558719	0.09557142780149327	0.03481006659246954
EXO1_real_train_fold1	0.09482018298648125	0.6013300350099193	0.06644050170498433	0.21429859008587562	0.02311069021273935
MLH1_real_train_fold1	0.002775270019760048	0.05848651146871169	0.032740879378881704	0.2131085715727422	0.6928887675599044
MSH2_real_train_fold1	0.0020614161540049966	2.85e-321	0.06513514850259539	0.1849872347465735	0.7478162005968262
MSH6_real_train_fold1	0.0055370838599604405	0.05265115352394621	0.011698958178412742	0.14119540377005801	0.7889174006676227
MSH6_real_train_fold1.1	0.0012122019028736695	0.005342565738499546	0.07762120472052561	0.1475800973424418	0.7682439302956594
OGG1_real_train_fold1	0.8206942894796455	7.73362141996644e-41	0.09180372056389079	0.024247871060902555	0.0632541188955612
PMS1_real_train_fold1	0.14715142320493346	7.510942896587355e-256	0.5317632169292977	0.12117675018706818	0.1999086096787005
PMS2_real_train_fold1	0.0338801970548942	0.5902917259768734	2.587707117580077e-143	1.146e-321	0.3758280769682323
RNF168_real_train_fold1	0.09888019088108653	0.5405292021134649	0.11261896614841461	0.24797164085703394	1.907e-321
UNG_real_train_fold1	0.09305342470775066	8.493104626770618e-145	0.23881303612305738	0.6077070495942501	0.06042648957494176
ATP2B4_multinomial_train_fold1	0.3020553108987839	0.07506603607620715	0.45501257477692314	0.02370974111656032	0.14415633713152531
ATP2B4_multinomial_train_fold1.1	0.4650866804680591	0.05985701667948137	0.39218032225815747	0.082875980594302	1.38e-321
ATP2B4_multinomial_train_fold1.2	0.27157446706986527	0.16008248369428082	0.5067908284248982	0.045017907742526	0.016534313068429885
ATP2B4_multinomial_train_fold1.3	0.22708905984753847	0.07075542523939701	0.6359502937952836	0.034069878296847156	0.03213534282093377
ATP2B4_multinomial_train_fold1.4	0.41370297748510687	0.1636877815403066	0.33546092941463795	0.0785145582849683	0.008633753274980158
ATP2B4_multinomial_train_fold1.5	0.2823066056150482	0.1278746732213833	0.46440435009216263	0.09148186872453719	0.033932502346868475
ATP2B4_multinomial_train_fold1.6	0.30232816969922555	0.17827140780196668	0.514147803562626	0.005252618936181615	5.821835193851337e-161
ATP2B4_multinomial_train_fold1.7	0.5191463922413528	0.12954229016021584	0.16520962310212464	0.1185607146466093	0.06754097984969731
ATP2B4_multinomial_train_fold1.8	0.4005600504313148	0.0555742785698425	0.3557785896131963	0.1484390818829647	0.03964799950268165
ATP2B4_multinomial_train_fold1.9	0.3974136690696589	0.04526402504337857	0.3913909198118226	0.10530278057722713	0.06062860549791278
ATP2B4_multinomial_train_fold1.10	0.4399242106835785	0.0258998285130621	0.4650095502790099	0.06916641052434945	1.0185341998596737e-102
ATP2B4_multinomial_train_fold1.11	0.34787338457062283	0.06401872896407293	0.42216762976256184	0.049615534154265416	0.11632472254847694
ATP2B4_multinomial_train_fold1.12	0.35773839337324187	0.1219028653120957	0.3352595929833315	0.08549036043553554	0.09960878789579536
ATP2B4_multinomial_train_fold1.13	0.4574955441124505	0.1146379031623114	0.30523499781327823	0.07146793778611248	0.05116361712584733
ATP2B4_multinomial_train_fold1.14	0.46417078863530614	0.08027492003323941	0.3125541463205349	0.0503256169636874	0.09267452804723224
ATP2B4_multinomial_train_fold1.15	0.4010959651065306	0.09858891857408864	0.41983552192902507	0.06790939623640994	0.012570198153945856
ATP2B4_multinomial_train_fold1.16	0.3243822845950595	0.03234012506644063	0.5050205708819293	8.475040075085587e-05	0.13817226905581967
ATP2B4_multinomial_train_fold1.17	0.30913005463741455	0.09212789107110875	0.5604270807535245	0.01950713409661418	0.018807839441337987
ATP2B4_multinomial_train_fold1.18	0.3904051784989856	0.024775299940759894	0.36193328166068023	0.059441111199650926	0.1634451286999233
ATP2B4_multinomial_train_fold1.19	0.3433968387969831	0.11303933833615346	0.3957729109107526	0.08647451333933447	0.061316398616776444
ATP2B4_multinomial_train_fold1.20	0.30427128553533817	0.08875466201640274	0.4634903985559953	3.1560508079418085e-09	0.14348365073621297
ATP2B4_multinomial_train_fold1.21	0.38518891970152225	0.15249926477491385	0.27833302382626873	0.1839787916972951	3.636e-321
ATP2B4_multinomial_train_fold1.22	0.4505398268810342	0.029563265116847273	0.31999367433804915	0.09241938244693877	0.10748385121713051
ATP2B4_multinomial_train_fold1.23	0.3097533011616037	0.07118267380580981	0.502035176959881	0.06472013221738718	0.05230871585531839
ATP2B4_multinomial_train_fold1.24	0.3331798069277451	0.04604383549317241	0.45634163976566977	0.03046005128227965	0.13397466653113305
ATP2B4_multinomial_train_fold1.25	0.30996552402908656	0.09136903045406053	0.37623572643181824	0.15532625689362214	0.06710346219141242
ATP2B4_multinomial_train_fold1.26	0.28251270693812636	0.06317400504080613	0.4480341704969554	0.13365625215149818	0.07262286537261387
ATP2B4_multinomial_train_fold1.27	0.39122315751964776	0.04657398370767492	0.4232742622553207	0.041405959803098136	0.09752263671425848
ATP2B4_multinomial_train_fold1.28	0.3449164798263084	0.15036990925641153	0.4780062710485711	7.318156566785589e-35	0.02670733986870894
ATP2B4_multinomial_train_fold1.29	0.33232370098486785	0.0035128960357468085	0.47308616969620665	0.0723061146381855	0.11877111864499322
ATP2B4_multinomial_train_fold1.30	0.27762416024947634	0.1611685398196647	0.45228614852784355	0.05009240759165259	0.058828743811362806
ATP2B4_multinomial_train_fold1.31	0.3699190352275678	3.61e-321	0.49865581800108916	0.00013726207304532882	0.13128788469829775
ATP2B4_multinomial_train_fold1.32	0.18050761394437442	0.06986262044633769	0.6260255949311624	0.12360417067812544	1.255e-321
ATP2B4_multinomial_train_fold1.33	0.30765677821247234	6.092023036990599e-71	0.5821438698337902	0.013906295395885717	0.09629305655785178
ATP2B4_multinomial_train_fold1.34	0.3828844504394735	0.11884789555546062	0.3700230999244128	0.08455245105079835	0.043692103029854754
ATP2B4_multinomial_train_fold1.35	0.42860869681233904	0.06939138182322141	0.30720627604740025	0.161388135865888	0.03340550945115137
ATP2B4_multinomial_train_fold1.36	0.29111290946366086	0.18198321028312897	0.40224036609602454	0.03476250635533411	0.08990100780185159
ATP2B4_multinomial_train_fold1.37	0.33179124577346597	0.16134133780442406	0.38170153066902723	0.04404669530164701	0.08111919045143572
ATP2B4_multinomial_train_fold1.38	0.39778046532868205	1.8845087411623366e-300	0.5127813245441859	0.03636651123744467	0.05307169888968741
ATP2B4_multinomial_train_fold1.39	0.3353222352503769	0.15112180187260119	0.4051287144840531	1.4380322348871138e-168	0.10842724839296888
ATP2B4_multinomial_train_fold1.40	0.3283957838506383	0.0750397403705361	0.36343003935391605	0.13326896644807273	0.09986546997683698
ATP2B4_multinomial_train_fold1.41	0.29277743212368446	0.14824597631623557	0.46514808442591793	0.06580833728048148	0.02802016985368043
ATP2B4_multinomial_train_fold1.42	0.37469106168864585	0.08259079588894619	0.37689177489580605	0.048469423063657355	0.11735694446294459
ATP2B4_multinomial_train_fold1.43	0.31063296366731036	0.18405306145015637	0.49917701781061896	2.456e-321	0.006136957071914381
ATP2B4_multinomial_train_fold1.44	0.28425492007802644	0.10388635192483629	0.5029329827987524	0.1089257451983848	2.994e-321
ATP2B4_multinomial_train_fold1.45	0.36961742545275456	0.060699315517743525	0.4672498997724568	0.09557092856188883	0.006862430695156407
ATP2B4_multinomial_train_fold1.46	0.4093284930830494	0.1565086618697108	0.30198757529785036	0.09653897594673785	0.03563629380265159
ATP2B4_multinomial_train_fold1.47	0.38153493565709895	0.2022878095581622	0.2731184673524868	0.13136826584589462	0.011690521586357519
ATP2B4_multinomial_train_fold1.48	0.41391291234817384	0.08619422666602211	0.47775431345466646	1.23e-321	0.022138547531137778
ATP2B4_multinomial_train_fold1.49	0.2468310200071351	0.06832904044328429	0.5663381872392036	0.09999631554918158	0.018505436761195496
ATP2B4_multinomial_train_fold1.50	0.2917598929523437	0.07219215047151886	0.5078598196543855	0.011457772603625398	0.1167303643181264
ATP2B4_multinomial_train_fold1.51	0.2638421666210179	0.16040057513743355	0.35171373591228106	0.22404352232926758	2.309586172432815e-279
ATP2B4_multinomial_train_fold1.52	0.34582640358979033	0.14902621920893566	0.38149465720651354	0.11808456623969386	0.005568153755066448
ATP2B4_multinomial_train_fold1.53	0.2592756545837754	0.07243147731589368	0.6000832938007754	0.06820957429955536	9.391896593485894e-56
ATP2B4_multinomial_train_fold1.54	0.40712670149132535	0.1512220237724327	0.33558527079824885	0.07216203482866394	0.033903969109329
ATP2B4_multinomial_train_fold1.55	0.3356160783218648	0.15093314665198976	0.35602540925027093	0.028938635868645306	0.12848672990722923
ATP2B4_multinomial_train_fold1.56	0.4232429727716588	0.050442178177119504	0.32009615692567267	0.13191615687140232	0.07430253525414686
ATP2B4_multinomial_train_fold1.57	0.4015017339319848	0.02861891367178154	0.4377268750901965	2.4176773462816126e-245	0.1321524773060372
ATP2B4_multinomial_train_fold1.58	0.41146788999449	0.027941885007319	0.38966258387388175	3.678100966546274e-21	0.17092764112430922
ATP2B4_multinomial_train_fold1.59	0.42571884816528616	0.11787609596446989	0.24393813418831825	0.13389988529994534	0.07856703638198043
ATP2B4_multinomial_train_fold1.60	0.3238700219050329	0.07893355629596377	0.49869932060771094	0.05458816557861736	0.04390893561267512
ATP2B4_multinomial_train_fold1.61	0.4536651429570274	0.05618890657503075	0.2794875081111051	0.01979228228506802	0.19086616007176863
ATP2B4_multinomial_train_fold1.62	0.34645081717749376	0.012145669289361768	0.5213591804432198	0.03614930708508864	0.083895026004836
ATP2B4_multinomial_train_fold1.63	0.3270690137655555	0.07544826055003191	0.45029063437674877	1.996e-321	0.1471920913076638
ATP2B4_multinomial_train_fold1.64	0.33841689290763105	0.12463840546296451	0.3580981726060637	0.09895612965674981	0.079890399366591
ATP2B4_multinomial_train_fold1.65	0.378763867545459	0.044473476687054925	0.49990647451837433	0.009097760605321067	0.06775842064379062
ATP2B4_multinomial_train_fold1.66	0.3851632611200507	0.09472065986085618	0.3578612943243547	0.11906721310243777	0.0431875715923006
ATP2B4_multinomial_train_fold1.67	0.3627132877322273	0.10771237253721795	0.3779620603724174	6.905341760893847e-103	0.15161227935813745
ATP2B4_multinomial_train_fold1.68	0.3050326556273459	0.05608903964548823	0.49787811825156525	5.604321753507144e-290	0.14100018647560053
ATP2B4_multinomial_train_fold1.69	0.29292719457479915	0.044261954368427246	0.4955536668047924	0.01022010844952085	0.1570370758024603
ATP2B4_multinomial_train_fold1.70	0.4132192368042219	0.05125972951004467	0.3563164542504393	0.1301209431751792	0.04908363626011505
ATP2B4_multinomial_train_fold1.71	0.24953224121542683	0.21103704271042528	0.3856805062339921	0.15375020984015578	9.486345641766631e-259
ATP2B4_multinomial_train_fold1.72	0.24633474575417744	0.11115349832343711	0.5586569276382042	2.092229916365634e-251	0.08385482828418128
ATP2B4_multinomial_train_fold1.73	0.2584876121443641	0.08161301554538204	0.659899372310254	9.16136048100691e-209	6.363704908503365e-121
ATP2B4_multinomial_train_fold1.74	0.37669940211048497	0.025579802108221222	0.48289752326803803	0.03063871112108655	0.08418456139216925
ATP2B4_multinomial_train_fold1.75	0.4762432745169761	0.11109552813403514	0.2001880670000559	0.13025937021552478	0.08221376013340821
ATP2B4_multinomial_train_fold1.76	0.36375981818728376	0.1355997465680999	0.3606849325411669	0.11053124153936696	0.02942426116408246
ATP2B4_multinomial_train_fold1.77	0.4037829303795757	0.08780723121172833	0.3759227351787682	0.009175798081487226	0.12331130514844056
ATP2B4_multinomial_train_fold1.78	0.29012881687232167	0.11591264458481086	0.4819316112024491	0.0859165397403791	0.026110387600039153
ATP2B4_multinomial_train_fold1.79	0.3989946314628211	5.4326206911485995e-73	0.44737309339838904	1.294e-321	0.15363227513879
ATP2B4_multinomial_train_fold1.80	0.27163989429626945	0.07989338323263946	0.6024509518862502	0.002126785499651219	0.043888985085189514
ATP2B4_multinomial_train_fold1.81	0.45307836434626814	0.06875556516659585	0.3045979818092388	0.11949884339570338	0.05406924528219373
ATP2B4_multinomial_train_fold1.82	0.372179825139226	0.009162115180090215	0.47677668607751666	1.457e-321	0.14188137360316713
ATP2B4_multinomial_train_fold1.83	0.5871761756396428	0.06679496890749136	0.2853358445414093	0.06069301091145664	6.874240027415406e-184
ATP2B4_multinomial_train_fold1.84	0.4012812011888058	0.0068837834836406875	0.46109341602885967	0.04125865083909533	0.08948294845959837
ATP2B4_multinomial_train_fold1.85	0.3848857389201027	0.09884822981554628	0.4719765334291982	3.351109176359245e-16	0.04428949783515228
ATP2B4_multinomial_train_fold1.86	0.4026980274895758	0.059058824773310134	0.49623193501484264	0.02968630582168187	0.012324906900589601
ATP2B4_multinomial_train_fold1.87	0.32918672665052495	0.14238478598525472	0.43251140264258425	0.07269494290417229	0.023222141817463807
ATP2B4_multinomial_train_fold1.88	0.2357950797729792	0.13685457504537682	0.4804409929083596	0.10844517203203861	0.038464180241245836
ATP2B4_multinomial_train_fold1.89	0.3742508811421606	1.486974118999943e-287	0.4772681473454815	2.03446180407056e-114	0.14848097151235787
ATP2B4_multinomial_train_fold1.90	0.42086779302091437	0.10038724377822175	0.3010471636568005	0.15999049535696827	0.01770730418709518
ATP2B4_multinomial_train_fold1.91	0.3568818392767882	0.15352784184983584	0.43156743025028166	0.05802288862309436	2.623e-321
ATP2B4_multinomial_train_fold1.92	0.2551686291375816	0.0763732435706355	0.5196036283641123	0.08073807079861962	0.06811642812905089
ATP2B4_multinomial_train_fold1.93	0.34566623931335194	0.09294118662372984	0.45391972271129666	0.011915946828915277	0.09555690452270639
ATP2B4_multinomial_train_fold1.94	0.3501292023340732	0.09816704955108345	0.43433443009789263	0.09566063398389547	0.021708684033055377
ATP2B4_multinomial_train_fold1.95	0.3182071905353839	0.028566245100956063	0.4615855002880418	0.016760726137412446	0.17488033793820565
ATP2B4_multinomial_train_fold1.96	0.3660620076996562	0.04161430790884031	0.4227513639389422	2.59e-321	0.16957232045256126
ATP2B4_multinomial_train_fold1.97	0.36769567970583117	0.1484563880521356	0.3609152715046027	0.12293266073743057	4.878149076453899e-205
RNF168_multinomial_train_fold1	0.0873991991659056	0.5347457874186449	0.13755124382230413	0.24030376959314534	1.18e-321
RNF168_multinomial_train_fold1.1	0.1002853523906435	0.5695266637307205	0.09045856718685935	0.23972941669177678	3.22e-321
RNF168_multinomial_train_fold1.2	0.09652648525210551	0.5433847209818359	0.09991530160942179	0.26017349215663677	2.194e-321
RNF168_multinomial_train_fold1.3	0.08680222406331468	0.5785895018159009	0.07175536575920165	0.2628529083615827	3.053e-321
RNF168_multinomial_train_fold1.4	0.08907807115477491	0.5098100770849621	0.11955521935149607	0.2815566324087671	1.887e-321
RNF168_multinomial_train_fold1.5	0.09561995259710862	0.5434357979124069	0.12801506466960857	0.2329291848208759	1.477e-321
RNF168_multinomial_train_fold1.6	0.09775964029915972	0.5013784064098126	0.1524570055171271	0.24840494777390054	2.273e-321
EXO1_multinomial_train_fold1	0.09681852086576266	0.6032786852704807	0.03504298521397538	0.21680436072857626	0.048055447921204926
EXO1_multinomial_train_fold1.1	0.1048629981981489	0.6029997894836396	0.033560386056046804	0.22747661758499485	0.031100208677169755
EXO1_multinomial_train_fold1.2	0.07986829395289509	0.5739761069056741	0.0819582472285403	0.23924315797146034	0.02495419394143023
RNF168_multinomial_train_fold1.7	0.08432860444866991	0.533867473870576	0.07454103477827616	0.30726288690247794	1.8e-321
EXO1_multinomial_train_fold1.3	0.11519879441722347	0.6058154201351829	0.0450051740477857	0.19970155878716703	0.03427905261264112
RNF168_multinomial_train_fold1.8	0.05232812078795179	0.5677765930970364	0.17383600278716488	0.20605928332784687	1.39e-321
EXO1_multinomial_train_fold1.4	0.09290280515303594	0.6032108495843922	0.08534489879304077	0.2185414464695311	8.303306305759973e-109
EXO1_multinomial_train_fold1.5	0.09096774406225966	0.6031064049424943	0.11091066874671536	0.16951558309316436	0.025499599155366263
EXO1_multinomial_train_fold1.6	0.09087532785942802	0.6096370556482698	0.06208462076293877	0.21890081629233424	0.018502179437029267
EXO1_multinomial_train_fold1.7	0.10672372705972322	0.6112286501785272	0.05269213262604724	0.21491745402123985	0.014438036114462587
RNF168_multinomial_train_fold1.9	0.10066800179404936	0.5939306572284775	0.07542303942218032	0.22997830155529284	2.37e-321
RNF168_multinomial_train_fold1.10	0.10376209206898558	0.49272972658185976	0.1551813170652885	0.24832686428386613	1.117e-321
EXO1_multinomial_train_fold1.8	0.08002886784030777	0.6247412170744275	0.06042107738168726	0.23480883770357738	2.469771777331206e-302
EXO1_multinomial_train_fold1.9	0.0866484837239174	0.5974283097156705	0.09006895469282224	0.186146398702521	0.03970785316506893
RNF168_multinomial_train_fold1.11	0.0682418711406182	0.5298550618995741	0.13892289282842615	0.2629801741313815	1.47e-321
EXO1_multinomial_train_fold1.10	0.09295146886345126	0.652779184259968	0.015869782440831363	0.21698514256752222	0.021414421868227344
EXO1_multinomial_train_fold1.11	0.09845838047455116	0.6137084491678876	0.051855805065023665	0.21064801338744793	0.025329351905089607
EXO1_multinomial_train_fold1.12	0.10834008469521889	0.5871037918705038	0.05401318178830822	0.23643657397247683	0.014106367673492368
RNF168_multinomial_train_fold1.12	0.07269473941462855	0.530781785754742	0.14130548100391105	0.2552179938267183	1.53e-321
RNF168_multinomial_train_fold1.13	0.10241019133928018	0.5240944208060923	0.12343871927453048	0.25005666858009723	1.08e-321
EXO1_multinomial_train_fold1.13	0.09626176061333552	0.5847683124447063	0.05310646447966142	0.2189144825530582	0.04694897990923856
EXO1_multinomial_train_fold1.14	0.0882598666747172	0.6084335820313718	0.10203511145099378	0.19890563110689913	0.0023658087360182486
EXO1_multinomial_train_fold1.15	0.12111941417806243	0.5590100303551592	0.06654680621188178	0.19928352336549626	0.0540402258894004
EXO1_multinomial_train_fold1.16	0.11361835222873816	0.6492523080729432	0.023111192079519456	0.20671173208549903	0.00730641553330014
RNF168_multinomial_train_fold1.14	0.09790368679279929	0.5246867129333805	0.1415193143937484	0.23589028588007174	1.56e-321
RNF168_multinomial_train_fold1.15	0.067628528092166	0.5396325142842461	0.17939803979802443	0.21334091782556347	1.12e-321
RNF168_multinomial_train_fold1.16	0.13277246717822816	0.5126743755489933	0.11130846782138122	0.24324468945139732	1.96e-321
RNF168_multinomial_train_fold1.17	0.07677251516315407	0.5155912489962434	0.16044768710089355	0.247188548739709	1.56e-321
RNF168_multinomial_train_fold1.18	0.11982122786627603	0.5116790677174021	0.11378018989572959	0.2547195145205923	1.3843801964873854e-22
EXO1_multinomial_train_fold1.17	0.08058452644221165	0.6076220323764205	0.050034010335273674	0.23780980437175336	0.023949626474340808
EXO1_multinomial_train_fold1.18	0.10489530204441033	0.6246749715867956	0.0027844446816672843	0.2462947173625707	0.02135056432455611
RNF168_multinomial_train_fold1.19	0.0904339779494981	0.5175354497673662	0.1469186737629868	0.24511189852014895	8.892548332134678e-200
EXO1_multinomial_train_fold1.19	0.07732839460403489	0.5821110268858891	0.10536480329352621	0.21096904378053635	0.024226731436013612
EXO1_multinomial_train_fold1.20	0.08761886874509409	0.5674087473262106	0.12453467102142479	0.18573170795475535	0.03470600495251525
EXO1_multinomial_train_fold1.21	0.09770132296297028	0.5716655058442996	0.05331935522871132	0.21471871694692413	0.06259509901709458
RNF168_multinomial_train_fold1.20	0.11929426542301616	0.5839906031414006	0.05000714469170521	0.2467079867438782	2.327e-321
EXO1_multinomial_train_fold1.22	0.09933921725048273	0.5967718266427653	0.05814288568695984	0.23666009088458426	0.009085979535207917
EXO1_multinomial_train_fold1.23	0.0757510645480201	0.6231465038863951	0.04484416422002337	0.20416047678325772	0.05209779056230369
RNF168_multinomial_train_fold1.21	0.15081969473213688	0.5170095072160218	0.0933563514459299	0.23881444660591153	2.376e-321
RNF168_multinomial_train_fold1.22	0.09732916493997645	0.5391519837430263	0.12471598668145818	0.23880286463553904	8.023158781530219e-184
RNF168_multinomial_train_fold1.23	0.13245172298150548	0.4941970072932671	0.13014495016786343	0.2432063195573641	1.206e-321
EXO1_multinomial_train_fold1.24	0.06999130649387215	0.5856983315520241	0.11118615874538161	0.17901687753951923	0.05410732566920284
RNF168_multinomial_train_fold1.24	0.10008398833954214	0.51290283234789	0.09424356358529043	0.29276961572727744	2.04e-321
EXO1_multinomial_train_fold1.25	0.07077876415587943	0.5911953852583371	0.08629314323392274	0.25173270735186054	3.1554843909001385e-136
RNF168_multinomial_train_fold1.25	0.1201901071154859	0.5433405915997932	0.11213180260839264	0.22433749867632816	4.4126429088228394e-38
EXO1_multinomial_train_fold1.26	0.08190425640412377	0.6026394351812507	0.0846866014634756	0.2149830834519933	0.015786623499156667
RNF168_multinomial_train_fold1.26	0.12001310728641745	0.510672182773247	0.12844603419465792	0.2408686757456775	9.38720045531408e-96
EXO1_multinomial_train_fold1.27	0.10848957951138807	0.6139731546154295	0.05544689379818234	0.21047575679334862	0.01161461528165172
RNF168_multinomial_train_fold1.27	0.07701239815716618	0.5466007842606257	0.09215031086393623	0.28423650671827183	1.14e-321
RNF168_multinomial_train_fold1.28	0.06073729762826726	0.4827834999335483	0.17590916209371024	0.28057004034447425	7.26e-322
RNF168_multinomial_train_fold1.29	0.1319862194297746	0.5301312857623584	0.12249771557368024	0.21538477923418697	1.497e-321
EXO1_multinomial_train_fold1.28	0.11595888600375849	0.6193771669360787	0.045308077028330576	0.21641339936133916	0.002942470670493098
RNF168_multinomial_train_fold1.30	0.10721506720902356	0.48641411001546675	0.1557728345024422	0.25059798827306745	1.897e-321
RNF168_multinomial_train_fold1.31	0.07670989299744098	0.5521481446120599	0.15254717446016852	0.21859478793033077	1.54e-321
EXO1_multinomial_train_fold1.29	0.08890639213093782	0.5704674288726668	0.06407027454527453	0.2287238727205149	0.047832031730605955
EXO1_multinomial_train_fold1.30	0.08765899206828917	0.6172995917021722	0.04930928292884423	0.24213641014340928	0.003595723157285091
RNF168_multinomial_train_fold1.32	0.10663007809660216	0.5285838141850285	0.12692844766064637	0.23785766005772288	8.357526195349062e-111
RNF168_multinomial_train_fold1.33	0.09789645694090914	0.5810549361106196	0.05774116282140676	0.26330744412706447	3.473e-321
RNF168_multinomial_train_fold1.34	0.1295677535208779	0.5572442262047757	0.07220969429953678	0.2409783259748096	3.083524133042689e-300
RNF168_multinomial_train_fold1.35	0.07300298716288053	0.4830135013382506	0.17370272389046823	0.27028078760840046	1.077e-321
EXO1_multinomial_train_fold1.31	0.09806996728365033	0.5961354056792759	0.07116519520574885	0.18680861138992505	0.047820820441400035
RNF168_multinomial_train_fold1.36	0.08005515347818118	0.586201161259289	0.08948029806419729	0.2442633871983326	1.43e-321
RNF168_multinomial_train_fold1.37	0.08866130530732663	0.5538454895921969	0.13277873622939498	0.22471446887108149	1.08e-321
RNF168_multinomial_train_fold1.38	0.09394199395022533	0.5446292104328839	0.11070417017010861	0.2507246254467822	1.887e-321
RNF168_multinomial_train_fold1.39	0.07929258582081572	0.5522921311987763	0.1469319858339921	0.22148329714641596	1.4e-321
EXO1_multinomial_train_fold1.32	0.10598890597858507	0.5760349477890191	0.06343838523761167	0.23708954059833304	0.017448220396451174
RNF168_multinomial_train_fold1.40	0.08147322147922777	0.5649970460043762	0.09737766023267311	0.25615207228372305	1.907e-321
RNF168_multinomial_train_fold1.41	0.029411411209837552	0.5616864754907217	0.1741660833269374	0.23473602997250326	1.12e-321
RNF168_multinomial_train_fold1.42	0.10485897208775143	0.504814866206199	0.09930087578374397	0.29102528592230575	2.44e-321
EXO1_multinomial_train_fold1.33	0.0770440307943901	0.6286336337572412	0.06598113669840752	0.19903234164373346	0.029308857106227718
EXO1_multinomial_train_fold1.34	0.12798831293116308	0.5863082618671895	0.046840768207647585	0.20520279192826832	0.033659865065731404
RNF168_multinomial_train_fold1.43	0.09579804439916727	0.5364799299209886	0.13271443978889177	0.23500758589095236	1.87e-321
RNF168_multinomial_train_fold1.44	0.09853361245460882	0.504671617353694	0.09171202327146377	0.3050827469202334	1.576e-321
RNF168_multinomial_train_fold1.45	0.1027753269586148	0.5727415903788767	0.05757837713165618	0.26690470553085227	1.88e-321
EXO1_multinomial_train_fold1.35	0.10329924918416997	0.5795588863045931	0.05456866364168257	0.22078286235544725	0.041790338514107045
EXO1_multinomial_train_fold1.36	0.09922440629897888	0.5907873864095106	0.05898249120746163	0.20162992041378938	0.04937579567025956
RNF168_multinomial_train_fold1.46	0.11329769812090976	0.5110110201460433	0.14193321894347896	0.23375806278956798	1.54e-321
RNF168_multinomial_train_fold1.47	0.1058253912311555	0.5613659834688678	0.1340831180409731	0.19872550725900356	6.380269077261293e-95
RNF168_multinomial_train_fold1.48	0.11187644816354218	0.5830962779474029	0.0792473390644648	0.22577993482459005	1.11e-321
EXO1_multinomial_train_fold1.37	0.09137500113936788	0.5824946246382334	0.0758423900957124	0.24638496715524294	0.003903016971443267
EXO1_multinomial_train_fold1.38	0.10512488497936401	0.6269519055104811	0.041563245484308446	0.22635996402584646	2.6631241507996745e-100
RNF168_multinomial_train_fold1.49	0.09069885569789472	0.5604774601389213	0.08860072603576598	0.26022295812741797	1.55e-321
RNF168_multinomial_train_fold1.50	0.08638924731891202	0.5182808171297975	0.1354710267791211	0.2598589087721695	1.986e-321
RNF168_multinomial_train_fold1.51	0.145674529452216	0.5298244715680446	0.061720872693576595	0.2627801262861628	2.7227840048987677e-180
RNF168_multinomial_train_fold1.52	0.09819200777135506	0.5480650206181741	0.07461363413340123	0.27912933747706975	2.376e-321
EXO1_multinomial_train_fold1.39	0.07413604870314121	0.6210633489213861	0.05287601593127291	0.22828844042131624	0.023636146022883553
EXO1_multinomial_train_fold1.40	0.08432998804929012	0.5788791196020641	0.08773989138993461	0.20314159162784037	0.045909409330870864
EXO1_multinomial_train_fold1.41	0.09837803796863799	0.5960826594819494	0.08430989458747296	0.17927409113863677	0.04195531682330288
RNF168_multinomial_train_fold1.53	0.12716079514844342	0.519445314919281	0.06911427748542395	0.28427961244685157	1.695e-321
EXO1_multinomial_train_fold1.42	0.08093540385022013	0.6059070141432203	0.06175522734338318	0.24583834684494532	0.005564007818231075
EXO1_multinomial_train_fold1.43	0.11249854849912432	0.5806002567279098	0.046724715746551196	0.22545511562557197	0.03472136340084264
PMS1_multinomial_train_fold1	0.20901349046854847	0.033537108539402505	0.43243855735255843	0.13538586656593363	0.18962497707355686
MSH2_multinomial_train_fold1	3.4623577686772163e-73	1.63e-321	0.04558495944979367	0.2356603904256114	0.7187546501245949
MSH2_multinomial_train_fold1.1	0.003555548220513814	0.0018788134648199503	0.0581217157622337	0.20896122867616113	0.7274826938762714
PMS1_multinomial_train_fold1.1	0.11792495005215901	6.229939603116338e-251	0.5032112185492308	0.206907764187263	0.17195606721134718
MSH2_multinomial_train_fold1.2	1.22e-321	1.55e-321	0.05228828575081941	0.19805154919604814	0.7496601650531324
MSH6_multinomial_train_fold1	0.009328606884743691	0.05962432044808997	0.00331466725848073	0.13104481233636012	0.7966875930723256
MSH6_multinomial_train_fold1.1	0.010679069912324049	0.06323085329380217	0.0069632083681061005	0.12581415039448957	0.793312718031278
PMS2_multinomial_train_fold1	0.034015172228779686	0.5798512858643639	0.021494323565439108	7.6e-322	0.36463921834141744
MSH6_multinomial_train_fold1.2	2.643e-321	0.026986008975703683	0.00559768355846828	0.1634442815209168	0.8039720259449112
MSH6_multinomial_train_fold1.3	0.0016172032213910056	0.08355431085997567	0.031615270714692306	0.11989290952188726	0.7633203056820537
MSH6_multinomial_train_fold1.4	0.0003210784897573929	0.0829857762840845	0.003038653278715717	0.14525531100933342	0.7683991809381089
MSH2_multinomial_train_fold1.3	1.685e-321	6.713036122442208e-190	0.04167494242959267	0.17639655700921722	0.7819285005611901
PMS2_multinomial_train_fold1.1	0.029725805436341134	0.5866735946159993	0.012261606443937869	7.3e-322	0.3713389935037216
PMS2_multinomial_train_fold1.2	0.03738946879098357	0.6018511467212869	0.010921169149596299	7.6e-322	0.3498382153381332
PMS2_multinomial_train_fold1.3	0.032404591079354936	0.5988905292017783	9.152079022860936e-24	7.9e-322	0.36870487971886684
MSH6_multinomial_train_fold1.5	0.007188061261435791	0.01868753550978982	0.07357655779581254	0.12459267587279647	0.7759551695601653
MLH1_multinomial_train_fold1	0.019577173978095868	0.034792673093319	0.012292015737797138	0.27048935059503515	0.662848786595753
MSH6_multinomial_train_fold1.6	0.005722449079203646	0.020509083684789754	0.014085088059454534	0.13748755866365936	0.8221958205128926
MSH2_multinomial_train_fold1.4	0.0016192523516112521	2.885e-321	0.05995490907774409	0.21179442182521402	0.7266314167454309
MSH6_multinomial_train_fold1.7	2.5278333310915954e-96	5.202409392287318e-206	0.1028802480340555	0.1292985137992492	0.7678212381666952
PMS1_multinomial_train_fold1.2	0.14937113801321916	6.541720285034626e-175	0.5501091686504025	0.11498357800246246	0.18553611533391587
PMS2_multinomial_train_fold1.4	0.04199905347757889	0.5461441795557356	1.956e-321	7.36e-322	0.41185676696668566
PMS2_multinomial_train_fold1.5	0.021618985240649778	0.6013808205122406	1.1059746861122106e-266	1.215e-321	0.37700019424710945
PMS2_multinomial_train_fold1.6	0.025583920588065915	0.607234691069616	0.005142796092100378	1.166e-321	0.3620385922502175
PMS1_multinomial_train_fold1.3	0.21505546463093372	3.790801402903767e-143	0.5879006368510463	0.044057713771878664	0.1529861847461413
PMS1_multinomial_train_fold1.4	0.140474159044379	7.178714034351528e-116	0.4912442707017851	0.16300864281587615	0.20527292743795966
MLH1_multinomial_train_fold1.1	0.0026727631131002187	0.08583367556035185	0.01703458224638486	0.2071935356475707	0.6872654434325923
MSH2_multinomial_train_fold1.5	1.520951305089143e-42	1.768580749010794e-191	0.0669604944278434	0.1528624348768003	0.7801770706953564
PMS2_multinomial_train_fold1.7	0.02820662318400826	0.5725638569474311	2.91e-321	7.3e-322	0.3992295198685606
PMS2_multinomial_train_fold1.8	0.030626355121914167	0.572169020056431	2.0123017466426724e-92	1.166e-321	0.3972046248216549
MLH1_multinomial_train_fold1.2	0.0054638394811466415	0.08327716107588783	0.017897965374815458	0.20886022909640045	0.6845008049717498
MSH2_multinomial_train_fold1.6	0.0006021321778035551	1.62e-321	0.044600792745542975	0.21461309610299326	0.7401839789736602
MSH2_multinomial_train_fold1.7	5.551256960840457e-116	1.7555363651881986e-156	0.07469377662243304	0.16532652590529437	0.7599796974722725
MSH6_multinomial_train_fold1.8	3.1785828391431527e-25	0.01905490144516987	0.06700895138806112	0.16408768075489769	0.7498484664118713
MSH6_multinomial_train_fold1.9	5.76214329457619e-05	0.04150747779141847	0.019468179628629866	0.1744701083266102	0.7644966128203956
MSH6_multinomial_train_fold1.10	0.006297249964390093	0.05574928857227711	0.028472829583556066	0.11730182400588685	0.79217880787389
MSH6_multinomial_train_fold1.11	0.012474618560182553	0.08229810326923913	0.005019090804672248	0.1323232022485002	0.7678849851174059
MSH2_multinomial_train_fold1.8	0.004768801117945606	1.61e-321	0.06504591636986529	0.20548006205244107	0.724705220459748
PMS1_multinomial_train_fold1.5	0.20295026592757592	1.48e-321	0.4162889186995252	0.14091507392783115	0.23984574144506768
MLH1_multinomial_train_fold1.3	0.0020701310536289383	0.06070999032323805	0.027483892467274975	0.18802804819837077	0.7217079379574871
PMS1_multinomial_train_fold1.6	0.14938481985422106	1.0728119917093667e-201	0.44339075975522135	0.11917282662156124	0.28805159376899636
MSH6_multinomial_train_fold1.12	0.01559055444401547	0.02730188941546335	0.040526450050847575	0.15074560181685956	0.7658355042728142
MSH6_multinomial_train_fold1.13	0.00025856285222607107	0.07061196442852127	0.021885445643102623	0.14231128020529912	0.764932746870851
MLH1_multinomial_train_fold1.4	0.005305472908753297	0.05424365227087248	0.02021857389942761	0.22671546171538817	0.6935168392055584
MSH6_multinomial_train_fold1.14	0.005088531918362694	0.004870481319053524	0.08431549836505821	0.13579352388320165	0.7699319645143239
MSH6_multinomial_train_fold1.15	1.767761645879728e-39	1.6991331401620215e-78	0.09146484445927514	0.11655474274817354	0.7919804127925514
MSH2_multinomial_train_fold1.9	0.008565279183759334	2.367e-321	0.046346801118740184	0.17759790825241598	0.7674900114450846
MSH6_multinomial_train_fold1.16	0.013443666998759391	0.009830993241876376	0.07118804303227406	0.14133125930123042	0.7642060374258598
PMS1_multinomial_train_fold1.7	0.02092104899264433	2.663e-321	0.7380309759900335	0.015131959653722412	0.2259160153635996
PMS1_multinomial_train_fold1.8	0.1410804150923247	2.416e-321	0.4993659198216397	0.25686678514580774	0.10268687994022802
PMS1_multinomial_train_fold1.9	0.004007050393446946	2.253e-321	0.6499033630717147	0.0771500549396334	0.26893953159520506
PMS2_multinomial_train_fold1.9	0.02817476412316436	0.5608986373261151	8.7e-322	7.26e-322	0.41092659855072045
PMS2_multinomial_train_fold1.10	0.02850071491025636	0.5734064660747791	3.921782699688087e-11	1.146e-321	0.3980928189757468
MSH2_multinomial_train_fold1.10	2.29e-321	1.537e-321	0.06942950348265048	0.15666578324678246	0.773904713270567
PMS1_multinomial_train_fold1.10	0.14454512066333094	6.013556678011378e-217	0.43692851272215627	0.14058110515239033	0.2779452614621224
MSH2_multinomial_train_fold1.11	0.013539840446240976	9.672524549529948e-194	0.05026610689732176	0.208138530161933	0.7280555224945042
PMS2_multinomial_train_fold1.11	0.019242616097207062	0.5603976256577652	0.01844379011382186	1.13e-321	0.4019159681312057
PMS1_multinomial_train_fold1.11	0.21399791177881025	0.028152388920861096	0.44455726670205975	0.13995440304301215	0.17333802955525665
MSH6_multinomial_train_fold1.17	0.0015292119825171728	0.015284502380434023	0.08025712172268591	0.13608534944397815	0.7668438144703849
PMS2_multinomial_train_fold1.12	0.03790689690379373	0.558969343017208	1.44e-321	1.126e-321	0.4031237600789983
MSH6_multinomial_train_fold1.18	0.002594324411519891	0.026652960654779085	0.005827859390957674	0.1192920329918645	0.8456328225508788
MSH6_multinomial_train_fold1.19	2.34e-321	0.008758902840701768	0.05475288005276077	0.14513383309034836	0.7913543840161891
MSH6_multinomial_train_fold1.20	0.0029770701206412054	1.298e-320	0.07164525871008037	0.14602031486281009	0.7793573563064684
MSH6_multinomial_train_fold1.21	2.515e-321	0.03303840143876147	0.01725250960374188	0.12382491987621048	0.8258841690812861
MSH6_multinomial_train_fold1.22	0.00744043947914865	6.749773496221668e-184	0.0584187326610247	0.15051611702715512	0.7836247108326715
MSH2_multinomial_train_fold1.12	0.005537775557137958	1.996e-321	0.07289769454964638	0.1969456148389756	0.72461891505424
MSH2_multinomial_train_fold1.13	0.0005081475616418754	1.546e-321	0.05795512857647476	0.20545872246335778	0.7360780013985255
PMS2_multinomial_train_fold1.13	0.03713297028470877	0.5547042504200285	0.014549068017874246	7.3e-322	0.39361371127738853
MLH1_multinomial_train_fold1.5	0.008441009531629953	0.053818890918905765	0.017508357926748038	0.23476930138315116	0.6854624402395653
MLH1_multinomial_train_fold1.6	0.008117873837301125	0.07762023999176551	0.02516112436263739	0.248316997990605	0.640783763817691
MSH2_multinomial_train_fold1.14	0.010844041508275268	1.596e-321	0.013664487408816067	0.23791014511856978	0.7375813259643389
MLH1_multinomial_train_fold1.7	1.69e-321	0.09265268310040911	0.05594146978454719	0.18834918511539722	0.6630566619996465
MSH2_multinomial_train_fold1.15	0.0072437801254435046	2.89e-321	0.07582058581521177	0.1467477854128851	0.7701878486464596
MSH6_multinomial_train_fold1.23	0.010309723835560392	0.004925584752298828	0.07583836803116141	0.14631372939092221	0.7626125939900572
PMS2_multinomial_train_fold1.14	0.0317994423478889	0.5741446818278427	1.467e-321	1.51e-321	0.3940558758242685
MLH1_multinomial_train_fold1.8	0.02404047908312706	0.06095691863957977	7.21252884532736e-99	0.2208864442456269	0.6941161580316664
MSH6_multinomial_train_fold1.24	0.0063900216164793815	0.06557891458003985	0.013625490608463436	0.13303751618950868	0.7813680570055087
MLH1_multinomial_train_fold1.9	0.00994907918724153	0.08478327081238429	0.045027358074867116	0.19022722956103275	0.6700130623644742
MSH2_multinomial_train_fold1.16	2.67e-321	2.826e-321	0.07210613164393206	0.16237710546192624	0.7655167628941416
PMS1_multinomial_train_fold1.12	0.12332022940837052	3.5372842244280197e-115	0.5743835707002513	0.09407688171645397	0.20821931817492423
PMS2_multinomial_train_fold1.15	0.02900142721545069	0.6004432449917254	8.4e-322	7.26e-322	0.37055532779282396
MSH6_multinomial_train_fold1.25	0.015449226266911628	0.026467359012239976	0.06872769857726639	0.11185642934519645	0.7774992867983858
MSH6_multinomial_train_fold1.26	0.008389594320460013	0.049775015131230595	0.011359018279663504	0.1524058887249499	0.7780704835436959
PMS2_multinomial_train_fold1.16	0.03207875979644049	0.6061185792858935	2.0411962462905247e-102	7.2e-322	0.3618026609176661
MSH6_multinomial_train_fold1.27	0.0012243341136327407	0.10503724747861885	0.012306334914170772	0.10478623269031535	0.7766458508032622
PMS2_multinomial_train_fold1.17	0.02783507995547675	0.5953892529727699	6.673280886507285e-105	1.19e-321	0.37677566707175325
MSH6_multinomial_train_fold1.28	3.3863142027550532e-245	0.040670316025638614	0.01386753578300249	0.1375522112270075	0.8079099369643513
PMS2_multinomial_train_fold1.18	0.024605395367828006	0.5877999469774576	2.757e-321	7.7e-322	0.38759465765471424
PMS2_multinomial_train_fold1.19	0.031025802732365923	0.5593592664688407	1.15e-321	7.3e-322	0.4096149307987935
PMS1_multinomial_train_fold1.13	0.11671134479545378	1.956e-321	0.4576706774874464	0.1688653911645263	0.25675258655257355
MSH6_multinomial_train_fold1.29	0.0024939312554599514	0.0567745967851798	0.022561648457914276	0.13868949303113673	0.7794803304703092
MSH6_multinomial_train_fold1.30	3.9677956950553166e-263	0.03369962092446552	0.01678409476738844	0.1648573441983144	0.7846589401098317
MSH6_multinomial_train_fold1.31	0.01065140780784944	0.03186452426799852	1.376520703030887e-154	0.16877225994630102	0.788711807977851
MSH6_multinomial_train_fold1.32	2.213e-321	0.005526351116872352	0.06783657796923401	0.14814436503177833	0.7784927058821153
OGG1_multinomial_train_fold1	0.8349888453562252	4.506e-321	0.03168118109951005	0.04608139504181381	0.08724857850245088
UNG_multinomial_train_fold1	0.11100422822586539	0.04107612967997408	0.2174491283197788	0.6304705137743816	9.143968952895764e-32
UNG_multinomial_train_fold1.1	0.17885790808018096	2.164e-321	0.09051685331704298	0.6624961180121429	0.06812912059063317
OGG1_multinomial_train_fold1.1	0.8482864437508375	0.024217207096162457	0.03279872767835686	0.03674498684349918	0.05795263463114394
OGG1_multinomial_train_fold1.2	0.8664441335770541	2.39e-321	0.041693720113759436	0.017233497936390504	0.07462864837279576
UNG_multinomial_train_fold1.2	0.11028736104553157	0.06689728886461653	0.2306688579523342	0.5921464921375177	1.5323005983943338e-66
UNG_multinomial_train_fold1.3	0.0961421087046361	0.017696505988750246	0.30719556486757665	0.578965820439037	9.707297619767596e-112
UNG_multinomial_train_fold1.4	0.11132166332576503	0.04139919820473427	0.15381209453638897	0.659231397144332	0.034235646788779696
OGG1_multinomial_train_fold1.3	0.7532173224053247	4.029707257264605e-124	0.18002914983774498	2.485e-321	0.06675352775693032
