Samples	SBS96A	SBS96B	SBS96C	SBS96D	SBS96E
ATP2B4_real_train_fold1	4.0648839202048397e-289	0.7954519003920795	0.09219333302944809	8.354664435725139e-160	0.11235476657847246
ATP2B4_real_train_fold1.1	1.281328414063999e-202	0.5135296859072349	0.03719666878203609	0.17401192255317416	0.2752617227575547
MLH1_real_train_fold1	4.505133470467161e-90	2.213e-321	0.8746759345188002	0.1253240654811997	1.948088115245007e-238
MSH2_real_train_fold1	2.243e-321	2.01e-321	0.9079851873402579	0.07444962409567084	0.017565188564071372
MSH6_real_train_fold1	2.93e-321	2.6030466060552645e-260	0.9504284776169463	0.0377530057670919	0.011818516615961757
MSH6_real_train_fold1.1	3.1206472371724585e-243	5.897695152819069e-53	0.9502170082199064	0.03324956908392507	0.016533422696168365
OGG1_real_train_fold1	3.551816959415631e-111	0.01637417644905449	0.03553575047813336	0.10226232959993481	0.8458277434728774
PMS1_real_train_fold1	1.85e-321	0.6431626989948042	0.24952733263411658	0.10730996837107934	1.9915602952273293e-230
PMS2_real_train_fold1	0.5559564227204936	5.6e-322	0.4397950835917509	2.77e-322	0.0042484936877556665
RNF168_real_train_fold1	0.7784991659894008	0.024685697637563866	0.048131982954138	0.09560628322980866	0.05307687018908855
UNG_real_train_fold1	9.117821701879946e-290	1.176e-321	0.05019113086583522	0.8509600320846026	0.0988488370495623
ATP2B4_dirichlet_train_fold1	3.553844475632087e-301	0.41268820225203684	0.06923122741579868	0.20793411533792652	0.310146454994238
ATP2B4_dirichlet_train_fold1.1	0.1483927038881158	0.19120645943269074	0.09965703877785091	0.15152101659770684	0.40922278130363565
ATP2B4_dirichlet_train_fold1.2	0.160445143172131	0.6094227988485804	0.14248478975242784	0.08764726822686074	7.95e-322
ATP2B4_dirichlet_train_fold1.3	1.0780851479413878e-32	0.887812059181428	1.2168796260899597e-270	0.11218794081857211	1.615963060843435e-182
ATP2B4_dirichlet_train_fold1.4	0.05102530750568533	0.40654364899604334	0.05444022528606149	0.11873074190617817	0.3692600763060317
ATP2B4_dirichlet_train_fold1.5	0.08709434938570818	0.32782596092458083	0.060587159325229005	0.21906921081028616	0.30542331955419594
ATP2B4_dirichlet_train_fold1.6	1.4880430378810717e-73	0.6775734170077823	0.1397047953597019	4.817587610928718e-286	0.18272178763251573
ATP2B4_dirichlet_train_fold1.7	2.93e-321	0.7728586950729213	0.21723560036807915	8e-322	0.009905704558999638
ATP2B4_dirichlet_train_fold1.8	1.9549405899883414e-63	0.40948106435019826	0.015126310523243584	0.1872047977200769	0.3881878274064812
ATP2B4_dirichlet_train_fold1.9	7.283271040440147e-25	0.7769632321687434	0.14412797576985167	0.07890879206140493	4.05e-322
ATP2B4_dirichlet_train_fold1.10	0.06490918226461441	0.6956690789180862	0.15373892679868936	0.08568281201860993	2.745586686027335e-129
ATP2B4_dirichlet_train_fold1.11	9.7e-322	0.9045436334262171	0.038673974125000156	0.05678239244878275	1.692697161425784e-184
ATP2B4_dirichlet_train_fold1.12	0.06179087197939596	0.7393010697397732	0.1369803405069998	9.3e-322	0.06192771777383125
ATP2B4_dirichlet_train_fold1.13	1.77e-321	1.0	1.05e-321	9.34e-322	3.4363156344804995e-288
ATP2B4_dirichlet_train_fold1.14	1.917e-321	0.4940208265073869	0.20693637573947882	2.87744910387081e-202	0.2990427977531344
ATP2B4_dirichlet_train_fold1.15	0.04028017826366965	0.31230056222814295	0.12164529239426915	0.22593991467627794	0.29983405243764016
ATP2B4_dirichlet_train_fold1.16	0.11334052448936706	0.6815140400457038	0.04310105436597857	8.74e-322	0.16204438109895059
ATP2B4_dirichlet_train_fold1.17	2.7040900266164746e-254	0.7914751568507907	0.07021236661822257	6.5e-322	0.13831247653098652
ATP2B4_dirichlet_train_fold1.18	0.11655785392606681	0.5774595759308898	0.07274483193975122	0.23323773820329224	5.14e-322
ATP2B4_dirichlet_train_fold1.19	2.07e-321	0.7843005894309745	8.45e-322	0.2156994105690256	3.32025209313449e-201
ATP2B4_dirichlet_train_fold1.20	0.10713037614458627	0.3063258952570041	0.11150814515889972	7.202364522645164e-198	0.4750355834395099
ATP2B4_dirichlet_train_fold1.21	0.08022327037243722	1.008910573576532e-60	0.05877875502669722	0.548160751568879	0.31283722303198647
ATP2B4_dirichlet_train_fold1.22	2.2e-321	0.21116070513199928	0.013109201716928207	0.21319847641463682	0.5625316167364357
ATP2B4_dirichlet_train_fold1.23	2.091396835354314e-148	0.7630571357413172	0.17140844159614096	1.349720653817086e-103	0.06553442266254197
ATP2B4_dirichlet_train_fold1.24	0.10364635429337249	0.7868162893273807	1.1287743906702463e-227	0.10953735637924666	5.63e-322
ATP2B4_dirichlet_train_fold1.25	1.887e-321	0.18806170247357828	0.08927097782461381	0.4521896803338712	0.2704776393679366
ATP2B4_dirichlet_train_fold1.26	2.693e-321	0.10983258262770831	0.18255239961748906	0.13781560352023886	0.5697994142345637
ATP2B4_dirichlet_train_fold1.27	1.55e-321	0.7253021928125294	0.08939410511298634	9.83e-322	0.18530370207448435
ATP2B4_dirichlet_train_fold1.28	0.14430952053194493	0.06538570024476709	2.4794848110300634e-239	0.19365199743124062	0.5966527817920475
ATP2B4_dirichlet_train_fold1.29	1.863e-321	0.9653969675486332	1.2511119834523e-310	3.0855569597996677e-304	0.034603032451366644
ATP2B4_dirichlet_train_fold1.30	3.6307543958344876e-113	0.06754607131314476	0.020675088154643997	0.3124338524521189	0.5993449880800925
ATP2B4_dirichlet_train_fold1.31	1.8813404986109326e-263	0.6954135070350248	0.16265278976934963	1.17e-321	0.14193370319562545
ATP2B4_dirichlet_train_fold1.32	2.220220735894064e-257	0.433541236703625	0.28398273046803646	0.27626485031934317	0.006211182508995275
ATP2B4_dirichlet_train_fold1.33	0.004124577487237023	0.8233229857740944	1.2396892681069363e-84	0.0911607620215102	0.08139167471715848
ATP2B4_dirichlet_train_fold1.34	1.695e-321	0.8954095841521064	0.10459041584789368	1.033e-321	2.665978393730733e-208
ATP2B4_dirichlet_train_fold1.35	1.68e-321	0.7920243257259226	0.0291337890817199	8.977434928523586e-77	0.17884188519235755
ATP2B4_dirichlet_train_fold1.36	6.7e-322	0.867220578752901	0.12156740268746305	2.7e-322	0.011212018559636014
ATP2B4_dirichlet_train_fold1.37	0.19230666149074438	0.6387880576695791	2.806e-321	0.10240619067193081	0.06649909016774568
ATP2B4_dirichlet_train_fold1.38	3.892929701043692e-68	0.47018587260643785	0.08064619400993492	0.30695088719518276	0.14221704618844438
ATP2B4_dirichlet_train_fold1.39	1.1739343719427937e-28	0.6147841244787902	1.89e-321	0.3852158755212099	2.6e-322
ATP2B4_dirichlet_train_fold1.40	0.13092289243592958	0.7395116540794745	0.07636488806649508	1.23e-321	0.053200565418100705
ATP2B4_dirichlet_train_fold1.41	2.693e-321	0.5036865722013565	4.2147850741967987e-265	0.27806490507944176	0.21824852271920162
ATP2B4_dirichlet_train_fold1.42	5.929885057676416e-196	0.4925212314125803	0.08323715431391276	0.046460435112821476	0.37778117916068543
ATP2B4_dirichlet_train_fold1.43	0.0534544329726359	0.9429974333554917	0.0035481336718725565	1.789957054867108e-69	4.94e-322
ATP2B4_dirichlet_train_fold1.44	0.22052083685566692	0.19851325546159623	0.18111478837008502	1.354e-321	0.3998511193126518
ATP2B4_dirichlet_train_fold1.45	0.08895498345335319	0.7955388008285498	3.226e-321	0.11550621571809708	2.9503890272923033e-219
ATP2B4_dirichlet_train_fold1.46	0.15386126728577612	0.19445594902578847	0.09442101145105335	1.67e-321	0.5572617722373822
ATP2B4_dirichlet_train_fold1.47	0.0531350734863729	0.21702260035099707	0.11266438462804176	0.2241455959713061	0.39303234556328215
ATP2B4_dirichlet_train_fold1.48	0.06371009449778584	0.5020647472733819	0.01783632162850496	0.08571593258314235	0.33067290401718497
ATP2B4_dirichlet_train_fold1.49	3.7914741293966627e-299	0.1186426840471355	0.06126972970320481	0.1925387111949024	0.6275488750547574
ATP2B4_dirichlet_train_fold1.50	1.13e-321	0.5899773263778796	0.23225128110586793	1.023e-321	0.17777139251625243
ATP2B4_dirichlet_train_fold1.51	0.16773116033227944	0.15622566834065751	3.177e-321	0.091583821542018	0.5844593497850451
ATP2B4_dirichlet_train_fold1.52	0.06910428974429153	0.1533479507320257	2.3798025844e-314	0.5119783256223047	0.26556943390137805
ATP2B4_dirichlet_train_fold1.53	1.774e-321	0.5655288168450228	0.13776811614194018	4.784649973616079e-144	0.296703067013037
ATP2B4_dirichlet_train_fold1.54	0.07816720858524112	0.8777455423941909	0.04217135180809721	0.0019158972124706593	6.492544758638941e-158
ATP2B4_dirichlet_train_fold1.55	6.1147256052364734e-52	0.6014561405856829	0.061443650551320804	4.2138742205180635e-264	0.3371002088629964
ATP2B4_dirichlet_train_fold1.56	4.6136133035291676e-157	0.1274327472652029	0.07038804236615745	0.3575842354081503	0.4445949749604894
ATP2B4_dirichlet_train_fold1.57	1.32e-321	0.6514939941294193	0.08661958862815654	3.890385064680831e-164	0.26188641724242406
ATP2B4_dirichlet_train_fold1.58	0.03832484429319549	0.6930959674127999	1.15910426221581e-101	0.023449818611938067	0.24512936968206664
ATP2B4_dirichlet_train_fold1.59	1.7208794496215757e-206	0.44006651944750785	0.1385604661619968	0.031098094319336828	0.3902749200711585
ATP2B4_dirichlet_train_fold1.60	1.621357944003852e-88	0.45370872544579055	1.166e-321	0.1831130729238624	0.3631782016303472
ATP2B4_dirichlet_train_fold1.61	0.14988227627802664	0.386351297082119	0.040157052982612906	0.1219282476622614	0.3016811259949802
ATP2B4_dirichlet_train_fold1.62	1.59e-321	2.5402656484604676e-164	0.1372258307042	0.3331317772366912	0.5296423920591089
ATP2B4_dirichlet_train_fold1.63	5.934200817351267e-255	0.7718042716011491	0.020172398302797382	0.0025825929636534677	0.2054407371324001
ATP2B4_dirichlet_train_fold1.64	0.0725590881930563	0.2558242167597477	0.03952526246006437	0.34728843072006244	0.28480300186706914
ATP2B4_dirichlet_train_fold1.65	8e-322	0.7500008798564479	0.11341420767452037	8.84e-322	0.1365849124690316
ATP2B4_dirichlet_train_fold1.66	8.65e-322	0.9989155085331556	1.3641210809040205e-80	5.801176759743612e-116	0.00108449146684444
ATP2B4_dirichlet_train_fold1.67	8.15e-322	0.6897887016992444	0.31021129830075567	7.66e-322	2.9e-322
ATP2B4_dirichlet_train_fold1.68	2.57e-321	0.558008287951361	0.15027189203338434	6.77e-322	0.2917198200152548
ATP2B4_dirichlet_train_fold1.69	0.07821758536175522	0.5123500438832185	0.11865950955126073	1.06e-321	0.2907728612037654
ATP2B4_dirichlet_train_fold1.70	5.474405083765324e-45	0.19304677414666585	0.06787449053572149	0.3285310140167118	0.4105477213009009
ATP2B4_dirichlet_train_fold1.71	0.0009362484140433764	0.5992795096258074	0.20906880805049238	0.16849830210859057	0.022217131801066242
ATP2B4_dirichlet_train_fold1.72	8.621711449420422e-111	0.6647430624778169	0.07956168578916586	0.24674302758085004	0.008952224152167218
ATP2B4_dirichlet_train_fold1.73	1.166e-321	0.5003464409012466	0.20595324661569941	9.3e-322	0.2937003124830539
ATP2B4_dirichlet_train_fold1.74	2.42e-321	0.9554763902604879	1.9462886982979545e-36	0.04452360973951222	1.9e-322
ATP2B4_dirichlet_train_fold1.75	0.11634265771643024	0.7435042382712285	3.05e-321	0.09381661028536113	0.046336493726980184
ATP2B4_dirichlet_train_fold1.76	1.79e-321	0.29705896245569985	0.16176182263313005	0.25562065852070187	0.2855585563904682
ATP2B4_dirichlet_train_fold1.77	0.11025308301073504	0.5854021392053966	0.12609818903143077	1.146e-321	0.17824658875243762
ATP2B4_dirichlet_train_fold1.78	1.481024896189545e-162	0.1743603788557865	1.174473579576004e-100	0.23029309174847276	0.5953465293957407
ATP2B4_dirichlet_train_fold1.79	0.5249335178071141	0.05583010844106786	9.9e-322	0.08783568343619785	0.33140069031562025
ATP2B4_dirichlet_train_fold1.80	9.24e-322	0.9354473482244249	0.003458386711824979	8.45e-322	0.06109426506375
ATP2B4_dirichlet_train_fold1.81	3.1607339319472975e-178	0.28334527786276315	0.03883235039638222	0.12895063986748417	0.5488717318733706
ATP2B4_dirichlet_train_fold1.82	0.09891327765687065	0.8105711195043658	1.887e-321	1.32e-321	0.09051560283876373
ATP2B4_dirichlet_train_fold1.83	8.366801419683414e-213	0.006037749854714734	2.515e-321	0.4416812946261568	0.5522809555191285
ATP2B4_dirichlet_train_fold1.84	2.026e-321	0.6786696656766744	0.1664949181874358	0.08648482419474476	0.06835059194114505
ATP2B4_dirichlet_train_fold1.85	0.08895052668156189	0.27138478510158276	3.053e-321	0.10869658820824503	0.5309681000086103
ATP2B4_dirichlet_train_fold1.86	1.126e-321	0.46703704015323266	0.18278842707987916	0.04642508305927375	0.3037494497076144
ATP2B4_dirichlet_train_fold1.87	2.3636842487733864e-205	0.6950699507698811	1.61e-321	0.16288423731532406	0.14204581191479485
ATP2B4_dirichlet_train_fold1.88	0.0005160219070132197	0.5227813110035211	0.06905483285680018	4.535587128147e-269	0.4076478342326655
ATP2B4_dirichlet_train_fold1.89	1.5796750058006006e-282	0.6934167160790965	0.044268332198847876	6.03e-322	0.2623149517220556
ATP2B4_dirichlet_train_fold1.90	0.06957926637232387	0.5336352026655726	1.15e-321	1.98e-321	0.3967855309621035
ATP2B4_dirichlet_train_fold1.91	0.05726656363028792	0.7516352767089739	0.016952842832488636	0.08161201468780087	0.09253330214044847
ATP2B4_dirichlet_train_fold1.92	9.54e-322	0.6674731641758381	0.280690274429904	9e-322	0.05183656139425781
ATP2B4_dirichlet_train_fold1.93	8.2099214752507045e-78	0.9857747272576586	1.2895641941333738e-72	8.55e-322	0.014225272742341448
ATP2B4_dirichlet_train_fold1.94	6.7363938837924595e-307	0.10076235826296369	9.14e-322	0.4239519766193716	0.4752856651176647
ATP2B4_dirichlet_train_fold1.95	0.010398116149228146	0.6832150334785888	0.06016799764060747	1.033e-321	0.2462188527315756
ATP2B4_dirichlet_train_fold1.96	8.5e-322	1.0	1.26e-321	3.85e-322	3.70283040194145e-159
ATP2B4_dirichlet_train_fold1.97	2.8799749930002576e-99	0.3285786902526497	2.115e-321	0.29590017673800056	0.37552113300934986
PMS1_dirichlet_train_fold1	1.781091985508736e-171	0.6790735804058954	0.27309624773598673	0.04783017185811788	5.73e-322
PMS2_dirichlet_train_fold1	0.5670235734254634	2.77e-322	0.43297642657453667	2.67e-322	2.87e-322
PMS2_dirichlet_train_fold1.1	0.4962885707664068	3.4e-322	0.5037114292335931	3.2e-322	1.087e-321
MSH6_dirichlet_train_fold1	0.1391179451248428	1.245e-321	0.8561228231716745	5.2e-322	0.004759231703482544
PMS1_dirichlet_train_fold1.1	1.97e-321	0.6792304578727724	0.32076954212722775	1.0908856807725477e-270	3.36e-322
MSH6_dirichlet_train_fold1.1	1.22e-321	2.073730654491285e-235	0.8437652142539047	0.1408163564309002	0.015418429315195168
MSH6_dirichlet_train_fold1.2	1.26e-321	0.019802070386093617	0.9801979296139064	6.5e-322	1.556e-321
MSH2_dirichlet_train_fold1	0.11074048950571401	1.5643423966532663e-235	0.7254664004076304	0.12916438530031166	0.034628724786343865
PMS2_dirichlet_train_fold1.2	0.5459783152189658	2.37e-322	0.4540216847810341	2.27e-322	0.0
MSH6_dirichlet_train_fold1.3	0.05383037765623047	0.13824416010480167	0.7703172272349329	0.03760823500403512	1.03e-321
PMS1_dirichlet_train_fold1.2	2.006e-321	0.7769498120048952	0.22305018799510473	1.2999935399394646e-129	1.171153326066923e-142
PMS1_dirichlet_train_fold1.3	0.002701105065867716	0.47263166318287986	0.3011146869251491	2.8782894682640385e-166	0.22355254482610326
PMS1_dirichlet_train_fold1.4	0.04470464815379269	0.5347614576743273	0.1804047081706647	0.2401291860012155	4.2e-322
PMS2_dirichlet_train_fold1.3	0.651516184705501	2.9e-322	0.348483815294499	2.9e-322	2.96e-322
PMS1_dirichlet_train_fold1.5	0.02563601941303676	0.6399564863164693	0.11762335200420364	0.21678414226629045	3.8e-322
MSH6_dirichlet_train_fold1.4	6.080773788352752e-252	8.55e-322	0.9225792460225742	0.07742075397742579	3.5e-322
MSH6_dirichlet_train_fold1.5	2.21e-321	6.57e-322	1.0	1.02e-321	1.87989277298882e-136
MSH6_dirichlet_train_fold1.6	2.594e-321	2.77e-322	0.9370602042833494	0.06293979571665069	3.46e-322
MSH6_dirichlet_train_fold1.7	1.25e-321	2.4e-322	0.7900877071098882	0.20991229289011176	2.96e-322
PMS1_dirichlet_train_fold1.6	1.304e-321	0.45770824373735897	0.3289537055273843	0.21333805073525686	5.762819278332406e-49
MSH6_dirichlet_train_fold1.8	6.9969362561048725e-68	1.37e-321	0.9834426972813133	1.14e-321	0.016557302718686717
PMS2_dirichlet_train_fold1.4	0.6348462623187257	1.08e-321	0.3620663558818474	3.66e-322	0.003087381799426889
MSH6_dirichlet_train_fold1.9	4.74e-322	1.685e-321	0.9165132631153037	0.06713794196387818	0.01634879492081806
MLH1_dirichlet_train_fold1	0.46913077985809126	1.81e-321	0.5095916190884308	0.021277601053478097	1.107e-321
MLH1_dirichlet_train_fold1.1	2.3322965742077738e-45	8.84e-322	0.8391640635820568	0.16083593641794341	7.3e-322
MSH6_dirichlet_train_fold1.10	3.295e-321	0.08399836435756695	0.8897050823964562	0.026296553245976878	2.06e-321
MSH6_dirichlet_train_fold1.11	1.66e-321	5.26218329513135e-245	0.8433822514250757	0.15661774857492441	1.63e-321
MSH6_dirichlet_train_fold1.12	1.705e-321	8.991282432096783e-52	0.9005502007483679	0.029015031207920466	0.07043476804371178
PMS1_dirichlet_train_fold1.7	0.014404317431320078	0.6175668649067491	0.27460598706240935	0.09342283059952144	4.6e-322
PMS2_dirichlet_train_fold1.5	0.6325568297365887	1.374e-321	0.36744317026341133	3.4e-322	3.5e-322
PMS2_dirichlet_train_fold1.6	0.6330836934318377	2.8e-322	0.3669163065681622	2.8e-322	2.87e-322
MSH2_dirichlet_train_fold1.1	3.732440900158526e-294	4.2889221371147005e-87	0.9158751393906914	0.0676427178163943	0.01648214279291421
MSH2_dirichlet_train_fold1.2	9.757571992902375e-109	0.004612684367434399	0.8636334391287488	0.1317538765038167	1.02e-321
PMS2_dirichlet_train_fold1.7	0.7217270780164059	2.3e-322	0.2521520239645719	2.67e-322	0.02612089801902219
MSH6_dirichlet_train_fold1.13	2.055e-321	1.413e-321	0.8524598333296788	0.1475401666703211	2.9e-322
MSH6_dirichlet_train_fold1.14	0.009263153738114769	1.527e-321	0.968065847305243	4.9999498456672366e-101	0.022670998956642176
MLH1_dirichlet_train_fold1.2	4.956899940699585e-265	4.397e-321	0.8161651674575604	0.09777174641664015	0.08606308612579965
PMS1_dirichlet_train_fold1.8	3.980933087635283e-124	0.6202693238168386	0.2765784752132967	0.10315220096986467	4.2e-322
MLH1_dirichlet_train_fold1.3	0.09489009092346974	1.74e-321	0.7809362514171914	0.1084732318593723	0.01570042579996669
MSH2_dirichlet_train_fold1.3	3.513e-321	1.546e-321	0.7217173469945923	0.2782826530054076	1.265e-321
MLH1_dirichlet_train_fold1.4	1.324e-321	2.67e-322	0.8552294945605675	0.1447705054394325	3.26e-322
PMS1_dirichlet_train_fold1.9	1.606e-321	0.37687444659641023	0.2660556004190436	0.3570699529845462	6.3e-322
MLH1_dirichlet_train_fold1.5	9.128533182401696e-220	2.317e-321	0.855521011814223	0.14447898818577706	2.86e-321
MSH6_dirichlet_train_fold1.15	2.544e-321	5.53e-322	0.9942710663613583	6.6e-322	0.005728933638641563
MSH6_dirichlet_train_fold1.16	0.3371164698779673	0.013313658885198946	0.649569871236784	1.54e-321	4.971819604383218e-14
PMS1_dirichlet_train_fold1.10	4.700682833751348e-220	0.5405828662254033	0.24733350024301526	0.21208363353158133	5.34e-322
PMS1_dirichlet_train_fold1.11	9.7e-322	0.5264849258230552	0.2958444129712452	0.13874301841066894	0.03892764279503054
MSH6_dirichlet_train_fold1.17	0.13008943637925557	0.09703095325682314	0.7277394055098727	3.5103269399429456e-81	0.04514020485404869
MSH6_dirichlet_train_fold1.18	9.5e-322	5.4e-322	0.9271166199666684	0.0728833800333315	6.6e-322
PMS2_dirichlet_train_fold1.8	0.6367413060227047	2.7e-322	0.36325869397729543	2.7e-322	2.77e-322
MSH6_dirichlet_train_fold1.19	3.137e-321	3.792315221757238e-291	1.0	1.2027832684414425e-113	1.56e-321
PMS2_dirichlet_train_fold1.9	0.45817644574889477	2.87e-322	0.5418235542511054	0.0	3.06e-322
MLH1_dirichlet_train_fold1.6	4.5526094538110734e-253	1.82e-321	0.7946757991225768	0.2053242008774233	6.4e-322
MSH6_dirichlet_train_fold1.20	2.97e-321	8.1e-322	0.979115020184564	1.833e-321	0.02088497981543609
PMS2_dirichlet_train_fold1.10	0.5919729572909291	3.16e-322	0.4080270427090708	3.1e-322	3.26e-322
MSH6_dirichlet_train_fold1.21	0.036603847650191625	2.8171367439106566e-276	0.9054605554897617	4.807442486050693e-112	0.05793559686004667
PMS1_dirichlet_train_fold1.12	2.105e-321	0.1231722270169174	0.32828806902569274	0.29748117916419325	0.2510585247931968
MSH6_dirichlet_train_fold1.22	0.13381988136873507	2.58e-321	0.8008780150795016	0.0653021035517632	1.36e-321
MSH2_dirichlet_train_fold1.4	8.25e-322	5.93e-322	0.6793478031420498	0.3206521968579502	1.45e-321
MSH6_dirichlet_train_fold1.23	1.2639547485119503e-122	2.77e-322	0.8814204200061504	0.11857957999384965	0.0
PMS2_dirichlet_train_fold1.11	0.3822867051512469	7.6e-322	0.6047505002761231	3.66e-322	0.01296279457262998
PMS1_dirichlet_train_fold1.13	2.63e-321	0.20445045369355916	0.30903091789827797	0.23504746833578893	0.25147116007237397
PMS1_dirichlet_train_fold1.14	1.196e-321	0.6678261712510387	0.04294272288249126	0.28923110586647005	4.5e-322
MSH6_dirichlet_train_fold1.24	0.12533301843105055	2.8e-322	0.7879875567728774	0.08667942479607209	3.3e-322
PMS1_dirichlet_train_fold1.15	1.576e-321	0.5822181882291566	0.24515025963800197	0.1726315521328416	4.1e-322
MSH6_dirichlet_train_fold1.25	0.09606606689365596	0.014343953623560042	0.88332465571561	0.00626532376717389	7.07e-322
MSH6_dirichlet_train_fold1.26	1.5e-321	1.29e-321	0.947028349015692	2.4347837563598316e-17	0.05297165098430797
MSH2_dirichlet_train_fold1.5	2.317e-321	1.23e-321	0.8425475075080981	0.15745249249190196	1.136e-321
PMS2_dirichlet_train_fold1.12	0.6401592489020844	2.4e-322	0.35984075109791563	2.37e-322	2.47e-322
PMS2_dirichlet_train_fold1.13	0.6554092042521149	5.34e-322	0.325429624947641	2.9e-322	0.019161170800244258
MSH6_dirichlet_train_fold1.27	1.41e-321	1.023e-321	0.9511660829746815	7.36e-322	0.04883391702531858
MSH6_dirichlet_train_fold1.28	1.245e-321	1.8048043488e-313	0.9253897742711235	0.019604355177641617	0.05500587055123499
MSH6_dirichlet_train_fold1.29	0.04999563404370447	0.07690477825948094	0.7844338250839693	0.08866576261284526	1.477e-321
PMS1_dirichlet_train_fold1.16	1.7e-321	0.6103619328034803	0.1931509543180899	0.09814633272636794	0.09834078015206184
MSH6_dirichlet_train_fold1.30	1.823e-321	0.010042725418923364	0.902572771380582	9.59917129035688e-302	0.08738450320049468
PMS2_dirichlet_train_fold1.14	0.5408048030167614	3.36e-322	0.4591951969832388	3.2e-322	7e-322
MSH6_dirichlet_train_fold1.31	0.22130193502042278	0.06745478657495853	0.6051264443951561	0.10611683400946272	1.43e-321
MSH6_dirichlet_train_fold1.32	1.324e-321	2.7888706864082264e-101	0.8392377766969041	0.1543876816492318	0.006374541653864069
MSH6_dirichlet_train_fold1.33	2.337e-321	0.027334714301598638	0.9726652856984015	1.2482169355170289e-33	7.286457524108504e-111
MLH1_dirichlet_train_fold1.7	1.85e-321	3.0371324773812552e-145	0.8688945901220441	0.13110540987795608	1.8284111726724028e-159
PMS1_dirichlet_train_fold1.17	0.30571881416819197	0.36702484395707646	0.3002141865950747	0.02704215527965685	2.6e-322
MSH6_dirichlet_train_fold1.34	1.35e-321	8.4e-322	0.9834880486935675	9.4e-322	0.01651195130643233
MSH2_dirichlet_train_fold1.6	0.11998831783255949	5.806521198013511e-201	0.7535044717523228	0.12650721041511764	7.5e-322
MSH6_dirichlet_train_fold1.35	2.33e-321	0.028432901931204867	0.8909466345802362	0.08062046348855906	5.829056504644182e-90
MLH1_dirichlet_train_fold1.8	0.00023141170312464255	2.2e-321	0.8566996179329169	0.14306897036395835	3.483e-321
MLH1_dirichlet_train_fold1.9	0.09210170976487617	2.6801789270150023e-82	0.7905273155683139	0.11643181323932263	0.0009391614274872594
PMS1_dirichlet_train_fold1.18	3.323855672161747e-38	0.6154211902647833	0.29319858548011496	0.0913802242551018	2e-322
MSH2_dirichlet_train_fold1.7	3.2e-321	1.03e-321	0.93866114368674	0.061338856313259915	4.25e-322
MLH1_dirichlet_train_fold1.10	1.74128920312473e-116	5.53e-322	0.8554650421741322	0.14453495782586778	3.46e-322
MSH6_dirichlet_train_fold1.36	0.12818301046562472	0.02649683578243032	0.6974628791798515	0.14785727457209327	1.11e-321
MSH6_dirichlet_train_fold1.37	1.9743124455965056e-88	0.05401432036832983	0.7976176530404093	0.14836802659126086	1.25e-321
PMS2_dirichlet_train_fold1.15	0.5519668657327537	6.1e-322	0.4480331342672462	2.9e-322	6.3e-322
MSH6_dirichlet_train_fold1.38	1.5786698559893217e-120	8.7e-322	0.9766184216797218	0.02338157832027814	3.6e-322
MSH6_dirichlet_train_fold1.39	0.1263968037980519	2.91e-321	0.7595815205344185	0.11402167566752953	8.741530971565831e-113
OGG1_dirichlet_train_fold1	0.12505332936608798	1.0680824055460393e-152	1.0863756567963962e-143	0.042923858797073756	0.8320228118368382
UNG_dirichlet_train_fold1	0.05407368906735819	0.04721560397081058	1.0776739934994943e-46	0.8469198805250628	0.051790826436768224
OGG1_dirichlet_train_fold1.1	8.165418987802283e-58	0.06999421414185499	0.14554977369641267	0.09903278508753663	0.6854232270741957
OGG1_dirichlet_train_fold1.2	0.13358117074805317	1.117634076413689e-70	0.04539685615293709	0.10824375065222838	0.7127782224467814
OGG1_dirichlet_train_fold1.3	0.026027853354423758	3.4584552543663652e-12	0.10209013408418464	0.11904378970259001	0.7528382228553432
OGG1_dirichlet_train_fold1.4	2.3815412711839792e-228	4.626820992156343e-157	0.026988173205891263	0.053751339871669544	0.9192604869224393
UNG_dirichlet_train_fold1.1	2.856e-321	7.76e-322	0.1679887461952753	0.7032193158109958	0.12879193799372907
UNG_dirichlet_train_fold1.2	1.501749576731026e-175	0.30492991379758305	0.16614990873529695	0.52892017746712	2.1528320743153077e-227
OGG1_dirichlet_train_fold1.5	0.10850376254767932	8.315396681458356e-110	0.03910362488596304	0.02417283668300261	0.828219775883355
UNG_dirichlet_train_fold1.3	0.0561978975023994	0.0015584386555322247	0.07913869255952992	0.8389660753007739	0.024138895981764417
UNG_dirichlet_train_fold1.4	1.3978523732317964e-41	3.938004243807927e-219	0.22101282682809717	0.6965018301009742	0.08248534307092859
OGG1_dirichlet_train_fold1.6	1.606e-321	9.875844994158274e-48	0.04441223885957634	0.10488918670687968	0.850698574433544
OGG1_dirichlet_train_fold1.7	1.58e-321	1.2072880768829677e-188	0.036086955904735964	1.01e-321	0.9639130440952641
OGG1_dirichlet_train_fold1.8	7.35830462083708e-44	0.3970952857130145	2.134e-321	0.048304865803582724	0.5545998484834027
OGG1_dirichlet_train_fold1.9	0.059892489527428365	0.47627946723448655	2.82e-321	7.1657184501952465e-59	0.46382804323808513
UNG_dirichlet_train_fold1.5	0.014703697866496623	3.3973566072108266e-246	0.050663538645614146	0.8587818161998351	0.07585094728805433
UNG_dirichlet_train_fold1.6	8.7e-322	3e-322	1.374e-321	1.0	3.6e-322
UNG_dirichlet_train_fold1.7	1.19e-321	1.042e-321	0.07161589715044486	0.894684209948064	0.03369989290149124
UNG_dirichlet_train_fold1.8	1.83e-321	9.83e-322	0.08889038504300781	0.9111096149569923	1.57e-321
UNG_dirichlet_train_fold1.9	3.167e-321	8.8e-322	0.01853683395369395	0.8203154391252532	0.1611477269210528
UNG_dirichlet_train_fold1.10	0.3460789301699387	0.05164024658312992	0.07804570223700742	0.4755574206742119	0.048677700335712046
UNG_dirichlet_train_fold1.11	1.4977808671046312e-24	0.18812736912600284	0.10927557242568804	0.5611299183124524	0.14146714013585657
UNG_dirichlet_train_fold1.12	1.457e-321	1.5539047540012641e-165	0.01581897463079769	0.7339202676899759	0.25026075767922656
UNG_dirichlet_train_fold1.13	2.34e-321	0.09590775322386771	0.01836199442994516	0.8857302523461872	2.4246780323652266e-134
UNG_dirichlet_train_fold1.14	8.45057063877899e-279	1.42652859966956e-181	2.2628815117995936e-160	0.9291274722925986	0.07087252770740149
OGG1_dirichlet_train_fold1.10	0.033368572412959936	0.01616431853171107	2.84e-321	0.20217631470351805	0.7482907943518108
UNG_dirichlet_train_fold1.15	0.034235059078407196	6.47e-322	0.06826325738033866	0.6314111595190752	0.26609052402217903
UNG_dirichlet_train_fold1.16	0.049677559869461	0.03137782915339669	0.11764188187372716	0.7214630972722589	0.0798396318311562
UNG_dirichlet_train_fold1.17	0.05156052514845805	7e-322	0.1314903695264569	0.6732093237302526	0.14373978159483242
OGG1_dirichlet_train_fold1.11	1.5691927378302344e-272	0.16367317397757963	0.2188695102396379	0.0028912282802074523	0.614566087502575
UNG_dirichlet_train_fold1.18	2.614e-321	1.04e-321	0.2057234265751797	0.7483513827244446	0.045925190700375866
UNG_dirichlet_train_fold1.19	0.03772178300540686	9.04e-322	0.06471007105770436	0.8043447283438715	0.09322341759301726
OGG1_dirichlet_train_fold1.12	9.088208209340515e-221	8.617491847328743e-69	0.04602968207118874	0.16707404353516092	0.7868962743936503
UNG_dirichlet_train_fold1.20	0.02560135590125932	3.497107686907691e-81	2.593085235583981e-244	0.8668701433344151	0.10752850076432549
OGG1_dirichlet_train_fold1.13	2.48e-321	0.05133570325643572	1.7416300595700177e-67	3.3284320175353235e-232	0.9486642967435641
UNG_dirichlet_train_fold1.21	0.06824498111207843	0.12037100498427487	0.0539401614842174	0.7574438524194294	2.995447800423729e-84
UNG_dirichlet_train_fold1.22	2.95e-321	0.36337981780810763	1.473846906e-314	0.6366201821918922	3.8e-322
UNG_dirichlet_train_fold1.23	0.028574007204960148	6.80962527768271e-96	0.07261039917298641	0.8206042425382017	0.07821135108385154
OGG1_dirichlet_train_fold1.14	0.042568585098020605	3.416255280379433e-170	0.0291820698078399	0.12157566416630725	0.8066736809278322
UNG_dirichlet_train_fold1.24	0.06890073071773635	1.997176980195502e-279	0.025297749301716247	0.8014818676576054	0.10431965232294205
OGG1_dirichlet_train_fold1.15	0.2557377603751215	0.02717692239972253	0.014989596503559322	1.5075032500562592e-140	0.7020957207215967
OGG1_dirichlet_train_fold1.16	0.10157191029177043	3.0202154131408073e-28	0.08977631766571947	0.1492125810568136	0.6594391909856967
UNG_dirichlet_train_fold1.25	0.12800375714674891	5e-322	0.13964377008152296	0.5801065980779065	0.15224587469382164
UNG_dirichlet_train_fold1.26	9.3e-322	6.313463541835858e-39	0.3165552446812978	0.6292898121489854	0.054154943169716724
UNG_dirichlet_train_fold1.27	0.21667579046115498	0.02784828560972623	0.12814984414056088	0.627326079788558	8.3e-322
UNG_dirichlet_train_fold1.28	0.037644797495953425	0.1076556651477116	8.65840685956781e-210	0.723490872817212	0.13120866453912294
UNG_dirichlet_train_fold1.29	9.324415042535615e-131	5.73e-322	1.206e-321	0.7508640993160658	0.24913590068393437
OGG1_dirichlet_train_fold1.17	3.4386238649440242e-196	3.3766567470406703e-134	1.5386102427106784e-217	0.1464598489228727	0.8535401510771273
OGG1_dirichlet_train_fold1.18	9.98431475095106e-62	0.2760831427641266	0.13346530825707484	0.09044326694669604	0.5000082820321026
OGG1_dirichlet_train_fold1.19	0.0383249640077874	0.08991520713660042	3.735e-321	0.08335204522660121	0.7884077836290111
OGG1_dirichlet_train_fold1.20	2.455173641645442e-270	0.18351838191019135	0.17815537813887514	0.01726606752558832	0.6210601724253453
UNG_dirichlet_train_fold1.30	0.02486058597679299	0.2073648426063389	1.3306555011084953e-126	0.7677745714168681	6.500760288749738e-17
UNG_dirichlet_train_fold1.31	0.11848143913200498	1.43e-321	0.020592447322356575	0.6130101612366985	0.24791595230894006
OGG1_dirichlet_train_fold1.21	2.9016403488068447e-283	0.3122241593839265	0.07087983409433335	0.026336233387716	0.590559773134024
OGG1_dirichlet_train_fold1.22	2.564e-321	0.4371000591498502	0.08565410868970587	0.09443709662983422	0.3828087355306096
OGG1_dirichlet_train_fold1.23	0.02869779740696552	0.40076518465937033	2.5691998086861504e-108	0.035213634959908514	0.5353233829737556
OGG1_dirichlet_train_fold1.24	4.5606892052411214e-254	0.38331295221588146	2.154e-321	3.5291988031556225e-67	0.6166870477841185
UNG_dirichlet_train_fold1.32	3.493e-321	0.024160498681030512	1.956e-321	0.9758395013189696	5.815306769449654e-48
UNG_dirichlet_train_fold1.33	2.816e-321	6.57e-322	0.10906292678245587	0.8746329167368437	0.016304156480700535
UNG_dirichlet_train_fold1.34	1.52e-321	9.5e-322	0.10432320078448416	0.8780433547851766	0.01763344443033917
OGG1_dirichlet_train_fold1.25	0.02070732555065622	6.2642650312622224e-298	2.895e-321	0.05044021458409477	0.9288524598652491
UNG_dirichlet_train_fold1.35	9.013772524890413e-250	7e-322	0.19740924788079933	0.748176543998335	0.054414208120865615
OGG1_dirichlet_train_fold1.26	2.9367296945017173e-302	5.87072864318036e-178	0.048742693069712455	1.19e-321	0.9512573069302875
UNG_dirichlet_train_fold1.36	2.357004515124706e-49	1.26e-321	0.13626641045739374	0.7830334116271916	0.08070017791541474
OGG1_dirichlet_train_fold1.27	4.164524294111019e-160	3.1024578478304805e-69	2.6652344853907625e-134	0.1392917216025251	0.8607082783974748
OGG1_dirichlet_train_fold1.28	1.43e-321	0.28206191540488706	0.041006517441076515	0.05984579970793826	0.6170857674460981
OGG1_dirichlet_train_fold1.29	9.60445874774e-313	0.4433600761430834	0.0477414159271959	4.041602985462956e-239	0.5088985079297208
OGG1_dirichlet_train_fold1.30	0.2129342352788384	1.393291216808653e-287	2.58475619748717e-166	0.010986316167356548	0.7760794485538051
OGG1_dirichlet_train_fold1.31	1.8797369571965615e-151	1.6976613637074953e-147	0.11308859123960378	1.1060426825075571e-113	0.8869114087603962
UNG_dirichlet_train_fold1.37	1.18e-321	8.3e-322	5.893367486325122e-295	0.9467624137784592	0.053237586221541
UNG_dirichlet_train_fold1.38	3.082405453207685e-210	8.1e-322	0.1468184851836135	0.8482250738145423	0.0049564410018441175
OGG1_dirichlet_train_fold1.32	6.907915899233296e-19	0.020138109587292743	0.19882896860498478	0.026110960176732003	0.7549219616309905
OGG1_dirichlet_train_fold1.33	1.487e-321	2.2411956690494204e-248	0.0372743911987067	9.5e-322	0.9627256088012934
OGG1_dirichlet_train_fold1.34	0.020674008041344307	0.0989997907392792	0.05949537128479101	0.05246894924074755	0.768361880693838
OGG1_dirichlet_train_fold1.35	2.81e-321	7.738705349339744e-283	2.599850595674898e-238	1.3e-321	1.0
UNG_dirichlet_train_fold1.39	0.0813460973883484	1.2e-321	0.055716327014603016	0.8629375755970485	5.334157517219664e-31
UNG_dirichlet_train_fold1.40	0.11564031662135542	1.711977819381933e-186	1.512525681301026e-19	0.8843596833786447	1.0354606186124605e-199
UNG_dirichlet_train_fold1.41	3.034e-321	3.06e-322	0.1554136778793058	0.7412071384555814	0.10337918366511284
UNG_dirichlet_train_fold1.42	2.47e-321	5.8e-322	0.09966271836551366	0.8216024552190684	0.07873482641541796
UNG_dirichlet_train_fold1.43	0.0370556831393823	1.57e-321	0.08770622527592553	0.7771812593036261	0.09805683228106594
OGG1_dirichlet_train_fold1.36	2.51e-321	0.3704103721389751	6.513963749922073e-217	0.001426730600008134	0.6281628972610167
OGG1_dirichlet_train_fold1.37	0.16124855506542796	0.0009649034602488313	2.7e-321	0.18342857580066538	0.654357965673658
UNG_dirichlet_train_fold1.44	4.126725182673e-311	5.8e-322	0.06609016867276002	0.8364933235929503	0.09741650773428974
UNG_dirichlet_train_fold1.45	1.84e-321	5.73e-322	0.0053761979345996625	0.7908611072395744	0.20376269482582593
UNG_dirichlet_train_fold1.46	0.0250716543170979	7.466620858554641e-70	5.787323411059095e-157	0.9225488239469133	0.05237952173598866
OGG1_dirichlet_train_fold1.38	1.9006804720685425e-239	2.701727232222297e-224	0.01606464083805857	0.12187851248736085	0.8620568466745807
OGG1_dirichlet_train_fold1.39	2.5559866016334858e-73	0.1080913206288259	6.5e-322	0.16934100389903797	0.7225676754721362
UNG_dirichlet_train_fold1.47	3.1440766483930126e-249	9.198786047404778e-08	0.16876783219982583	0.6483039175926939	0.18292815821961977
UNG_dirichlet_train_fold1.48	1.4309218981738347e-185	6.57e-322	1.37e-321	0.8639556271956585	0.13604437280434153
UNG_dirichlet_train_fold1.49	2.15e-321	7.07e-322	0.052870261411066675	0.9421172899030358	0.0050124486858975975
OGG1_dirichlet_train_fold1.40	0.12694944811633765	1.5178829544488434e-147	0.029912407597404322	0.027545499718979422	0.8155926445672785
UNG_dirichlet_train_fold1.50	3.6215127332820944e-96	8.55e-322	0.10948597707726725	0.8075919657365713	0.08292205718616139
UNG_dirichlet_train_fold1.51	7.7e-322	1.2432750793354486e-74	3.595319366240026e-05	0.9588246805598195	0.04113936624651795
UNG_dirichlet_train_fold1.52	0.0028835967513968852	0.3392839528974498	0.07452297377558795	0.5402738369442078	0.043035639631357384
OGG1_dirichlet_train_fold1.41	6.528307538707063e-187	6.526636717917188e-76	0.09669046675724526	1.8973086112757985e-154	0.9033095332427549
OGG1_dirichlet_train_fold1.42	0.04686206794462025	0.46167924288674456	2.115e-321	6.0256764602011325e-62	0.4914586891686352
UNG_dirichlet_train_fold1.53	2.79e-321	1.6225822502986172e-33	0.051682195789380485	0.857679989272002	0.09063781493861739
UNG_dirichlet_train_fold1.54	0.1701271443132802	2.83491094909496e-50	0.03278984795170636	0.6172384411536775	0.17984456658133585
RNF168_dirichlet_train_fold1	0.8462552566105439	8.660107195678969e-113	1.49e-321	0.08794329834250715	0.06580144504694882
RNF168_dirichlet_train_fold1.1	0.7635619810493374	8.4e-322	0.08244454125315491	0.11762364088627694	0.03636983681123082
RNF168_dirichlet_train_fold1.2	0.7826820906530862	0.0017704836461444906	0.06085003902589646	0.0742739615747351	0.08042342510013774
RNF168_dirichlet_train_fold1.3	0.9416055246972291	8.744681649888463e-46	0.006438912294152938	0.038318954614064885	0.013636608394552946
RNF168_dirichlet_train_fold1.4	0.8331005329792472	5.9e-322	2.81e-321	0.16689946702075265	8.7e-322
RNF168_dirichlet_train_fold1.5	0.5033527449628374	2.223e-321	0.3804037512799696	0.013467056019998041	0.10277644773719473
RNF168_dirichlet_train_fold1.6	0.7452726847847132	0.039331553906522265	0.1301082225519177	0.024037678091881162	0.061249860664965704
RNF168_dirichlet_train_fold1.7	0.8332222428651148	0.0903902055193696	0.0763875516155156	1.29e-321	5.300262689059458e-116
RNF168_dirichlet_train_fold1.8	0.8151012174965205	0.12320363301449196	0.010672178158337767	0.051022971330649716	1.477e-321
RNF168_dirichlet_train_fold1.9	0.5024591884413647	1.47e-321	0.28360697951213854	0.2098628576029703	0.00407097444352638
RNF168_dirichlet_train_fold1.10	0.7981359550198118	0.07334822949629521	0.12851581548389282	3.013500256e-314	4.4e-322
RNF168_dirichlet_train_fold1.11	0.8407361308165101	1.596e-321	0.14682609790286894	6.1e-322	0.012437771280621093
RNF168_dirichlet_train_fold1.12	0.8109812274192274	5.71674886862611e-133	0.046409471477520975	1.51e-321	0.14260930110325157
RNF168_dirichlet_train_fold1.13	0.9448861985323667	3.789388527862828e-22	1.724e-321	9.127660077291057e-262	0.0551138014676335
RNF168_dirichlet_train_fold1.14	0.8030932802290438	0.09623275212760923	1.87e-321	0.10067396764334703	8.2e-322
RNF168_dirichlet_train_fold1.15	0.48773076591413483	0.007367802805272488	1.0444060545640827e-106	0.5049014312805926	4.94e-322
RNF168_dirichlet_train_fold1.16	0.9678756040926295	5.734559190028973e-191	3.8470647544594494e-191	0.016898483866645123	0.015225912040725218
RNF168_dirichlet_train_fold1.17	0.7886195871209534	0.029972214594957747	0.033077389009271776	0.14054111108314093	0.007789698191676139
RNF168_dirichlet_train_fold1.18	0.6908998230822575	0.0744729901497201	0.1401873813552746	0.06468809643246304	0.029751708980284917
RNF168_dirichlet_train_fold1.19	0.43786300083237306	0.14567319920946212	0.08699941977478087	0.27876530710485947	0.050699073078524455
RNF168_dirichlet_train_fold1.20	0.4696409121013505	0.13401621783121528	0.14256568824412294	0.2537771818233113	7.2e-322
RNF168_dirichlet_train_fold1.21	0.8423822379955757	1.4045717095645657e-109	0.07709361904941614	0.049107480997707106	0.03141666195730114
RNF168_dirichlet_train_fold1.22	0.8122908257196257	0.06618904784802057	0.04623329833090105	0.07528682810145282	6.27e-322
RNF168_dirichlet_train_fold1.23	0.4170213237783983	1.33e-321	0.21262567861413328	0.1687999551185306	0.2015530424889378
RNF168_dirichlet_train_fold1.24	0.7504341540839061	0.16878865466825466	0.06990519754477614	0.010871993703063127	2.8e-322
RNF168_dirichlet_train_fold1.25	0.8691098422746351	1.74e-321	0.07863860435769571	0.04282564218742404	0.009425911180245213
RNF168_dirichlet_train_fold1.26	0.7755138606884486	5.961572901688886e-19	0.1568682120265098	0.06761792728504161	3.9407915279926814e-64
RNF168_dirichlet_train_fold1.27	0.9999999999999999	3.66e-322	7.26e-322	4.25e-322	8.6e-322
RNF168_dirichlet_train_fold1.28	0.8318438562391995	1.8476887448073174e-103	0.10971061120140158	0.03998676758766095	0.01845876497173782
RNF168_dirichlet_train_fold1.29	0.7620801500916065	0.15341823591808498	0.031277860104246304	0.053223753886062236	1.457e-321
RNF168_dirichlet_train_fold1.30	0.8587444255475221	0.06885780355681392	1.27e-321	0.07239777089566406	2.3289986582769775e-255
RNF168_dirichlet_train_fold1.31	0.832122651073061	1.285e-321	0.14929216242387916	1.92889168260474e-89	0.018585186503059802
