Samples	SBS96A	SBS96B	SBS96C	SBS96D	SBS96E
EXO1_0_real_train1	0.911893531440029	0.016686179472875148	1.8742476629913067e-111	0.07142028908709583	3.3652869547155785e-88
OGG1_0_real_train1	1.663218032902138e-28	0.05568534910492434	2.376972437369028e-15	0.05470826492760813	0.889606385967465
RNF168_0_real_train1	0.879590208146186	3.81819351519926e-135	0.058517510772429886	0.0381053051340411	0.02378697594734295
UNG_0_real_train1	0.06542636744562393	1.2588754320235116e-34	3.804496879371523e-35	0.9345073514426331	6.628111174298312e-05
ATP2B4_0_real_train1	0.16123654433388465	1.2366045893309848e-18	0.6535400426594677	0.14675186761221026	0.03847154539443735
ATP2B4_1_real_train1	2.6672798197321686e-165	0.06715567448622388	0.887414945393463	7.544784843182743e-213	0.04542938012031312
MLH1_0_real_train1	2.75e-321	1.0	1.645e-321	5.835231019516035e-192	5.159442468476755e-195
MSH2_0_real_train1	1.6941349516263495e-272	0.951316166171387	3.6441120715547076e-114	0.0445253187525538	0.004158515076059199
MSH6_0_real_train1	2.823935388979401e-276	0.987360417693411	8.785537861265396e-267	2.212031581720394e-304	0.012639582306589016
MSH6_1_real_train1	3.043e-321	0.9807564465875926	1.76e-321	1.097e-321	0.019243553412407417
PMS1_0_real_train1	7.307619962313596e-227	0.1326577420072174	0.4590465414484216	0.40829571654436103	9.104058247204927e-19
PMS2_0_real_train1	0.46227828702050083	0.5377217129794991	1.59e-321	3.06e-322	1.32707656652768e-192
EXO1_0_multinomial_train1	0.9499424419878646	0.010216740630147592	2.5256516092612954e-169	0.023834818606365653	0.016005998775622213
RNF168_0_multinomial_train1	0.8198698260728966	4.546803444020796e-150	0.1801301739271034	7.2591024970111606e-37	1.25183792034751e-204
RNF168_0_multinomial_train1.1	0.8152378499186433	1.235e-321	0.1776230929628277	3.00632093675382e-149	0.007139057118528923
EXO1_0_multinomial_train1.1	0.8864857812946615	0.09153957405458378	4.5825320622871864e-179	3.212898043413704e-75	0.021974644650754577
RNF168_0_multinomial_train1.2	0.8272403450359743	1.7801712914355321e-06	0.1712703088573804	5.931183187481279e-302	0.001487565935353856
RNF168_0_multinomial_train1.3	0.8082508072949711	0.013810570883198228	0.06668009119655817	0.09317491368650842	0.01808361693876391
RNF168_0_multinomial_train1.4	0.7999240388505179	0.019093336379948235	0.15970874004072919	2.8345711160840807e-66	0.021273884728804808
RNF168_0_multinomial_train1.5	0.8710266996153072	1.92e-321	7.167802919335962e-27	0.12897330038469287	8.65e-322
RNF168_0_multinomial_train1.6	0.7945555781796423	6.0067401007131815e-295	2.199832529689757e-147	0.1655257058079422	0.03991871601241532
RNF168_0_multinomial_train1.7	0.9055125186261639	0.003789824863693865	6.550383858534793e-148	0.08864226979316522	0.002055386716976999
RNF168_0_multinomial_train1.8	0.9090393158898086	3.3098136813524987e-193	7.54802597600962e-18	8.648691507595173e-121	0.0909606841101913
EXO1_0_multinomial_train1.2	0.9070025134944494	0.006338149305613307	1.226120895247784e-207	0.08665933719993729	8.15e-322
EXO1_0_multinomial_train1.3	0.9491483291334412	0.026882830339372995	2.347e-321	3.113e-321	0.023968840527185717
RNF168_0_multinomial_train1.9	0.9167444788049752	2.026e-321	0.08325552119502472	9.77405809253551e-49	1.8762047708019204e-36
EXO1_0_multinomial_train1.4	0.9179323940738731	8.937188786743918e-43	1.997691957530507e-227	0.08206760592612686	2.05e-321
EXO1_0_multinomial_train1.5	0.8947933799107608	0.029962321950667597	1.8661971695280483e-108	0.07245722520605631	0.0027870729325152437
EXO1_0_multinomial_train1.6	0.9171822371641764	2.987681769107869e-100	8.673044881606805e-303	0.08281776283582362	1.7e-321
EXO1_0_multinomial_train1.7	0.9026101098553294	0.03283846264496693	1.3473357951835236e-258	0.06455142749970358	2.9184527402848677e-18
EXO1_0_multinomial_train1.8	0.8183733871047723	0.02126579865593389	1.775470490186791e-254	0.16036081423929388	1.714e-321
RNF168_0_multinomial_train1.10	0.7985840646219908	3.124061778702606e-206	1.61119609049498e-173	0.09534664090058029	0.1060692944774289
EXO1_0_multinomial_train1.9	0.9551048683858969	0.04489513161410324	1.324e-321	2.707e-321	1.156e-321
RNF168_0_multinomial_train1.11	0.8715119832559426	7.124047081020328e-40	0.002331104480138486	0.12615691226391906	1.1191828651273e-310
RNF168_0_multinomial_train1.12	0.8788066341451897	0.026636575768814987	0.06804031113168048	9.536173313572107e-91	0.026516478954314696
EXO1_0_multinomial_train1.10	0.9151948370640022	0.042792310380115335	1.65e-321	0.04201285255588255	9.6e-322
EXO1_0_multinomial_train1.11	0.8614338249125588	0.04529910093578656	2.938637311756056e-192	0.09326707415165474	1.0704187294830473e-106
RNF168_0_multinomial_train1.13	0.8261150996773639	0.1402347803828557	9.745344474106219e-194	1.275e-321	0.03365011993978041
RNF168_0_multinomial_train1.14	0.840573418091447	0.006507275406615906	0.14950040347953628	0.003418903022400854	2.1840220692429607e-49
RNF168_0_multinomial_train1.15	0.8950092733165151	0.024737088832453482	5.371142110580387e-166	0.06647084149540783	0.013782796355623544
RNF168_0_multinomial_train1.16	0.8326251188139071	1.9363087708796402e-20	0.0613592680665719	0.061282732407006865	0.04473288071251413
EXO1_0_multinomial_train1.12	0.9262656511401187	4.890320417740474e-132	1.6862379323821078e-147	0.04306207766908955	0.03067227119079182
RNF168_0_multinomial_train1.17	0.7881469928298841	0.002995874468117553	0.06532649490864396	0.1370198244448383	0.006510813348516081
EXO1_0_multinomial_train1.13	0.9092017784806968	4.0902940120853197e-100	5.878204950511275e-113	0.06922887110785396	0.021569350411449206
RNF168_0_multinomial_train1.18	0.8073361082463	2.154e-321	0.16495473600861543	6.67733936772542e-08	0.02770908897169092
EXO1_0_multinomial_train1.14	0.9043835384453588	0.017394100604564467	6.805128192195006e-201	0.0754308913149608	0.002791469635115951
RNF168_0_multinomial_train1.19	0.9693426128002396	2.994231125860662e-120	1.5737120974905245e-192	2.227889915744308e-292	0.030657387199760557
RNF168_0_multinomial_train1.20	0.9452277243240749	1.5041576543216785e-67	1.38e-321	0.05477227567592507	3.95e-322
EXO1_0_multinomial_train1.15	0.8963870316613815	0.017035315512701356	4.722549512437316e-176	0.0865776528259173	1.5970690024860464e-162
RNF168_0_multinomial_train1.21	0.815421904252152	9.312656999415147e-18	7.447393456391827e-159	0.10946774872532099	0.0751103470225272
RNF168_0_multinomial_train1.22	0.7033652969051982	0.02004269334252653	0.0025114575716712975	0.2213087277995186	0.05277182438108539
EXO1_0_multinomial_train1.16	0.8637030351520812	0.036673685581837596	1.863e-321	0.0996232792660813	6.87e-322
EXO1_0_multinomial_train1.17	0.933272165825065	0.030414956979532285	5.11408359692368e-238	0.03631287719540259	1.6e-321
RNF168_0_multinomial_train1.23	0.9652159665279124	8.910954839932086e-138	1.337487052992584e-226	1.3608999845646598e-40	0.034784033472087486
EXO1_0_multinomial_train1.18	0.8265566964561615	0.03942941731763519	9.647485791243271e-253	0.1340138862262035	1.364e-321
RNF168_0_multinomial_train1.24	0.9290030871125705	4.18360691855e-312	0.07099691288742949	3.4524496908126805e-202	1.1556883691866852e-178
RNF168_0_multinomial_train1.25	0.8954028485241108	6.828454082938157e-219	0.08886607600158125	0.01573107547430799	8.518383172427914e-207
RNF168_0_multinomial_train1.26	0.9390204798108999	2.233e-321	0.011135091621469624	0.04984442856763054	7.371660649463309e-79
RNF168_0_multinomial_train1.27	0.7171747806475088	1.8103918334569053e-131	0.2815391480755596	0.001286071276931653	9.542978079364527e-38
RNF168_0_multinomial_train1.28	0.9371205014258848	0.004666814631195485	0.05232139898559637	0.005891284957323474	3.523712460824169e-81
EXO1_0_multinomial_train1.19	0.8652378626965092	0.05809439150804699	9.602130812136506e-140	0.07666774579544396	1.616e-321
RNF168_0_multinomial_train1.29	0.9055658641977261	6.424934827625754e-05	0.0039019037216592306	0.09046798273233839	2.176913726219329e-70
EXO1_0_multinomial_train1.20	0.8828122471936704	0.019091363739650105	1.0394878176511646e-22	0.0967900150934478	0.0013063739732317784
RNF168_0_multinomial_train1.30	0.8758873743866263	1.2620719765308205e-195	0.12411262561337368	1.5250503439280387e-98	1.0583578502215566e-26
RNF168_0_multinomial_train1.31	0.8779318117566652	0.0002115030814106796	0.09271944833635773	0.029137236825566487	2.1574084018764185e-171
RNF168_0_multinomial_train1.32	0.9496519540186713	1.841296646272663e-147	9.496148692753935e-15	0.00438547602074905	0.04596256996057014
RNF168_0_multinomial_train1.33	0.7799461927301259	9e-322	0.10322774538020765	0.1168260618896665	7.376069685505e-312
EXO1_0_multinomial_train1.21	0.9156948785538284	5.577843694777361e-75	1.94e-321	0.08430512144617172	1.66e-321
RNF168_0_multinomial_train1.34	0.970229219295819	6.47e-322	8.364413851376455e-304	1.68e-321	0.029770780704180964
EXO1_0_multinomial_train1.22	0.9461228664340805	0.027055559377861353	2.4361544579097322e-148	0.02146847573422048	0.005353098453837567
EXO1_0_multinomial_train1.23	0.8955776527414488	8.133106254942245e-76	7.572469303902953e-120	0.10442234725855125	2.831640369171797e-173
RNF168_0_multinomial_train1.35	0.8105472120654966	3.9210793115817807e-181	3.3971181074378864e-69	0.16594896849607027	0.02350381943843309
RNF168_0_multinomial_train1.36	0.8366097184359468	1.804338194266051e-194	0.1633902815640531	3.262336286842095e-29	1.069769432885041e-189
EXO1_0_multinomial_train1.24	0.944520578476557	8.673187462746132e-29	0.05547942152344295	1.2564206468199739e-25	4.258268577507711e-36
RNF168_0_multinomial_train1.37	0.891216537346715	3.26e-321	0.06560014941514193	0.04318331323814313	8.963822970575504e-238
EXO1_0_multinomial_train1.25	0.8637639100506767	0.041486427293438446	0.01567282859992733	0.0657653344024682	0.01331149965348931
RNF168_0_multinomial_train1.38	0.900348556106228	1.2e-321	0.06649890769377548	1.65e-321	0.03315253619999654
EXO1_0_multinomial_train1.26	0.9569826618885601	0.031681009031371395	1.5696045331306874e-154	0.011336329080068668	1.7e-321
EXO1_0_multinomial_train1.27	0.9283556639328374	4.9445090355248876e-82	5.643681944192178e-146	0.07164433606716258	1.7e-321
EXO1_0_multinomial_train1.28	0.9243634495047095	8.596473734229612e-43	9.545111243606432e-210	0.07563655049529033	1.61e-321
EXO1_0_multinomial_train1.29	0.9232872218215551	6.564627411827856e-90	1.6452416858782528e-16	0.07496559872362096	0.0017471794548239129
EXO1_0_multinomial_train1.30	0.907040035115909	5.2000759144036944e-62	2.204e-321	0.09295996488409101	8.4e-322
RNF168_0_multinomial_train1.39	0.8896246755274805	9.767423296354082e-62	1.097e-321	0.08223983799278493	0.028135486479734708
RNF168_0_multinomial_train1.40	0.7822839826828142	1.774e-321	0.17493964956081604	7.242832653832986e-241	0.042776367756369574
EXO1_0_multinomial_train1.31	0.8631454053662887	0.05411933534529277	5.568632466030459e-266	0.08273525928841846	1.576e-321
EXO1_0_multinomial_train1.32	0.9121184927841665	0.035744091024440754	2.450640814634879e-128	0.04019628673435332	0.011941129457039493
EXO1_0_multinomial_train1.33	0.9350713047093133	0.01974660755862005	2.943921195385057e-189	0.038243695018299245	0.006938392713767305
RNF168_0_multinomial_train1.41	0.9152102792192813	1.235e-321	0.050470194253972006	2.495363062559149e-156	0.03431952652674679
RNF168_0_multinomial_train1.42	0.9300587844742882	2.85e-321	0.035989356695089174	1.5263845319159794e-21	0.03395185883062261
EXO1_0_multinomial_train1.34	0.9069493776828969	0.016033180835952378	4.0365787644080947e-171	0.07701744148115072	5.455120178311766e-64
RNF168_0_multinomial_train1.43	0.8169808555086125	1.754e-321	0.1328660585501105	0.04826533491567137	0.001887751025605722
EXO1_0_multinomial_train1.35	0.8741533581473834	3.247766633425144e-121	0.005965666815306494	0.10847309826006249	0.011407876777247673
EXO1_0_multinomial_train1.36	0.8924722090754285	0.011923482599899287	8.577678044672044e-308	0.09560430832467239	1.36e-321
RNF168_0_multinomial_train1.44	0.8460401889342426	1.937e-321	0.10722654728060463	0.0164070802240641	0.030326183561088484
EXO1_0_multinomial_train1.37	0.918084299242952	0.022949908383197635	2.41e-321	0.05896579237385034	7.14046119490163e-172
RNF168_0_multinomial_train1.45	0.8342863992802871	2.406e-321	0.15519490003592135	0.010518700683791673	2.7282119616935713e-182
RNF168_0_multinomial_train1.46	0.9459359589299107	3.483e-321	2.720206630289257e-71	0.004496100651422826	0.04956794041866637
RNF168_0_multinomial_train1.47	0.919199970920197	3.6824450505602944e-153	0.042882618851979866	0.037917410227823294	1.04e-321
RNF168_0_multinomial_train1.48	0.8551342236552225	1.586e-321	0.04141780673825946	0.10344796960651799	7.86e-322
RNF168_0_multinomial_train1.49	0.8395946604862886	3.013483647744277e-07	0.04348049370413119	0.0847196161427975	0.032204928318417765
RNF168_0_multinomial_train1.50	0.8424938154327158	0.016985937997855062	1.806978563113756e-136	0.12607653064832744	0.014443715921101767
EXO1_0_multinomial_train1.38	0.958007271266177	7.588855317387779e-105	1.4142076212052938e-65	0.012253824576446228	0.029738904157376764
RNF168_0_multinomial_train1.51	0.8758329773180065	9.051700138681476e-116	0.07764265518189904	0.04652436750009463	2.229297057894105e-210
RNF168_0_multinomial_train1.52	0.8609839280432704	0.07559351423259711	2.519562259073079e-37	0.018073407614772573	0.0453491501093598
EXO1_0_multinomial_train1.39	0.8449358108790129	0.05916319337296733	3.105573442829674e-182	0.08158005804096242	0.014320937707057271
EXO1_0_multinomial_train1.40	0.8688806534591095	0.04304412636383433	1.8304241106319895e-204	0.07462018224539116	0.013455037931665071
RNF168_0_multinomial_train1.53	0.8407645068685523	2.725262663360199e-203	0.13697615825791304	1.4210073615052253e-132	0.022259334873534722
EXO1_0_multinomial_train1.41	0.8819868387365286	0.07004707773947966	5.740131729484528e-303	0.04796608352399171	6.6e-322
EXO1_0_multinomial_train1.42	0.9111060176930154	2.252864934712736e-74	1.5965438539998234e-101	0.08889398230698461	1.52e-321
RNF168_0_multinomial_train1.54	0.7536080611122269	1.235e-321	0.17470645930699377	0.04806050402087692	0.023624975559902433
OGG1_0_multinomial_train1	7.05498526370116e-83	0.00398148435645432	0.0975687039906864	0.056275714589763194	0.8421740970630961
UNG_0_multinomial_train1	1.1973333738505865e-270	0.10478257559529858	9.9e-322	0.8952174244047014	7.1e-322
UNG_0_multinomial_train1.1	0.01006791558558284	0.03211264130807691	0.02344197785307403	0.881089500649475	0.05328796460379109
UNG_0_multinomial_train1.2	0.08017964737990149	1.2064992078634384e-195	4.70821201121693e-71	0.9014200154557738	0.018400337164324754
OGG1_0_multinomial_train1.1	4.923384862649995e-60	0.11181904154310467	1.9734470272102402e-05	0.014833304904681745	0.8733279190819415
UNG_0_multinomial_train1.3	0.17083564408326862	0.05137963636753006	4.324479349307412e-33	0.7423443758073471	0.03544034374185416
OGG1_0_multinomial_train1.2	9.659148297599944e-167	0.09794852760508631	5.261963571621817e-183	9.116516421404388e-174	0.9020514723949138
OGG1_0_multinomial_train1.3	2.68567303540556e-35	0.050857057729876164	2.9600664464613797e-58	4.895351033564704e-63	0.9491429422701237
UNG_0_multinomial_train1.4	3.411888867927383e-69	6.024438609105174e-230	0.03380795553453124	0.9661920444654688	1.516572182435137e-127
UNG_0_multinomial_train1.5	0.056558781781503455	2.13e-321	1.02e-321	0.9434412182184965	5.2e-322
OGG1_0_multinomial_train1.4	8.60347849005127e-296	0.03833428925839042	9.954240716727754e-126	2.4801416311070357e-213	0.9616657107416096
OGG1_0_multinomial_train1.5	1.738244287359432e-198	0.10058684844908551	2.228292699804592e-178	1.0870419763268827e-228	0.8994131515509145
UNG_0_multinomial_train1.6	0.035359285361843226	0.08814774248279356	5.9e-322	0.8764929721553633	4.84e-322
UNG_0_multinomial_train1.7	0.007091647413584958	0.11524075376738126	8.29879274753261e-73	0.7302835171142922	0.14738408170474154
UNG_0_multinomial_train1.8	1.6474353734339581e-273	1.947e-321	2.8767701591050214e-277	1.0	4.7e-322
OGG1_0_multinomial_train1.6	5.698897820368232e-143	0.08453089665067179	5.784308201910782e-79	0.0098779536735543	0.9055911496757739
UNG_0_multinomial_train1.9	0.09043360920203429	0.027673394435782733	7.028197013259327e-125	0.8818929963621829	8.904624933335639e-228
OGG1_0_multinomial_train1.7	1.2649439749272959e-70	0.04647708583883492	1.3760408856633628e-07	0.03956484298571311	0.9139579335713633
UNG_0_multinomial_train1.10	0.04343850720205504	1.206e-321	0.027118035310305127	0.9294434574876397	6.3e-322
OGG1_0_multinomial_train1.8	0.057539424727220075	2.895e-321	3.8298716767962174e-120	0.1267087398882097	0.8157518353845703
UNG_0_multinomial_train1.11	0.04755295274617328	3.88489194504234e-167	0.09718318002460348	0.8552638672292231	8.533534652057908e-285
OGG1_0_multinomial_train1.9	6.564455067431044e-81	0.05398192685554083	0.06819249024568039	1.2212296118904495e-33	0.8778255828987788
OGG1_0_multinomial_train1.10	2.503156968183055e-214	0.03416832685995951	0.14420640269005386	3.935571757549698e-56	0.8216252704499865
OGG1_0_multinomial_train1.11	4.522392045093031e-184	0.06913288781273805	1.4310667680798935e-87	1.024967541071569e-210	0.930867112187262
UNG_0_multinomial_train1.12	0.1422608922095935	1.4047063912169568e-198	7.26e-322	0.8577391077904065	2.03e-322
UNG_0_multinomial_train1.13	0.037734362744828304	6.9877871934347e-155	6.537474555471579e-43	0.9622656372551717	3.1608689469926713e-124
UNG_0_multinomial_train1.14	0.10350062939104625	0.01863171581430311	8.65e-322	0.8778676547946507	3e-322
OGG1_0_multinomial_train1.12	5.227648231927758e-157	0.06412008997867587	2.468517636608229e-155	2.9869508775303525e-153	0.935879910021324
OGG1_0_multinomial_train1.13	1.3162028171041195e-165	0.01907700035952249	3.973430644028311e-37	0.13218761962826042	0.848735380012217
UNG_0_multinomial_train1.15	6.572324421630407e-196	0.0052198789082417395	0.046287141746199884	0.9484929751997092	4.145849119411056e-09
UNG_0_multinomial_train1.16	0.047660555647433885	4.316076904081493e-189	1.7218601117791911e-16	0.8929595679368334	0.05937987641573257
UNG_0_multinomial_train1.17	0.032921575955949904	1.05063e-319	8.563376760476015e-162	0.9466023345417027	0.020476089502347507
OGG1_0_multinomial_train1.14	1.2790893219838727e-136	0.023670267686867107	0.12071098177202814	4.344560253727933e-135	0.8556187505411047
UNG_0_multinomial_train1.18	4.683552302212397e-161	6.367100091945781e-113	0.039860650230137955	0.9601393497698619	6.23e-322
OGG1_0_multinomial_train1.15	0.026670512491981744	0.05809177214463417	0.05348073841489868	0.032485689719085865	0.8292712872293997
UNG_0_multinomial_train1.19	0.02008606103568625	0.05259034762086628	0.08344882919316127	0.8438747621502862	1.74148399742687e-108
OGG1_0_multinomial_train1.16	1.4746000670263526e-18	0.04801633876626608	7.251368420841942e-16	0.07427977121738306	0.87770389001635
UNG_0_multinomial_train1.20	5.3106985768087956e-17	0.03073227803671184	2.956625464099107e-72	0.9692677219632881	3.694175969771376e-69
UNG_0_multinomial_train1.21	0.0811623894296661	0.09187280473952808	1.0093166605597335e-97	0.8042839571348571	0.022680848695948712
OGG1_0_multinomial_train1.17	4.142509148944413e-160	0.08377228415917254	1.2958782915542504e-87	5.761565872349149e-99	0.9162277158408276
UNG_0_multinomial_train1.22	3.978531597675686e-184	2.3853442276390095e-88	5.944993918406529e-203	0.9999999999999999	3.56e-322
UNG_0_multinomial_train1.23	8.95463911814985e-57	0.024998711912543742	0.009241502569111895	0.9657597855183443	3.4e-322
UNG_0_multinomial_train1.24	0.05396904198210463	0.007722144227960501	5.464917563647401e-26	0.9193698217061418	0.018938992083793144
OGG1_0_multinomial_train1.18	5.812565728739679e-05	0.0053386786984315785	0.10371391622271031	0.0814990804954031	0.8093901989261675
UNG_0_multinomial_train1.25	0.08090083762454821	9.73e-322	0.14779167441218294	0.7704561916736531	0.0008512962896157357
OGG1_0_multinomial_train1.19	6.487273966273282e-15	0.1080798882965989	2.9215856655025174e-23	0.0004574080267644811	0.8914627036766302
UNG_0_multinomial_train1.26	1.5055024301729435e-289	0.14886290029335647	5.979236979729925e-183	0.8511370997066436	6.3e-322
OGG1_0_multinomial_train1.20	0.020783618896716382	0.06461414553241976	0.11372274672300146	3.216470353596507e-22	0.8008794888478624
UNG_0_multinomial_train1.27	0.08850627862290622	1.94e-321	0.10445359353787216	0.8070401278392215	9.73e-322
OGG1_0_multinomial_train1.21	5.688831240714536e-168	0.03840939519899948	0.31412946719702567	3.9563243322115066e-33	0.647461137603975
OGG1_0_multinomial_train1.22	0.01547585824003534	3.321654730540496e-80	0.033473502837063615	0.07546206910353219	0.8755885698193691
UNG_0_multinomial_train1.28	0.026455932674225097	9.717571304559531e-171	6.57e-322	0.9735440673257749	4.3e-322
UNG_0_multinomial_train1.29	3.5118797399543093e-113	0.00831476612794925	0.03539386040510534	0.9447876946014392	0.011503678865506212
OGG1_0_multinomial_train1.23	1.9036130867923736e-155	0.06103000241447823	2.6070932908140187e-27	1.3557481919610728e-78	0.9389699975855219
OGG1_0_multinomial_train1.24	4.8008840226750485e-264	0.10237469343542302	5.129319907138713e-25	3.228701996348679e-144	0.897625306564577
OGG1_0_multinomial_train1.25	0.0471930875298573	0.001566606526553199	0.155242909680827	0.051711804987764294	0.7442855912749983
OGG1_0_multinomial_train1.26	2.7042674275467152e-222	4.945296611988226e-52	0.16511193490918183	8.691950349973156e-72	0.8348880650908183
UNG_0_multinomial_train1.30	4.1489865083556695e-194	0.006166838732152149	2.8176308555967136e-94	0.9745787951082188	0.019254366159629152
OGG1_0_multinomial_train1.27	2.975786705245726e-118	0.06697523595603215	0.04795127689685055	1.2250837475596779e-75	0.8850734871471173
OGG1_0_multinomial_train1.28	0.007995489407880094	0.051632073647602694	3.336110075680904e-17	0.08383442054262757	0.8565380164018896
UNG_0_multinomial_train1.31	0.020048917903928504	0.0030889504788486964	0.14650059182360278	0.8303615397936199	7.07e-322
UNG_0_multinomial_train1.32	1.323687918716734e-35	0.008389644608074424	4.364941571064825e-261	0.9806874537516194	0.010922901640306147
UNG_0_multinomial_train1.33	0.05108677331580274	2.27e-321	4.254651314574787e-261	0.9489132266841972	4.9e-322
OGG1_0_multinomial_train1.29	3.017954454871667e-39	0.003568060951536042	0.14765148133303224	0.08218431180249022	0.7665961459129415
OGG1_0_multinomial_train1.30	1.5557411170488385e-184	0.08605480775589626	0.08664015755409872	1.0368896291575727e-13	0.8273050346899012
UNG_0_multinomial_train1.34	0.006133300849282133	0.06261566784786048	2.8936540003728184e-142	0.9034061840757979	0.027844847227059696
OGG1_0_multinomial_train1.31	1.4818161909661153e-100	0.07982751596614615	0.044226450638933275	0.019193046582693104	0.8567529868122274
UNG_0_multinomial_train1.35	0.1373852091814984	0.09102843616449047	8.404298500249173e-256	0.7654084630314675	0.0061778916225437444
UNG_0_multinomial_train1.36	0.02401890921542519	1.744e-321	0.0026377005620813166	0.9733433902224935	2.6322489713518266e-287
UNG_0_multinomial_train1.37	0.0517803404656956	0.024639329051679874	5.34e-322	0.9235803304826247	2.17e-322
OGG1_0_multinomial_train1.32	0.013793832141426373	0.08734187533461477	1.3479426010727597e-87	0.03974390311568405	0.8591203894082748
UNG_0_multinomial_train1.38	0.1286585495021105	0.006789593186169922	0.024475844498453716	0.8400760128132658	8.105047349297699e-72
OGG1_0_multinomial_train1.33	8.531889761317068e-41	0.014626078987436082	0.08720666129237324	0.11576065254821463	0.7824066071719761
OGG1_0_multinomial_train1.34	1.3020950620146124e-11	0.03229931401125403	4.374673178853416e-33	0.10231712889949116	0.8653835570762337
OGG1_0_multinomial_train1.35	1.9795212591872735e-62	0.0725315698901461	0.040120879164518675	0.036226305902903815	0.8511212450424316
OGG1_0_multinomial_train1.36	6.654330462137808e-33	0.044121805838509214	1.1045019075674334e-53	1.6840390107577707e-09	0.9558781924774516
OGG1_0_multinomial_train1.37	3.6943574706865064e-97	1.2424371261392602e-56	0.14084536006540258	0.015829897815387347	0.84332474211921
OGG1_0_multinomial_train1.38	4.857103380727702e-145	0.07485633429704999	1.5612667598322313e-17	0.002358852941713493	0.9227848127612365
UNG_0_multinomial_train1.39	5.4857943179638776e-216	0.04965947226419054	6.0767572993375e-272	0.9503405277358095	5.83e-322
OGG1_0_multinomial_train1.39	3.6785428360492473e-81	0.12005634467900524	0.06090399636550603	0.02032454435472238	0.7987151146007663
UNG_0_multinomial_train1.40	0.0864472051071364	0.0520032188777782	6.57e-322	0.8615495760150853	2.17e-322
OGG1_0_multinomial_train1.40	1.9095921654113357e-163	0.060760160354503	0.12202939895990413	4.398145076813281e-91	0.8172104406855928
OGG1_0_multinomial_train1.41	0.02359704555008387	0.031025684110778183	2.844873089290456e-97	9.488553822431882e-31	0.9453772703391379
UNG_0_multinomial_train1.41	0.21340531685014705	6.335372351395819e-77	3.881733631997848e-265	0.786594683149853	7.8e-322
OGG1_0_multinomial_train1.42	4.797475618961818e-38	0.020817538972795386	0.003086709003282898	0.07050661629633136	0.9055891357275904
UNG_0_multinomial_train1.42	0.11218940065020082	5.02349689526749e-57	8.25e-322	0.8878105993497993	1.93e-322
OGG1_0_multinomial_train1.43	0.011366240302250091	0.04531902620713148	0.049993866043328526	5.147553044040105e-38	0.8933208674472898
OGG1_0_multinomial_train1.44	0.04517677449013662	2.2022054337024824e-09	0.004135053168544301	0.11688858166069803	0.8337995884784157
OGG1_0_multinomial_train1.45	5.239606138927415e-119	0.007172910746563975	0.1963854935413009	8.04123755503752e-34	0.796441595712135
OGG1_0_multinomial_train1.46	2.225092973001125e-55	0.0005026436094999372	0.1024743872699558	0.11516757810879415	0.7818553910117502
UNG_0_multinomial_train1.43	1.1226091752029963e-304	0.05317219306434125	1.5607236692704671e-91	0.9080552295433234	0.03877257739233514
OGG1_0_multinomial_train1.47	0.03701657443733137	0.029961350872179587	0.052642391620632695	0.035656822803972026	0.8447228602658844
OGG1_0_multinomial_train1.48	2.7957888004009385e-167	0.05276557808292016	0.028428867163058435	0.09412989375346281	0.8246756610005586
OGG1_0_multinomial_train1.49	0.004969143280004804	0.03973498650297665	0.12906125122753212	0.007975480767752462	0.818259138221734
OGG1_0_multinomial_train1.50	2.6832607120610715e-142	0.10370595826357842	6.329260696996385e-45	1.3353280653880177e-25	0.8962940417364216
UNG_0_multinomial_train1.44	0.08496523930409478	0.07235517028181075	4.8749233362746095e-202	0.7969565218640621	0.045723068550032504
OGG1_0_multinomial_train1.51	0.0360255259269627	0.09553393308800442	3.518849252566718e-131	5.467851179290251e-21	0.868440540985033
OGG1_0_multinomial_train1.52	4.0944648846839594e-29	0.06387428163079845	2.2322865206485348e-48	3.743340380808465e-16	0.9361257183692013
ATP2B4_0_multinomial_train1	0.10620303122039271	0.12617036080385155	0.5565482003665219	0.10260344127534236	0.10847496633389146
ATP2B4_1_multinomial_train1	3.234710766379051e-77	0.10271519124704645	0.8889610657202047	0.00832374303274881	5.582012174084852e-47
ATP2B4_0_multinomial_train1.1	0.18979737698481744	8.646114383264913e-155	0.7067065930179391	0.10349602999724354	3.716016946552798e-59
ATP2B4_1_multinomial_train1.1	1.3804400876837394e-59	0.0022930430752719135	0.946232543615464	3.722069394889129e-182	0.05147441330926405
ATP2B4_1_multinomial_train1.2	7.576023474547357e-68	0.03880348201645008	0.8106577601422159	1.3368811351785547e-287	0.15053875784133397
ATP2B4_1_multinomial_train1.3	0.03639220673045038	0.048521567227016914	0.8577489790089426	0.057337247033589986	3.7e-322
ATP2B4_0_multinomial_train1.2	0.21061293876791864	1.057e-321	0.501220806688494	0.21425655431279217	0.07390970023079506
ATP2B4_1_multinomial_train1.4	1.235e-321	0.060831825841967724	0.7748154535006744	1.7206572747857587e-200	0.16435272065735793
ATP2B4_0_multinomial_train1.3	0.21215506079425184	1.156e-321	0.6049213750402898	0.18292356416545827	6.6323454491327224e-74
ATP2B4_0_multinomial_train1.4	0.0731241809715438	0.01112958702956295	0.6640839040148989	0.2516623279839943	7.13871340677605e-91
ATP2B4_0_multinomial_train1.5	0.06275678736384117	0.017380996606692355	0.5967354740708333	0.2681858619232782	0.054940880035354946
ATP2B4_0_multinomial_train1.6	0.16377919143784217	3.961369405630013e-119	0.630866159214476	0.19784121692599052	0.007513432421691417
ATP2B4_1_multinomial_train1.5	4.200377808850967e-40	0.09185827837862218	0.6169041916856562	3.9448144677060475e-264	0.2912375299357215
ATP2B4_0_multinomial_train1.7	0.051371066303312285	0.06777558145681681	0.518351197954787	0.19423543746381494	0.1682667168212691
ATP2B4_1_multinomial_train1.6	1.917e-321	0.07745760601152538	0.6658963435107372	8.74e-322	0.25664605047773736
ATP2B4_1_multinomial_train1.7	1.3193428024247612e-293	0.10402447498568486	0.7619052421978425	5.413890770151628e-124	0.1340702828164727
ATP2B4_1_multinomial_train1.8	1.3874725303478375e-218	0.15888044597161557	0.8411195540283845	1.0380337157856164e-190	1.1191811330695897e-167
ATP2B4_1_multinomial_train1.9	0.010302962706247152	0.06053870918225083	0.7680739018205064	1.562862744259751e-237	0.16108442629099562
ATP2B4_1_multinomial_train1.10	0.03113379817325	0.13030239175881994	0.6800234409735311	2.6564117806261203e-205	0.158540369094399
ATP2B4_1_multinomial_train1.11	2.1255203048622226e-302	0.06370997325955416	0.9362900267404458	1.2060744248985624e-226	3.8058191214051175e-65
ATP2B4_1_multinomial_train1.12	1.0305729409474874e-216	0.06304115266753448	0.9230349105146819	3.1598940835581884e-166	0.013923936817783549
ATP2B4_1_multinomial_train1.13	6.954731205424703e-114	0.004543329854464067	0.9247678192430671	8.142364613417864e-206	0.07068885090246886
ATP2B4_0_multinomial_train1.8	0.24874049592151873	0.017064300808118767	0.6922000284294768	0.04199516936813373	5.472751922568325e-09
ATP2B4_1_multinomial_train1.14	1.5010340777840514e-176	0.12802650821718936	0.641436197485167	4.481921378304036e-39	0.23053729429764372
ATP2B4_1_multinomial_train1.15	5.3142041309064636e-05	0.09007418797592821	0.815409524781448	2.9097439265686404e-244	0.09446314520131477
ATP2B4_0_multinomial_train1.9	0.14722787586411673	0.04850757934542977	0.40374926040083736	0.25410660234149957	0.1464086820481164
ATP2B4_0_multinomial_train1.10	0.1090444518816406	1.27e-321	0.7267122752069035	0.16424327291145574	6.103140932562513e-191
ATP2B4_0_multinomial_train1.11	0.14080904393852015	0.059439616002053976	0.7181879012373921	0.08156343882203387	1.5326929231018538e-162
ATP2B4_1_multinomial_train1.16	1.635e-321	0.12982002809601853	0.6765073017977413	4.78994478095035e-108	0.1936726701062401
ATP2B4_0_multinomial_train1.12	0.3026900257558752	5.45145648833757e-94	0.5289250102007342	0.1294786558409683	0.03890630820242222
ATP2B4_0_multinomial_train1.13	0.2866435858401029	2.08e-321	0.5672185079354545	0.14613790622444242	2.0078309331976083e-98
ATP2B4_0_multinomial_train1.14	0.06599553876568419	0.09796408091644787	0.8360403803178678	6.320758560039273e-67	5.478399423764266e-21
ATP2B4_0_multinomial_train1.15	0.14695181263714743	2.6653962332636596e-270	0.7190840108416263	0.1264865609862855	0.007477615534940713
ATP2B4_1_multinomial_train1.17	8.290775891426608e-243	0.07930555640048491	0.920694443599515	2.968849533030829e-190	1.2981667962925609e-83
ATP2B4_1_multinomial_train1.18	3.019368870126164e-199	0.05410909487993939	0.7527021778886225	1.1890540261194834e-160	0.1931887272314382
ATP2B4_1_multinomial_train1.19	0.07952266801021632	0.08696168488254209	0.5694522475846704	4.957997087267448e-38	0.26406339952257113
ATP2B4_1_multinomial_train1.20	3.2157064730713865e-160	0.09851356376880831	0.82447170825557	0.01685495235480578	0.06015977562081597
ATP2B4_0_multinomial_train1.16	0.24310525084904863	2.6722281213726267e-228	0.44430166855859843	0.18692194338108659	0.12567113721126627
ATP2B4_1_multinomial_train1.21	8.090111819570771e-66	0.07819322073225907	0.8658828960799045	1.023e-321	0.05592388318783632
ATP2B4_1_multinomial_train1.22	0.1133091626154807	0.024424033102958643	0.7599972430107012	3.7484991475868655e-216	0.1022695612708595
ATP2B4_0_multinomial_train1.17	0.06135658811371524	1.275187001496338e-30	0.6822135839501153	0.25642982793589	2.79549028190107e-13
ATP2B4_0_multinomial_train1.18	0.15869635950308636	0.06284756872989958	0.5748989878297383	0.03707929942550615	0.16647778451176964
ATP2B4_1_multinomial_train1.23	6.481195804726565e-236	0.12017385709887717	0.6084245077299809	1.0195074079923192e-128	0.27140163517114174
ATP2B4_1_multinomial_train1.24	1.2175284341698607e-23	0.057509692829290054	0.9424903071707099	1.9165613196092435e-30	1.2157228148697684e-74
ATP2B4_0_multinomial_train1.19	0.12153615165450071	0.025780518259841487	0.5992466175286066	0.1513119722568171	0.10212474030023397
ATP2B4_1_multinomial_train1.25	1.0187260678991748e-120	0.11599029415908732	0.8840097058409127	4.146493421487193e-228	8.072042398093108e-62
ATP2B4_0_multinomial_train1.20	0.07291440747715433	0.030349485323934	0.6985534227211759	0.15213892070355245	0.04604376377418316
ATP2B4_0_multinomial_train1.21	0.18823657145764727	0.04626274695776783	0.3743124210318691	0.11665863707940669	0.27452962347330895
ATP2B4_0_multinomial_train1.22	0.23698130953997226	1.0971157988091212e-178	0.36697744550302125	0.20355655207204815	0.19248469288495837
ATP2B4_0_multinomial_train1.23	0.24515762089121831	0.019427188290468494	0.6268631684903152	0.06986300854219232	0.03868901378580559
ATP2B4_0_multinomial_train1.24	0.20080217309779297	1.8127069345162324e-45	0.7471743645112374	0.05202346239096962	1.203840231921185e-138
ATP2B4_1_multinomial_train1.26	0.007697401843637756	0.004932256776778868	0.9873703413795832	3.836071010841112e-165	4.05e-322
ATP2B4_0_multinomial_train1.25	0.11188021387645516	0.047118797406936606	0.7561635143611645	2.841747575805647e-90	0.08483747435544375
ATP2B4_1_multinomial_train1.27	0.05275586184741126	0.014060772849562036	0.8238709262782763	2.1562980098326456e-253	0.10931243902475037
ATP2B4_0_multinomial_train1.26	0.24519595969549868	7e-322	0.46091869212388414	0.26068156956576766	0.033203778614849515
ATP2B4_1_multinomial_train1.28	1.7424807633424484e-283	0.08833043272450095	0.8758625943652796	1.1948081048178882e-288	0.035806972910219614
ATP2B4_0_multinomial_train1.27	0.20990923101966194	0.07115505861726837	0.5706551839373246	0.11819946088584679	0.030081065539898172
ATP2B4_1_multinomial_train1.29	4.639221430673726e-131	0.13246312602387028	0.8675368739761298	1.2778659195997672e-243	7.3204775368779e-92
ATP2B4_0_multinomial_train1.28	0.18278742835132544	3.2339009276632088e-15	0.4275935278994881	0.2822067390331476	0.10741230471603579
ATP2B4_0_multinomial_train1.29	0.1858262764074264	2.9182229348700335e-89	0.5896092849255944	0.09693230475119533	0.1276321339157837
ATP2B4_0_multinomial_train1.30	0.2014775457304977	0.022004337129586642	0.46337482243246875	0.11323345618380712	0.1999098385236398
ATP2B4_0_multinomial_train1.31	0.17958307777874566	0.04599395560274819	0.5211896184608706	0.25323334815763565	1.4454188629486435e-258
ATP2B4_1_multinomial_train1.30	0.09434044188070856	0.03336869559792086	0.8722908625213707	1.0263283331425507e-152	3.7676582860244784e-91
ATP2B4_1_multinomial_train1.31	4.307538213282176e-258	0.02933170604295634	0.915863200794348	7.57612995559498e-300	0.05480509316269556
ATP2B4_1_multinomial_train1.32	0.02976573108448579	0.005122020309827987	0.9651122486055136	3.127598238370996e-160	1.7267582427191843e-13
ATP2B4_0_multinomial_train1.32	0.3085342542887547	2.105e-321	0.5052873738925727	0.10599968847270669	0.08017868334596585
ATP2B4_0_multinomial_train1.33	0.11192681418893234	0.006180559993116004	0.8231275146391869	0.05876511117804364	7.211456693290006e-13
ATP2B4_0_multinomial_train1.34	0.14227093744353714	0.009727186415131749	0.5805294028774667	0.21124272994736118	0.05622974331650347
ATP2B4_0_multinomial_train1.35	0.2657924771919132	0.023227586353090284	0.6071882330881568	0.10379170336683974	6.116775691771351e-203
ATP2B4_1_multinomial_train1.33	3.5005243763323886e-09	0.05192073015245926	0.886780795084703	0.028627209917331968	0.03267126134498146
ATP2B4_1_multinomial_train1.34	0.1223456084353093	0.09319529983699423	0.6629398970947229	2.0695800561204939e-162	0.12151919463297366
ATP2B4_1_multinomial_train1.35	5.773665353645395e-187	0.124155862999683	0.7668824592361715	1.951278496842798e-195	0.10896167776414567
ATP2B4_1_multinomial_train1.36	2.490109438449762e-271	0.1419990300003846	0.8110034296845288	1.7598635360185643e-212	0.04699754031508658
ATP2B4_0_multinomial_train1.36	0.2164878637965074	1.625e-321	0.3671858054156304	0.22156401689815922	0.1947623138897031
ATP2B4_0_multinomial_train1.37	0.34603625647273395	1.622750455741024e-173	0.6130607290767977	0.04090301445046856	2.1478084740411802e-70
ATP2B4_1_multinomial_train1.37	1.19e-321	0.11378535746974643	0.7090673350309128	9.350383048415752e-258	0.17714730749934074
ATP2B4_1_multinomial_train1.38	3.544729045866198e-250	0.12416739797310998	0.8758326020268901	1.9706833282984686e-171	3.6e-322
ATP2B4_1_multinomial_train1.39	2.919484322977558e-93	0.13815356942730408	0.7550783906661457	1.3915456952352165e-203	0.10676803990655023
ATP2B4_1_multinomial_train1.40	1.3569621077753586e-70	0.033617028730141656	0.7889835622227264	1.251788387098797e-251	0.1773994090471321
ATP2B4_1_multinomial_train1.41	2.395284651659722e-50	0.08912752479273135	0.8064279919833465	2.2388988822148743e-135	0.10444448322392225
ATP2B4_1_multinomial_train1.42	6.8357711919617245e-53	0.0728017790546864	0.7028651184549125	1.0498921810626469e-302	0.2243331024904012
ATP2B4_0_multinomial_train1.38	0.05716691295604219	0.040437445847501155	0.6612066499202955	0.2411889912761611	1.0804278524927e-311
ATP2B4_0_multinomial_train1.39	0.20183272035639999	0.017813466448157428	0.5053601761566271	0.20533427778710708	0.06965935925170848
ATP2B4_0_multinomial_train1.40	0.0712269917433392	0.01984143178121795	0.6570888881703011	0.13749626359404463	0.11434642471109698
ATP2B4_1_multinomial_train1.43	4.7205416423360224e-213	0.11169511533257795	0.7554093872615913	1.0490726075570523e-111	0.13289549740583081
ATP2B4_0_multinomial_train1.41	0.1846024910761047	2.3140488849722235e-11	0.7275457027642792	0.08785180613647572	5.7627604006332486e-241
ATP2B4_0_multinomial_train1.42	0.2240642504188898	5.326214813575065e-256	0.5255364103970906	0.11535890841112761	0.13504043077289202
ATP2B4_0_multinomial_train1.43	0.11201738654976645	2.233e-321	0.7230156402310309	0.16496697321920273	6.9620944005354e-60
ATP2B4_0_multinomial_train1.44	0.3529238026895004	0.016035028677615266	0.470250795736885	0.11967321426375932	0.04111715863224003
ATP2B4_1_multinomial_train1.44	0.011255989220615775	7.701479125135107e-92	0.9194687587508432	1.4129723208517217e-169	0.06927525202854111
ATP2B4_0_multinomial_train1.45	0.2240685016367208	0.02488450579889031	0.5824177004872464	0.07177296478507875	0.09685632729206382
ATP2B4_1_multinomial_train1.45	0.09703920921057209	0.037235608393163054	0.7085264186853258	2.5028458899589305e-211	0.1571987637109391
ATP2B4_0_multinomial_train1.46	0.1443480421997561	0.03400994113269265	0.7979636087783112	0.023678407889239896	3.331666590030991e-281
ATP2B4_0_multinomial_train1.47	0.13810532404820397	0.04526648742388337	0.7030461575106307	0.11358203101728191	2.7129798574787213e-81
ATP2B4_0_multinomial_train1.48	0.12081920021770944	8.434015147822981e-38	0.7070332841016961	0.17214751568059458	5.653061578938719e-96
ATP2B4_1_multinomial_train1.46	0.027951573142137406	0.03764172609397639	0.9000504788478959	0.034356221915990304	3.7e-322
ATP2B4_1_multinomial_train1.47	4.9723391060773064e-113	0.07662783339401243	0.9233721666059876	1.6583669224056372e-126	1.6274688716606907e-159
ATP2B4_1_multinomial_train1.48	0.03284774786690647	0.12299045172819793	0.6720972543970681	6.445902144810209e-41	0.1720645460078274
PMS1_0_multinomial_train1	5.693943838392674e-52	0.2376927580337948	0.4142714959096627	0.32801629320861836	0.02001945284792397
MSH6_1_multinomial_train1	5.495505002694988e-198	0.9798847585079175	1.0473211607751295e-248	1.344e-321	0.020115241492082585
MSH6_0_multinomial_train1	5.326624280041525e-296	0.9866828982342707	6.701225176238363e-134	1.0394413123464752e-232	0.013317101765729266
MSH2_0_multinomial_train1	5.116929766403466e-189	0.9406883224824667	1.8538734545489453e-67	0.05905313274361091	0.0002585447739224527
MSH6_0_multinomial_train1.1	2.47e-321	0.9837990961655141	2.065e-321	2.006e-321	0.016200903834486077
