Samples	SBS96A	SBS96B	SBS96C	SBS96D	SBS96E
ATP2B4_real_train_fold1	0.029710916586217228	0.3368158953118267	0.4850510058816597	0.0258936960876122	0.12252848613268419
ATP2B4_real_train_fold1.1	0.17583109088864732	0.24749347907698577	0.430900354880311	0.12048298492820134	0.02529209022585465
EXO1_real_train_fold1	0.5840151562251709	0.07581529408067549	0.08764172892121674	0.21837777551644927	0.03415004525648749
MLH1_real_train_fold1	2.4328224284033283e-236	0.011379695649777545	2.861748076886602e-81	0.18323805444890343	0.8053822499013191
MSH6_real_train_fold1	0.02508271044651688	0.01859763617438771	0.030166851139125244	0.12137324157946343	0.8047795606605069
MSH6_real_train_fold1.1	0.07242299533207255	0.01290716403802019	0.016584483128925128	0.10722028783843918	0.7908650696625429
MSH6_real_train_fold1.2	0.05541247857192408	0.005702122481261342	0.05702858763839306	0.0963888382466969	0.7854679730617246
OGG1_real_train_fold1	2.4262092089619805e-66	0.7508041642748233	0.21974728094682147	0.0022893332910502843	0.02715922148730487
PMS1_real_train_fold1	0.004753478515226705	0.11464638629465944	0.4143335978785122	0.27687465235394265	0.18939188495765907
PMS2_real_train_fold1	0.6534012804696894	0.037550409573116034	8.55e-322	3.46e-322	0.30904830995719457
RNF168_real_train_fold1	0.6255273636662637	0.05597220900417258	0.11820771330942396	0.12800212116153245	0.07229059285860717
UNG_real_train_fold1	0.08320354815567023	0.0757472700216379	0.2957782148647751	0.5452709669579167	9.675250018491878e-133
ATP2B4_multinomial_train_fold1	0.023693409043640805	0.2939404340214928	0.500050329572914	0.018784113270432546	0.16353171409151998
ATP2B4_multinomial_train_fold1.1	0.12146355296816863	0.3084137921514753	0.34315669662456605	0.19053578438505525	0.03643017387073488
ATP2B4_multinomial_train_fold1.2	0.2613414595946772	0.21011785690070747	0.3877182099016484	0.1408224736029668	2.8887984211284957e-269
ATP2B4_multinomial_train_fold1.3	0.02538141540113482	0.38523484317902074	0.43673729087103874	0.020415204593020025	0.13223124595578578
ATP2B4_multinomial_train_fold1.4	0.20430131105665947	0.18631752648588568	0.4023032604588017	0.1767212803995732	0.030356621599079866
ATP2B4_multinomial_train_fold1.5	0.19704571964081727	0.16378397184913523	0.5144485206050782	0.06152921374398292	0.06319257416098628
ATP2B4_multinomial_train_fold1.6	0.10510734797764132	0.2958743529447138	0.36315404738197343	0.20490946869507282	0.030954783000598736
ATP2B4_multinomial_train_fold1.7	0.242361140392282	0.2635329224915117	0.42599195942543344	0.05279271225818289	0.015321265432589997
ATP2B4_multinomial_train_fold1.8	0.1380772822754358	0.2047491641341502	0.5388775948951621	0.0693168916341715	0.048979067061080316
ATP2B4_multinomial_train_fold1.9	0.17590438305045458	0.2029443445319812	0.5434159878513711	0.01819916609858493	0.05953611846760823
ATP2B4_multinomial_train_fold1.10	0.1628853140784705	0.2920403130281802	0.45704050970545373	0.07097643499941697	0.01705742818847849
ATP2B4_multinomial_train_fold1.11	0.02617308537378942	0.45445219358543487	0.28369345051142475	0.1635008160532425	0.0721804544761085
ATP2B4_multinomial_train_fold1.12	0.01626968008630721	0.49044321122907997	0.3233307894394472	0.09836260981228777	0.07159370943287774
ATP2B4_multinomial_train_fold1.13	0.18323048456681856	0.17147606797165701	0.47855156999358694	0.16674187746793742	4.584578128772615e-150
ATP2B4_multinomial_train_fold1.14	0.10302963373691425	0.26800830997219693	0.538796046870341	0.07069569493924163	0.01947031448130622
ATP2B4_multinomial_train_fold1.15	0.02399232472524235	0.40847135282042013	0.3562057162169206	0.046763445552612214	0.1645671606848047
ATP2B4_multinomial_train_fold1.16	0.02764399427544984	0.3476548575608013	0.46948278334149685	1.6955085395220766e-50	0.15521836482225193
ATP2B4_multinomial_train_fold1.17	0.07029922762790569	0.4029541943530195	0.34880775018533533	0.02848131141283035	0.14945751642090904
ATP2B4_multinomial_train_fold1.18	1.0806855525440337e-82	0.31301001653014693	0.45012692686274713	0.12625769378578278	0.11060536282132304
ATP2B4_multinomial_train_fold1.19	0.09186063115951269	0.19794097009355138	0.5536391777935816	0.14200704836411165	0.014552172589242513
ATP2B4_multinomial_train_fold1.20	3.18e-321	0.3758082853251443	0.5239578424432588	1.2e-321	0.10023387223159677
ATP2B4_multinomial_train_fold1.21	0.20407046348028748	0.3191172906185522	0.31818557915281814	0.15862666674834233	2.5243649921934857e-28
ATP2B4_multinomial_train_fold1.22	0.17518047191067726	0.24829005975063193	0.41065854289649906	0.16587092544219173	3.09e-321
ATP2B4_multinomial_train_fold1.23	3.35e-321	0.41865648432896896	0.35409669451665976	0.0861537039549623	0.14109311719940895
ATP2B4_multinomial_train_fold1.24	0.039571933542744867	0.2908452136510246	0.5851633960859692	1.714e-321	0.08441945672026133
ATP2B4_multinomial_train_fold1.25	0.11076472981990067	0.3420242457798117	0.31502605751420587	0.17522641029056435	0.05695855659551749
ATP2B4_multinomial_train_fold1.26	0.14225107630126915	0.33536336540255324	0.3983402935639706	0.05255140407865488	0.07149386065355212
ATP2B4_multinomial_train_fold1.27	0.19932894695474018	0.13434900984667658	0.44083641696548437	0.13083183299400106	0.09465379323909776
ATP2B4_multinomial_train_fold1.28	0.15156212765046337	0.20431810496542224	0.5426819267964418	0.1014378405876727	1.609644649013104e-277
ATP2B4_multinomial_train_fold1.29	0.1345342186349124	0.41629177797568506	0.3757870021644303	0.0383091608472389	0.03507784037773336
ATP2B4_multinomial_train_fold1.30	0.10412511628961016	0.2926748604847124	0.47359869070506533	0.051573118156367746	0.07802821436424445
ATP2B4_multinomial_train_fold1.31	0.05051405276037797	0.2563067707307009	0.5900749206337044	0.06752378269970247	0.03558047317551427
ATP2B4_multinomial_train_fold1.32	0.12781179150993335	0.2794770450269683	0.45333411564632264	0.07157114396297266	0.06780590385380302
ATP2B4_multinomial_train_fold1.33	1.754e-321	0.17840131505832948	0.6574343261340063	9.331448268155964e-49	0.1641643588076644
ATP2B4_multinomial_train_fold1.34	0.12586064539552183	0.32910560913079334	0.37681261070982774	0.14384638397006316	0.02437475079379397
ATP2B4_multinomial_train_fold1.35	0.22602521101787196	0.334017304436522	0.2954035168194019	0.1445539677262041	4.917582679716041e-226
ATP2B4_multinomial_train_fold1.36	0.039686611402340234	0.2642172857592257	0.6717559916670319	1.606e-321	0.02434011117140227
ATP2B4_multinomial_train_fold1.37	0.17879405385663547	0.23618304093206843	0.46773120624682385	0.08843092055619761	0.028860778408274706
ATP2B4_multinomial_train_fold1.38	0.12390944106123256	0.2996003623516151	0.4275244262626241	0.10907986140924326	0.03988590891528499
ATP2B4_multinomial_train_fold1.39	0.026949778234094637	0.34662461114150295	0.5124923102867172	0.042766298052370914	0.07116700228531428
ATP2B4_multinomial_train_fold1.40	0.07096225012676738	0.4099891331223024	0.4644736129745861	0.0034591329942806406	0.05111587078206344
ATP2B4_multinomial_train_fold1.41	0.12887139129125075	0.13550184803186366	0.6683230662113582	0.04201858836579957	0.025285106099727825
ATP2B4_multinomial_train_fold1.42	0.08090408869450463	0.4303162199924523	0.3659259910118237	0.012357052797725525	0.1104966475034937
ATP2B4_multinomial_train_fold1.43	0.20717458761477758	0.30210564894398967	0.32494552067480487	0.16577424276642796	1.6030588829201758e-116
ATP2B4_multinomial_train_fold1.44	0.11386904883703693	0.23373288401531603	0.4957650782840973	0.12593846582056123	0.0306945230429884
ATP2B4_multinomial_train_fold1.45	0.32628056258301774	0.3445179529037007	0.17490124436713667	0.1543002401461449	1.334e-321
ATP2B4_multinomial_train_fold1.46	0.1811664230328059	0.28666130706485565	0.37206746848731487	0.1601048014150237	1.0740638714488482e-102
ATP2B4_multinomial_train_fold1.47	0.0814513554798715	0.1963813788427662	0.6014733478697646	0.10583965952696342	0.014854258280634374
ATP2B4_multinomial_train_fold1.48	0.06360328550869514	0.34406347036155527	0.5123770158351518	0.07995622829459786	2.2742672227716426e-84
ATP2B4_multinomial_train_fold1.49	0.19887882200917653	0.28974610511735355	0.3576033973866083	0.15239846271278257	0.0013732127740790768
ATP2B4_multinomial_train_fold1.50	0.0642248373424273	0.23706057398348668	0.5094124420438113	0.12869106136955358	0.060611085260721106
ATP2B4_multinomial_train_fold1.51	0.18554807160880385	0.28059759611667234	0.4932457794172318	0.023436766416360173	0.0171717864409319
ATP2B4_multinomial_train_fold1.52	0.15750829774381592	0.31262868631428203	0.3652056671263091	0.11464052599246738	0.050016822823125535
ATP2B4_multinomial_train_fold1.53	0.21882851876097575	0.2645498906460978	0.36393641930087495	0.14195807680590966	0.01072709448614197
ATP2B4_multinomial_train_fold1.54	0.20472921857052512	0.2684211669156068	0.4062571927108042	0.10889636465820474	0.011696057144859202
ATP2B4_multinomial_train_fold1.55	0.0025844014731427087	0.29395278360434124	0.5515023302200073	0.041292227627455	0.11066825707505372
ATP2B4_multinomial_train_fold1.56	0.2252327283969575	0.1810062336098656	0.5321274254201828	0.061633612572994205	1.497e-321
ATP2B4_multinomial_train_fold1.57	0.07188857282472841	0.31421893981154203	0.5421702840686624	0.023844622821339756	0.04787758047372754
ATP2B4_multinomial_train_fold1.58	0.0887186441033367	0.3555472048541226	0.4375993645563151	0.056180884632542	0.061953901853683616
ATP2B4_multinomial_train_fold1.59	0.12382097745037197	0.24072721459646984	0.4207923866215856	0.2127683465135399	0.0018910748180327019
ATP2B4_multinomial_train_fold1.60	0.10618652765192564	0.16704529781225905	0.5742429762642224	0.09311287389832822	0.05941232437326491
ATP2B4_multinomial_train_fold1.61	1.965967745874773e-07	0.3318375461735508	0.44834575087301376	0.05152894775993276	0.1682875585967281
ATP2B4_multinomial_train_fold1.62	0.1491997872846033	0.29488268107338056	0.4317921630772489	0.09276855218687362	0.031356816377893754
ATP2B4_multinomial_train_fold1.63	0.11138153595210398	0.4013898898170408	0.325087151329176	0.07213098963779764	0.09001043326388164
ATP2B4_multinomial_train_fold1.64	0.20652508931848912	0.19540493156029537	0.43120877925836754	0.10960240689243626	0.05725879297041159
ATP2B4_multinomial_train_fold1.65	0.03992000479156668	0.33082532207820303	0.4301404436996543	0.05720027406328831	0.14191395536728768
ATP2B4_multinomial_train_fold1.66	0.030390645295760046	0.3298022847547815	0.5226755185593617	7.764659569841014e-155	0.11713155139009664
ATP2B4_multinomial_train_fold1.67	3.86e-321	0.32151849619343814	0.5076490500807207	3.3508439163249196e-105	0.17083245372584102
ATP2B4_multinomial_train_fold1.68	4.913013188623488e-59	0.13664028048435267	0.7895125639521359	8e-322	0.07384715556351158
ATP2B4_multinomial_train_fold1.69	0.06356925900622468	0.41865616624237956	0.34438931316616767	0.100767525480072	0.07261773610515616
ATP2B4_multinomial_train_fold1.70	0.25498077746043063	0.11949801870140409	0.4310095507269549	0.14517905098963646	0.049332602121573935
ATP2B4_multinomial_train_fold1.71	0.1420302380144342	0.34255053895066623	0.33326187391988404	0.1408351359879619	0.041322213127053656
ATP2B4_multinomial_train_fold1.72	0.04221239568843351	0.38138404055753455	0.49352302318722163	1.570886119140037e-85	0.08288054056681025
ATP2B4_multinomial_train_fold1.73	0.02757815406625528	0.3290499432008753	0.5503133821008417	0.005800714167415722	0.08725780646461206
ATP2B4_multinomial_train_fold1.74	0.058930908402778544	0.4077205050164844	0.3505712985485997	1.46e-321	0.1827772880321372
ATP2B4_multinomial_train_fold1.75	0.16597134963713095	0.2852603023574483	0.3596144749501309	0.12810922817065162	0.0610446448846383
ATP2B4_multinomial_train_fold1.76	0.25011083774402704	0.23122267848415579	0.3950717818061664	0.12359470196565071	1.403e-321
ATP2B4_multinomial_train_fold1.77	2.8843716286340535e-172	0.2969318592356486	0.5466784768578897	0.0005451232207442673	0.15584454068571738
ATP2B4_multinomial_train_fold1.78	0.18148318444925346	0.251263769434256	0.37424531722682064	0.17977742307973033	0.013230305809939589
ATP2B4_multinomial_train_fold1.79	0.12532693146944335	0.3017960622647556	0.46084879827716185	1.774e-321	0.11202820798863936
ATP2B4_multinomial_train_fold1.80	1.6756184861548237e-128	0.26083584509448887	0.5650944275258339	2.9851772971465798e-239	0.17406972737967707
ATP2B4_multinomial_train_fold1.81	0.24168203588844475	0.23043845767586352	0.4315663618034882	0.095495157364205	0.000817987267998509
ATP2B4_multinomial_train_fold1.82	0.01602090249049015	0.3782165600266653	0.5008082334124788	0.027918142962918422	0.0770361611074473
ATP2B4_multinomial_train_fold1.83	0.18493996006091817	0.19966065224727245	0.5565970465567546	0.05880234113505469	1.81e-321
ATP2B4_multinomial_train_fold1.84	0.23055516769911455	0.169536586437912	0.524997003705056	0.07039302086427245	0.004518221293645004
ATP2B4_multinomial_train_fold1.85	0.21487508779360354	0.37398734622284535	0.3454480078148693	0.03214973404931011	0.033539824119371786
ATP2B4_multinomial_train_fold1.86	0.3324413881752535	0.23650152551841425	0.2972077188000188	0.1338493675063136	4.48260497939749e-144
ATP2B4_multinomial_train_fold1.87	0.1261030854935005	0.2654880140505249	0.4843824719464419	0.08527867505287964	0.03874775345665301
ATP2B4_multinomial_train_fold1.88	0.21959347260543824	0.24877677689847685	0.3958036861058717	0.13582606439021316	9.63e-322
ATP2B4_multinomial_train_fold1.89	0.011051888715650026	0.37640316990191863	0.37986030484103983	0.09311572711462608	0.13956890942676556
ATP2B4_multinomial_train_fold1.90	0.18049632699582455	0.2589081282946987	0.43662296880139473	0.12397257590808206	2.7820333105104404e-173
ATP2B4_multinomial_train_fold1.91	0.26053237896853204	0.2474618200440967	0.33645693185254344	0.15488933560221824	0.0006595335326097122
ATP2B4_multinomial_train_fold1.92	1.62e-321	0.2566874872524175	0.5776656847203007	0.0036932164225991887	0.16195361160468272
ATP2B4_multinomial_train_fold1.93	0.057362795000124235	0.302955297626784	0.4094430831269238	0.15123288093001483	0.07900594331615313
ATP2B4_multinomial_train_fold1.94	0.19002844201229466	0.2998771309535833	0.36760221387326686	0.14249221316085517	3.828242513773606e-249
ATP2B4_multinomial_train_fold1.95	0.0019244237875059406	0.3159405700047822	0.4648037352827572	1.53e-321	0.21733127092495452
ATP2B4_multinomial_train_fold1.96	2.925e-321	0.3128871658412699	0.39706453565615574	0.1720994618328975	0.11794883666967688
ATP2B4_multinomial_train_fold1.97	0.15335314680414477	0.20006700107738576	0.5488167298346162	0.09776312228385348	1.655e-321
EXO1_multinomial_train_fold1	0.5341440065577812	0.05898455551181539	0.12364450693801388	0.2500285935135011	0.033198337478888514
EXO1_multinomial_train_fold1.1	0.6292224456995653	0.061844764376770035	0.05238881543581925	0.22146086513425878	0.03508310935358667
EXO1_multinomial_train_fold1.2	0.5420196183019571	0.07114975503375351	0.09945788099672095	0.2312370268532595	0.05613571881430885
RNF168_multinomial_train_fold1	0.7204396598514491	0.024727853960736682	0.12062823053401026	0.12747345848353156	0.006730797170272402
RNF168_multinomial_train_fold1.1	0.6765659424972353	0.04636470255520605	0.09742730782990965	0.13654189376115358	0.04310015335649522
RNF168_multinomial_train_fold1.2	0.5921763414989519	0.06281119406187126	0.12166344319026069	0.1917255168643699	0.03162350438454615
EXO1_multinomial_train_fold1.3	0.6260090823735297	0.08101934609501313	0.05292265154673155	0.2086211634160411	0.031427756568684545
RNF168_multinomial_train_fold1.3	0.709548948328365	0.023669219302499846	0.17090882584706169	0.05610492197638825	0.039768084545685076
RNF168_multinomial_train_fold1.4	0.6567185457642204	0.05090764899749559	0.10786390914706678	0.1257403309106029	0.058769565180614346
RNF168_multinomial_train_fold1.5	0.5734070095703881	0.09907353137087334	0.0827540257966177	0.14814067717354423	0.09662475608857651
RNF168_multinomial_train_fold1.6	0.7123501991671696	0.025774795872663278	0.0987239977314638	0.13292561779415274	0.030225389434550595
EXO1_multinomial_train_fold1.4	0.5899602940042764	0.07110436809331952	0.11904324837747728	0.18789645039152125	0.031995639133405564
RNF168_multinomial_train_fold1.7	0.7356001521409153	0.03249038617673817	0.14247539832022166	0.08556148155770067	0.003872581804424311
RNF168_multinomial_train_fold1.8	0.5802231375271425	0.059464709560347544	0.1421993349463233	0.16142128065660058	0.056691537309586024
RNF168_multinomial_train_fold1.9	0.5910996830364194	0.07411095912708057	0.0658948781135329	0.13966447146305233	0.12923000825991485
RNF168_multinomial_train_fold1.10	0.4963778904259649	0.04557155450780802	0.1403307455700371	0.19866806744389695	0.11905174205229288
RNF168_multinomial_train_fold1.11	0.669148901735891	0.010432407501952609	0.1829085756846911	0.10859062409331678	0.02891949098414848
RNF168_multinomial_train_fold1.12	0.6323829682193178	0.028274833534249876	0.12448331065320249	0.13347733386133828	0.08138155373189142
RNF168_multinomial_train_fold1.13	0.6090962570609948	0.14473927993786417	0.06458556986212607	0.12211007645383945	0.059468816685175514
RNF168_multinomial_train_fold1.14	0.7102460808575943	0.07407071040763394	0.06517625195278756	0.12508598017001502	0.025420976611969282
EXO1_multinomial_train_fold1.5	0.583177458291478	0.068980053409569	0.11451508153788326	0.2060589178219999	0.02726848893906977
RNF168_multinomial_train_fold1.15	0.6325511775792168	0.07962801678951631	0.06259351617807776	0.18101451991782352	0.04421276953536559
EXO1_multinomial_train_fold1.6	0.5933714247728201	0.05862912917842894	0.12388464175599039	0.19858206134196107	0.025532742950799645
EXO1_multinomial_train_fold1.7	0.5971883378243318	0.07329640201134816	0.07801091908392062	0.21064031592520638	0.040864025155193155
RNF168_multinomial_train_fold1.16	0.5856025588991866	0.055468292896725134	0.19008214414850336	0.09697653589902065	0.07187046815656424
EXO1_multinomial_train_fold1.8	0.5514697129592628	0.08607152157667942	0.08435105499799042	0.2111582493723335	0.06694946109373387
EXO1_multinomial_train_fold1.9	0.5776114360301497	0.07886261026470555	0.08844293108467143	0.2001498243129042	0.05493319830756904
EXO1_multinomial_train_fold1.10	0.6010584111203049	0.0793409965983696	0.10380547520523356	0.21121341856642134	0.0045816985096706515
EXO1_multinomial_train_fold1.11	0.5665742702910936	0.09793184937942546	0.08688220868445891	0.2211263434716321	0.02748532817338987
EXO1_multinomial_train_fold1.12	0.5933554133873699	0.08924936816318925	0.08204408406170899	0.19991903499572855	0.03543209939200348
EXO1_multinomial_train_fold1.13	0.6065217179225297	0.08281973728663533	0.08856924090870624	0.19814342324092762	0.02394588064120111
RNF168_multinomial_train_fold1.17	0.6181582562601525	1.477e-321	0.20928982082512446	0.08677394770365558	0.08577797521106746
EXO1_multinomial_train_fold1.14	0.5757322558082475	0.07115957330492541	0.09227845773117857	0.23413169777094572	0.02669801538470286
RNF168_multinomial_train_fold1.18	0.5221306259798355	0.062396426190672975	0.18383064913120642	0.12291577936157191	0.1087265193367132
EXO1_multinomial_train_fold1.15	0.5436842677604489	0.10572588519310992	0.07081205859941726	0.2395153592103818	0.0402624292366422
RNF168_multinomial_train_fold1.19	0.6410702053199833	0.08715233522929412	0.015602910407856878	0.11807063932605576	0.1381039097168101
RNF168_multinomial_train_fold1.20	0.5996663073877642	0.08518626984730732	0.1462688510246156	0.09083825477144936	0.07804031696886357
RNF168_multinomial_train_fold1.21	0.5578193522293969	0.057117205273471576	0.09227992687489057	0.19861746489850626	0.09416605072373453
EXO1_multinomial_train_fold1.16	0.5898341245546681	0.059209995783137306	0.11838567010032341	0.2132604994217731	0.019309710140097972
EXO1_multinomial_train_fold1.17	0.5764665203231744	0.07936152007979118	0.09540818424218155	0.2170084310679489	0.031755344286904096
EXO1_multinomial_train_fold1.18	0.5718750684256209	0.08226845591983213	0.08711240395518466	0.22065230440342462	0.038091767295937794
RNF168_multinomial_train_fold1.22	0.6651634689228523	0.07355668990916431	0.188580296236643	0.05102523719226926	0.02167430773907117
RNF168_multinomial_train_fold1.23	0.7173178149372983	0.0016927195059370961	0.1313092567424019	0.14968020881436256	1.695e-321
EXO1_multinomial_train_fold1.19	0.5396919711611535	0.08456855959772298	0.09788819308854238	0.21570437982132845	0.06214689633125272
RNF168_multinomial_train_fold1.24	0.6012254566097301	0.09360050976575351	0.06399150325825438	0.16658063515376884	0.07460189521249297
EXO1_multinomial_train_fold1.20	0.6077462992334893	0.05118950633980186	0.07959367251542063	0.224915165325605	0.03655535658568321
RNF168_multinomial_train_fold1.25	0.7262910678721209	0.06993931321796638	0.07313748498009633	0.13063213392981632	1.8359137839328274e-303
RNF168_multinomial_train_fold1.26	0.5958181691367187	0.012826076267791744	0.18804067078992504	0.13209172310440262	0.07122336070116173
EXO1_multinomial_train_fold1.21	0.603553934356171	0.06658417958866615	0.11319237514440117	0.2146317517118965	0.0020377591988652902
RNF168_multinomial_train_fold1.27	0.49560000040198515	0.0958343840904492	0.10372156647823456	0.14811420180269624	0.15672984722663488
EXO1_multinomial_train_fold1.22	0.574795127351261	0.08067380804172453	0.09012095486524482	0.224000357217146	0.03040975252462353
RNF168_multinomial_train_fold1.28	0.5640806249275809	0.009438797516124432	0.21924694662869013	0.10406051533251409	0.10317311559509046
RNF168_multinomial_train_fold1.29	0.5315416401060429	0.07805976702614428	0.17684731151978403	0.09406398117093677	0.11948730017709192
EXO1_multinomial_train_fold1.23	0.5945324367732481	0.08071527344916607	0.11855922040371662	0.18296743364739007	0.023225635726479232
EXO1_multinomial_train_fold1.24	0.5827016809636865	0.10042139468670724	0.03856995521100581	0.24840442400135904	0.02990254513724155
RNF168_multinomial_train_fold1.30	0.596352663758866	0.06853592357814364	0.13038126750460519	0.15739565139746528	0.047334493760919895
RNF168_multinomial_train_fold1.31	0.611914927046093	0.029790224622924865	0.22259048511336663	0.1002252714654598	0.03547909175215566
RNF168_multinomial_train_fold1.32	0.525842216980891	0.07092617152343164	0.20018988125028786	0.05996531391449144	0.14307641633089804
RNF168_multinomial_train_fold1.33	0.5807275647687027	0.053507467642122435	0.0732236538810712	0.17765994339294522	0.11488137031515844
EXO1_multinomial_train_fold1.25	0.5571988699318259	0.05949684363211307	0.1298641456361948	0.24917155631481835	0.004268584485047803
EXO1_multinomial_train_fold1.26	0.5940665444971049	0.06879989066220048	0.10715289828026124	0.21118715200478197	0.01879351455565139
EXO1_multinomial_train_fold1.27	0.6152247543882935	0.07910292089028682	0.06416019124075627	0.23552952307353725	0.005982610407125996
EXO1_multinomial_train_fold1.28	0.5287793671112803	0.07325534777141436	0.10621004476794245	0.2381485387478052	0.05360670160155772
RNF168_multinomial_train_fold1.34	0.6641537841006189	0.08068996369555337	0.06623382067358491	0.1395202865584244	0.0494021449718186
RNF168_multinomial_train_fold1.35	0.6138182598244113	0.09010802167468565	0.08831951879438335	0.09546773988189682	0.11228645982462292
RNF168_multinomial_train_fold1.36	0.5489376707372672	0.1050130800848752	0.13057007006986965	0.04943466064460687	0.1660445184633811
EXO1_multinomial_train_fold1.29	0.5974134669384145	0.08095712441471312	0.06956813600108423	0.22348917960632675	0.028572093039461424
EXO1_multinomial_train_fold1.30	0.6071612655036419	0.07383435392291725	0.0852999995481632	0.22749142640407097	0.006212954621206718
EXO1_multinomial_train_fold1.31	0.6080802533977503	0.06458626824141823	0.08627269369865878	0.2093662121345265	0.03169457252764626
RNF168_multinomial_train_fold1.37	0.6646563061703791	0.050370922707346596	0.08693784664677212	0.10482526628211165	0.09320965819339068
RNF168_multinomial_train_fold1.38	0.6431129292165529	0.042621267774777205	0.2005447776781178	0.08353090529133304	0.030190120039219077
EXO1_multinomial_train_fold1.32	0.5978123069610989	0.08033720205037755	0.08191748871675904	0.21910817706622152	0.020824825205543032
RNF168_multinomial_train_fold1.39	0.5786207712499081	0.023294889575177148	0.09370183190991532	0.1459859094508052	0.1583965978141944
EXO1_multinomial_train_fold1.33	0.5970810744522369	0.0746204154974326	0.09091677227167452	0.22742219149132742	0.009959546287328416
EXO1_multinomial_train_fold1.34	0.5611064753381312	0.05143596296703754	0.1191885070266073	0.23381571536786042	0.03445333930036345
EXO1_multinomial_train_fold1.35	0.5756570330892822	0.06997059858072137	0.08269220042490433	0.21034840798759205	0.06133175991750014
RNF168_multinomial_train_fold1.40	0.6732356536645845	0.0471117787326698	0.08260502339124282	0.169942699271192	0.027104844940310936
EXO1_multinomial_train_fold1.36	0.592214110487884	0.060726046647419554	0.10111042081850054	0.22788919166256486	0.01806023038363095
EXO1_multinomial_train_fold1.37	0.5660076898591596	0.064397199771026	0.13356455334266812	0.21675513784270442	0.01927541918444186
EXO1_multinomial_train_fold1.38	0.58877336706443	0.05575598286761725	0.0933191343976627	0.18707644402880877	0.07507507164148129
RNF168_multinomial_train_fold1.41	0.6115437008937818	0.06239738895350571	0.14733608571078524	0.1783997120151398	0.00032311242678741007
EXO1_multinomial_train_fold1.39	0.5788020740593306	0.08868405271640996	0.07973248907613024	0.21305216231964885	0.039729221828480266
EXO1_multinomial_train_fold1.40	0.6504063300619576	0.061543280985345915	0.06556428534108966	0.22248610361160687	7.485811233063382e-49
EXO1_multinomial_train_fold1.41	0.5430721721033325	0.09096211319150325	0.08844344567363265	0.24482847715530107	0.032693791876230546
RNF168_multinomial_train_fold1.42	0.6743108410880944	0.022604280723423992	0.09127003124964413	0.15320977319517848	0.05860507374365899
RNF168_multinomial_train_fold1.43	0.6426088080910424	0.04692190173004811	0.10269763112341547	0.13893787296051022	0.06883378609498375
EXO1_multinomial_train_fold1.42	0.5325159407367035	0.10138065295152128	0.0654747399209621	0.22324321261234747	0.0773854537784656
EXO1_multinomial_train_fold1.43	0.5840369469113695	0.09455790088218811	0.05730355295917547	0.20965980517335334	0.054441794073913495
RNF168_multinomial_train_fold1.44	0.6288761580237563	0.05218302069080886	0.1378291629545776	0.18111165833085732	7.693694963187555e-229
EXO1_multinomial_train_fold1.44	0.5725785602485548	0.07885037039576562	0.10691627463027888	0.19323095342914456	0.04842384129625605
EXO1_multinomial_train_fold1.45	0.5826723286028404	0.07189934212342686	0.10009924221594599	0.2055545519526485	0.039774535105138197
RNF168_multinomial_train_fold1.45	0.5447750389092353	0.09759174026581398	0.06028340631760146	0.1650122087152982	0.13233760579205106
EXO1_multinomial_train_fold1.46	0.5873255143821954	0.07241784788706636	0.08587768881532828	0.21643914285555937	0.03793980605985061
RNF168_multinomial_train_fold1.46	0.5596970264012427	0.08486314064158865	0.08464886575386134	0.1408547909353885	0.12993617626791876
RNF168_multinomial_train_fold1.47	0.6104523981930748	0.028373205696206917	0.13867089522865844	0.15048288224403322	0.07202061863802658
EXO1_multinomial_train_fold1.47	0.5636005855794806	0.05069345286636652	0.12162009293133141	0.21137010921360277	0.05271575940921882
RNF168_multinomial_train_fold1.48	0.694627423252015	0.09799506930912505	0.01749781999114553	0.1625425151148354	0.02733717233287891
EXO1_multinomial_train_fold1.48	0.5942503044408621	0.06728791238882517	0.07778604053219076	0.24903463601188242	0.011641106626239586
MSH6_multinomial_train_fold1	0.10389809496323701	0.0035302211730506862	0.04206051705714698	0.1210051535229201	0.7295060132836453
MSH6_multinomial_train_fold1.1	0.022093458637864723	9.583543288832454e-57	0.01094675865247621	0.1239663355866062	0.8429934471230529
MSH6_multinomial_train_fold1.2	0.031135785142749138	0.026333823016937104	0.02580158744572503	0.09924935210746197	0.8174794522871266
PMS1_multinomial_train_fold1	9.146701025297779e-135	0.11740850687963965	0.460749146744876	0.16353577846716055	0.2583065679083238
MSH6_multinomial_train_fold1.3	0.09112608714261163	0.004810077250606663	0.06133373052807247	0.06037484702656685	0.7823552580521423
MLH1_multinomial_train_fold1	2.885e-321	0.012109236624634671	0.008935255512494366	0.17605130245414732	0.8029042054087234
PMS2_multinomial_train_fold1	0.6326102641263425	0.038459629911943516	1.645e-321	6.6e-322	0.3289301059617139
MSH6_multinomial_train_fold1.4	0.10890300709890913	0.020692375523366526	0.020976943888109396	0.08989708721594289	0.759530586273672
MSH6_multinomial_train_fold1.5	0.023254364679237097	0.017372513502832258	0.009312084348331825	0.13583328448889095	0.8142277529807077
MSH6_multinomial_train_fold1.6	0.12461398862596125	0.001357446826832785	0.00804611141974674	0.11510639514112736	0.7508760579863318
MSH6_multinomial_train_fold1.7	0.09721404237450192	0.021076716206420792	7.559963789752377e-253	0.09220677883214143	0.7895024625869358
MSH6_multinomial_train_fold1.8	0.0661190433438568	0.013773523163428671	0.05040604292173246	0.09451110156925781	0.7751902890017244
MSH6_multinomial_train_fold1.9	0.009781394747194389	0.030997458899119576	0.021701090313834936	0.1227101712026824	0.8148098848371688
MSH6_multinomial_train_fold1.10	0.03845614988930125	5.282227958100806e-266	0.07090968044081493	0.09060398883995405	0.8000301808299299
MSH6_multinomial_train_fold1.11	1.4074680782695495e-129	0.02403037634596249	0.024745919799032283	0.1637684513882507	0.7874552524667544
PMS2_multinomial_train_fold1.1	0.65925626263624	0.04602180541496374	1.07e-321	6.87e-322	0.29472193194879637
PMS2_multinomial_train_fold1.2	0.6662832858678233	0.04391455502695044	7.95e-322	3.4e-322	0.28980215910522633
MSH6_multinomial_train_fold1.12	0.09262440983176731	0.012410379464043692	0.0028353188285645844	0.11952101117566535	0.7726088806999591
MSH6_multinomial_train_fold1.13	0.005262587074302304	0.019198153813458047	0.03841489411649481	0.11164360946003844	0.8254807555357063
MSH6_multinomial_train_fold1.14	0.10162387379430404	0.026437712137537202	5.139679218942752e-147	0.10101208642654591	0.770926327641613
MLH1_multinomial_train_fold1.1	5.642284965908192e-150	0.016461711622973402	2.327e-321	0.19416982411767952	0.7893684642593471
PMS1_multinomial_train_fold1.1	3.597e-321	0.06215937316096589	0.4787978594163731	0.282095460413796	0.17694730700886505
MLH1_multinomial_train_fold1.2	3.913e-321	0.0038369873052995942	0.004331740351826641	0.1565709807001181	0.8352602916427557
PMS1_multinomial_train_fold1.2	1.1e-321	0.19175456834425025	0.2535791901952417	0.3555107269686486	0.19915551449185942
PMS1_multinomial_train_fold1.3	1.3788500992069663e-286	0.07391004197334633	0.4566774614213316	0.27173004398185757	0.19768245262346465
PMS2_multinomial_train_fold1.3	0.6387336240416485	0.03956344477630515	1.18e-321	7.2e-322	0.3217029311820464
MSH6_multinomial_train_fold1.15	0.04394025889422176	0.006666167585337088	0.06717716928054353	0.07614455069500115	0.8060718535448964
MSH6_multinomial_train_fold1.16	5.746018516243617e-73	0.0014012402874014201	0.05633152808062801	0.1298021628548238	0.8124650687771466
PMS1_multinomial_train_fold1.4	3.3172349810541955e-95	0.13317857688070037	0.4987896850916358	0.19603973202845268	0.17199200599921116
PMS1_multinomial_train_fold1.5	0.010214766389189382	0.007482154579609925	0.47331923042492885	0.3842509308907032	0.12473291771556878
MLH1_multinomial_train_fold1.3	0.008905600289535668	0.022109809726806866	6.540586831730761e-13	0.1628979650072831	0.8060866249757204
MSH6_multinomial_train_fold1.17	0.06142931415439061	0.005974999036851868	0.03845779426436088	0.11903421023487924	0.7751036823095174
MSH6_multinomial_train_fold1.18	0.039232965095659	0.012930773730128069	0.03430534277969502	0.11040105814827313	0.8031298602462447
PMS1_multinomial_train_fold1.6	0.02417290786960598	0.1737473727607695	0.24371494460142318	0.3204561887177595	0.23790858605044193
MSH6_multinomial_train_fold1.19	0.0545426082578774	0.01364233416758513	2.58e-321	0.10249705597982199	0.8293180015947156
PMS1_multinomial_train_fold1.7	0.003222522684870614	0.05416959467558169	0.5310984967838844	0.268529567437953	0.14297981841771024
MLH1_multinomial_train_fold1.4	2.171703280035454e-246	0.0042816511815350865	0.005984249373082777	0.14499810790125542	0.8447359915441267
MSH6_multinomial_train_fold1.20	0.0988553687065068	0.00932989211123982	0.0411162182193401	0.08167134131256724	0.769027179650346
MSH6_multinomial_train_fold1.21	0.06563769597518852	0.020812196293548725	0.0029657515118680948	0.10780299932895647	0.8027813568904384
PMS1_multinomial_train_fold1.8	0.04977433238773917	0.1728234357029749	0.39389200651950895	0.28480886381384973	0.09870136157592731
MSH6_multinomial_train_fold1.22	0.010147887284659093	0.015334685893176367	0.031129968109306346	0.13260996958583154	0.8107774891270269
MLH1_multinomial_train_fold1.5	3.513e-321	0.013718733859644106	1.76e-321	0.2094557757992673	0.7768254903410885
MSH6_multinomial_train_fold1.23	0.02544211714885128	0.02093767940322794	0.026684136072368903	0.11936544670858572	0.8075706206669662
MSH6_multinomial_train_fold1.24	0.05458873120744596	0.005106561131398173	0.06883230739038135	0.06448266994021642	0.8069897303305581
MLH1_multinomial_train_fold1.6	2.12e-321	0.007714728136897585	2.2334328127348088e-106	0.210524332836066	0.7817609390270366
PMS2_multinomial_train_fold1.4	0.6567189436908638	0.03887004252364874	1.117e-321	6.9e-322	0.30441101378548724
PMS1_multinomial_train_fold1.9	2.974e-321	0.17445069887293496	0.3606983260164107	0.1866446419273068	0.2782063331833475
PMS2_multinomial_train_fold1.5	0.6655401054097001	0.02880904157259234	8.94e-322	3.56e-322	0.3056508530177075
MSH6_multinomial_train_fold1.25	0.03449677261441277	0.007202485113914721	0.05769454055661465	0.11257318685511498	0.788033014859943
PMS2_multinomial_train_fold1.6	0.6524046139612653	0.03710668937439084	8.35e-322	3.4e-322	0.3104886966643438
PMS2_multinomial_train_fold1.7	0.6604974699628419	0.026991355878002193	6e-322	3.5e-322	0.3125111741591559
PMS1_multinomial_train_fold1.10	4.397e-321	0.2071328164751885	0.289598584946459	0.35564618829829486	0.14762241028005768
MLH1_multinomial_train_fold1.7	2.3100740336704926e-73	0.003694369374618332	0.0009756593366908808	0.1908524325396995	0.8044775387489912
PMS2_multinomial_train_fold1.8	0.6638564189437892	0.04006492111348754	1.07e-321	3.36e-322	0.29607865994272314
PMS1_multinomial_train_fold1.11	0.09967462417898583	0.09369637093965054	0.34957840324765344	0.25541602347222014	0.20163457816148986
MSH6_multinomial_train_fold1.26	0.11126323206415165	0.018799306498292822	0.009460067533007448	0.09816692764101072	0.7623104662635372
PMS1_multinomial_train_fold1.12	9.263312898962987e-211	0.0738869181123878	0.49052309061170707	0.27195489187308136	0.16363509940282375
MSH6_multinomial_train_fold1.27	0.012258006873744271	0.016417474929886863	0.03173629879562384	0.10826022255345297	0.8313279968472923
PMS2_multinomial_train_fold1.9	0.673370415530657	0.04058855491941199	5.3e-322	3.36e-322	0.28604102954993094
MLH1_multinomial_train_fold1.8	3.313570207206467e-69	0.010012466157924694	0.025776201522835097	0.165799503475511	0.7984118288437292
PMS1_multinomial_train_fold1.13	1.5557105849364652e-42	0.108574564805063	0.5178904428300103	0.1836946614077237	0.18984033095720318
MSH6_multinomial_train_fold1.28	0.08566783185517847	0.012505016541174451	0.023653330877224373	0.09542242391137946	0.7827513968150434
PMS2_multinomial_train_fold1.10	0.6825457697890638	0.04006706817952073	7.95e-322	3.36e-322	0.2773871620314153
PMS2_multinomial_train_fold1.11	0.6350427399882979	0.04994989074283916	8.4e-322	7.16e-322	0.31500736926886297
MSH6_multinomial_train_fold1.29	0.06721995496695272	0.012962417837318793	5.506995251006082e-63	0.11525022941253671	0.8045673977831916
PMS2_multinomial_train_fold1.12	0.6629331036899151	0.03723277361021786	8.4e-322	3.46e-322	0.29983412269986703
MSH6_multinomial_train_fold1.30	0.060001598815630046	0.011814411430158826	0.012790722003393774	0.10892998922034879	0.8064632785304685
MLH1_multinomial_train_fold1.9	2.15e-321	0.00499531617195544	1.848152219512397e-248	0.16742642178110853	0.827578262046936
MLH1_multinomial_train_fold1.10	2.994e-321	0.008826622657248413	0.012198642527399004	0.14927389381383832	0.8297008410015143
PMS1_multinomial_train_fold1.14	3.372476118284475e-104	0.09650345674146257	0.46658047793137325	0.2072630275781416	0.2296530377490226
MLH1_multinomial_train_fold1.11	2.564e-321	0.0075880888530115665	3.09209618822e-312	0.16984810095378036	0.822563810193208
PMS2_multinomial_train_fold1.13	0.6396280329070086	0.03345660985293268	8.6e-322	6.8e-322	0.32691535724005877
PMS1_multinomial_train_fold1.15	0.030545016270943477	0.10192211409517886	0.5746286490535187	0.1944072604715268	0.09849696010883219
MSH6_multinomial_train_fold1.31	6.579294946550991e-17	0.005065433849840993	0.060874213640371065	0.11630589418798411	0.8177544583218037
MLH1_multinomial_train_fold1.12	0.01759068668266298	0.011981778202868585	0.011187571368584616	0.17067844828345566	0.7885615154624281
PMS2_multinomial_train_fold1.14	0.6539683498247448	0.035037768482799624	5.9e-322	3.56e-322	0.3109938816924556
MSH6_multinomial_train_fold1.32	0.05620887695040375	0.015865258631555114	0.022159636713924274	0.10876583119828367	0.7970003965058333
PMS2_multinomial_train_fold1.15	0.6557572668207972	0.03206192405833602	5.7e-322	3.4e-322	0.31218080912086693
MLH1_multinomial_train_fold1.13	3.004e-321	0.009174347674626568	0.012041018917475504	0.20132068415199164	0.7774639492559062
MSH6_multinomial_train_fold1.33	0.09651304949876517	0.009677753807436275	0.010872270911848841	0.09947959157526905	0.7834573342066807
MSH6_multinomial_train_fold1.34	0.03441073987053918	0.027749362210129993	0.01830790482934361	0.12166922632613122	0.7978627667638558
MSH6_multinomial_train_fold1.35	0.09258323936410122	2.08e-321	0.05356953872752912	0.09188041093899443	0.7619668109693752
MSH6_multinomial_train_fold1.36	0.06991526065304429	0.024371221632383897	0.018740162814543937	0.09794889617269495	0.7890244587273328
PMS2_multinomial_train_fold1.16	0.622938114153425	0.03667838867663087	6.03e-322	3.6e-322	0.3403834971699441
PMS1_multinomial_train_fold1.16	3.52e-321	0.12497645349651247	0.3791198565805881	0.2892983185862361	0.20660537133666318
PMS2_multinomial_train_fold1.17	0.628498183058655	0.037607023170940286	5.63e-322	3.4e-322	0.3338947937704046
PMS2_multinomial_train_fold1.18	0.6407701959289371	0.03914181794450705	1.15e-321	3.5e-322	0.32008798612655587
MSH6_multinomial_train_fold1.37	0.08969237252669479	0.013091902934018972	0.014387527670705974	0.09420180416772786	0.7886263927008524
MSH6_multinomial_train_fold1.38	0.06111607234214403	0.02867309438619805	0.003632291782080799	0.12212609257670355	0.7844524489128736
MSH6_multinomial_train_fold1.39	0.09591573592335068	0.030660173799720098	4.575135999857475e-199	0.09593375756080466	0.7774903327161244
PMS2_multinomial_train_fold1.19	0.6341016705859455	0.047504168220432845	8.3e-322	3.46e-322	0.31839416119362174
MSH6_multinomial_train_fold1.40	0.04699951386520885	0.020299625709816693	1.5878202396666127e-241	0.0994069011265932	0.8332939592983813
MSH6_multinomial_train_fold1.41	0.06544834807802775	0.008524273528811795	0.07967070440173364	0.08835590173823986	0.758000772253187
PMS1_multinomial_train_fold1.17	4.125e-321	0.13576849578537614	0.34526146753048076	0.41258153129555164	0.10638850538859143
OGG1_multinomial_train_fold1	3.45e-321	0.7796517208368041	0.19863218031152893	1.398813244129621e-79	0.021716098851666987
UNG_multinomial_train_fold1	5.6734358727490224e-229	0.019683317563841868	0.37553457813306323	0.5709344485158774	0.03384765578721746
UNG_multinomial_train_fold1.1	0.05964359982156655	0.07649093135634288	0.29942185688973594	0.5644436119323546	1.1463213203629096e-98
UNG_multinomial_train_fold1.2	0.14203243200885593	0.06735193424747016	0.38621893509329197	0.40266911841779796	0.0017275802325840757
OGG1_multinomial_train_fold1.1	0.0015566446919285611	0.6939386726915845	0.24168037834758246	9.549222212079552e-33	0.06282430426890447
UNG_multinomial_train_fold1.3	0.1441807209627893	0.050659734136025744	0.3243465888662627	0.480812956034922	1.117e-321
UNG_multinomial_train_fold1.4	0.10458345144957037	0.05838150707189764	0.24207348003177137	0.5949615614467606	5.04e-322
