Samples	SBS96A	SBS96B	SBS96C	SBS96D	SBS96E
ATP2B4_real_train_fold1	2.6869082428301686e-174	0.06931723910933377	0.8135064044629934	2.1309693557842635e-263	0.11717635642767289
ATP2B4_real_train_fold1.1	0.22321380268381533	0.026078510549550352	0.5200779528250323	0.09497695836317285	0.13565277557842914
MLH1_real_train_fold1	1.88e-321	0.9556756192355804	1.84e-321	0.04123494374406953	0.003089437020349905
MSH2_real_train_fold1	1.793e-321	0.8805948977696455	4.4944018726281453e-159	0.10998491291029439	0.009420189320060104
MSH6_real_train_fold1	2.584e-321	0.9507699321421446	2.1838018520745638e-173	0.03309771403419013	0.01613235382366534
MSH6_real_train_fold1.1	2.965492512256869e-257	0.9445108546924601	0.0070082214339455655	0.04048004713879853	0.00800087673479584
OGG1_real_train_fold1	2.51500518924867e-197	0.011491274648949024	0.12089941659766083	0.10152827301194259	0.7660810357414476
PMS1_real_train_fold1	7.39084874576149e-182	0.21457346017863121	0.659702857611194	0.12572368221017485	1.103888432153672e-178
PMS2_real_train_fold1	0.4839761563030928	0.5160238436969073	5.83e-322	2.77e-322	3.16e-322
RNF168_real_train_fold1	0.8871051075770325	0.04210791712109436	0.052589283370287655	2.7974626377792e-29	0.018197691931585235
UNG_real_train_fold1	1.1139891305346959e-93	0.08217243057177354	8.527710063366815e-45	0.7570779603155382	0.16074960911268832
ATP2B4_dirichlet_train_fold1	1.3037463343501154e-293	0.07391725755899745	0.48531619116842584	0.15734812938610382	0.283418421886473
ATP2B4_dirichlet_train_fold1.1	0.054321204791193727	0.07177790375768454	0.8739008914511216	1.58e-321	6.3e-322
ATP2B4_dirichlet_train_fold1.2	0.2832967952661003	0.16452646946439795	0.4583186303751833	0.00169265724825541	0.092165447646063
ATP2B4_dirichlet_train_fold1.3	7.379535176e-315	0.07685241741363061	0.874881810486072	6.13e-322	0.04826577210029738
ATP2B4_dirichlet_train_fold1.4	0.505525286230869	6e-322	0.3344027174959782	1.097e-321	0.16007199627315288
ATP2B4_dirichlet_train_fold1.5	0.3207712081587082	0.019312004948730276	0.467689289490794	0.0053518025207229675	0.18687569488104455
ATP2B4_dirichlet_train_fold1.6	0.07620416894678048	0.15998238004144427	0.46755985199845174	0.1895926197799676	0.10666097923335596
ATP2B4_dirichlet_train_fold1.7	0.495295717242744	0.04286488342124275	0.26688133796181257	2.123216728766683e-28	0.19495806137420077
ATP2B4_dirichlet_train_fold1.8	0.2624013014855512	0.09212297983420244	0.4443835002853117	0.20109221839493455	5.7e-322
ATP2B4_dirichlet_train_fold1.9	0.1144016700379274	1.176e-321	0.8855983299620727	1.324e-321	1.2582886157020875e-38
ATP2B4_dirichlet_train_fold1.10	0.35057308326842496	0.0010603984073538607	7.711031785442132e-165	0.15333145482871108	0.4950350634955102
ATP2B4_dirichlet_train_fold1.11	4.94e-322	0.01767559546601636	0.7779465679819557	4.84e-322	0.2043778365520278
ATP2B4_dirichlet_train_fold1.12	2.2947241825308786e-305	0.0005313625277163877	0.5737766877252395	0.2915556459441479	0.1341363038028962
ATP2B4_dirichlet_train_fold1.13	0.2548257477383807	1.27e-321	0.44979064085652865	0.16935117850392759	0.12603243290116306
ATP2B4_dirichlet_train_fold1.14	0.0994171832822562	0.09898116922692372	0.7194964924540623	9.7e-322	0.08210515503675776
ATP2B4_dirichlet_train_fold1.15	0.07393243551436335	0.1636061944147142	0.37229798998092045	0.06255074257987044	0.32761263751013153
ATP2B4_dirichlet_train_fold1.16	1.17e-321	0.11672550093731056	0.7687249259814996	5.4e-322	0.11454957308118979
ATP2B4_dirichlet_train_fold1.17	0.15168266945322742	0.04928579704081916	0.5365807614005502	0.005317074902802852	0.2571336972026002
ATP2B4_dirichlet_train_fold1.18	0.06995426531849251	0.0225348696783195	0.5187104475767333	2.977173825208218e-250	0.38880041742645466
ATP2B4_dirichlet_train_fold1.19	0.2549475014669736	1.403e-321	0.5906270808207181	9.3e-322	0.15442541771230828
ATP2B4_dirichlet_train_fold1.20	0.04166837458894832	5.9191917977120436e-300	0.8627763005046762	1.275e-321	0.09555532490637546
ATP2B4_dirichlet_train_fold1.21	0.3116697903769583	1.354e-321	0.5529964415681142	0.08700397713579225	0.04832979091913528
ATP2B4_dirichlet_train_fold1.22	0.7935862878505088	4.94e-322	0.05365403116216767	0.03122652218944465	0.1215331587978788
ATP2B4_dirichlet_train_fold1.23	4.7560104089528965e-15	0.01703968274358761	0.9769033968638497	0.00605692039255795	7.1003516163147e-238
ATP2B4_dirichlet_train_fold1.24	2.9491414425005635e-45	2.213e-321	0.894149546651456	1.2062457767823713e-102	0.105850453348544
ATP2B4_dirichlet_train_fold1.25	0.19408466199939678	0.0470853433820135	0.6892749147361305	0.0695550798824591	8.577511797051103e-200
ATP2B4_dirichlet_train_fold1.26	0.22484447637155777	0.029272717256561505	0.317841257514369	0.32990363819257973	0.09813791066493197
ATP2B4_dirichlet_train_fold1.27	0.3333897129631081	0.058415986240590446	2.4097799738201496e-280	0.09232703620202669	0.5158672645942748
ATP2B4_dirichlet_train_fold1.28	0.27062821326530756	0.11255378772903335	0.6165340269226819	3.601027539684829e-18	0.0002839720829771391
ATP2B4_dirichlet_train_fold1.29	0.1833450805752088	0.039461094757679484	0.6373635858353905	2.9530250935359407e-36	0.1398302388317211
ATP2B4_dirichlet_train_fold1.30	0.4537170113600838	0.10998492191527968	1.4960336890287634e-89	0.10830304103576792	0.32799502568886874
ATP2B4_dirichlet_train_fold1.31	1.057e-321	0.18189329504435103	0.3253809879987153	8.65e-322	0.49272571695693357
ATP2B4_dirichlet_train_fold1.32	0.27736155836137366	1.983251562526516e-176	2.1753072335730816e-267	0.18148665247717102	0.5411517891614553
ATP2B4_dirichlet_train_fold1.33	6.183871456533644e-37	2.184e-321	0.891987904157691	1.1600674128102482e-107	0.10801209584230881
ATP2B4_dirichlet_train_fold1.34	0.1553613818136153	6.8e-322	0.5537786342076503	0.12150626560094786	0.1693537183777864
ATP2B4_dirichlet_train_fold1.35	0.06354278020683997	0.1299893528052136	0.6380342996305798	1.0344344366691933e-122	0.1684335673573665
ATP2B4_dirichlet_train_fold1.36	0.06556595415776129	1.2343748597266081e-67	0.9344340458422387	1.057e-321	6.663371466492098e-165
ATP2B4_dirichlet_train_fold1.37	0.27844389128663993	0.07736375543627472	0.5175908482020409	0.0012990796205954098	0.1253024254544489
ATP2B4_dirichlet_train_fold1.38	0.318980710797588	1.21e-321	0.5196305496635079	0.11625296508467535	0.04513577445422878
ATP2B4_dirichlet_train_fold1.39	2.837773370486338e-33	0.14350622102984043	0.6230145211737795	8.278487176090978e-243	0.23347925779638012
ATP2B4_dirichlet_train_fold1.40	1.256024605930474e-161	1.2745553793932462e-54	0.662075125397744	6.87e-322	0.33792487460225595
ATP2B4_dirichlet_train_fold1.41	0.23339027680655117	0.12863053613166187	0.19106625574853184	0.2483745659736335	0.19853836533962171
ATP2B4_dirichlet_train_fold1.42	0.03434292981939776	0.08988756953793936	0.29663758370083	0.0698767173180755	0.5092551996237573
ATP2B4_dirichlet_train_fold1.43	0.37779076736373396	2.673e-321	4.031345531407902e-185	0.3051957000929223	0.3170135325433438
ATP2B4_dirichlet_train_fold1.44	0.12598696107097962	2.683e-321	0.5656250181333587	0.30838802079566163	3.281196018290976e-268
ATP2B4_dirichlet_train_fold1.45	0.11477774997172543	0.05974874634232067	0.6886887537962406	0.026676479729793166	0.11010827015992027
ATP2B4_dirichlet_train_fold1.46	0.27020762422574024	1.097e-321	0.3668256933432912	0.2845604046026071	0.07840627782836143
ATP2B4_dirichlet_train_fold1.47	0.14696448499227946	3.68e-321	0.564349719047991	0.17886922474298253	0.10981657121674687
ATP2B4_dirichlet_train_fold1.48	9.455401172727803e-84	0.1545845846205277	0.8315479119754176	0.013867503404054661	4.25e-322
ATP2B4_dirichlet_train_fold1.49	0.03847009766002863	0.10335764807931896	0.8581722542606525	6.764510955018147e-229	1.5403758723941711e-229
ATP2B4_dirichlet_train_fold1.50	0.15436729620124304	2.036e-321	0.7442774681263543	8.6e-322	0.10135523567240257
ATP2B4_dirichlet_train_fold1.51	0.11548899287161318	0.008074088616306254	0.6710505630663436	4.1698467505557233e-07	0.20538593846106193
ATP2B4_dirichlet_train_fold1.52	0.5016552378059509	0.07767471412468067	0.33312266945313385	0.03921661426301341	0.04833076435322133
ATP2B4_dirichlet_train_fold1.53	0.2588895770145305	2.8929161915484084e-298	0.26677535924010876	0.24138571837045836	0.23294934537490256
ATP2B4_dirichlet_train_fold1.54	0.10960652401570693	0.16197740590275608	0.7284160700815369	1.6078905045080588e-265	5.7e-322
ATP2B4_dirichlet_train_fold1.55	1.7616202985134614e-188	0.078905317271189	0.5750665351676886	5.63e-322	0.3460281475611224
ATP2B4_dirichlet_train_fold1.56	0.5854605909371264	0.0416445229020617	0.31345555942685255	0.059439326733959345	5.6e-322
ATP2B4_dirichlet_train_fold1.57	3.7102744768215902e-155	0.026744668319228365	0.9732553316807716	7.95e-322	2.8297254359867355e-145
ATP2B4_dirichlet_train_fold1.58	0.024625086263910266	0.15867718068910422	0.8121767651064691	0.004520967940516579	3.46e-322
ATP2B4_dirichlet_train_fold1.59	1.613688670619008e-144	0.062019769278482455	0.23631654066302427	0.420266350339885	0.2813973397186084
ATP2B4_dirichlet_train_fold1.60	0.4312990009674609	2.6551657139700448e-198	0.025088915455412444	0.009438568383429167	0.5341735151936974
ATP2B4_dirichlet_train_fold1.61	1.087e-321	0.09991782621720866	0.6597371213473467	1.178362259503006e-177	0.24034505243544457
ATP2B4_dirichlet_train_fold1.62	1.3350304522918514e-47	0.03386459039569473	0.5419918256071201	0.11049076067762538	0.31365282331955985
ATP2B4_dirichlet_train_fold1.63	2.3035158837044936e-269	1.1008207367655952e-140	0.9999300353869518	4.45e-322	6.99646130481914e-05
ATP2B4_dirichlet_train_fold1.64	1.793e-321	0.1537109304748925	0.7477151436389508	1.334e-321	0.0985739258861568
ATP2B4_dirichlet_train_fold1.65	7.86e-322	1.344e-321	0.9999999999999999	2.3434516120918093e-54	2.57e-322
ATP2B4_dirichlet_train_fold1.66	0.021430088074757724	0.2372828250809731	0.6727353021604543	6.8e-322	0.06855178468381479
ATP2B4_dirichlet_train_fold1.67	0.17929404205702032	0.17386524053325272	0.5332396091344466	1.22e-321	0.11360110827528047
ATP2B4_dirichlet_train_fold1.68	1.324e-321	2.388050530119205e-249	0.8789376600306062	8.74e-322	0.12106233996939378
ATP2B4_dirichlet_train_fold1.69	3.501989739905314e-287	0.03822982691411975	0.9485946011462925	0.0023715741421448644	0.010803997797442996
ATP2B4_dirichlet_train_fold1.70	0.22290235291123534	0.0428290575279229	0.4472742810189625	0.016449355211740728	0.2705449533301385
ATP2B4_dirichlet_train_fold1.71	0.3502474966657734	0.06315903054917058	0.16159818569375073	0.07058793056114725	0.354407356530158
ATP2B4_dirichlet_train_fold1.72	0.1943523015112336	3.26e-321	0.6390075490655792	1.51e-321	0.1666401494231873
ATP2B4_dirichlet_train_fold1.73	0.13787429478057253	0.17488966926992486	0.6872360359495026	1.813e-321	6.911567268751399e-202
ATP2B4_dirichlet_train_fold1.74	3.4947953141665423e-95	0.33331917686492263	0.18003546055316572	0.0356185033038299	0.4510268592780817
ATP2B4_dirichlet_train_fold1.75	0.08124387974059284	0.08442832024536155	0.7745793869796512	0.05974841303439454	3.1e-322
ATP2B4_dirichlet_train_fold1.76	0.2877112334095264	8.9e-322	0.62704225173665	0.08524651485382359	5.34e-322
ATP2B4_dirichlet_train_fold1.77	4.699589647919343e-88	0.2309540046607209	0.642318897912844	4.6e-322	0.1267270974264351
ATP2B4_dirichlet_train_fold1.78	0.3419571694595337	0.056190207851864064	0.3060377363580539	0.022701854069016106	0.27311303226153233
ATP2B4_dirichlet_train_fold1.79	1.5260466444307704e-166	0.1362749593800296	0.5630371985063778	4.3e-322	0.3006878421135925
ATP2B4_dirichlet_train_fold1.80	8.45e-322	0.12211894239713776	0.8778810576028623	5.83e-322	2.1543948285535379e-63
ATP2B4_dirichlet_train_fold1.81	0.07541563173515507	0.12351187825834171	0.47332103336517906	0.11701202551636995	0.21073943112495408
ATP2B4_dirichlet_train_fold1.82	4.988830403399687e-32	0.09844642659092945	0.7042184591424869	1.48e-321	0.19733511426658382
ATP2B4_dirichlet_train_fold1.83	0.07995061684697038	0.39867140979906535	0.23719971122406122	3.149929985289554e-115	0.2841782621299032
ATP2B4_dirichlet_train_fold1.84	0.16734650114281005	0.04931207542812532	0.20634906784938853	0.3054863145092179	0.2715060410704583
ATP2B4_dirichlet_train_fold1.85	0.38943268363331346	1.8825343518761204e-221	1.23636787710985e-77	0.1672531755366674	0.4433141408300192
ATP2B4_dirichlet_train_fold1.86	0.08558240352524714	0.04327164121458617	0.5237337047463955	0.1747716342770808	0.17264061623669036
ATP2B4_dirichlet_train_fold1.87	6.5455063342811224e-43	0.10653637446116337	0.8934636255388367	3.853272111019203e-248	3.5634260906247365e-133
ATP2B4_dirichlet_train_fold1.88	0.11329329397799255	9.44e-322	0.6578089391021852	0.13861924052863475	0.0902785263911875
ATP2B4_dirichlet_train_fold1.89	0.10627204080157356	1.88e-321	0.5854159406877224	0.06025048864961122	0.24806152986109278
ATP2B4_dirichlet_train_fold1.90	0.269489350073178	0.06730217681192659	0.34775969433811127	0.15592539869215624	0.15952338008462796
ATP2B4_dirichlet_train_fold1.91	0.2377325647538346	0.1111205941484377	0.6496807336056901	0.0014661074920375384	7.46e-322
ATP2B4_dirichlet_train_fold1.92	1.9303981897784283e-115	1.314e-321	0.5720983292872932	0.361341800195017	0.06655987051768976
ATP2B4_dirichlet_train_fold1.93	1.2091953074445384e-209	2.75e-321	0.978628787881075	1.166e-321	0.021371212118925103
ATP2B4_dirichlet_train_fold1.94	1.343619489768924e-207	0.15223427383113003	0.7954201837347352	1.6810889018667838e-232	0.052345542434134765
ATP2B4_dirichlet_train_fold1.95	1.265e-321	0.07971397826796991	0.7780348000927804	4.4e-322	0.14225122163924991
ATP2B4_dirichlet_train_fold1.96	1.186e-321	9e-322	0.9999999999999999	8.904845734591514e-118	1.5e-322
ATP2B4_dirichlet_train_fold1.97	0.3132634166523886	1.487e-321	0.48154919806510077	0.1199173662050011	0.08527001907750963
PMS2_dirichlet_train_fold1	0.4108607520740257	0.5578567113948414	1.067e-321	0.03128253653113293	0.0
PMS1_dirichlet_train_fold1	2.4188004413306425e-165	0.33748415362632667	0.5637805205553641	0.0987353258183094	6.77e-322
MSH6_dirichlet_train_fold1	1.31e-321	0.8972720030514779	0.057995000201160225	0.04473299674736184	1.65e-321
MLH1_dirichlet_train_fold1	1.936051885915069e-159	1.0	2.9e-322	1.176e-321	4.15e-322
MSH2_dirichlet_train_fold1	1.364e-321	0.7941353284588311	0.0011408803463497578	0.1793985578894585	0.025325233305360573
MSH6_dirichlet_train_fold1.1	2.19e-321	0.8499871233624546	0.13328655815016557	3.7283443176412386e-05	0.016689035044203285
MSH6_dirichlet_train_fold1.2	3.47352293198108e-309	0.9738535934836219	0.017532537394004625	2.51e-321	0.008613869122373425
MLH1_dirichlet_train_fold1.1	0.008667740725075194	0.9436266387943694	1.59e-321	0.047705620480555454	6.43374025741953e-165
MSH6_dirichlet_train_fold1.3	2.796e-321	0.7743508916538966	1.57e-321	0.22564910834610333	1.83e-321
PMS2_dirichlet_train_fold1.1	0.35603678295582963	0.6002983659828975	2.134e-321	6.6e-322	0.043664851061272957
MLH1_dirichlet_train_fold1.2	0.39822317239032523	0.5897645616153302	2.72076453497639e-187	0.012012265994344556	2.22e-321
PMS1_dirichlet_train_fold1.1	2.144e-321	0.17135236361373885	0.5139677900250179	0.3146798463612434	1.43e-322
MSH6_dirichlet_train_fold1.4	2.905170944797371e-75	0.9463438196811434	1.56e-321	0.01483796194679394	0.03881821837206255
MSH6_dirichlet_train_fold1.5	0.06959221084582325	0.9060816706968267	9.73e-322	0.024326118457349985	4.4e-322
MSH6_dirichlet_train_fold1.6	0.07388122436528127	0.8591744580768004	0.006303719962836974	3.871626739663292e-134	0.06064059759508133
MSH2_dirichlet_train_fold1.1	2.757e-321	0.7593259680516927	0.11538462235809921	0.1252894095902081	4.35e-322
PMS2_dirichlet_train_fold1.2	0.35635421619505436	0.6436457838049457	4e-322	3.66e-322	0.0
PMS1_dirichlet_train_fold1.2	1.7486632260820756e-233	0.282197000201653	0.556720109972608	0.16108288982573904	3.543129488866e-312
MSH6_dirichlet_train_fold1.7	1.635e-321	0.8542876442734244	6.3e-322	0.14571235572657554	4.35e-322
MLH1_dirichlet_train_fold1.3	3.236e-321	0.9576460886526778	1.19e-321	2.8478525036847824e-259	0.04235391134732222
MSH6_dirichlet_train_fold1.8	0.04625031870458906	0.8071288380079051	3.936685527953095e-251	0.1302753796712249	0.01634546361628085
PMS1_dirichlet_train_fold1.3	2.105e-321	0.1325683335311297	0.8674316664688704	1.394006405368737e-169	2.67e-322
MSH6_dirichlet_train_fold1.9	1.588100671402772e-75	0.79609298236655	1.0599580902842404e-134	0.1917864401324653	0.012120577500984695
MSH6_dirichlet_train_fold1.10	1.3102334707975456e-117	0.9668407161089838	2.63e-321	1.517e-321	0.0331592838910162
MSH2_dirichlet_train_fold1.2	1.55e-321	0.8763265268558144	0.0029306589030523257	0.12074281424113324	8.25e-322
PMS1_dirichlet_train_fold1.4	0.005778568662577729	0.24844299580394796	0.15552485917819533	0.43078319921472574	0.15947037714055312
MSH6_dirichlet_train_fold1.11	7.471018588991883e-11	0.8917055672258807	2.2000900015102506e-297	0.104023145237141	0.004271287462268095
MSH6_dirichlet_train_fold1.12	0.1165115190370606	0.8800429610626417	1.225e-321	7.76e-322	0.003445519900297627
MLH1_dirichlet_train_fold1.4	0.24091626971473806	0.7409596989477525	1.14e-321	2.0039844403223343e-153	0.01812403133750953
PMS1_dirichlet_train_fold1.5	7.416749749778665e-07	0.20881642416266122	0.5888064443783324	0.1726434039862349	0.029732985797796607
MLH1_dirichlet_train_fold1.5	0.021693867203462017	0.9658073903459163	1.15e-321	0.012498742450621643	4e-322
MSH6_dirichlet_train_fold1.13	0.11140694144843412	0.874097357457377	2.2908530332653177e-192	1.937e-321	0.014495701094188853
MSH6_dirichlet_train_fold1.14	2.75e-321	0.720745215811197	0.06293695083408106	0.21631783335472182	2.5e-322
MSH2_dirichlet_train_fold1.3	5.300938819993656e-11	0.7682201643134867	0.16154779197734104	0.07023204365616291	3.46e-322
MLH1_dirichlet_train_fold1.6	2.73e-321	0.8884051148956338	3.9474637130292704e-169	0.05928605520104469	0.05230882990332149
PMS2_dirichlet_train_fold1.3	0.3942929942592125	0.6057070057407874	1.294e-321	3e-322	3.2177343515560754e-52
PMS1_dirichlet_train_fold1.6	1.82e-321	0.07318343523078227	0.8793167119276344	0.015818661553533023	0.03168119128805022
MSH6_dirichlet_train_fold1.15	2.4e-321	0.9210939837186889	3.776947311974866e-182	1.467e-321	0.07890601628131105
MSH2_dirichlet_train_fold1.4	9.04e-322	0.9233414037762444	9.9e-322	0.07665859622375563	3.414e-321
PMS1_dirichlet_train_fold1.7	2.8048742779876965e-217	0.13462594748217885	0.6122035438522023	0.2531705086656189	2.5846426831220775e-249
MSH2_dirichlet_train_fold1.5	2.0040582436470334e-245	0.9464786545289178	0.03863267813065222	3.707569169770962e-186	0.014888667340429916
PMS2_dirichlet_train_fold1.4	0.6506881304521621	0.3493118695478378	2.223e-321	2.47e-322	2.47e-322
MSH6_dirichlet_train_fold1.16	0.276948981322323	0.5424030868428088	8.799656839210581e-201	0.18064793183486835	6.03e-322
MSH2_dirichlet_train_fold1.6	0.23853232068659366	0.7173319705860857	1.576e-321	0.04165997152353311	0.002475737203787718
MLH1_dirichlet_train_fold1.7	0.16747476999376848	0.7620036442717182	1.08e-321	1.52e-321	0.07052158573451324
MSH6_dirichlet_train_fold1.17	1.74e-321	0.9634809838628914	2.614e-321	5.724290731939472e-107	0.03651901613710849
MSH2_dirichlet_train_fold1.7	1.403e-321	0.8927501250696016	0.057166302293303384	0.04056400853973022	0.0095195640973648
MSH2_dirichlet_train_fold1.8	3.04e-321	0.8132316702423644	9.44e-322	0.16342652637412938	0.02334180338350633
MLH1_dirichlet_train_fold1.8	1.58e-321	0.9496062430888911	6.6e-322	0.050393756911108915	4.6e-322
PMS2_dirichlet_train_fold1.5	0.5781095078429834	0.4218904921570166	2.67e-322	2.67e-322	0.0
MSH2_dirichlet_train_fold1.9	2.386e-321	0.8903834087524702	1.354e-321	0.1096165912475296	3.7e-322
MSH6_dirichlet_train_fold1.18	8.7e-322	0.9948050857898566	1.25e-321	1.0123297860375497e-227	0.005194914210143489
MSH6_dirichlet_train_fold1.19	0.08448350233821668	0.6960919186089835	1.21e-321	0.21942457905279988	3.16e-322
PMS1_dirichlet_train_fold1.8	0.16706806448119485	0.21956635694220097	0.1258678628078799	0.25492717984272895	0.23257053592599533
PMS2_dirichlet_train_fold1.6	0.2779221370930802	0.7220778629069199	2.77e-322	2.4e-322	0.0
MSH6_dirichlet_train_fold1.20	9.181386134053922e-212	0.9189219993449357	0.08107800065506417	2.124e-321	1.83e-321
PMS2_dirichlet_train_fold1.7	0.3998197530646009	0.5850661150800784	6.7e-322	3.3e-322	0.015114131855320748
PMS2_dirichlet_train_fold1.8	0.24428994897004808	0.7557100510299519	0.0	0.0	0.0
MSH6_dirichlet_train_fold1.21	1.68e-321	0.8630697900288742	1.45e-321	0.11082870748321784	0.026101502487907914
MLH1_dirichlet_train_fold1.9	1.245e-321	0.841489240785114	0.05943150758560072	0.0719499282186061	0.027129323410679144
PMS2_dirichlet_train_fold1.9	0.44335301274335165	0.5564599300279609	9.3e-322	2.9e-322	0.00018705722868738142
MSH6_dirichlet_train_fold1.22	1.66e-321	0.8269018810663153	5e-322	0.17309811893368482	3.4e-322
PMS1_dirichlet_train_fold1.9	0.02925147610491953	0.10321056305542438	0.353383254422536	0.4841841992205934	0.029970507196526674
MSH6_dirichlet_train_fold1.23	0.19657171945151183	0.7716040916015545	0.031824188946933604	1.7992500669809719e-84	5.388828991643573e-300
MSH2_dirichlet_train_fold1.10	2.673858450942398e-82	0.9236105675442338	1.95e-321	0.07326989038031823	0.0031195420754480062
MLH1_dirichlet_train_fold1.10	9.8e-322	0.8636684091858652	5.1e-322	0.13633159081413485	3.46e-322
MSH6_dirichlet_train_fold1.24	0.08996051213294386	0.8166757861648333	6.353242434369993e-28	0.06952711905178276	0.02383658265044021
PMS2_dirichlet_train_fold1.10	0.7333658360189745	0.2666341639810254	5.24e-322	2.77e-322	5.1e-322
PMS1_dirichlet_train_fold1.10	0.018757590461481517	0.24397112776833826	0.7372712817701802	2.892768406640637e-271	1.3828040078245122e-291
MSH6_dirichlet_train_fold1.25	0.18972953260954661	0.7629779917732681	1.986e-321	1.9339122656161997e-264	0.0472924756171852
MSH6_dirichlet_train_fold1.26	4.162169521687396e-101	0.9144538600761257	1.94e-321	0.08554613992387416	3.8e-322
MLH1_dirichlet_train_fold1.11	2.103e-320	0.9463751047929595	1.6213783987789387e-232	0.04332368768685372	0.010301207520186746
MSH6_dirichlet_train_fold1.27	6.307989855846474e-168	0.8913925458225058	0.06954087469433845	2.23e-321	0.039066579483155714
MSH6_dirichlet_train_fold1.28	1.705e-321	0.9873227552219175	2.554e-321	1.2e-321	0.01267724477808257
MSH2_dirichlet_train_fold1.11	2.7313414876663746e-14	0.9643644267542154	1.576e-321	0.015833847977530683	0.019801725268226555
MSH6_dirichlet_train_fold1.29	0.11068194060650345	0.8047670486457623	9.7e-322	0.05167225847494602	0.032878752272788185
MSH2_dirichlet_train_fold1.12	1.917e-321	0.838357017318633	5.383513644434138e-22	0.13745279148770734	0.024190191193659834
MSH2_dirichlet_train_fold1.13	0.10672190216414285	0.8204252159704997	2.61e-321	0.048343913128721425	0.024508968736636143
MSH2_dirichlet_train_fold1.14	1.2772671420137173e-39	0.8913700420994619	1.422774192359742e-73	0.06656574049221788	0.04206421740832027
MSH6_dirichlet_train_fold1.30	1.1e-321	0.8419037724661838	5.673417711269269e-265	0.1580962275338163	8.65e-322
MSH6_dirichlet_train_fold1.31	1.219322165625427e-19	0.8714716648357457	2.09e-321	0.07359336058189693	0.05493497458235727
PMS2_dirichlet_train_fold1.11	0.5035617870059346	0.4964382129940654	4.4e-322	4.2e-322	0.0
MSH6_dirichlet_train_fold1.32	0.015849395855705585	0.899606504740565	4.8333304957667846e-263	0.06693093720226397	0.01761316220146552
MSH2_dirichlet_train_fold1.15	3.266e-321	0.8109351150262585	1.2943675993871196e-238	0.1817592981879317	0.007305586785809851
MSH6_dirichlet_train_fold1.33	0.20297534778754697	0.797024652212453	9.04e-322	7.76e-322	3.7e-322
MSH2_dirichlet_train_fold1.16	5.7e-322	0.9398523325699532	8.422849519239618e-21	0.038932187037125185	0.021215480392921666
PMS1_dirichlet_train_fold1.11	1.38e-321	0.3840670501527553	0.474820182465052	0.1411127673821929	7.36e-322
MLH1_dirichlet_train_fold1.12	0.035956385823112426	0.8391961014771211	4.9e-322	0.1248475126997665	3.3e-322
MLH1_dirichlet_train_fold1.13	6.814211532726178e-264	0.9063082035174512	7.2e-322	8.3e-322	0.09369179648254886
MSH2_dirichlet_train_fold1.17	6.03e-322	0.9327552115251245	1.724e-321	0.0625280809259788	0.004716707548896528
MSH2_dirichlet_train_fold1.18	0.0006040083349393363	0.8480530913211722	2.7980946525809174e-185	9.5e-322	0.15134290034388845
MSH2_dirichlet_train_fold1.19	0.13605329203001665	0.572752805371241	0.09920952127343816	0.19198438132530404	1.93e-322
PMS1_dirichlet_train_fold1.12	0.09229230986335546	0.2746224648567384	0.18147764294307608	0.032153210932778564	0.4194543714040515
MSH6_dirichlet_train_fold1.34	5.9e-322	0.9952761728751094	5.04e-322	4.15e-322	0.004723827124890753
UNG_dirichlet_train_fold1	1.517e-321	0.12936959953422472	4.464237430757988e-233	0.7451562154130642	0.12547418505271096
OGG1_dirichlet_train_fold1	0.009380889880582631	0.2038937316764656	0.14497318722822114	2.3094366655682195e-32	0.6417521912147305
OGG1_dirichlet_train_fold1.1	7.5e-322	5.53e-322	0.410696622996831	1.5884141656934902e-194	0.589303377003169
UNG_dirichlet_train_fold1.1	2.816e-321	0.2766747454569702	0.014943221288154373	0.6700574056730675	0.03832462758180783
UNG_dirichlet_train_fold1.2	0.05137433984117706	0.04151626668604724	0.34791874853974725	0.5591906449330285	3.918692946112485e-199
OGG1_dirichlet_train_fold1.2	5.4156806982363106e-12	0.09784024751781056	6.413582875777006e-62	0.11874863686226711	0.7834111156145065
UNG_dirichlet_train_fold1.3	0.0385045315589563	0.30658326472303754	8.74e-322	0.5446300503301222	0.11028215338788398
UNG_dirichlet_train_fold1.4	0.09849467995496815	0.005316999643571875	1.023e-321	0.6875660448345517	0.2086222755669083
OGG1_dirichlet_train_fold1.3	0.04795082144139491	3.62e-321	1.2540275630869806e-208	0.07926273407217102	0.872786444486434
UNG_dirichlet_train_fold1.5	0.10081807924889036	0.08780536985633008	5.317610314325438e-39	0.500107241386728	0.31126930950805143
UNG_dirichlet_train_fold1.6	2.27e-321	0.16144657679442548	0.37076322806042017	0.4631424175048595	0.004647777640294936
OGG1_dirichlet_train_fold1.4	0.07926070009587326	7.95e-322	8.503227458861322e-122	0.026800953335216003	0.8939383465689107
UNG_dirichlet_train_fold1.7	2.52e-321	0.09746918362486237	0.2667479829658352	0.6008591876231447	0.034923645786157864
OGG1_dirichlet_train_fold1.5	1.354e-321	1.85e-321	0.5907477101142508	3.448284550998971e-298	0.40925228988574913
OGG1_dirichlet_train_fold1.6	0.008658001513567166	1.64e-321	1.742899048248504e-96	0.15490390507169816	0.8364380934147345
UNG_dirichlet_train_fold1.8	1.714e-321	1.2514820937629859e-176	8.859969091819879e-285	0.7430583219808315	0.25694167801916834
UNG_dirichlet_train_fold1.9	2.71e-321	0.18462487016540388	2.520437780811528e-69	0.5438627846061055	0.2715123452284905
OGG1_dirichlet_train_fold1.7	0.042108515247934554	1.8e-321	0.3912254170998546	0.058140220934728655	0.5085258467174822
OGG1_dirichlet_train_fold1.8	0.014637456704093428	0.056603767423733464	0.15218963726988988	0.039249830331221515	0.7373193082710618
OGG1_dirichlet_train_fold1.9	0.05706417563101827	1.1547007438437783e-20	0.2459308387917318	0.07832303015441201	0.618681955422838
UNG_dirichlet_train_fold1.10	0.034305765040612016	2.7956985987826377e-129	0.18428663535721837	0.6725906363412741	0.10881696326089542
OGG1_dirichlet_train_fold1.10	0.004664005312080897	1.48e-321	5.005617987115815e-89	0.27209254925853776	0.7232434454293813
OGG1_dirichlet_train_fold1.11	9.14743088608421e-19	1.047e-321	2.4922654614722243e-30	0.3541983606162525	0.6458016393837474
OGG1_dirichlet_train_fold1.12	1.12e-321	9.04e-322	0.6140086379662888	5.6e-322	0.38599136203371115
UNG_dirichlet_train_fold1.11	0.015586961452067076	3.3673813320374074e-74	4.132658300300131e-304	0.8620200234643233	0.12239301508360952
OGG1_dirichlet_train_fold1.13	2.9780380329478597e-196	0.14252924081208962	1.8465979197716185e-272	0.1938004206254649	0.6636703385624454
UNG_dirichlet_train_fold1.12	0.09143305497557447	0.060089967249915485	7e-322	0.7384482787397085	0.11002869903480153
OGG1_dirichlet_train_fold1.14	0.16603525081945644	3.4e-321	4.8464866640525915e-14	0.13411922423000205	0.6998455249504931
UNG_dirichlet_train_fold1.13	0.01472793851035034	0.2356915049487241	4.3740590541022956e-157	0.5697273697757765	0.17985318676514905
OGG1_dirichlet_train_fold1.15	9.859542649728786e-122	6.77e-322	0.08237248600555341	0.20080243051150612	0.7168250834829405
UNG_dirichlet_train_fold1.14	0.1070727641724209	0.2470648834026234	0.12085675042251419	0.3734082702159274	0.15159733178651402
OGG1_dirichlet_train_fold1.16	7.590135436670343e-191	0.08533114686941026	3.35836961e-315	1.235e-321	0.9146688531305897
OGG1_dirichlet_train_fold1.17	1.7031005967632668e-149	0.14504320122313524	0.34289624784597694	0.022950235590550032	0.4891103153403378
UNG_dirichlet_train_fold1.15	0.13774770138090195	0.11305760100600394	0.1279034053587371	0.5175967450586972	0.1036945471956598
OGG1_dirichlet_train_fold1.18	1.09e-321	0.15510625675029607	0.15210100071330035	7.95e-322	0.6927927425364034
UNG_dirichlet_train_fold1.16	1.833086747554232e-258	0.3654149680990709	1.146e-321	0.4699841392481209	0.1646008926528081
OGG1_dirichlet_train_fold1.19	1.5001570174224247e-145	0.06840941343414318	2.860371048441759e-252	1.36e-321	0.9315905865658567
OGG1_dirichlet_train_fold1.20	4.478182088701926e-31	1.527e-321	0.14467037753706327	0.20003396649514232	0.6552956559677944
OGG1_dirichlet_train_fold1.21	1.3965919768299012e-177	4.407e-321	0.06040136426043177	0.01861439514954098	0.9209842405900274
UNG_dirichlet_train_fold1.17	0.07777080509251967	9.44e-322	1.1518445875854376e-155	0.7427702900348957	0.17945890487258476
OGG1_dirichlet_train_fold1.22	2.16e-321	1.823e-321	0.33247047902397214	0.2154723101965461	0.4520572107794818
UNG_dirichlet_train_fold1.18	0.06697363212536767	2.3761409681483703e-66	0.3212790931491081	0.5104511648107013	0.10129610991482293
OGG1_dirichlet_train_fold1.23	5.4e-322	6.9e-322	0.7310639710314236	3.2e-322	0.2689360289685764
UNG_dirichlet_train_fold1.19	9.627747454349138e-100	0.0704339709259983	0.11411770868493201	0.7570170947170135	0.058431225672056206
UNG_dirichlet_train_fold1.20	0.13733672687650944	1.27e-321	8.776612432258501e-198	0.5973204704365871	0.2653428026869036
UNG_dirichlet_train_fold1.21	0.07391272534380418	0.059251307981392345	5.845971328226506e-135	0.6972695820282487	0.1695663846465547
UNG_dirichlet_train_fold1.22	0.11526960409979554	0.17052203863137977	3.804107546567914e-119	0.50240092877753	0.21180742849129464
OGG1_dirichlet_train_fold1.24	0.005527600603482529	4.106e-321	0.45596477514224265	1.314e-321	0.5385076242542749
OGG1_dirichlet_train_fold1.25	1.354e-321	0.007852217231400862	0.1471384736685791	0.22931872512139578	0.6156905839786243
OGG1_dirichlet_train_fold1.26	4.1175894724938113e-60	0.05500974322730649	1.5255195369559347e-139	1.06e-321	0.9449902567726937
UNG_dirichlet_train_fold1.23	3.9241117942301604e-88	0.09092455135418073	0.15455058770003854	0.63673921430301	0.11778564664277072
OGG1_dirichlet_train_fold1.27	1.1982407030389945e-142	0.006513963929532795	0.01251496495552347	0.1929100811080899	0.7880609900068539
OGG1_dirichlet_train_fold1.28	0.049838270128619785	9.985262049298796e-18	2.9019774260147134e-178	0.09307123441763365	0.8570904954537466
UNG_dirichlet_train_fold1.24	0.08808454592517642	0.12148251849589535	0.36859454335575836	0.40117334087885903	0.02066505134431098
UNG_dirichlet_train_fold1.25	2.7e-321	0.010146106881444177	0.2924774447204312	0.6973764483981246	7.46e-322
UNG_dirichlet_train_fold1.26	9.7e-322	9.34e-322	0.5365284688633545	0.453785888854269	0.009685642282376545
OGG1_dirichlet_train_fold1.29	1.64e-321	0.2760434036798216	6.1e-322	6.3e-322	0.7239565963201784
OGG1_dirichlet_train_fold1.30	2.99450108088831e-293	0.1011725731406559	1.4914403955419754e-104	0.09348853017452616	0.805338896684818
UNG_dirichlet_train_fold1.27	6.9e-322	0.015113698554108329	0.4188452116461171	0.5411818124868992	0.024859277312875405
UNG_dirichlet_train_fold1.28	2.075e-321	0.18594158936707247	4.64e-322	0.6486242588189839	0.16543415181394375
OGG1_dirichlet_train_fold1.31	0.05755531954639378	0.17037461981938576	3e-322	3.26e-322	0.7720700606342206
UNG_dirichlet_train_fold1.29	0.025673016783158444	0.11994799571566911	0.05934994279516567	0.7216088113605068	0.07342023334549991
OGG1_dirichlet_train_fold1.32	2.931896686407963e-299	0.09106107515678126	0.3064672208131527	0.08685158993462726	0.5156201140954387
UNG_dirichlet_train_fold1.30	2.337e-321	0.05188833042743295	1.025980405440062e-166	0.6708682464905246	0.27724342308204253
OGG1_dirichlet_train_fold1.33	3.1763244489346198e-155	0.015060807037212243	0.556656315649991	1.3490068504406882e-271	0.4282828773127967
OGG1_dirichlet_train_fold1.34	2.4343358704496e-310	0.04673008267174711	0.04787493436620887	0.11281722800352971	0.7925777549585142
OGG1_dirichlet_train_fold1.35	2.554e-321	0.10136870305748952	2.9049766965212804e-208	0.060090588577325424	0.838540708365185
UNG_dirichlet_train_fold1.31	2.485e-321	1.0071883324157984e-89	0.018070664001986723	0.9283492677933868	0.05358006820462634
OGG1_dirichlet_train_fold1.36	5.5e-322	1.32e-321	0.4735986069668991	6.03e-322	0.5264013930331009
OGG1_dirichlet_train_fold1.37	6.733659e-317	1.136e-321	2.9586640406446446e-43	0.2046033747184753	0.7953966252815247
OGG1_dirichlet_train_fold1.38	1.71e-321	0.07820132684951703	5.14e-322	0.13519172243450378	0.7866069507159794
UNG_dirichlet_train_fold1.32	0.12781009815288372	0.046795689635267576	5.50294995e-316	0.6817781117683327	0.14361610044351603
OGG1_dirichlet_train_fold1.39	0.010796006367122088	0.1231658171486221	5.063467483274503e-69	0.12130796992736634	0.7447302065568894
UNG_dirichlet_train_fold1.33	0.025366109871956196	1.0529578483055987e-103	5.074459532103398e-76	0.8191036646947766	0.15553022543326725
UNG_dirichlet_train_fold1.34	0.24654218551141024	0.017039171016722695	0.18914169300870318	0.5085801975269747	0.038696752936189106
OGG1_dirichlet_train_fold1.40	0.0796451605690478	1.655e-321	6.700598945311772e-230	0.16419266313926262	0.7561621762916895
UNG_dirichlet_train_fold1.35	1.744e-321	0.12789805154313016	3.95e-322	0.8231637770988839	0.04893817135798602
OGG1_dirichlet_train_fold1.41	3.500414327418772e-290	0.0715184512457082	1.9432224426541845e-119	0.032151202200240536	0.8963303465540512
OGG1_dirichlet_train_fold1.42	0.00045693437713326335	1.537e-321	0.30263714422605453	0.07759569667835385	0.6193102247184585
OGG1_dirichlet_train_fold1.43	0.05830227424818187	2.915e-321	1.4967441150467187e-22	0.18553831071957982	0.7561594150322384
OGG1_dirichlet_train_fold1.44	1.443e-321	0.046066128064574864	2.819188200377835e-63	4.219077131400916e-21	0.953933871935425
OGG1_dirichlet_train_fold1.45	0.08517193814497925	0.013893219527897073	1.1253712066217389e-63	0.26679235072686075	0.6341424916002628
UNG_dirichlet_train_fold1.36	1.023e-321	0.030039697518994306	9.025968261662891e-113	0.7380448648831196	0.23191543759788605
UNG_dirichlet_train_fold1.37	2.3180097584505404e-115	0.17745173020131744	3.3340844076986186e-40	0.7203400247667977	0.10220824503188489
UNG_dirichlet_train_fold1.38	0.0033304228741698814	0.09502794977001056	2.7799084024717e-311	0.7785182178012364	0.12312340955458329
OGG1_dirichlet_train_fold1.46	0.08633862210655831	3.05e-321	0.07902617516721197	3.032716681234877e-309	0.8346352027262297
OGG1_dirichlet_train_fold1.47	0.06762849495856378	0.054108801180475924	0.02533890584411374	0.09850158584139261	0.7544222121754539
UNG_dirichlet_train_fold1.39	1.85184187337552e-17	1.8728001147453703e-109	0.23562152438545358	0.7643784756145464	4.0451733431620126e-229
UNG_dirichlet_train_fold1.40	3.812811538073768e-29	0.13091816110282284	0.008670614110782198	0.7102387748058485	0.15017244998054646
UNG_dirichlet_train_fold1.41	0.405654748597126	4.764467554506152e-67	8.78889227177236e-137	0.4762033433539766	0.1181419080488973
UNG_dirichlet_train_fold1.42	0.025855650877701013	9.304293086506956e-119	2.0340926418649514e-115	0.7981445269905902	0.17599982213170887
UNG_dirichlet_train_fold1.43	2.493706401341828e-211	0.09377803782882037	0.1751821189898392	0.6695461394685419	0.061493703712798733
UNG_dirichlet_train_fold1.44	2.439887129389505e-256	0.09483461487994718	0.16087816742196767	0.744287217698085	1.7774742955143516e-89
UNG_dirichlet_train_fold1.45	3.726167987414421e-35	0.09003186870251027	0.01742822294888271	0.7741301466911666	0.11840976165744059
UNG_dirichlet_train_fold1.46	2.288e-321	0.06915721146662528	7.927378164218211e-259	0.7997667489388698	0.13107603959450514
UNG_dirichlet_train_fold1.47	5.502520871147388e-62	0.2025193717686761	0.09279107740474532	0.5965942807020536	0.10809527012452498
UNG_dirichlet_train_fold1.48	0.15295194702180998	0.10071103611733205	2.366949299554959e-257	0.5952823879396767	0.1510546289211815
OGG1_dirichlet_train_fold1.48	2.978681911968631e-209	0.007035302536800757	0.6928143396028154	1.374e-321	0.30015035786038385
RNF168_dirichlet_train_fold1	0.6749679165873649	0.09732813158882365	1.5768514562483632e-09	0.20719450843061912	0.020509441816340932
RNF168_dirichlet_train_fold1.1	0.902444930828946	0.02356029011984512	0.004059765059863134	0.02704185923090869	0.04289315476043702
RNF168_dirichlet_train_fold1.2	0.727963118040577	6.773235015618511e-37	0.022427470793253988	0.23808607163346332	0.011523339532705661
RNF168_dirichlet_train_fold1.3	0.4506985213372827	0.17456011879260425	0.29997194778581504	0.07476941208429787	3.3e-322
RNF168_dirichlet_train_fold1.4	0.8294116651832816	0.001631374690472629	1.0809888906046677e-231	0.1127423274327543	0.056214632693491404
RNF168_dirichlet_train_fold1.5	1.0	9.3e-322	1.8e-322	2.08e-322	3.16e-322
RNF168_dirichlet_train_fold1.6	0.8889610980821648	2.8642866961114213e-87	0.08709317368782843	1.2848548885837151e-295	0.023945728230006843
RNF168_dirichlet_train_fold1.7	0.9662477045280342	9.34e-322	6.27e-322	2.7e-322	0.033752295471965774
RNF168_dirichlet_train_fold1.8	0.7718751703694797	8.238028722798405e-287	0.004815282423644139	0.14863611008249247	0.07467343712438353
RNF168_dirichlet_train_fold1.9	0.7621811931088066	0.0804895654857537	0.1573292414054397	1.117e-321	1.63e-322
RNF168_dirichlet_train_fold1.10	0.6012154951267668	0.32471443880375545	0.056693965046222275	1.7166686132125077e-185	0.01737610102325562
RNF168_dirichlet_train_fold1.11	0.9715102834926186	1.81e-321	4.0594391999616106e-35	2.386e-321	0.02848971650738139
RNF168_dirichlet_train_fold1.12	0.8058877225214294	0.18085133705581408	1.905331595675156e-56	2.31e-321	0.013260940422756582
RNF168_dirichlet_train_fold1.13	0.7884221657662615	0.11075307550863153	0.09614364352935971	1.9687678416354894e-220	0.004681115195747145
RNF168_dirichlet_train_fold1.14	0.8532241082603982	6.23288548561861e-207	0.03959290170005922	0.10718299003954253	1.7204632863871615e-281
RNF168_dirichlet_train_fold1.15	0.9371262829335385	7.7e-322	7.198191297813489e-211	4.4e-322	0.06287371706646162
RNF168_dirichlet_train_fold1.16	0.9443338931958987	0.016259138588685395	7.7e-322	0.023386298880392245	0.016020669335023795
RNF168_dirichlet_train_fold1.17	0.682173205373796	0.14337966692947354	9.63e-322	0.09878677022583437	0.0756603574708962
RNF168_dirichlet_train_fold1.18	0.7101168525701252	0.2136778123138342	1.265e-321	7.493904693970865e-144	0.0762053351160404
RNF168_dirichlet_train_fold1.19	0.9876974308613166	2.13e-321	6.67e-322	8.15e-322	0.01230256913868344
RNF168_dirichlet_train_fold1.20	0.8531821248156211	9.555855695958024e-248	0.09732236021213164	0.04949551497224729	1.4e-322
RNF168_dirichlet_train_fold1.21	0.8636102937779363	1.0909528828022404e-196	1.2951625178489096e-257	0.10275671201108948	0.03363299421097422
RNF168_dirichlet_train_fold1.22	0.7443540275145838	0.13244158733729186	0.05237354508711532	1.215e-321	0.0708308400610091
RNF168_dirichlet_train_fold1.23	0.8473770112811861	1.6268900439673935e-134	0.1355450553262687	0.01707793339254515	1.5873334371953937e-132
RNF168_dirichlet_train_fold1.24	0.9670976858992197	0.023583438384038827	0.009318875685932744	3.080866053049018e-11	1.21e-321
RNF168_dirichlet_train_fold1.25	0.8144248582329612	0.08978943030431105	0.04772119756892719	0.042666981019511226	0.005397532874289321
RNF168_dirichlet_train_fold1.26	0.6108511312121332	0.16837519782412663	0.17461250428682526	0.04616116667691491	2.9e-322
RNF168_dirichlet_train_fold1.27	1.0	5.53e-322	8.6e-322	1.2397074597907568e-94	4.373581526564072e-278
RNF168_dirichlet_train_fold1.28	0.6824667188846102	0.18706690974982051	5.24e-322	2.77e-322	0.13046637136556927
