Samples	SBS96A	SBS96B	SBS96C	SBS96D	SBS96E
EXO1_0_real_train1	0.571500175022672	0.09676998604339244	0.04796759146709467	0.11199049517001268	0.1717717522968282
OGG1_0_real_train1	0.0055684363685969945	1.1765136856357555e-162	0.704295094966078	0.11746206212400126	0.17267440654132366
RNF168_0_real_train1	0.5576912355983809	0.05511879478696818	0.07864516201267484	0.13586215260308593	0.17268265499889027
UNG_0_real_train1	0.06886104791976258	0.08233905346254279	0.09213280814437183	0.26703905227364455	0.4896280381996784
ATP2B4_0_real_train1	0.1590583920200539	0.029750562246413977	0.28571066760893316	0.33942656143602146	0.18605381668857762
ATP2B4_1_real_train1	0.0876998798070496	0.11849070714942207	0.40458841946673985	0.3892209935767883	2.407617219023545e-140
MLH1_0_real_train1	0.004862918228272452	0.8429037856760271	1.292714133499397e-09	0.04098612158518203	0.11124717321780427
MSH2_0_real_train1	1.542756579086821e-184	0.790957272941169	0.0022880195682123596	0.09225842655134753	0.11449628093927125
MSH6_0_real_train1	0.029676259277053186	0.8195514246245348	0.011516482647306312	0.05810965164636923	0.08114618180473643
MSH6_1_real_train1	0.042543218953894416	0.838523971276388	0.026397925109465707	0.03934373864708642	0.05319114601316553
PMS1_0_real_train1	0.027745293947429556	0.1830600162951853	0.2314622148830724	0.3701137870397623	0.18761868783455038
PMS2_0_real_train1	0.49287248721401333	0.4315216793626898	0.03296406798646099	0.0426417654368358	7.36e-322
EXO1_0_dirichlet_train1	0.5959369957473197	0.06776958676070667	0.19500723328412461	0.020987901158328003	0.12029828304952096
RNF168_0_dirichlet_train1	0.5587096323483175	0.050251966867940104	0.02600318627368161	0.2008236206145826	0.16421159389547813
RNF168_0_dirichlet_train1.1	0.6479574906736885	0.04056437031096299	0.15810249730213205	0.04839206579889217	0.10498357591432443
EXO1_0_dirichlet_train1.1	0.47183240113338987	0.12076313057538197	0.0629043809271632	0.21538230129564517	0.12911778606841967
RNF168_0_dirichlet_train1.2	0.7450802005798194	1.784e-321	0.11817959906243576	0.08447827681828086	0.052261923539463934
RNF168_0_dirichlet_train1.3	0.6006026130024766	0.04764669465120589	0.10489505916103047	0.037461057143307525	0.20939457604197947
RNF168_0_dirichlet_train1.4	0.624855901287667	0.04252839529396254	0.07147064216916142	0.12447650544465334	0.1366685558045556
RNF168_0_dirichlet_train1.5	0.5273509284247873	0.050085894068257246	0.0003675809164400584	0.05067155097968879	0.37152404561082664
RNF168_0_dirichlet_train1.6	0.47516734858306653	3.8e-322	0.047123525412788914	0.11191984614331914	0.36578927986082543
RNF168_0_dirichlet_train1.7	0.6140312696382408	0.13248625379318282	0.12222875284470944	0.0960826132934996	0.03517111043036723
RNF168_0_dirichlet_train1.8	0.564983563692335	0.02192763695802169	0.09889028509218152	0.030177652405192084	0.28402086185226977
EXO1_0_dirichlet_train1.2	0.40033165497419254	0.12526206186881983	0.00497478861409106	0.0943621623134419	0.37506933222945454
EXO1_0_dirichlet_train1.3	0.647434440650955	0.1052984103980656	0.04509310189283887	0.04203812267147724	0.16013592438666338
RNF168_0_dirichlet_train1.9	0.4866793599218363	2.64e-321	0.1434690037460252	0.09262550717200202	0.2772261291601365
EXO1_0_dirichlet_train1.4	0.46470182528017945	0.10892838739412347	0.003258975988376379	0.15634773693389167	0.266763074403429
EXO1_0_dirichlet_train1.5	0.6832199216091603	0.051689976154472336	0.03297689566950724	0.017040673721043446	0.21507253284581673
EXO1_0_dirichlet_train1.6	0.6437362001487141	2.223e-321	0.01566188997100324	0.07959286420546799	0.2610090456748146
EXO1_0_dirichlet_train1.7	0.556556695859162	0.24113207092751485	0.002263285145110608	0.06319016307605307	0.13685778499215928
EXO1_0_dirichlet_train1.8	0.5712274954893118	0.178507647330672	8.05e-322	0.11882899644089519	0.13143586073912086
RNF168_0_dirichlet_train1.10	0.46415992825159746	0.14851331028364118	0.04947350554620867	0.15445800515934668	0.18339525075920596
EXO1_0_dirichlet_train1.9	0.49555174276446	0.24039080982709274	0.1535959657651855	0.02055666701903362	0.08990481462422803
RNF168_0_dirichlet_train1.11	0.540781465791855	0.1304981917650962	0.06708176155575601	0.12224170057752966	0.13939688030976302
RNF168_0_dirichlet_train1.12	0.561173349946735	3.636e-321	0.0852434089688162	0.17230548772042617	0.18127775336402258
EXO1_0_dirichlet_train1.10	0.6358838687504974	0.11357628213167029	0.06609070052582242	0.09615197619869308	0.08829717239331668
EXO1_0_dirichlet_train1.11	0.5515714590881482	6.3374042891836656e-233	0.03418869173785292	0.16587492980596533	0.24836491936803345
RNF168_0_dirichlet_train1.13	0.5368153876390759	0.15672899356279751	0.009163888401835404	0.08175723385392947	0.21553449654236173
RNF168_0_dirichlet_train1.14	0.6106461424279332	0.14154022605005687	0.04529764313473315	0.20251598838727666	6.13e-322
RNF168_0_dirichlet_train1.15	0.5847201394923636	1.333734977525342e-78	0.02683362120246111	0.25032848775730576	0.13811775154786968
RNF168_0_dirichlet_train1.16	0.4216831318672073	0.12326404009363769	0.06116202464517471	0.26463313029632973	0.1292576730976506
EXO1_0_dirichlet_train1.12	0.6359757197528402	0.049787455160638795	0.12431313670129106	0.07472358113907607	0.11520010724615388
RNF168_0_dirichlet_train1.17	0.46776729977391274	0.19353506181598581	0.11307086936214858	0.07536988057349119	0.15025688847446156
EXO1_0_dirichlet_train1.13	0.6681083615564329	0.06835231687522435	0.03486885577811261	0.09619097225321492	0.13247949353701524
RNF168_0_dirichlet_train1.18	0.6218039390524375	0.003789326482184126	0.12203725900379042	0.09108986916600388	0.16127960629558402
EXO1_0_dirichlet_train1.14	0.48462158921958154	0.20551514040904453	0.15875516258271327	0.12758438770931313	0.023523720079347634
RNF168_0_dirichlet_train1.19	0.48847581532836437	0.14494193372834088	0.11262847880041038	0.11454432594994572	0.13940944619293874
RNF168_0_dirichlet_train1.20	0.3391094124889559	0.04261036014416716	0.15296263514586872	0.14352458835595958	0.32179300386504867
EXO1_0_dirichlet_train1.15	0.45272554599762316	0.1765560123509359	0.010381970108710455	0.19191619260106013	0.16842027894167044
RNF168_0_dirichlet_train1.21	0.6993752827334571	0.048054874141004775	0.046173886427893725	0.07209037693096661	0.13430557976667776
RNF168_0_dirichlet_train1.22	0.6037906126295599	0.03758929979058052	0.0812759821736001	0.1566673123552484	0.1206767930510111
EXO1_0_dirichlet_train1.16	0.6713252340177167	0.1058848131783872	0.07233353297212475	0.04789695529369081	0.10255946453808067
EXO1_0_dirichlet_train1.17	0.5103756405278825	0.10989057096335918	3.7e-322	0.13692540487180518	0.24280838363695315
RNF168_0_dirichlet_train1.23	0.5588024810002251	1.873e-321	0.059508211651954225	0.09382147877478583	0.2878678285730348
EXO1_0_dirichlet_train1.18	0.5179386646843717	0.05942865127569215	0.06857567284101466	0.10420530196154981	0.24985170923737193
RNF168_0_dirichlet_train1.24	0.5463141991908694	0.0893359047503168	0.07868542323888142	0.14591474055049194	0.13974973226944043
RNF168_0_dirichlet_train1.25	0.6595830962568651	0.015527527356062824	0.1221120533757802	0.20033262174337887	0.002444701267912951
RNF168_0_dirichlet_train1.26	0.4792083698567209	0.13581625040237796	0.04954344818211884	0.0777193494008859	0.25771258215789644
RNF168_0_dirichlet_train1.27	0.4960416928252612	0.10849481866297936	0.024898951023196687	0.23385680252072158	0.13670773496784108
RNF168_0_dirichlet_train1.28	0.5505646276511738	0.002726272462649912	0.086481673972347	0.298689679715403	0.06153774619842648
EXO1_0_dirichlet_train1.19	0.46987212982761195	0.1019564012134314	2.96e-321	0.18035360527225983	0.24781786368669678
RNF168_0_dirichlet_train1.29	0.6804325370397664	3.063e-321	0.06140769897942476	0.09328523708181347	0.16487452689899554
EXO1_0_dirichlet_train1.20	0.4549955025689798	0.265683272661299	2.0484788382447967e-214	0.12971308213320892	0.14960814263651218
RNF168_0_dirichlet_train1.30	0.5298355826744144	0.13374982866330234	0.05766136725010533	0.27875322141217795	1.4429037819049943e-162
RNF168_0_dirichlet_train1.31	0.7497136449063123	0.0019183607434830412	0.035892323414680266	0.07625472918079884	0.1362209417547255
RNF168_0_dirichlet_train1.32	0.4624547662673223	0.08107456098433247	0.09660803761980882	0.24517389790506913	0.11468873722346717
RNF168_0_dirichlet_train1.33	0.5306122900151881	0.09467250507791038	0.09019521159089901	0.12955957586661715	0.1549604174493854
EXO1_0_dirichlet_train1.21	0.4539242570097277	0.09703554846699275	0.17388744027996228	0.21457193766380198	0.060580816579515334
RNF168_0_dirichlet_train1.34	0.6184683440126264	0.14598348320547228	0.05833707549015564	0.14716107359159908	0.030050023700146544
EXO1_0_dirichlet_train1.22	0.5030021121628161	0.21724472063490835	0.024057866738910964	0.07671091306996783	0.1789843873933967
EXO1_0_dirichlet_train1.23	0.5463069210670459	0.15739009834172063	0.010923292331991281	0.1322748473902168	0.15310484086902518
RNF168_0_dirichlet_train1.35	0.2857482791940412	0.09170090749078391	0.11045407306012808	0.24386374325735766	0.26823299699768904
RNF168_0_dirichlet_train1.36	0.5944255258495555	0.14602821496168616	0.15439643460347663	0.07174068705343103	0.033409137531850555
EXO1_0_dirichlet_train1.24	0.7408189213550092	1.774e-321	0.02847362051412611	0.09281946423497452	0.13788799389589015
RNF168_0_dirichlet_train1.37	0.6340815649475872	0.09871554902507353	0.06791542812179617	0.07461712888556087	0.12467032901998205
EXO1_0_dirichlet_train1.25	0.7074036970345341	0.027075404743563534	0.027518580025383994	0.023840245868281613	0.21416207232823667
RNF168_0_dirichlet_train1.38	0.4949156104710365	0.060928315172534865	0.12931250569978625	0.09771213703180029	0.2171314316248421
EXO1_0_dirichlet_train1.26	0.7523814819755276	1.0170587507306346e-43	0.06486481626532821	0.018363953568649737	0.16438974819049437
EXO1_0_dirichlet_train1.27	0.5976763190657972	0.052758970030825615	0.017846689564579486	0.2405873633946101	0.09113065794418745
EXO1_0_dirichlet_train1.28	0.6893860152671676	0.1330569130949541	0.07771588765467982	0.09514093989149654	0.004700244091702028
EXO1_0_dirichlet_train1.29	0.6070233872813393	0.038119633635123315	0.07517783763569506	0.1354109054568751	0.14426823599096722
EXO1_0_dirichlet_train1.30	0.6816840127295974	0.08490532078081332	0.018342410039140503	0.06782008770806508	0.14724816874238378
RNF168_0_dirichlet_train1.39	0.3072039359288402	0.3059117718274758	0.024793002241996213	0.07781667004605075	0.2842746199556371
RNF168_0_dirichlet_train1.40	0.57377722914645	0.13933217126443231	0.08555422793413549	0.13014378220678172	0.07119258944820056
EXO1_0_dirichlet_train1.31	0.5355161875658174	0.04948958694489254	0.132829269153041	0.09379623708681388	0.18836871924943507
EXO1_0_dirichlet_train1.32	0.49563355986133095	0.223118773336745	0.037902140592221197	0.09076331720866043	0.1525822090010425
EXO1_0_dirichlet_train1.33	0.6357281741839884	0.042618434106469524	0.14592517374343789	0.08334611708782441	0.09238210087827975
RNF168_0_dirichlet_train1.41	0.5345101810944115	0.1455378372250654	0.06266716765555858	0.07946074513884568	0.17782406888611876
RNF168_0_dirichlet_train1.42	0.5584876915646929	0.04622664051841838	0.06785787595569848	0.08845150845815655	0.2389762835030338
EXO1_0_dirichlet_train1.34	0.594425320791076	0.19726929049195382	0.0036353380270953595	0.1274924890881511	0.07717756160172357
RNF168_0_dirichlet_train1.43	0.6421439034602345	1.55e-321	0.06505836492593425	0.040501645285546214	0.252296086328285
EXO1_0_dirichlet_train1.35	0.573063213003379	0.10970352696294301	0.011507058167569357	0.10425571430227472	0.20147048756383393
EXO1_0_dirichlet_train1.36	0.4796477939972328	0.0580480912976117	0.14063555754704038	0.1876005555260522	0.134068001632063
RNF168_0_dirichlet_train1.44	0.5783805337434464	0.032660311705990326	0.07884698172997195	0.18977877836772356	0.12033339445286764
EXO1_0_dirichlet_train1.37	0.597611109965518	0.01927586195407814	0.06407329974861496	0.09404962599018174	0.2249901023416071
RNF168_0_dirichlet_train1.45	0.6206715288136244	0.042602497607562025	0.03146549810999991	0.05542846146972119	0.24983201399909252
RNF168_0_dirichlet_train1.46	0.49029539722607296	0.050053038444635385	0.025053889774739744	0.2474246477665226	0.18717302678802936
RNF168_0_dirichlet_train1.47	0.5925790140724003	0.11156696111973803	0.182600616507079	0.00865532826191329	0.10459808003886929
RNF168_0_dirichlet_train1.48	0.5959649973895977	0.03496116763228767	0.17711457437471617	0.1872618029401628	0.004697457663235686
RNF168_0_dirichlet_train1.49	0.6994210212001223	0.021855633339087157	0.017001966411796035	0.08963853350541118	0.17208284554358325
RNF168_0_dirichlet_train1.50	0.5193930042156215	0.14772327423920903	0.023335019163997387	0.2508325116425503	0.058716190738621936
EXO1_0_dirichlet_train1.38	0.44919563248885663	1.2481492705446959e-294	0.1378411505455828	0.14462498393050185	0.2683382330350587
RNF168_0_dirichlet_train1.51	0.4752395656050029	0.17993371574006495	0.13264333528045516	0.07018198868501982	0.14200139468945705
RNF168_0_dirichlet_train1.52	0.24159145232677603	0.27988160130448747	0.20443279205972656	0.10566958873581213	0.16842456557319774
EXO1_0_dirichlet_train1.39	0.6879623431722575	0.06035614168554909	1.54e-321	0.08553965694161868	0.16614185820057475
EXO1_0_dirichlet_train1.40	0.6985620637599157	0.05579215751741512	0.04842955568733491	0.02256864810580796	0.17464757492952632
RNF168_0_dirichlet_train1.53	0.6435425405253862	7.8e-322	0.06599336556537129	0.07583460703360326	0.21462948687563943
EXO1_0_dirichlet_train1.41	0.6263651971995354	0.05117663776787742	0.10623629008012941	0.09358427861956077	0.12263759633289689
EXO1_0_dirichlet_train1.42	0.6308484686387534	0.15892205974411502	0.10742361195634392	0.034545646561260086	0.06826021309952737
RNF168_0_dirichlet_train1.54	0.312856813403189	3.66e-322	0.07940153649773725	0.38409541268208336	0.2236462374169903
OGG1_0_dirichlet_train1	0.016407368881519294	2.233e-321	0.6976337440797343	0.14581925138404336	0.14013963565470297
UNG_0_dirichlet_train1	0.08582120584196899	0.10134943806007043	0.04283782024935508	0.2867063709503514	0.4832851648982539
UNG_0_dirichlet_train1.1	0.07414753512010712	0.08557645615841102	0.12126840417240183	0.22093328346091706	0.49807432108816296
UNG_0_dirichlet_train1.2	0.045795385780369416	0.040464338599104574	0.11486166784946533	0.36251747146069213	0.43636113631036855
OGG1_0_dirichlet_train1.1	0.12205553387897629	1.3e-321	0.5605015371880472	0.28600751727086454	0.031435411662112
UNG_0_dirichlet_train1.3	0.09124246653913398	0.12593337283510442	0.10020476592156852	0.2880257767540881	0.39459361795010506
OGG1_0_dirichlet_train1.2	0.06785574360896353	8.5e-322	0.6855226017173947	0.1063606514572409	0.14026100321640092
OGG1_0_dirichlet_train1.3	0.03066079478974714	1.033e-321	0.5602092340554765	0.1642320370220124	0.24489793413276398
UNG_0_dirichlet_train1.4	0.0844493609669806	4.172091174530213e-45	0.13782692814249162	0.342308111204896	0.4354155996856317
UNG_0_dirichlet_train1.5	0.02011299037874977	1.013e-321	0.17817734534248952	0.41618649450522127	0.38552316977353945
OGG1_0_dirichlet_train1.4	1.25e-321	1.616e-321	0.861134623909358	0.12164969802087057	0.017215678069771506
OGG1_0_dirichlet_train1.5	2.2315234609366455e-283	5.2590355619849965e-114	0.7518088323660351	0.1825590815817687	0.06563208605219618
UNG_0_dirichlet_train1.6	0.17514803973410775	0.13348125866620314	0.09862038830527889	0.12220811676399594	0.4705421965304144
UNG_0_dirichlet_train1.7	5.627e-321	0.12087398117555305	0.09568625516322503	0.3226160930720534	0.4608236705891685
UNG_0_dirichlet_train1.8	1.7456274143150522e-296	0.16003026931125405	0.20420236220719568	0.17388513712616266	0.46188223135538775
OGG1_0_dirichlet_train1.6	4.0399776635625306e-285	2.45e-321	0.8706924798398696	0.09747301332661927	0.03183450683351091
UNG_0_dirichlet_train1.9	1.2576862437323207e-278	0.030888855446366516	0.03789928776112194	0.22801058602751004	0.7032012707650015
OGG1_0_dirichlet_train1.7	0.020666700256582272	2.33e-321	0.6242377632420839	0.2614893255370232	0.09360621096431065
UNG_0_dirichlet_train1.10	0.06083953986335884	0.11418257201521487	0.08863880029873356	0.22309127800577563	0.5132478098169171
OGG1_0_dirichlet_train1.8	2.866e-321	0.07897937143380297	0.7784256208754272	0.08738686217611624	0.05520814551465368
UNG_0_dirichlet_train1.11	3.5074835741745394e-216	0.056033699691017354	0.09801410503243385	0.24432070045996232	0.6016314948165864
OGG1_0_dirichlet_train1.9	0.12424389766608572	0.0692474802020091	0.7032731978196625	0.04438354846410497	0.05885187584813774
OGG1_0_dirichlet_train1.10	0.06267004334642438	3.394e-321	0.7657471728894281	2.96e-322	0.1715827837641474
OGG1_0_dirichlet_train1.11	0.08587763628440151	0.11530391210424709	0.5837028353513662	0.17582625191618215	0.039289364343802986
UNG_0_dirichlet_train1.12	0.1990596241928823	0.06101222222220094	0.16372135012247901	0.15593199099170812	0.4202748124707296
UNG_0_dirichlet_train1.13	0.1268633890951244	0.07628625743475143	0.08346406340101536	0.26617660212597105	0.447209687943138
UNG_0_dirichlet_train1.14	0.0663288924250689	0.021562231227273947	0.08282920589250758	0.27262449528678173	0.5566551751683677
OGG1_0_dirichlet_train1.12	0.1130933361705043	3.5e-322	0.6176661916499755	0.036263228451949195	0.23297724372757114
OGG1_0_dirichlet_train1.13	0.022077458813983236	0.004063890894134569	0.7799951768617089	0.050079496263106725	0.1437839771670664
UNG_0_dirichlet_train1.15	1.78e-321	0.02283240564561912	0.05932140989113968	0.3692242017277286	0.5486219827355125
UNG_0_dirichlet_train1.16	2.476986106860881e-24	0.24257759404576376	0.037408601523980414	0.31817247841330815	0.40184132601694766
UNG_0_dirichlet_train1.17	0.009189586285828612	0.1810853314092889	0.2679407455303543	0.1466113477615432	0.39517298901298503
OGG1_0_dirichlet_train1.14	3.57e-321	0.07749134295526566	0.5082130081333256	0.11854097762481522	0.29575467128659355
UNG_0_dirichlet_train1.18	0.07256148534899172	0.033237731694974536	0.07652255320318452	0.41344344714567316	0.40423478260717594
OGG1_0_dirichlet_train1.15	0.0273099016078344	1.285e-321	0.6643916220628001	0.2508916662658507	0.057406810063514856
UNG_0_dirichlet_train1.19	1.7214465872511704e-119	0.28155152692754054	0.02914241764963206	0.19928896732461318	0.4900170880982142
OGG1_0_dirichlet_train1.16	0.06835387182137888	7.26e-322	0.5572090600852682	0.20326708634104151	0.17116998175231152
UNG_0_dirichlet_train1.20	0.0689779052200144	0.16712050907627116	0.13213305373705328	0.17963803607931259	0.45213049588734855
UNG_0_dirichlet_train1.21	0.004864576088539888	0.22544274835889333	0.16911921670179078	0.2952360613953616	0.3053373974554143
OGG1_0_dirichlet_train1.17	2.243e-321	0.03345684516590771	0.47068220178003006	0.30315136833798273	0.19270958471607955
UNG_0_dirichlet_train1.22	1.453e-321	0.12328485809674661	9.1e-322	0.40579233133649034	0.4709228105667631
UNG_0_dirichlet_train1.23	4.25e-322	0.40728701298574155	0.06467306576562876	0.16482903646974048	0.3632108847788892
UNG_0_dirichlet_train1.24	0.04519682005869374	0.09343460714937186	0.11964379585729297	0.23229704890678685	0.5094277280278545
OGG1_0_dirichlet_train1.18	0.05790893209274901	8.1e-322	0.6499886364865868	0.016533272870446952	0.27556915855021724
UNG_0_dirichlet_train1.25	0.11909273409627139	0.20552553711290245	2.675164476050594e-15	0.3541415018753107	0.32124022691551285
OGG1_0_dirichlet_train1.19	1.6761669109069778e-26	0.06723657096791667	0.6988059971807022	0.11297372941919157	0.12098370243218953
UNG_0_dirichlet_train1.26	0.12228727655786809	0.12919642226690556	0.08435803710772233	0.25979717065713187	0.4043610934103721
OGG1_0_dirichlet_train1.20	3.466144797075306e-104	3.2e-322	0.6318413332282495	0.04003257400052313	0.3281260927712274
UNG_0_dirichlet_train1.27	1.714e-321	0.18621990877369898	0.054137603123197854	0.19694538518218782	0.5626971029209155
OGG1_0_dirichlet_train1.21	0.10140819562053795	0.01856553945613074	0.6191573572882092	0.012629305623602125	0.24823960201152012
OGG1_0_dirichlet_train1.22	0.13851294096958797	0.015373784357100363	0.6803322595024047	0.05605434310062505	0.10972667207028189
UNG_0_dirichlet_train1.28	0.0970085703517472	0.19400551662487833	0.14215808655145706	0.19864231953369754	0.3681855069382196
UNG_0_dirichlet_train1.29	0.03973049427170869	0.014707113277378161	0.24426124521329784	0.27665465989401644	0.424646487343599
OGG1_0_dirichlet_train1.23	0.06064832880602403	1.275e-321	0.7073393940446397	0.08470529543329317	0.14730698171604303
OGG1_0_dirichlet_train1.24	0.08862519323744451	0.06515441415670604	0.6501660739438005	0.19605431866204892	6.4e-322
OGG1_0_dirichlet_train1.25	2.21e-321	6.47e-322	0.6438429807509817	1.17e-321	0.3561570192490183
OGG1_0_dirichlet_train1.26	0.024561310165424073	0.07713696842038044	0.6160751297850305	0.030906610793198473	0.25131998083596646
UNG_0_dirichlet_train1.30	0.05262661947530601	3.6740221102165955e-201	0.023293142308790073	0.3957819743713438	0.5282982638445599
OGG1_0_dirichlet_train1.27	0.04818001756638495	0.0014932790933940533	0.8699021504186417	0.0804245529215791	4.475815494790027e-144
OGG1_0_dirichlet_train1.28	0.13670484034848535	1.04e-321	0.5203391608859034	0.06522336070958762	0.27773263805602383
UNG_0_dirichlet_train1.31	0.09757146389782291	0.2006086326414853	0.03223587848789409	0.4893041356443911	0.1802798893284066
UNG_0_dirichlet_train1.32	0.07412402014454206	2.837067775429388e-13	0.05297704579957321	0.2589908085531105	0.6139081255024905
UNG_0_dirichlet_train1.33	0.045616102742633405	0.007855449719107802	0.12806699122124854	0.30462381077139394	0.5138376455456163
OGG1_0_dirichlet_train1.29	0.18628847035096582	0.09568356764119228	0.5229995574629186	0.057181685258280886	0.1378467192866423
OGG1_0_dirichlet_train1.30	0.00022238130948208035	1.27e-321	0.678888379370597	0.28011756164972373	0.04077167767019717
UNG_0_dirichlet_train1.34	0.11436538588865197	0.1937543060032636	0.11200580968659408	0.22204570079070954	0.3578287976307808
OGG1_0_dirichlet_train1.31	0.008329115433425455	1.53e-321	0.4690475889149046	0.23251180958948744	0.2901114860621826
UNG_0_dirichlet_train1.35	1.9202788565e-313	0.12567712726598868	0.18071721702619217	0.15143601925590663	0.5421696364519125
UNG_0_dirichlet_train1.36	0.1009606350916347	0.07042301304250963	0.043935853564522794	0.28739723208498374	0.497283266216349
UNG_0_dirichlet_train1.37	0.06626109961744929	0.15112093101385685	0.07042662563501835	0.312998599255235	0.39919274447844055
OGG1_0_dirichlet_train1.32	0.027435261726157994	0.10953636316633306	0.6140372447216366	0.21084628774041753	0.03814484264545487
UNG_0_dirichlet_train1.38	0.09762001113672665	0.02011342599737672	0.057728751331660666	0.12082762267129134	0.7037101888629447
OGG1_0_dirichlet_train1.33	0.006637464781912485	2.184e-321	0.6506974105515463	0.2893373598157752	0.053327764850765944
OGG1_0_dirichlet_train1.34	0.09471042502457279	0.03436786223133074	0.5980311585134461	0.06578384162942016	0.20710671260123006
OGG1_0_dirichlet_train1.35	0.09043491084169708	1.097e-321	0.6393100965729084	0.034920227004897914	0.23533476558049662
OGG1_0_dirichlet_train1.36	0.023476502299615887	1.334e-321	0.8146665545623861	0.07753459685107715	0.0843223462869209
OGG1_0_dirichlet_train1.37	0.07765043496895654	0.0186172324620456	0.6093722226346813	0.1483029849333751	0.14605712500094148
OGG1_0_dirichlet_train1.38	3.414e-321	6.7e-322	0.670756538459319	0.0032602655129838273	0.32598319602769726
UNG_0_dirichlet_train1.39	0.03223271735691273	0.12451016993425922	0.10301585075748036	0.06187048078377234	0.6783707811675754
OGG1_0_dirichlet_train1.39	0.0032913235697418744	7.1e-322	0.6553735615038989	0.014657229027656489	0.32667788589870267
UNG_0_dirichlet_train1.40	1.2084183395829454e-285	0.05638314447455274	0.13071834491186068	0.17574316736276005	0.6371553432508266
OGG1_0_dirichlet_train1.40	0.04200362542208712	4.05e-322	0.7681752530206685	0.004856431594398592	0.18496468996284582
OGG1_0_dirichlet_train1.41	0.01834246665287804	0.009965699631257256	0.764274963636381	0.026606503531346446	0.18081036654813717
UNG_0_dirichlet_train1.41	0.04704952822825518	0.22364803363448799	0.013315699760827433	0.17321914397455043	0.5427675944018788
OGG1_0_dirichlet_train1.42	3.87e-321	0.07349427715667559	0.5713882292882999	0.12235244204483156	0.2327650515101929
UNG_0_dirichlet_train1.42	0.08677959930407485	0.07539512499936542	0.183984492917718	0.31303778131170856	0.34080300146713316
OGG1_0_dirichlet_train1.43	0.05507481213322403	0.002657191742785623	0.8817905303865919	0.060477465737398546	5.019634427508382e-46
OGG1_0_dirichlet_train1.44	0.04422640219627047	0.009411842328668884	0.6070272240465255	0.2576655466289643	0.08166898479957074
OGG1_0_dirichlet_train1.45	0.05536716958473083	0.011092721882727946	0.621568624537389	0.3119714839951523	3.477300074082843e-117
OGG1_0_dirichlet_train1.46	0.10357379448689223	1.04e-321	0.48411471548122886	0.03004307496634356	0.3822684150655353
UNG_0_dirichlet_train1.43	8.387913509041088e-12	0.23750371983957574	0.2530415011016102	0.09764920252280085	0.4118055765276252
OGG1_0_dirichlet_train1.47	1.405344983342134e-121	1.255e-321	0.6460774120382624	0.24529779012223044	0.108624797839507
OGG1_0_dirichlet_train1.48	1.15e-321	0.05929413210614033	0.6358820948406648	0.25089264959140434	0.05393112346179044
OGG1_0_dirichlet_train1.49	0.13319786306683706	2.31e-321	0.53956749009842	0.17465685968025946	0.15257778715448345
OGG1_0_dirichlet_train1.50	0.03473958870662714	4.36e-321	0.7021281644994722	0.06554135703309183	0.1975908897608088
UNG_0_dirichlet_train1.44	0.026658801450964116	0.18570430343779762	0.14844484325708107	0.22899420941637044	0.4101978424377868
OGG1_0_dirichlet_train1.51	0.09980161368122831	1.91e-321	0.7592863988643237	0.0075809324261031565	0.13333105502834477
OGG1_0_dirichlet_train1.52	4.466e-321	0.1409855328526053	0.7460629805767325	0.1129514865706622	5.798118463366444e-206
ATP2B4_0_dirichlet_train1	0.2391786579689608	0.12377643688508529	0.23935586045425428	0.20581996693898658	0.19186907775271303
ATP2B4_1_dirichlet_train1	0.14053712114743744	0.14949988078722892	0.5477940924877789	0.13399114809657708	0.02817775748097786
ATP2B4_0_dirichlet_train1.1	0.09494444068839772	2.0533642179564435e-151	0.22734302675200885	0.4464526637605586	0.2312598687990347
ATP2B4_1_dirichlet_train1.1	0.10381986339426794	0.09958574474081436	0.37031701480748525	0.36410781977232315	0.062169557285109235
ATP2B4_1_dirichlet_train1.2	0.20411898370368678	0.17149615174079663	0.2658064829843548	0.35857838157116184	2.719068220140083e-103
ATP2B4_1_dirichlet_train1.3	1.81e-321	0.05459208865078824	0.38045244289613733	0.47356658985306366	0.0913888786000108
ATP2B4_0_dirichlet_train1.2	0.34705758111560503	0.0251275423387525	0.18815524020781824	0.3360196430845233	0.10363999325330095
ATP2B4_1_dirichlet_train1.4	0.07861461130815837	0.2878392189297617	0.3131465538765853	0.3012844683306977	0.019115147554796676
ATP2B4_0_dirichlet_train1.3	0.2222384316350324	0.06041023448524771	0.20718759199078873	0.5101637418889312	2.2e-321
ATP2B4_0_dirichlet_train1.4	0.10447124990301296	0.09871171583670771	0.2565733743474227	0.2577708989263887	0.2824727609864679
ATP2B4_0_dirichlet_train1.5	0.17610037711346263	0.04066948386834879	0.2773044773065978	0.2678439105348553	0.23808175117673558
ATP2B4_0_dirichlet_train1.6	0.14876353104594428	0.0836835295505726	0.3145455628977107	0.3436261604415205	0.10938121606425183
ATP2B4_1_dirichlet_train1.5	0.11770551592981608	1.03e-321	0.29227445047655976	0.4437485850905407	0.14627144850308335
ATP2B4_0_dirichlet_train1.7	0.09156557043400691	0.22321778316215599	0.1177828553102476	0.3143550272731319	0.25307876382045763
ATP2B4_1_dirichlet_train1.6	0.010001001973435656	0.2897896961434758	0.3392971027320418	0.36091219915104666	1.8e-322
ATP2B4_1_dirichlet_train1.7	0.15152837711383296	0.09562881155996623	0.2791690425205758	0.47367376880562495	3.7e-322
ATP2B4_1_dirichlet_train1.8	0.18376778061901808	0.011323948037509655	0.510644259822979	0.2942640115204933	7.3e-322
ATP2B4_1_dirichlet_train1.9	7.330647902803623e-46	0.12461643754670688	0.22190929168038087	0.3772818145868051	0.2761924561861071
ATP2B4_1_dirichlet_train1.10	0.05488186856940999	0.18469457007832532	0.41728754651823396	0.31252118016172264	0.030614834672307974
ATP2B4_1_dirichlet_train1.11	0.12145126238931653	0.11506456250352631	0.40602444652624126	0.3306030003255455	0.02685672825537041
ATP2B4_1_dirichlet_train1.12	2.74e-321	0.02912417436495602	0.5177573411788243	0.45311848445621966	8.5e-322
ATP2B4_1_dirichlet_train1.13	0.3194994327739407	0.01615371374595581	0.29204152723858634	0.372305326241517	6.13e-322
ATP2B4_0_dirichlet_train1.8	0.12361655012902084	0.0587826805679083	0.23139033452661936	0.2632008115378802	0.3230096232385712
ATP2B4_1_dirichlet_train1.14	0.08564020384487221	0.038348139345344555	0.4346052514417704	0.396572807204026	0.0448335981639868
ATP2B4_1_dirichlet_train1.15	0.16037023688731245	0.17149314916296907	0.307539695077988	0.3605968778484052	4.10233252531014e-08
ATP2B4_0_dirichlet_train1.9	0.24351710515790942	0.12516715945281884	0.2948392684500434	0.21763291125624626	0.11884355568298213
ATP2B4_0_dirichlet_train1.10	0.14505952916481252	2.09e-321	0.32785478737610657	0.35321887164128296	0.173866811817798
ATP2B4_0_dirichlet_train1.11	0.1903269349878531	0.07751487592469368	0.29156892167721526	0.23417515511334952	0.20641411229688833
ATP2B4_1_dirichlet_train1.16	0.19492350603512953	0.2091627488236136	0.19305118906772425	0.4028625560735325	5.83e-322
ATP2B4_0_dirichlet_train1.12	0.27783647311618875	1.003e-321	0.27656515890128	0.2632926043489898	0.18230576363354142
ATP2B4_0_dirichlet_train1.13	0.23356103101168146	0.05565395674944856	0.2082498907779186	0.2968167338981871	0.20571838756276423
ATP2B4_0_dirichlet_train1.14	0.27315411856864197	1.34e-321	0.14332485645557758	0.3055134425232984	0.27800758245248197
ATP2B4_0_dirichlet_train1.15	0.2719682024540311	2.416e-321	0.23842195346164796	0.34051890024558995	0.14909094383873114
ATP2B4_1_dirichlet_train1.17	0.17317342601180646	0.11515690204555912	0.40476870047171376	0.25101296866134193	0.05588800280957857
ATP2B4_1_dirichlet_train1.18	0.003213457655089852	5.734872764527551e-74	0.48514341891298496	0.5116431234319253	4.84e-322
ATP2B4_1_dirichlet_train1.19	0.029098414088156603	0.050235398336998534	0.33062551361315595	0.5900406739616889	4.84e-322
ATP2B4_1_dirichlet_train1.20	0.2099746239759631	0.12762959958405712	0.17887601450316254	0.347908882664149	0.1356108792726683
ATP2B4_0_dirichlet_train1.16	0.1773405499093081	0.014446970036183136	0.2884797298919015	0.43557551881401324	0.08415723134859394
ATP2B4_1_dirichlet_train1.21	0.057250671713378304	0.07796907764246988	0.2773107313771981	0.5874695192669539	1.78e-321
ATP2B4_1_dirichlet_train1.22	0.18794016481030396	0.03917094071719927	0.28750777590461685	0.394961863359063	0.0904192552088169
ATP2B4_0_dirichlet_train1.17	0.11413017626028384	2.243e-321	0.263260114493843	0.38607305387021007	0.23653665537566315
ATP2B4_0_dirichlet_train1.18	0.09972986405584061	0.03428012448157005	0.10099971925133558	0.47891586091297833	0.28607443129827553
ATP2B4_1_dirichlet_train1.23	0.032225371801322046	0.17541561516521034	0.31313087531034317	0.47922813772312445	8.55e-322
ATP2B4_1_dirichlet_train1.24	0.13361058008398038	0.12149377651313913	0.5260057507494628	0.21235894582285791	0.006530946830559642
ATP2B4_0_dirichlet_train1.19	0.26877237239144713	1.186e-321	0.20451524089047018	0.2552323341266733	0.2714800525914094
ATP2B4_1_dirichlet_train1.25	0.1770843077673583	6.5195020374460714e-285	0.36069015352314504	0.3199122891232499	0.14231324958624655
ATP2B4_0_dirichlet_train1.20	0.21456691600743902	0.015449147978324489	0.19355748730428007	0.2766203654237174	0.29980608328623903
ATP2B4_0_dirichlet_train1.21	0.05442060574510682	0.11214015745354791	0.3114595762188681	0.2929682452826345	0.22901141529984267
ATP2B4_0_dirichlet_train1.22	0.2879209484568057	0.009471027684674786	0.28812036231869476	0.29810576877051964	0.11638189276930509
ATP2B4_0_dirichlet_train1.23	0.22567815183188006	0.18381545427844714	0.19544045049459957	0.29027930153628767	0.10478664185878558
ATP2B4_0_dirichlet_train1.24	0.25859612633485873	4.1409144386791137e-104	0.3697710563035288	0.22524027843072858	0.14639253893088386
ATP2B4_1_dirichlet_train1.26	4.654e-321	0.23450568851118198	0.24528847202739745	0.5202058394614205	2.46483876669e-311
ATP2B4_0_dirichlet_train1.25	0.1582289559249508	0.012441143519347752	0.20399910952413275	0.26755044458711896	0.35778034644444956
ATP2B4_1_dirichlet_train1.27	0.1364309106320763	0.011893987828906539	0.39785806971936455	0.4538170318196526	6.47e-322
ATP2B4_0_dirichlet_train1.26	0.17215972821346584	0.08379837278741668	0.24255990012825313	0.36242463561405247	0.13905736325681184
ATP2B4_1_dirichlet_train1.28	0.20382554709588502	0.044858400080163015	0.32543055065865084	0.4258855021653012	6.23e-322
ATP2B4_0_dirichlet_train1.27	0.03610569357515846	0.06071573268694387	0.15402755414340957	0.5313296072941407	0.21782141230034746
ATP2B4_1_dirichlet_train1.29	0.12794667873189003	0.09610300308742133	0.41628517156136335	0.3596651466193254	9.20168077512785e-74
ATP2B4_0_dirichlet_train1.28	0.06827487869091389	2.2136528633572376e-159	0.45039398366754535	0.4813311376415408	3.16e-322
ATP2B4_0_dirichlet_train1.29	0.13393723755400785	7.5e-322	0.4065835470751608	0.45947921537083136	6.52178423435572e-204
ATP2B4_0_dirichlet_train1.30	0.2322667808887186	6.6042139556143006e-105	0.21656798841510222	0.3191674054117035	0.23199782528447566
ATP2B4_0_dirichlet_train1.31	0.20805292377246118	0.02207134101425988	0.19549817834797048	0.21093260210278902	0.36344495476251937
ATP2B4_1_dirichlet_train1.30	0.14790886314271723	0.10856961783436625	0.296954228003027	0.42329128405054317	0.023276006969346442
ATP2B4_1_dirichlet_train1.31	0.2355748502058326	0.10436825309729558	0.3479886662767544	0.2548351744443596	0.05723305597575779
ATP2B4_1_dirichlet_train1.32	0.04119795367607332	0.03555191161430901	0.5076935072514595	0.41555662745815813	4.999496543932826e-181
ATP2B4_0_dirichlet_train1.32	0.14617734948024314	0.1353237955132835	0.2740329521335191	0.4444659028729542	7.381368804869866e-109
ATP2B4_0_dirichlet_train1.33	0.06471602163146697	0.044589079253314935	0.3116519584545762	0.39012811503437805	0.1889148256262638
ATP2B4_0_dirichlet_train1.34	0.21826841626828714	0.15919337997876504	0.16259324937441555	0.39050956677772397	0.06943538760080832
ATP2B4_0_dirichlet_train1.35	0.0034435847001694853	0.10737229609945434	0.43743271768780634	0.4517514015125699	4.6636472871144946e-304
ATP2B4_1_dirichlet_train1.33	0.17682794893495607	0.08333999277734588	0.27016347554677095	0.46966858274092704	2.08e-322
ATP2B4_1_dirichlet_train1.34	0.05263494003051795	0.10252813122305385	0.47901287765987954	0.3658240510865488	8.3e-322
ATP2B4_1_dirichlet_train1.35	0.09339283469377499	0.14923579911033336	0.28731735088164556	0.4700540153142462	3.85e-322
ATP2B4_1_dirichlet_train1.36	1.1103210660589334e-180	0.05786535205495172	0.46331144815489367	0.47882319979015453	2.96e-322
ATP2B4_0_dirichlet_train1.36	0.2466064931707724	0.10040921994472331	0.20119464083049454	0.4109140209931528	0.04087562506085696
ATP2B4_0_dirichlet_train1.37	0.09620923195419893	1.2886886784259393e-228	0.20992437792363391	0.4604215835351303	0.23344480658703678
ATP2B4_1_dirichlet_train1.37	0.11554418024122085	0.17602011455756064	0.3947224135189429	0.3137132916822755	2.4907060161342474e-156
ATP2B4_1_dirichlet_train1.38	0.020152357501536863	0.12261723303609388	0.4344778551914208	0.4227525542709485	6.77e-322
ATP2B4_1_dirichlet_train1.39	0.03397198808175774	0.16113664489115512	0.3225103214390156	0.4363504107236994	0.046030634864372054
ATP2B4_1_dirichlet_train1.40	1.364e-321	0.282220828970918	0.2969520985064898	0.4208270725225922	4.6e-322
ATP2B4_1_dirichlet_train1.41	0.10553375259650088	0.15885679111152848	0.3915490373919184	0.34406041890005234	5.6e-322
ATP2B4_1_dirichlet_train1.42	0.12595299666384374	0.07923678401193832	0.49134367959007674	0.3034665397341413	1.6332665136085538e-76
ATP2B4_0_dirichlet_train1.38	0.2449068107783684	0.018633494052928728	0.29661172592172447	0.40603806727362035	0.03380990197335814
ATP2B4_0_dirichlet_train1.39	0.2637397789561383	1.433e-321	0.3687534149462488	0.25893315348336954	0.1085736526142435
ATP2B4_0_dirichlet_train1.40	0.20287343539334138	0.03669096890691358	0.20037852453043578	0.35586301756875194	0.2041940536005572
ATP2B4_1_dirichlet_train1.43	0.01641917172255347	0.09311471318509978	0.29469621579690936	0.5911934751930805	0.00457642410235686
ATP2B4_0_dirichlet_train1.41	0.08925858271275537	0.053259660368659145	0.47350709380400346	0.2834112942143265	0.10056336890025563
ATP2B4_0_dirichlet_train1.42	0.15459833090118363	1.18e-321	0.2037102032137672	0.3413287573953405	0.3003627084897086
ATP2B4_0_dirichlet_train1.43	0.23166608824955312	0.05399544572154556	0.31296106437857074	0.2767202584923155	0.124657143158015
ATP2B4_0_dirichlet_train1.44	1.999166367526477e-297	0.12139884889838834	0.28268743556637993	0.4249936852509266	0.170920030284305
ATP2B4_1_dirichlet_train1.44	0.25470306028271944	1.9424293431957999e-31	0.34078665401310304	0.3818856078381635	0.022624677866013833
ATP2B4_0_dirichlet_train1.45	0.2652064165558445	0.031701693041487414	0.33333174353126105	0.2317680310844574	0.1379921157869496
ATP2B4_1_dirichlet_train1.45	0.21819944713576714	0.13728805906548416	0.4425560985755339	0.19199607175673525	0.009960323466479409
ATP2B4_0_dirichlet_train1.46	0.26199714856652623	7.46e-322	0.14845409090956388	0.34932681486730677	0.24022194565660315
ATP2B4_0_dirichlet_train1.47	0.0396071850148207	0.08289595796776195	0.2513183047296349	0.26834195710394565	0.3578365951838368
ATP2B4_0_dirichlet_train1.48	0.22973595179350043	7.1e-322	0.23322673932500887	0.4449680521687316	0.09206925671275899
ATP2B4_1_dirichlet_train1.46	0.11269029319544119	0.2403802724590216	0.3437515606528667	0.28528856181332757	0.017889311879342902
ATP2B4_1_dirichlet_train1.47	0.0701677715251212	0.07937086828422947	0.23370196247992592	0.6167593977107234	1.83e-322
ATP2B4_1_dirichlet_train1.48	0.27904691732387676	1.08e-321	0.3409201636905608	0.38003291898556246	9.93e-322
PMS1_0_dirichlet_train1	3.84e-321	0.2999922976752863	0.32412839938140486	0.3362002019313399	0.039679101011968865
MSH6_1_dirichlet_train1	0.14337272635355686	0.7250985513903542	0.030145492608884997	6.5e-322	0.10138322964720414
MSH6_0_dirichlet_train1	2.485e-321	0.7857303930394588	9.5e-322	0.10394856598923852	0.11032104097130266
MSH2_0_dirichlet_train1	4.3e-322	0.7169045695069792	0.007540388830015116	0.1290291904387407	0.1465258512242649
MSH6_0_dirichlet_train1.1	0.03019585807005644	0.739634463991927	1.28e-321	0.0330026928269171	0.1971669851110995
MLH1_0_dirichlet_train1	1.08e-321	0.8149015698655047	0.019064492290978837	0.007853983469308158	0.1581799543742083
MSH6_1_dirichlet_train1.1	9.0682671485567e-192	0.8757736652234515	0.03544460047911489	0.04755962624375769	0.04122210805367613
MLH1_0_dirichlet_train1.1	0.22522271732160884	0.7394389370525084	4.05e-322	9.54e-322	0.035338345625882915
PMS1_0_dirichlet_train1.1	2.376e-321	0.17334181895483639	0.24520327453954266	0.5267506392430215	0.05470426726259969
PMS1_0_dirichlet_train1.2	0.10902116532357588	0.005775066766012919	0.1936345357587771	0.32862973916460814	0.3629394929870259
MSH6_1_dirichlet_train1.2	6.865470226897527e-254	0.9526719315404006	0.03540275124172282	0.003635397998857985	0.008289919219018534
MSH6_1_dirichlet_train1.3	0.05707733084087567	0.7168794192093252	1.023e-321	0.12386286549378346	0.10218038445601571
PMS1_0_dirichlet_train1.3	0.05186817159000341	0.20851124461991702	0.18068738061252151	0.2907611922601073	0.2681720109174506
PMS1_0_dirichlet_train1.4	0.10812847223880542	0.13650192392130442	0.18450195076858716	0.20041207061099275	0.3704555824603102
PMS2_0_dirichlet_train1	0.5131711405351717	0.4199590679338692	0.026620186705880265	0.040249604825078895	1.013e-321
MSH6_1_dirichlet_train1.4	0.1925120631241203	0.6550785085278857	0.03927490483238086	0.07285882786419481	0.040275695651418204
MSH6_0_dirichlet_train1.2	0.06921417838558848	0.8181065906838146	1.90243789505107e-86	0.10164053371674801	0.011038697213848947
PMS1_0_dirichlet_train1.5	1.13e-321	0.09085144586620555	0.26265550434559054	0.5075911082282754	0.13890194155992872
