Samples	SBS96A	SBS96B	SBS96C	SBS96D	SBS96E	SBS96F
OGG1_boot	0.9999999999999999	2.77e-322	5e-322	2.8e-322	4.05e-322	3.2379643823062764e-214
OGG1_boot.1	1.0	4.74e-322	1.265e-321	4.74e-322	2.196578357e-315	1.3074221266390802e-161
OGG1_boot.2	0.9999999999999999	4.7e-322	7.56e-322	4.74e-322	1.977192653489072e-306	1.9640163109670205e-141
OGG1_boot.3	1.0	5.83e-322	1.55e-321	5.83e-322	8.637855803724018e-175	1.500127276015257e-122
OGG1_boot.4	0.9977157730340069	2.7455848243645844e-195	0.002284226965993183	8.554070403485534e-196	1.9616320090253864e-19	5.24463300122799e-40
OGG1_boot.5	1.0	3.7e-322	7.5e-322	3.75e-322	5.43e-322	7.049517364344396e-165
OGG1_boot.6	0.9999999999999999	5.24e-322	1.393e-321	5.3e-322	1.550837488752627e-294	8.782951478732575e-134
OGG1_boot.7	1.0	5e-322	1.07e-321	5.04e-322	1.7912729028196254e-293	3.921103751600916e-141
OGG1_boot.8	1.0	7e-322	1.616e-321	8.1e-322	1.4724830549481356e-228	2.846854926826224e-100
OGG1_boot.9	1.0	4.8794752579436386e-284	3.0865890031434423e-53	4.988567238014309e-273	1.6863715651358115e-97	1.975363918906541e-64
OGG1_boot.10	1.0	4.45e-322	7.16e-322	4.45e-322	5.83e-322	1.0365000036091153e-155
OGG1_boot.11	1.0	1.047e-321	1.403e-321	1.057e-321	6.59250274866716e-155	1.3254969878140475e-81
OGG1_boot.12	1.0	5e-322	1.06e-321	5e-322	1.0254808260566818e-306	3.004800457561743e-150
OGG1_boot.13	1.0	5e-322	1.067e-321	5.04e-322	1.99766708284283e-310	4.775230906632206e-157
OGG1_boot.14	0.9999999999999999	9.9e-322	1.793189428024291e-237	1e-321	9.636109851059574e-124	2.1441115698988506e-80
OGG1_boot.15	0.999999999991791	2.8837889160016337e-209	8.208984665256856e-12	3.6312654384077804e-219	2.8884153660742743e-50	3.744608274231936e-52
OGG1_boot.16	1.0	2.7e-322	4.9e-322	3.66e-322	4.64e-322	7.09457125453153e-189
OGG1_boot.17	1.0	1.013e-321	1.7630522582019735e-79	9.14e-322	5.375343353033193e-107	9.18362670512461e-76
OGG1_boot.18	1.0	4.358686854042753e-306	3.0477547452655433e-230	2.4563224678480302e-222	1.1101690752972027e-79	4.6221981462376414e-57
OGG1_boot.19	0.9999999999999999	4.906089051894409e-257	1.2825124255029282e-158	1.4360094384077126e-201	3.0930374168018234e-72	3.6136171774661483e-45
OGG1_boot.20	1.0	7.36e-322	1.966e-321	8.45e-322	1.784107699166531e-199	5.905044130294333e-93
OGG1_boot.21	1.0	3.8e-322	5.04e-322	3.8e-322	5.5e-322	2.32024489994636e-179
OGG1_boot.22	0.9748825582551475	1.8358051133501176e-233	0.02511744174485261	1.0016319743257328e-219	1.967557258908736e-57	3.3776505666515958e-46
OGG1_boot.23	1.0	6e-322	1.344e-321	6.03e-322	8.914589437597498e-224	1.9784801148174384e-119
OGG1_boot.24	0.990699589149336	1.05e-321	0.009300410850664135	1.3086764752198525e-285	4.885429469998066e-139	5.409385978541825e-58
OGG1_boot.25	1.0	9.73e-322	7.597106261921168e-97	9.8e-322	3.2676214910006083e-102	2.5206950559237064e-80
OGG1_boot.26	1.0	9.63e-322	7.26375581780571e-168	9.73e-322	1.3854329197998623e-72	3.4221335000602645e-75
OGG1_boot.27	1.0	5.4e-322	9.6e-322	5.43e-322	4.432496600738401e-257	8.458441473953882e-135
OGG1_boot.28	1.0	6.37e-322	1.136e-321	6.4e-322	3.194382011058663e-252	4.132173303377401e-102
OGG1_boot.29	1.0	5e-322	1.344e-321	5.04e-322	7.879618564914865e-274	2.2247052436750756e-144
OGG1_boot.30	1.0	3.56e-322	7.16e-322	3.6e-322	5.83e-322	7.247238000029157e-200
OGG1_boot.31	0.9999999999999999	4.74e-322	7.56e-322	5.7e-322	2.50329646383e-312	3.95180994803596e-137
OGG1_boot.32	1.0	7.36e-322	1.96e-321	8.45e-322	3.1604302512679754e-172	1.686657219438853e-105
OGG1_boot.33	1.0	5.83e-322	1.31e-321	5.9e-322	8.089587374828085e-240	4.685587183935946e-127
OGG1_boot.34	1.0	7.4e-322	1.7e-321	7.46e-322	9.1681188879852e-147	3.236176170128251e-102
OGG1_boot.35	1.0	7.4e-322	1.423e-321	8.55e-322	1.0360782028248713e-248	2.6746088682565457e-98
OGG1_boot.36	1.0	5e-322	8e-322	6.03e-322	2.134186285e-315	3.526250817320687e-139
OGG1_boot.37	0.9999999999999999	6.9e-322	1.59e-321	6.97e-322	2.7433312135226367e-178	4.720369275264773e-120
OGG1_boot.38	0.9999999999999999	3.8e-322	5.04e-322	3.85e-322	6.23e-322	2.954261214518732e-185
OGG1_boot.39	1.0	9.9e-322	2.2386947724023864e-253	1.8806471882578304e-291	4.5373130575789134e-60	6.729365599393538e-73
OGG1_boot.40	0.9999999999999999	5.04e-322	1.62e-321	5.1e-322	5.44696245542787e-246	2.0161971167097864e-144
OGG1_boot.41	1.0	5.9e-322	1.57e-321	5.93e-322	3.967726852799319e-251	3.865930085972776e-127
OGG1_boot.42	1.0	7.4e-322	1.413e-321	8.55e-322	1.2358024511292679e-196	4.7698602364081713e-110
OGG1_boot.43	1.0	5.93e-322	1.057e-321	6.97e-322	8.046038670487165e-250	2.4217226469728485e-114
OGG1_boot.44	0.9999999999999999	5.63e-322	1.01e-321	6.6e-322	1.736443389780593e-247	1.3515055559854153e-119
OGG1_boot.45	0.9999999999999999	5.04e-322	1.077e-321	6.1e-322	2.7633588701404845e-294	7.543050984736796e-144
OGG1_boot.46	0.9999999999999999	1.013e-321	8.80651077015287e-310	9.1e-322	3.6257684527757836e-124	9.353913042323208e-85
OGG1_boot.47	1.0	7.3e-322	1.117e-321	7.36e-322	3.2534347251131464e-242	1.655844590547627e-108
OGG1_boot.48	1.0	6.4e-322	1.44e-321	6.5e-322	1.0766329113349744e-252	3.2363068004658166e-116
OGG1_boot.49	1.0	1.13e-321	1.517e-321	1.14e-321	1.6614677571802127e-184	1.0817025127577815e-76
OGG1_boot.50	1.0	3.95e-322	5.3e-322	3.95e-322	5e-322	4.6001133470859715e-167
OGG1_boot.51	1.0	4.74e-322	5.04e-322	4.8e-322	5.53e-322	1.4629681394061835e-149
OGG1_boot.52	0.9999999999999999	3.8e-322	5.14e-322	3.85e-322	4.84e-322	1.4212776517512732e-181
OGG1_boot.53	0.9999999999999999	9.9e-322	1.77e-321	1e-321	5.259957571779657e-172	6.406312930360024e-83
OGG1_boot.54	1.0	7.16e-322	1.09e-321	7.2e-322	1.5993966667679082e-254	1.5800534498153848e-123
OGG1_boot.55	1.0	7.76e-322	1.48e-321	6.7e-322	6.802678887148665e-243	6.123835296540916e-114
OGG1_boot.56	0.9999999999999999	6.2e-322	1.1e-321	6.23e-322	3.064156978627343e-265	1.6964225593092803e-124
OGG1_boot.57	1.0	6e-322	8e-322	6.03e-322	2.0293459645648207e-303	1.714528221861462e-132
OGG1_boot.58	1.0	5e-322	5.3e-322	5e-322	5.8e-322	2.2308761831339456e-146
OGG1_boot.59	1.0	8.3e-322	8.3e-322	9.4e-322	2.9522647350671724e-236	4.235322785025079e-84
OGG1_boot.60	0.9999999999999999	1.13e-321	1.813e-321	4.9889562946559496e-285	1.519104721862971e-141	1.8995701829935694e-61
OGG1_boot.61	1.0	7.4e-322	8.5e-322	7.46e-322	2.681996257187667e-275	3.4080322251816555e-109
OGG1_boot.62	1.0	9.1e-322	1.52e-321	9.14e-322	1.8920615559427362e-204	3.8062684166230626e-91
OGG1_boot.63	1.0	5.24e-322	8.4e-322	5.3e-322	6.8e-322	2.120065314355521e-142
OGG1_boot.64	1.0	5.1e-322	5.43e-322	5.14e-322	6.6e-322	1.1442769391530334e-133
OGG1_boot.65	0.9999999999999999	1.12e-321	2.105e-321	1.13e-321	2.0183754154107057e-152	4.282552389829148e-75
OGG1_boot.66	1.0	5.14e-322	5.5e-322	5.2e-322	6.7e-322	1.5628068686538522e-146
OGG1_boot.67	0.9999999999999999	5e-322	5.4e-322	5.04e-322	5.83e-322	6.046468834243559e-152
OGG1_boot.68	0.9999999999999999	6.6e-322	1.18e-321	6.7e-322	6.574458514734172e-298	1.7318446465448335e-110
OGG1_boot.69	0.9999999999999999	5.14e-322	8.25e-322	5.2e-322	6.7e-322	1.2460746724234192e-157
OGG1_boot.70	1.0	5.24e-322	8.35e-322	5.24e-322	7.56e-322	1.1002348608875383e-157
OGG1_boot.71	1.0	6.2e-322	8.3e-322	6.23e-322	1.275e-321	1.3009446681158684e-135
OGG1_boot.72	1.0	6.5e-322	8.74e-322	6.57e-322	7.9e-322	7.80737296060866e-121
OGG1_boot.73	1.0	5.14e-322	8.25e-322	5.2e-322	7.46e-322	1.936782449387624e-143
OGG1_boot.74	0.9999999999999999	6.6e-322	1.18e-321	6.6e-322	7.697291182682064e-254	7.63377623691607e-108
OGG1_boot.75	1.0	5.14e-322	8.25e-322	5.2e-322	1.8448259708448803e-296	8.442733973998059e-145
OGG1_boot.76	1.0	4.64e-322	5e-322	4.7e-322	5.43e-322	8.765300875370842e-167
OGG1_boot.77	1.0	7.56e-322	1.156e-321	8.7e-322	4.9230201306387494e-241	3.1053090063725424e-101
OGG1_boot.78	1.0	4.84e-322	5.2e-322	4.9e-322	6.37e-322	1.4255054082396238e-153
OGG1_boot.79	1.0	5.3e-322	8.5e-322	6.37e-322	7.66e-322	2.332555459590057e-118
OGG1_boot.80	1.0	6.23e-322	1.11e-321	6.27e-322	2.2373211483582013e-284	7.632894809150452e-117
OGG1_boot.81	1.0	5.83e-322	5.14e-322	5.83e-322	6.3e-322	3.9642986846216615e-138
OGG1_boot.82	1.0	6.03e-322	8.05e-322	6.03e-322	2.741896668205835e-285	1.1024272881902618e-114
OGG1_boot.83	0.9999999999999999	5.24e-322	8.35e-322	6.27e-322	7.56e-322	8.916199373494244e-132
OGG1_boot.84	1.0	6e-322	8e-322	6.03e-322	4.266704673737066e-284	6.042814890909538e-126
OGG1_boot.85	1.0	5.83e-322	7.76e-322	5.83e-322	1.5505234903540126e-285	4.980909660666034e-142
OGG1_boot.86	1.0	7.6e-322	1.45e-321	8.7e-322	9.857862042665237e-224	1.1471837524137457e-100
OGG1_boot.87	0.9999999999999999	6.4e-322	1.146e-321	6.47e-322	3.0403217498731802e-263	6.362736882361192e-122
OGG1_boot.88	1.0	6.27e-322	8.4e-322	7.36e-322	7.498814353312231e-294	2.2370115924654462e-117
OGG1_boot.89	0.9999999999999999	6.23e-322	8.35e-322	7.3e-322	3.1645837480327217e-267	3.0025825547335094e-103
OGG1_boot.90	0.9742870913609685	1.2239268349924954e-215	1.616e-321	1.7144225558153384e-187	0.025712908639031567	8.237169595319079e-55
OGG1_boot.91	1.0	5.14e-322	8.25e-322	5.2e-322	7.759955526347858e-255	3.710883968273262e-144
OGG1_boot.92	1.0	7.46e-322	1.14e-321	8.6e-322	1.4501261367073921e-170	1.4025517475887068e-103
OGG1_boot.93	0.9988589050725438	2.750031521558302e-228	2.905e-321	3.674496445817692e-219	0.0011410949274562733	2.613482622039464e-52
OGG1_boot.94	0.9415169655169727	6.000934809719257e-125	1.897e-321	2.180010202032283e-65	0.05848303448302736	1.4177303024901797e-25
OGG1_boot.95	1.0	1.0485906170255365e-274	2.095e-321	8.892210039848701e-259	7.56149307349348e-51	1.4900646746653236e-65
OGG1_boot.96	0.8740396631729306	1.8283266331132525e-190	9.6e-322	3.246785991256149e-150	0.12596033682706956	7.217287814014692e-46
OGG1_boot.97	1.0	7.7e-322	2.07e-321	8.9e-322	1.9107185173317844e-125	1.4267567637292007e-104
OGG1_boot.98	1.0	8.94e-322	1.863e-321	4.4153012e-316	6.24409506000615e-54	6.235427644070935e-85
OGG1_boot.99	0.9489544740078155	4.5392083108244085e-91	1.705e-321	1.0396286675870548e-59	0.05104552599218454	9.926593298802655e-26
OGG1_boot.100	1.0	8.55e-322	1.43e-321	8.6e-322	1.140620467550997e-142	2.1680087150535984e-94
OGG1_boot.101	1.0	6.3e-322	1.126e-321	6.37e-322	7.21408896865826e-188	5.941149706923116e-122
OGG1_boot.102	1.0	1.15e-321	2.465e-321	1.042e-321	3.4125652020606533e-28	6.924646227778034e-85
OGG1_boot.103	0.9931443231338785	3.0211260002218823e-268	2.8378708716994513e-133	2.05310404644922e-285	0.006855676866121504	1.579997446245793e-63
OGG1_boot.104	1.0	4.8e-322	5.14e-322	4.84e-322	6.97e-322	5.484187414842145e-162
OGG1_boot.105	0.9232456268989628	9.228996747848965e-148	2.36e-321	7.58936593066208e-129	0.07675437310103721	2.616682272568437e-38
OGG1_boot.106	0.9197482585097835	1.2742941667296336e-205	1.897e-321	7.046736417208763e-173	0.0802517414902164	2.9082694156824618e-49
OGG1_boot.107	1.0	1.6568615107632524e-288	1.7e-321	7.590101646584005e-307	7.631060738842854e-58	2.433567787508635e-81
OGG1_boot.108	1.0	9.83e-322	1.17e-321	6.10255e-319	1.2320119174042486e-95	6.660263576894524e-80
OGG1_boot.109	1.0	9.44e-322	1.403e-321	8.45e-322	5.340309429627257e-137	2.765888256083445e-100
OGG1_boot.110	0.9952992729979074	1.5907671834356364e-258	2.367e-321	2.9651839334197574e-208	0.0047007270020926846	1.15022943256514e-56
OGG1_boot.111	0.9158360299088192	2.0649099694258903e-254	3.773607112391286e-113	1.7346534305109594e-224	0.0841639700911808	4.507111885576549e-56
OGG1_boot.112	0.9999999999999999	1.6121604068130702e-234	2.1593034672445265e-271	2.0604075709073154e-267	3.2470865521390336e-17	8.413640664262969e-62
OGG1_boot.113	1.0	7.716277440349018e-308	1.94e-321	7.135575706438198e-267	1.0981197612560448e-53	1.0387152906394011e-67
OGG1_boot.114	1.0	8.2e-322	1.37e-321	9.3e-322	9.453527056107953e-124	1.0488312549320226e-91
OGG1_boot.115	1.0	4.617485e-317	1.15e-321	4.820203209143348e-284	7.650249854566383e-98	2.1690623221783903e-69
OGG1_boot.116	0.8974823384615906	1.2502580775877379e-144	1.18e-321	9.190330533031392e-76	0.10251766153746447	9.450210847604226e-13
OGG1_boot.117	1.0	9.3e-322	2.204e-321	8.3e-322	1.2137474072049543e-32	1.2123857248764796e-90
OGG1_boot.118	1.0	8.6e-322	1.156e-321	9.8e-322	3.931929158951122e-117	1.2403194545926581e-93
OGG1_boot.119	0.9999999999999999	8.6e-322	2.01e-321	8.65e-322	1.9846865345014208e-79	5.360574604900047e-94
OGG1_boot.120	1.0	1.01e-321	2.396e-321	9e-322	5.499131005577992e-94	3.85903741656743e-102
OGG1_boot.121	0.9853187860902267	5.280983180012499e-257	9.197768565812369e-198	4.529279006378027e-228	0.014681213909773356	4.080164906322586e-61
OGG1_boot.122	0.9999999999999999	7.5e-322	8.65e-322	8.7e-322	1.0163417230756919e-179	7.924571640957231e-104
OGG1_boot.123	0.9999999999999999	5e-322	7.95e-322	5e-322	9.320743144897754e-273	1.1563852297438528e-170
OGG1_boot.124	0.9612717661574888	3.259798014432028e-271	2.01e-321	1.540543059755972e-236	0.03872823384251106	3.458409709496907e-76
OGG1_boot.125	0.9621678601083629	5.704283525267301e-265	1.2286573862957478e-218	1.065111498174698e-255	0.037832139891637175	2.5334820843296207e-53
OGG1_boot.126	1.0	1.042e-321	1.675e-321	1.3688149775124257e-270	1.446599998368175e-69	3.4420191672781002e-71
OGG1_boot.127	0.9999999999999999	4.94071e-318	8.538778526821954e-239	1.146e-321	1.7971371163140528e-36	1.3733698562631749e-73
OGG1_boot.128	0.9764047601863257	9.746694330794741e-195	2.006e-321	2.137487064549923e-120	0.023595239813674288	3.742763371766694e-30
OGG1_boot.129	0.8786165806504572	1.755997899650892e-235	1.26e-321	3.027149373076868e-225	0.1213834193495428	1.495871800031771e-67
OGG1_boot.130	1.0	9.9e-322	2.643e-321	1e-321	1.517992009671934e-58	1.8749686272200677e-87
OGG1_boot.131	0.9404869520723607	6.919081851120965e-113	1.744e-321	6.1914572960225645e-53	0.05951304792763939	3.356940333654509e-25
OGG1_boot.132	0.9203228914409938	1.6588292540021147e-202	1.077e-321	1.9220821271470122e-209	0.07967710855900617	4.910036350911302e-56
OGG1_boot.133	1.0	3.246347248751594e-257	1.423e-321	2.5392020936566746e-214	1.0970905622884206e-61	8.108553078938685e-55
OGG1_boot.134	1.0	3.2363205422953265e-302	1.403e-321	5.176674503808503e-252	2.2243703009674883e-78	6.511126809052312e-65
OGG1_boot.135	1.0	7.56e-322	1.156e-321	7.6e-322	2.903865989101828e-171	1.9470692161251804e-116
OGG1_boot.136	1.0	8.2e-322	1.37e-321	8.2e-322	1.4474685678853068e-107	1.0924205114164275e-96
OGG1_boot.137	1.0	4.5e-322	4.8e-322	4.5e-322	6.47e-322	6.372818116687293e-166
OGG1_boot.138	1.0	6.2e-322	1.1e-321	7.26e-322	6.435983875149896e-184	4.359636221147263e-114
OGG1_real	1.0	6e-322	1.067e-321	6.03e-322	1.497969509960743e-249	5.846901518033536e-125
OGG1_real.1	1.0	6.23e-322	8.35e-322	6.27e-322	2.3079998331838443e-295	1.3593860219839205e-126
OGG1_real.2	1.0	6.399858852746583e-292	2.367e-321	6.461349282054012e-280	2.2051925918514497e-43	8.913931147624783e-71
UNG_boot	6.1e-322	0.8522972954912189	2.4608714971810395e-276	9.9e-322	0.1477027045087811	7.86e-322
UNG_boot.1	6.47e-322	0.5767201656647272	2.181856031738152e-115	1.12e-321	0.4232798343352728	8.6e-322
UNG_boot.2	9.944745030372718e-72	0.35840732534210235	9e-322	9.24e-322	0.6415926746578975	8.336111041635057e-257
UNG_boot.3	0.01344004506401928	0.6143464541054244	8.6e-322	1.27e-321	0.3722135008305564	2.1607898235072117e-197
UNG_boot.4	5.83e-322	0.6327621563165009	1.75e-321	1.33e-321	0.36723784368349915	7.7e-322
UNG_boot.5	0.01052437658971512	0.6817978303982368	9.7e-322	1.47e-321	0.3076777930120479	2.2866741620910963e-162
UNG_boot.6	0.015747679750973718	0.8226703688666053	5.5e-322	1.077e-321	0.16158195138242104	3.578924302094016e-210
UNG_boot.7	3.16e-322	0.7237765542588079	2.3215153037432925e-69	7.07e-322	0.276223445741192	4.15e-322
UNG_boot.8	3.733311932560416e-144	0.3300900156959083	3.05823292374135e-118	1.2e-321	0.6699099843040917	2.064930295157746e-285
UNG_boot.9	0.032729185339789434	0.42619188655292145	8.8e-322	1.176e-321	0.541078928107289	1.0355249036646232e-183
UNG_boot.10	0.08304181384676704	0.5925972725945943	2.499717295017432e-285	8.15e-322	0.3243609135586387	6.046093581824036e-262
UNG_boot.11	0.004496616121704476	0.40442146874879675	9.3e-322	1.11e-321	0.5910819151294986	1.5683616421240492e-188
UNG_boot.12	1.1824835147189077e-115	0.8148306163086169	1.275e-321	9.3e-322	0.18516938369138314	1.4612535e-317
UNG_boot.13	5.1e-322	0.5885695231508598	1.4590240032201084e-148	1.225e-321	0.41143047684914025	8.1e-322
UNG_boot.14	3.16e-322	0.8687726251456583	1.93113042105e-313	6.9e-322	0.1312273748543418	4.1e-322
UNG_boot.15	3.6e-322	0.7029016090971839	0.036301274730935314	7.95e-322	0.2607971161718809	4.7e-322
UNG_boot.16	1.548178757794772e-269	0.6273166821421694	1.16e-321	9.9e-322	0.37268331785783054	1.023e-321
UNG_boot.17	1.120721227959318e-154	0.599458253543881	1.517e-321	1.477e-321	0.400541746456119	2.4997131003538653e-287
UNG_boot.18	5.285802859083204e-75	0.3451185863871279	2.02e-321	1.08e-321	0.654881413612872	3.05571781452413e-256
UNG_boot.19	4.15e-322	0.5106973757785555	1.0764436362233324e-60	1.265e-321	0.48930262422144444	5.53e-322
UNG_boot.20	0.06757224061939457	0.5863006482504326	1.033e-321	1.16e-321	0.3461271111301729	1.7186364763422175e-182
UNG_boot.21	1.71846e-319	0.6751204841124971	9e-322	1.07e-321	0.32487951588750286	1.07e-321
UNG_boot.22	5.4e-322	0.829002055600147	1.0079514466240088e-203	8.74e-322	0.17099794439985314	6.9e-322
UNG_boot.23	0.014386959728632721	0.6298566042613767	8.94e-322	9.04e-322	0.3557564360099906	6.774377251509983e-244
UNG_boot.24	6.6e-322	0.939640416934651	1.453e-321	7e-322	0.06035958306534906	7.07e-322
UNG_boot.25	0.09059049703327038	0.6063438481162478	1.057e-321	1.01e-321	0.30306565485048204	1.2486497012656306e-217
UNG_boot.26	0.02840174398456196	0.57744060606881	7.56e-322	1.42e-321	0.3941576499466282	1.170196019815918e-171
UNG_boot.27	7.2e-322	0.8228628975031378	7.002374108403051e-268	1.186e-321	0.17713710249686215	9.4e-322
UNG_boot.28	0.06539383482525996	0.31707328174138094	8.6e-322	1.576e-321	0.6175328834333591	8.108738253650165e-159
UNG_boot.29	5.53e-322	0.7490832095548376	9.977940282179342e-194	9.14e-322	0.2509167904451624	7.16e-322
UNG_boot.30	3.677514443983861e-67	0.48162777036043175	1.423e-321	1.042e-321	0.5183722296395683	5.6646364067967604e-257
UNG_boot.31	5.2e-322	0.7392368600348072	1.479218e-317	8.7e-322	0.26076313996519274	6.8e-322
UNG_boot.32	3.366641926936804e-55	0.5005191476687447	5.34e-322	1.21e-321	0.4994808523312553	5.163892205919094e-222
UNG_boot.33	6.2e-322	0.7142379489990702	1.61e-321	1.374e-321	0.2857620510009297	9.4e-322
UNG_boot.34	0.0331268094076345	0.5781738344155869	1.033e-321	1.03e-321	0.38869935617677864	1.4201925706029604e-223
UNG_boot.35	5.6e-322	0.7406764202827039	1.65e-321	9.4e-322	0.25932357971729597	7.36e-322
UNG_boot.36	0.042469300967328455	0.7279197794033394	8.1e-322	8.35e-322	0.22961091962933208	2.738897461143145e-254
UNG_boot.37	0.03675945433381551	0.2902945012614127	1.566e-321	1.304e-321	0.6729460444047717	5.943734676524666e-153
UNG_boot.38	9.51668159373145e-212	0.8228921981510672	6.9e-322	7.36e-322	0.17710780184893285	9.3e-322
UNG_boot.39	8.714504952145779e-202	0.5048534271359112	9.24e-322	9.5e-322	0.4951465728640888	1.087e-321
UNG_boot.40	0.04310163437901712	0.4651420053889562	2.095e-321	1.15e-321	0.49175636023202673	5.0034237101100866e-203
UNG_boot.41	3.85e-322	0.7053260540823679	2.4040314239852182e-146	8.1e-322	0.2946739459176321	6.3e-322
UNG_boot.42	7.76e-322	0.7535937939778306	1.077e-321	1.107e-321	0.24640620602216928	8.65e-322
UNG_boot.43	0.02628692463561507	0.3748979166644884	1.38e-321	1.156e-321	0.5988151586998967	7.123078527905957e-198
UNG_boot.44	0.027277439682168444	0.4825453247752725	9.6e-322	1.12e-321	0.4901772355425591	2.3085510741418684e-198
UNG_boot.45	8.9e-322	0.6735289371904947	2.3409329373482368e-83	9.4e-322	0.32647106280950516	8.74e-322
UNG_boot.46	4.617278974816846e-129	0.4876234190824992	1.42e-321	6.97e-322	0.5123765809175008	1.186e-321
UNG_boot.47	1.2261942171919386e-14	0.6807739394190051	7.26e-322	7.8e-322	0.3192260605809827	1.3015525365411177e-265
UNG_boot.48	7.589039501446854e-176	0.6619178975692279	1.675e-321	1.07e-321	0.3380821024307722	1.909440044290503e-308
UNG_boot.49	0.011116380549129215	0.4089829702674113	5.63e-322	1.44e-321	0.5799006491834595	9.344511320117208e-162
UNG_boot.50	5.83e-322	0.7644121698576237	0.02588080896288511	9.5e-322	0.2097070211794912	7.56e-322
UNG_boot.51	4.263498818364259e-235	0.7900404620331465	0.050651012623863956	7.16e-322	0.1593085253429895	1.01e-321
UNG_boot.52	4.7e-322	1.0	8.325795734119064e-109	7.4e-322	2.969425726693819e-129	6e-322
UNG_boot.53	6.442677994363935e-109	0.676047007914329	9.68647700510252e-114	8.15e-322	0.323952992085671	1.01e-321
UNG_boot.54	7.9e-322	0.9704979943439399	0.02950200565606016	7e-322	7.678113280848492e-80	7.16e-322
UNG_boot.55	2.29958365521158e-138	0.8087145413462038	1.1368439695622032e-213	8.35e-322	0.19128545865379637	1.18e-321
UNG_boot.56	8.6e-322	0.9145330090280432	0.08546699097195681	7.46e-322	2.9190828166312173e-103	7.66e-322
UNG_boot.57	2.669024170224978e-58	0.6315609875946497	0.09432089438020257	6.67e-322	0.2741181180251477	1.06e-321
UNG_boot.58	2.7056185951956663e-81	0.7115314054768704	0.03909808130786982	6.77e-322	0.2493705132152598	1.07e-321
UNG_boot.59	0.02216716466722679	0.9373981427244094	3.1108753669708314e-112	7.26e-322	0.04043469260836374	1.44e-321
UNG_boot.60	0.03061458052755967	0.9161496375989137	1.0654057258004576e-102	8e-322	0.05323578187352669	2.464684878246631e-280
UNG_boot.61	6.923663972775811e-174	0.8360747629188197	0.05753027022968084	6.7e-322	0.10639496685149946	9.5e-322
UNG_boot.62	6.47e-322	0.7791708404477509	0.15278952493950135	6.47e-322	0.0680396346127476	6.7e-322
UNG_boot.63	1.164147e-318	0.8995346657319829	0.1004653342680171	6.8e-322	6.562503621588728e-35	7e-322
UNG_boot.64	2.2443568649510593e-219	0.9894224776737641	9.205292975941908e-286	8.4e-322	0.010577522326235848	9.5e-322
UNG_boot.65	0.03373803677221084	0.685172523163685	0.10421802211463828	6.67e-322	0.17687141794946581	1.047e-321
UNG_boot.66	0.01563524029598046	0.7855269320060867	0.002259762983385404	6.5e-322	0.19657806471454733	1.146e-321
UNG_boot.67	0.011861176111310812	0.8487256038786284	5.564326386452245e-105	7.26e-322	0.13941322001006076	2.75132014328e-312
UNG_boot.68	6.193373383096811e-112	0.7705345312651506	0.10653621182326323	7.16e-322	0.12292925691158618	1.023e-321
UNG_boot.69	1.013e-321	0.9532752870790652	1.3603184868360233e-12	8.94e-322	0.04672471291957451	8.65e-322
UNG_boot.70	4.747932696853873e-128	1.0	1.136e-321	8.05e-322	1.0791592627033439e-46	1.176e-321
UNG_boot.71	0.029515031699766867	0.8185604345201068	3.8962910077742865e-109	7.1e-322	0.15192453378012627	2.56154787e-316
UNG_boot.72	5.83e-322	0.9797518661185532	0.0202481338814467	7.26e-322	1.036661055426982e-135	7.4e-322
UNG_boot.73	3.465139121070175e-18	0.5556740560498225	0.114712923257971	6.57e-322	0.32961302069220655	1.176e-321
UNG_boot.74	1.7760087747932677e-158	0.7459586069079237	0.11679604740097993	7.2e-322	0.1372453456910964	1.03e-321
UNG_boot.75	3.8568270444346e-147	0.9074389222406976	0.05146679771300172	6.7e-322	0.04109428004630087	1.097e-321
UNG_boot.76	9.349187784035436e-47	0.8649841812937034	0.05263899845769622	6.7e-322	0.08237682024860025	1.087e-321
UNG_boot.77	0.00554285463261265	0.7853925881969271	1.7128741422979829e-75	8.15e-322	0.20906455717046024	9.409060407335085e-288
UNG_boot.78	2.3921166176002272e-33	0.9791193651749921	2.5993630476456596e-204	8.35e-322	0.020880634825007852	1.35e-321
UNG_boot.79	0.04096809122913637	0.789205143249513	1.933411260649284e-157	7.56e-322	0.16982676552135065	2.2761530123735075e-301
UNG_boot.80	7.16e-322	0.8426895495932344	0.08001896674821941	6.3e-322	0.07729148365854611	6.47e-322
UNG_boot.81	0.040812991641006616	0.6917645494174516	0.2139483700827292	6.97e-322	0.053474088858812496	1.275e-321
UNG_boot.82	0.03477865568810914	0.8155839082565283	0.14963743605536256	5.5e-322	1.3198770442979058e-19	1.19e-321
UNG_boot.83	9.326967484099007e-285	0.9999999999999999	5.42283823308406e-123	8.3e-322	4.907294997763112e-27	9.4e-322
UNG_boot.84	1.1953701868112434e-188	0.9280113112910602	0.04441423798856906	6.3e-322	0.027574450720370697	9.04e-322
UNG_boot.85	0.032805961242472016	0.8375157696685	0.0010863441865925038	7.1e-322	0.12859192490243526	1.740664020223e-312
UNG_boot.86	0.0021644590028333565	0.985692071240265	2.4307030244887416e-101	6.37e-322	0.01214346975690163	1.156e-321
UNG_boot.87	0.014920086492015962	0.7997723909710435	1.5929971203025351e-164	7.8e-322	0.18530752253694044	1.4794028623765653e-293
UNG_boot.88	1.291490649614217e-24	0.8250314500011403	0.04927343871901215	5.83e-322	0.12569511127984753	1.057e-321
UNG_boot.89	2.9698925271888976e-237	0.8936771053602917	0.1063228946397082	6.97e-322	9.289294884804662e-44	8.65e-322
UNG_boot.90	7.1e-322	0.9831468800025417	0.01685311999745834	7.95e-322	3.323149489508606e-55	6.4e-322
UNG_boot.91	4.015240048625079e-167	0.8438166683647059	0.05880241591524205	6.57e-322	0.09738091572005197	9.3e-322
UNG_boot.92	1.1e-321	0.8994651621277253	0.10053483787227473	6.67e-322	5.060241073017503e-50	6.9e-322
UNG_boot.93	0.03221612455889582	0.9467123171674092	1.2911074908070177e-179	5.93e-322	0.02107155827369485	1.8734636277723e-311
UNG_boot.94	0.011877427895346113	0.9650856523134012	9.265978035693801e-78	8.65e-322	0.023036919791252622	2.02302313e-316
UNG_boot.95	3.692401511045947e-120	0.9115845422486314	0.010020156078630165	6.57e-322	0.0783953016727386	1.05e-321
UNG_boot.96	0.0162610152564311	0.9158348264293704	0.06790415831419855	7.3e-322	1.1415803016153812e-60	1.334e-321
UNG_boot.97	8.55e-322	0.8178499014668584	0.18215009853314157	7.1e-322	3.9450326046357496e-29	7.5e-322
UNG_boot.98	0.010614731456637473	0.9892804618071214	7.0226041870396e-221	6.67e-322	0.0001048067362410487	1.196e-321
UNG_boot.99	0.04393278248461338	0.9560672175153867	7.463806111187135e-248	8.15e-322	3.584299543294878e-29	1.858924e-317
UNG_boot.100	9.63e-322	0.7420113288039162	0.2579886711960838	5.8e-322	2.1201438170843147e-83	8.3e-322
UNG_boot.101	8.393717848555186e-303	0.938553313942982	0.025562601977737524	6.97e-322	0.03588408407928032	8.45e-322
UNG_boot.102	8.2e-322	0.8607631387477718	0.04985393667196846	8.05e-322	0.08938292458025979	7.8e-322
UNG_boot.103	0.03933193199707667	0.7890164741199557	1.507e-321	6.9e-322	0.17165159388296766	1.5511272038378296e-289
UNG_boot.104	1.73803951360005e-274	0.7595119005291431	0.05164632693147705	6.03e-322	0.18884177253937987	7.26e-322
UNG_boot.105	8.8e-322	0.7598762810526747	0.1719004079632679	6.5e-322	0.06822331098405758	6.8e-322
UNG_boot.106	0.13589435924158788	0.778949632147423	3.9361700339145426e-101	8.8e-322	0.08515600861098928	1.052994342905803e-250
UNG_boot.107	0.013460994067493863	0.9433054797488637	0.04323352618364249	4.84e-322	1.3935694316876842e-42	1.042e-321
UNG_boot.108	0.03522026551333952	0.9647797344866603	1.966e-321	8.1e-322	8.515724855765634e-50	2.3560025811150544e-290
UNG_boot.109	0.10347603432409348	0.6864315502307605	1.8624336864550203e-22	8.74e-322	0.21009241544514595	9.854016925570103e-236
UNG_boot.110	5.3e-322	1.0	7.969846740502882e-30	5e-322	1.4081871153528864e-105	5.4e-322
UNG_boot.111	0.04866182085508737	0.9513381791449127	1.54e-321	7.86e-322	5.4186697179877635e-71	1.1478621587e-314
UNG_boot.112	6.238710729992584e-38	0.9346011039624907	4.552758308388146e-44	6e-322	0.0653988960375094	9.6e-322
UNG_boot.113	3.5802891164836757e-112	0.881997245909478	0.031499316315533335	7.1e-322	0.08650343777498853	1.146e-321
UNG_boot.114	0.18275747887079383	0.6296874305943019	0.18755509053490435	6.3e-322	4.184215051017054e-26	1.01807e-319
UNG_boot.115	0.08739144638856973	0.7329515482248254	1.6591422251714165e-177	7.3e-322	0.17965700538660484	7.685860582966677e-267
UNG_boot.116	0.09006997170458088	0.7540490425276607	1.3792598520194987e-44	6.57e-322	0.1558809857677585	1.21e-321
UNG_boot.117	0.04578944177494793	0.7977432447609588	0.010901639983986126	6.5e-322	0.14556567348010716	1.12e-321
UNG_boot.118	0.029886674986838623	0.7834757562770459	8.719007214583662e-256	7.86e-322	0.1866375687361156	1.0448248212978494e-306
UNG_boot.119	0.13506626811399766	0.618873380371991	0.15390301833385076	7.07e-322	0.09215733318016056	5.608858155578935e-301
UNG_boot.120	0.13208287720469072	0.7687355272875089	0.09918159550780026	6.5e-322	2.558185503601235e-17	1.6496555050626116e-298
UNG_boot.121	0.023421180195679736	0.650814794323136	4.111902254967904e-147	4.74e-322	0.3257640254811842	1.08e-321
UNG_boot.122	1.5825156171209583e-69	0.8004173368366517	6.34773720982272e-59	5.93e-322	0.19958266316334825	1.047e-321
UNG_boot.123	0.07420821071281797	0.9236670518983647	3.5569927254053827e-57	5.9e-322	0.002124737388817353	1.003e-321
UNG_boot.124	3.2660127754818207e-122	0.8148458235512791	0.0069074536934456985	5.63e-322	0.17824672275527517	1.042e-321
UNG_boot.125	0.023024040642573834	0.8786859547587557	1.685e-321	5.63e-322	0.0982900045986705	9.93e-322
UNG_boot.126	0.00712093159153865	0.677334978027246	7.666844597787982e-293	7.3e-322	0.3155440903812154	1.376405531136193e-283
UNG_boot.127	0.13689218295120606	0.5753663091468382	0.182821072257346	6.5e-322	0.10492043564460979	6.843e-321
UNG_boot.128	0.14452677051004167	0.7136526609368328	0.11644199123558222	7.95e-322	0.025378577317543293	9.923393440721626e-250
UNG_boot.129	7.36e-322	0.8450719053411028	0.08138666895289183	5.7e-322	0.07354142570600537	5.8e-322
UNG_boot.130	0.09039404530271637	0.7540970249006858	7.040544229540903e-184	7.66e-322	0.1555089297965978	7.403099128538402e-273
UNG_boot.131	0.06595230903907767	0.9340185278044992	8.316053856883103e-129	1.013e-321	2.9163156423096534e-05	1.9362515937342955e-234
UNG_boot.132	0.03468652865549699	0.9025955085142299	1.2988162743939874e-46	6.03e-322	0.06271796283027313	1.5552117423587424e-306
UNG_boot.133	0.106515246058294	0.811352111499978	0.08213264243991174	7.56e-322	1.8162529940787857e-12	1.0037032054894204e-299
UNG_boot.134	0.0505846391399762	0.6187782110190425	4.885998538097006e-63	6.6e-322	0.33063714984098125	7.126962826050663e-308
UNG_boot.135	0.0627862338084601	0.7821004127222112	2.786876550005096e-210	6.2e-322	0.1551133534693287	1.2306e-319
UNG_boot.136	0.02653140201798005	0.7686243310230063	1.0867374063899754e-298	7.1e-322	0.20484426695901364	1.1e-321
UNG_boot.137	4.258417677844915e-211	0.5973384021775436	0.04736413506869776	7.3e-322	0.35529746275375873	8.55e-322
UNG_boot.138	0.05262930395653668	0.683895361110014	0.0151239625838528	6.4e-322	0.24835137234959664	1.21e-321
UNG_boot.139	0.07162664453294039	0.9249989981562879	3.7449613624896354e-281	8.8e-322	0.003374357310771658	3.6620094112263046e-257
UNG_boot.140	0.10470212803894773	0.6847862290325929	0.07807316508992203	7.1e-322	0.13243847783853724	1.324072198283322e-282
UNG_boot.141	0.0012990534465032104	0.9203819640617767	2.1711187668335753e-54	6.27e-322	0.0783189824917201	1.126e-321
UNG_boot.142	0.1237526673343519	0.8751917521647891	4.913889731698065e-60	7.2e-322	0.00105558050085901	2.7934249081838616e-294
UNG_boot.143	0.07942341569859289	0.9040914220718756	1.6133838801098576e-118	7.66e-322	0.01648516222953132	1.2023515110154767e-269
UNG_boot.144	0.14813569545070723	0.7446165263551134	6.781068413583701e-68	7.5e-322	0.10724777819417931	1.1178920660909123e-274
UNG_boot.145	0.03221444561747333	0.8002851258533344	6.740126901659437e-134	7.76e-322	0.16750042852919214	4.59367630528997e-307
UNG_boot.146	0.03264088959913112	0.7818484254271465	1.56e-321	7.2e-322	0.18551068497372253	9.59781294608e-311
UNG_boot.147	0.00936150824617195	0.8310342066765899	6.278359081830104e-15	5.8e-322	0.15960428507723176	1.02e-321
UNG_boot.148	0.021054608139640496	0.6922156025549849	3.080420114324558e-46	6.77e-322	0.28672978930537457	1.3e-321
UNG_boot.149	0.02540290835584464	0.6298602494441174	6.744562133795009e-39	4.6e-322	0.344736842200038	1.057e-321
UNG_boot.150	1.058944209176836e-112	0.7143195261117395	0.02898536538335839	6.27e-322	0.25669510850490207	9.9e-322
UNG_boot.151	5.407349043187657e-196	0.9999999999999999	1.383e-321	7.3e-322	4.835773265129558e-65	8.35e-322
UNG_boot.152	0.07364824855454787	0.7352210035896896	5.79685698305632e-148	6.2e-322	0.19113074785576267	3.037326814943232e-298
UNG_boot.153	0.034837195860324764	0.6055839926942775	1.139970706878177e-66	7.8e-322	0.3595788114453976	2.5604832940629796e-283
UNG_boot.154	8.18892711937993e-137	0.9407785207636865	4.02617672338315e-56	5.73e-322	0.059221479236313435	8.05e-322
UNG_real	3.4022536148817527e-68	0.6093391810987037	1e-321	1.02e-321	0.39066081890129634	1.6200978015502335e-250
UNG_real.1	4.0509062836576354e-165	0.9111929797036282	0.016235246992606117	6.77e-322	0.07257177330376553	9.5e-322
UNG_real.2	0.05195580564341962	0.7742388764733621	3.986199929334923e-86	6.27e-322	0.17380531788321815	2.5310973195e-314
ATP2B4_boot	0.33337688795416676	0.30995399700314075	4.2e-322	0.3566691150426926	1.539007439801908e-154	1.1482879811536233e-41
ATP2B4_boot.1	0.5987183450375044	1.9427080989992008e-118	1.2e-321	0.35792126510550354	0.04336038985699204	9.268798049088306e-22
ATP2B4_boot.2	0.4105457862589391	0.06439827294350366	1.1753631492470624e-18	0.2471123197539075	0.277943620156155	8.874948860797742e-10
ATP2B4_boot.3	0.4285766692603905	4.306154044142688e-102	1.294e-321	0.19012564886056954	0.38129768187903995	3.891308806912421e-45
ATP2B4_boot.4	0.21521105017534378	0.3763285816938946	7.56e-322	0.21925307997326196	0.18920728815749982	1.6452654622280704e-17
ATP2B4_boot.5	0.36220250331892023	7.134965528412896e-50	9.9e-322	0.2901156100768219	0.34768188660425803	3.886326773535992e-52
ATP2B4_boot.6	0.4718658518826844	7.752205155385743e-112	1.107e-321	0.2633871504531349	0.26474699766418086	1.0697979018962025e-27
ATP2B4_boot.7	0.3724814973864121	0.3324024367863764	6.2e-322	0.29511606582721156	1.586157253474583e-170	3.6058618416049563e-42
ATP2B4_boot.8	0.5476348664627507	2.546903687207693e-69	1.18e-321	0.4450417192097189	0.007323414327530445	4.40846432089111e-39
ATP2B4_boot.9	0.4460826996650809	0.4812987062842996	8.6e-322	0.0726185940506195	1.2799340405817016e-68	3.378263149855238e-24
ATP2B4_boot.10	0.5335345400426377	8.113361353327684e-38	8.7e-322	0.3344658704451739	0.13199958951218835	2.5028927081725148e-48
ATP2B4_boot.11	0.37819909600350066	0.07662850040660041	8.65e-322	0.2481024745708537	0.29706992901904516	8.733731278108473e-41
ATP2B4_boot.12	0.314219220850315	4.789593182806615e-20	4.74e-322	0.3201385851068932	0.36564219404279175	2.526202812555569e-75
ATP2B4_boot.13	0.556061150218351	2.61057160692344e-87	8.4e-322	0.39756096487503895	0.046377884906610135	2.426816495185713e-40
ATP2B4_boot.14	0.4767552894388085	7.498833604809489e-115	1.45e-321	0.13774888462456616	0.3854958259366254	3.335102009041962e-31
ATP2B4_boot.15	0.3554307415866123	0.2459716777371876	6.23e-322	0.3983867539032393	0.00021082677296079528	7.338248417950744e-31
ATP2B4_boot.16	0.45956620203292653	1.3103265681119597e-88	6.3e-322	0.3827461106073277	0.15768768735974573	2.951849091250187e-35
ATP2B4_boot.17	0.4107136083073617	0.5747927546293803	2.615602468082523e-243	2.2595468089613065e-35	0.014493637063257963	2.522012709791828e-24
ATP2B4_boot.18	0.531227894021858	2.965375704125393e-114	1.06e-321	0.1766888278460213	0.29208327813212076	1.6977694491589473e-31
ATP2B4_boot.19	0.4758392971604096	0.3687880370602189	2.04e-321	0.00600653077273271	0.14936613500663878	3.873416151011664e-21
ATP2B4_boot.20	0.2896337466571065	0.08669706394389655	5.53e-322	0.4162519398009664	0.20741724959803057	4.399647989877694e-56
ATP2B4_boot.21	0.3474077512118452	0.30945572268254135	7.6e-322	0.3171233205901325	0.02601320551548091	1.7179397777743767e-33
ATP2B4_boot.22	0.4217103357887847	0.553009939513645	1.334e-321	0.025279724565977504	1.3159244962659484e-10	4.65537990042508e-16
ATP2B4_boot.23	0.38889948857574663	4.9105406917764237e-23	5.3e-322	0.521230224187021	0.08987028723723241	2.9157869110239403e-49
ATP2B4_boot.24	0.27636819598114387	0.4398973117249827	8.65e-322	0.2819702956737462	0.0017641966201270458	9.809838701536339e-26
ATP2B4_boot.25	0.44944071091805093	0.217995802890511	5.7e-322	0.2980528129749989	0.034510673216439136	2.0508397293304355e-50
ATP2B4_boot.26	0.5162327178054696	4.6135852467158605e-45	1.19e-321	0.3164283150971825	0.16733896709734794	6.4668229354839696e-46
ATP2B4_boot.27	0.44809443560457685	4.2723121585343304e-66	1.225e-321	0.32230387111197567	0.22960169328344757	9.445828149542478e-35
ATP2B4_boot.28	0.4999811783280733	5.230763079403304e-37	5.83e-322	0.335866305251153	0.1641525164207736	3.034791453063727e-51
ATP2B4_boot.29	0.24290871482967424	0.719042726111913	6.37e-322	0.03804855905841283	1.2421947155953667e-190	7.547348307587404e-20
ATP2B4_boot.30	0.29231587316204294	0.6831334233958396	1.003e-321	0.024550703442117433	3.932748393818386e-68	2.485561285717855e-19
ATP2B4_boot.31	0.3866163619561876	5.472530329667323e-20	6.7e-322	0.39088273968644394	0.22250089835736864	2.0975747558653966e-55
ATP2B4_boot.32	0.34024643485310446	0.6370181252102233	1.09e-321	0.0010610149472133597	0.02167442498945897	3.0339811655360692e-31
ATP2B4_boot.33	0.35538545210480404	0.5911590504128068	1.09e-321	2.957357545359696e-37	0.05345549748238917	5.907377338102024e-36
ATP2B4_boot.34	0.3892843466433966	0.40051862159671137	5.8e-322	0.16293674429134586	0.047260287468546214	1.6747949789880543e-46
ATP2B4_boot.35	0.46676035007468497	2.147235540821059e-85	6.5e-322	0.42281909297008413	0.11042055695523087	5.518657855507854e-44
ATP2B4_boot.36	0.4273332320073491	0.4422274296190426	1.453e-321	0.1304393383736083	3.193378057525269e-50	3.541114245164992e-30
ATP2B4_boot.37	0.5496553504752697	1.5090596429206697e-91	1.2e-321	0.1619931501659557	0.28835149935877435	6.673379614578458e-17
ATP2B4_boot.38	0.3989575126028584	0.6010424873971417	2.8076229847605534e-54	3.05108401201973e-103	3.8313136653510853e-66	1.7740189381122477e-34
ATP2B4_boot.39	0.4205355217544955	6.681846646958402e-79	1.235e-321	0.4185312778280745	0.16093320041742995	5.498803361316193e-35
ATP2B4_boot.40	0.42872838167352856	0.36547347201907426	6e-322	0.10318814522421621	0.10261000108318075	5.2822081881543735e-33
ATP2B4_boot.41	0.40996824730695375	9.217829272965524e-57	7.95e-322	0.4971247991735225	0.0929069535195236	1.8651491126161735e-49
ATP2B4_boot.42	0.4543344059348713	1.6086173292284636e-53	8.25e-322	0.28367327764119504	0.2619923164239338	7.362778060735205e-36
ATP2B4_boot.43	0.5283461879413952	6.826276835231835e-69	8.8e-322	0.11339723115792784	0.3582565809006769	2.9200066818056566e-31
ATP2B4_boot.44	0.48918305212795754	7.705748357637577e-76	7.86e-322	0.10988698408649766	0.40092996378554474	3.399325378238427e-38
ATP2B4_boot.45	0.37578973815272465	0.6242102618471326	1.15e-321	1.1567802986338389e-30	1.427676258352863e-13	2.0068005087913617e-19
ATP2B4_boot.46	0.4059142292610379	0.49151466946002764	2.065e-321	0.09331846892555536	0.009251887519937748	7.448334412553112e-07
ATP2B4_boot.47	0.2891014656876518	0.2336075072272971	5.3e-322	0.2286158582321744	0.24867516885287663	2.2970914188981422e-61
ATP2B4_boot.48	0.4381134701785525	6.713207437049906e-119	7.66e-322	0.3659601715195305	0.195926358301917	1.021870002251089e-45
ATP2B4_boot.49	0.4472521828557825	4.4559493726652844e-176	2.14e-321	0.2964751695508983	0.2562726475933193	2.906972536582322e-19
ATP2B4_boot.50	0.3743219261687667	8.878597015136613e-79	8.7e-322	0.3615808738965043	0.2640971999347289	7.731528878791312e-35
ATP2B4_boot.51	0.5057196097631284	5.607843481654173e-88	2.51e-321	0.243823765294834	0.25045662494203774	5.74845292429542e-32
ATP2B4_boot.52	0.39447606493225795	0.38021889331689096	1.887e-321	0.09322226403427633	0.1320827777165096	6.521231167720163e-14
ATP2B4_boot.53	0.4921171549715925	9.57221295696697e-41	1.32e-321	0.2351664389448459	0.2727164060835617	3.844381683187814e-32
ATP2B4_boot.54	0.5027559550794546	5.128789159912206e-23	1.527e-321	0.3788831279843593	0.11836091693618617	3.2598318001624365e-32
ATP2B4_boot.55	0.40764004763517536	2.657547055334714e-09	7.1e-322	0.239041654647783	0.35331829505949464	3.310947351293198e-57
ATP2B4_boot.56	0.356140859024151	0.07589652531243764	5.83e-322	0.4023358546511806	0.16562676101223084	5.3198933362279796e-64
ATP2B4_boot.57	0.5041639684260397	0.311761853552238	5.9e-322	0.18407417802172238	5.08386867771251e-62	7.69408491068476e-34
ATP2B4_boot.58	0.37764363216840957	3.982575533084635e-28	6.13e-322	0.3993112219356364	0.22304514589595387	5.62404566778403e-47
