Samples	SBS96A	SBS96B	SBS96C	SBS96D	SBS96E
ATP2B4_real_train_fold1	0.07383109489614485	0.33148231590937427	0.4640518027286611	0.01146037425026438	0.1191744122155555
ATP2B4_real_train_fold1.1	0.22787963880001866	0.2782226786781805	0.3152776626863114	0.15254184827640846	0.026078171559081004
MLH1_real_train_fold1	1.600351648108833e-303	0.014416596781443806	2.3088438079565616e-46	0.20068506934717223	0.784898333871384
MSH2_real_train_fold1	3.23e-321	0.002531672095151884	0.06904553094240935	0.18200550569628576	0.7464172912661529
MSH6_real_train_fold1	0.0033310977149980828	0.01655460465970023	0.03063833087611972	0.14064773328311267	0.8088282334660695
MSH6_real_train_fold1.1	0.029771185945872213	0.0018749366596702503	0.056226859524019096	0.11834915551257454	0.793777862357864
OGG1_real_train_fold1	0.002650078253591802	0.8213370784544224	0.11388408028602016	0.014537450372676553	0.04759131263328927
PMS1_real_train_fold1	0.013566468069917228	0.12449869166261035	0.5402603236470602	0.10167008264558179	0.22000443397483035
PMS2_real_train_fold1	0.6142825696806709	0.0016152781784638456	1.527e-321	7.36e-322	0.38410215214086535
RNF168_real_train_fold1	0.6756099906718166	0.0707482015933092	0.06384348767670862	0.14361276957244093	0.04618555048572467
UNG_real_train_fold1	7.875672580382592e-60	0.1351477429097531	0.2724176874039981	0.5626458712848664	0.029788698401382395
ATP2B4_multinomial_train_fold1	0.10992852446614547	0.2937432096769086	0.4298538520357842	0.021526822710400788	0.14494759111076097
ATP2B4_multinomial_train_fold1.1	0.21490624778696782	0.29945665739782434	0.27273982066849534	0.21289727414671256	2.4613837884893904e-122
ATP2B4_multinomial_train_fold1.2	0.16754442747652687	0.24779199392992848	0.3993702584807258	0.1829745775081978	0.0023187426046209314
ATP2B4_multinomial_train_fold1.3	0.03003936786265885	0.38425150097112004	0.4014504350742887	0.071023107325967	0.11323558876596548
ATP2B4_multinomial_train_fold1.4	0.15957980111946116	0.23181763205430145	0.4069189584296139	0.14405630716689755	0.057627301229726105
ATP2B4_multinomial_train_fold1.5	0.15091050675012888	0.168929175356009	0.42991285832332227	0.16776096287912187	0.08248649669141792
ATP2B4_multinomial_train_fold1.6	0.18263232445591385	0.35531031177558536	0.2595620076133896	0.17420234450494276	0.028293011650168398
ATP2B4_multinomial_train_fold1.7	0.18063633245395413	0.24804446101990446	0.3315737645482728	0.16314408892695778	0.07660135305091068
ATP2B4_multinomial_train_fold1.8	0.21373154266350394	0.3549252377234853	0.2971119353285446	0.13129316939119512	0.0029381148932711345
ATP2B4_multinomial_train_fold1.9	0.18539503698300192	0.2719144519577251	0.29855234126533037	0.22017802448249116	0.023960145311451318
ATP2B4_multinomial_train_fold1.10	0.1782671091559938	0.32144685203151324	0.2107675533944844	0.21566613917310037	0.0738523462449082
ATP2B4_multinomial_train_fold1.11	0.06583566864588014	0.4007394088348409	0.4291142375032355	0.011995659016819479	0.09231502599922421
ATP2B4_multinomial_train_fold1.12	0.15106303906519414	0.3654155324018206	0.46101058049371924	7.648030252669198e-21	0.02251084803926602
ATP2B4_multinomial_train_fold1.13	0.19538379923089608	0.2971388020220672	0.3452151148610313	0.1622622838860053	2.2481611982439094e-127
ATP2B4_multinomial_train_fold1.14	0.09885663515858138	0.2850248003421198	0.5847770110040591	6.8e-322	0.03134155349523971
ATP2B4_multinomial_train_fold1.15	0.05252219168547082	0.20466633163074865	0.5563628962851186	0.05123083258992806	0.135217747808734
ATP2B4_multinomial_train_fold1.16	0.08253693149672096	0.33014354747574143	0.39365775109755474	0.07080962914854025	0.1228521407814427
ATP2B4_multinomial_train_fold1.17	0.04337583285645162	0.24465664804537307	0.5686829365971992	9.9e-322	0.14328458250097625
ATP2B4_multinomial_train_fold1.18	0.014799517873238542	0.3117095705014388	0.45346005284713264	1.69e-321	0.22003085877819006
ATP2B4_multinomial_train_fold1.19	0.1980441720446854	0.22924281543394445	0.331992994461659	0.2407200180597112	1.556e-321
ATP2B4_multinomial_train_fold1.20	0.043856288094899144	0.3085647600754657	0.4509810837730186	0.06819324369643989	0.12840462436017677
ATP2B4_multinomial_train_fold1.21	0.21819744153347725	0.33097862271416134	0.20064683745292253	0.22790845620110178	0.02226864209833712
ATP2B4_multinomial_train_fold1.22	0.21795325352546066	0.3732518837886438	0.21837727102647198	0.18312752522758774	0.007290066431835664
ATP2B4_multinomial_train_fold1.23	0.05046475111542854	0.3185556975331377	0.5715677243683244	2.386e-321	0.05941182698310926
ATP2B4_multinomial_train_fold1.24	0.06756870884558155	0.2797073823708916	0.4696420367515264	0.05683584922334228	0.12624602280865826
ATP2B4_multinomial_train_fold1.25	0.24942143103375616	0.22358958321040004	0.359320691808904	0.15957280945435523	0.008095484492584492
ATP2B4_multinomial_train_fold1.26	0.21128163842857403	0.1670197514896105	0.4414410987142734	0.11476537404916626	0.06549213731837587
ATP2B4_multinomial_train_fold1.27	0.22283790369240086	0.17766178565533988	0.4829014997651686	0.11659881088709077	2.4957064855796735e-206
ATP2B4_multinomial_train_fold1.28	0.2515687369215935	0.2805918282223585	0.3325822719396412	0.1352571629164067	1.996e-321
ATP2B4_multinomial_train_fold1.29	0.010275361401011714	0.44223140849961917	0.3987358492893129	0.0014978277175567837	0.1472595530924995
ATP2B4_multinomial_train_fold1.30	0.21042687970658783	0.14024676174381254	0.4839060963421564	0.16542026220744327	1.41e-321
ATP2B4_multinomial_train_fold1.31	1.031539538659924e-26	0.36402906361949033	0.508338883754499	1.97e-321	0.12763205262601066
ATP2B4_multinomial_train_fold1.32	0.22108782151406264	0.27586882072890173	0.3121540541282397	0.15617563814432078	0.03471366548447519
ATP2B4_multinomial_train_fold1.33	1.194240394227372e-72	0.41785021194717553	0.3863149498696543	0.036961873423194305	0.1588729647599758
ATP2B4_multinomial_train_fold1.34	0.2666649740135053	0.23229340991615316	0.2540147030658188	0.20346298110432692	0.0435639319001958
ATP2B4_multinomial_train_fold1.35	0.1925576816004215	0.1410005949097181	0.45985603261913166	0.17549977290021485	0.031085917970513768
ATP2B4_multinomial_train_fold1.36	0.08824263189028532	0.30952267384585463	0.45084000069862684	0.09174519098814006	0.05964950257709306
ATP2B4_multinomial_train_fold1.37	0.1395905056857389	0.3255235426985792	0.3258921065916143	0.17506670954247563	0.033927135481592006
ATP2B4_multinomial_train_fold1.38	0.21508799364213257	0.35848261805300297	0.2431207296778872	0.18330865862697712	2.96280357596515e-39
ATP2B4_multinomial_train_fold1.39	0.07856697262684158	0.4073349567908174	0.4795033557830485	1.225e-321	0.034594714799292665
ATP2B4_multinomial_train_fold1.40	0.085393980258699	0.2156407919313164	0.6726323655579733	3.46e-321	0.026332862252011206
ATP2B4_multinomial_train_fold1.41	0.11634852587474252	0.38638179831012665	0.3076373779339635	0.1453120136731631	0.04432028420800412
ATP2B4_multinomial_train_fold1.42	0.028671072277193083	0.365838523464798	0.5133557687934854	1.003e-321	0.0921346354645234
ATP2B4_multinomial_train_fold1.43	0.13803106104660876	0.19104147163592286	0.46035365473953405	0.08809633122548842	0.122477481352446
ATP2B4_multinomial_train_fold1.44	0.26313630318539494	0.3243569563618198	0.2330688933494518	0.17943784710333344	1.02e-321
ATP2B4_multinomial_train_fold1.45	0.2769087740141365	0.3067752445433467	0.2900683993421251	0.11430402430747902	0.011943557792912776
ATP2B4_multinomial_train_fold1.46	0.2459096248893867	0.35518266142583343	0.1910190817011856	0.15621556717541116	0.051673064808183
ATP2B4_multinomial_train_fold1.47	0.2065598005453485	0.33915179333993273	0.32481658826983906	0.12947181784487957	3.4281626407269613e-66
ATP2B4_multinomial_train_fold1.48	0.03628252586207835	0.3355796554737867	0.4206261508954151	0.0906154538765311	0.11689621389218885
ATP2B4_multinomial_train_fold1.49	0.18700661384869618	0.3598581628151831	0.20800124340208068	0.20729526223855518	0.03783871769548484
ATP2B4_multinomial_train_fold1.50	0.08861878565368242	0.369665696386254	0.4412026374964151	0.0027486125797409615	0.09776426788390741
ATP2B4_multinomial_train_fold1.51	0.25191353081368334	0.35104679935418925	0.15305157837005515	0.19371329117701283	0.05027480028505937
ATP2B4_multinomial_train_fold1.52	0.18997973000688625	0.21705991414376605	0.35760284286196387	0.17564575544493044	0.05971175754245326
ATP2B4_multinomial_train_fold1.53	0.2079586600678121	0.25656107653647864	0.3542590817811162	0.13467799353999055	0.046543188074602546
ATP2B4_multinomial_train_fold1.54	0.17015634112901415	0.1861234909696944	0.37036202125239615	0.22897243355410896	0.04438571309478624
ATP2B4_multinomial_train_fold1.55	0.06919471212040755	0.34696276226287925	0.4764637492096344	0.019749199935355326	0.08762957647172347
ATP2B4_multinomial_train_fold1.56	0.23021854555671914	0.34779273944391864	0.2510540310146688	0.08660249827218572	0.08433218571250774
ATP2B4_multinomial_train_fold1.57	0.07196925006856324	0.30577909912955853	0.45118059642107267	0.045863519097060546	0.12520753528374493
ATP2B4_multinomial_train_fold1.58	0.07605791024289815	0.30966006035396154	0.43041602397607637	0.08956117943331414	0.0943048259937498
ATP2B4_multinomial_train_fold1.59	0.2507564110390916	0.14148552877694362	0.5155628869627782	0.07936600280584674	0.012829170415339836
ATP2B4_multinomial_train_fold1.60	0.1614756529697841	0.29121671255801457	0.4303580875641668	0.10611053501853056	0.010839011889503923
ATP2B4_multinomial_train_fold1.61	0.08977256394116007	0.23005230037558852	0.5337364889868595	0.03777389695836692	0.1086647497380248
ATP2B4_multinomial_train_fold1.62	0.2616244558924807	0.3187499284693982	0.21796820223000912	0.20165741340811205	2.26e-321
ATP2B4_multinomial_train_fold1.63	0.05308585561932194	0.36846382482855594	0.46557080729922773	0.024697106440615586	0.08818240581227879
ATP2B4_multinomial_train_fold1.64	0.20712977982648037	0.2967472350233461	0.31278105236233	0.18334193278784347	1.675e-321
ATP2B4_multinomial_train_fold1.65	4.00283326511848e-303	0.3152552087829166	0.5274337539718729	8.55e-322	0.15731103724521042
ATP2B4_multinomial_train_fold1.66	0.06736555912280298	0.22955929406010278	0.6472544140067747	8.940448643557502e-229	0.05582073281031942
ATP2B4_multinomial_train_fold1.67	0.11368967968202297	0.45036833553072564	0.31810748909698344	0.05122390822851323	0.06661058746175479
ATP2B4_multinomial_train_fold1.68	0.10478529604848161	0.2562199333925089	0.5709981272676687	0.010502457236708469	0.05749418605463237
ATP2B4_multinomial_train_fold1.69	0.07658567490667065	0.26738666342116074	0.5807738813240052	6.5e-322	0.07525378034816337
ATP2B4_multinomial_train_fold1.70	0.19706368355781884	0.3712891770655742	0.2860741631970106	0.12782110943754507	0.017751866742051075
ATP2B4_multinomial_train_fold1.71	0.1956183222728236	0.28444342888895957	0.37950178361123976	0.12372887472071772	0.01670759050625923
ATP2B4_multinomial_train_fold1.72	0.08424362756990499	0.3881828899391393	0.34511349726476037	6.37e-322	0.1824599852261953
ATP2B4_multinomial_train_fold1.73	0.011650571914855608	0.3616233611509902	0.47736337942384033	2.81e-321	0.14936268751031379
ATP2B4_multinomial_train_fold1.74	0.0665183616615756	0.31598150787674506	0.4247594768083478	1.986e-321	0.19274065365333143
ATP2B4_multinomial_train_fold1.75	0.19289033237100917	0.21665464532492426	0.4610579186063828	0.11367893827586655	0.0157181654218174
ATP2B4_multinomial_train_fold1.76	0.3092505278812687	0.2815622335768617	0.2333535305255779	0.14373172646502042	0.03210198155127122
ATP2B4_multinomial_train_fold1.77	0.07675731183098568	0.27792691240002965	0.5264403178326202	3.889354114634485e-28	0.1188754579363643
ATP2B4_multinomial_train_fold1.78	0.23708434621519098	0.26222556925755136	0.3159300302109813	0.14045405652202353	0.04430599779425275
ATP2B4_multinomial_train_fold1.79	0.049031016952673506	0.3994876142027306	0.3628156231614771	2.8892853963780927e-197	0.1886657456831188
ATP2B4_multinomial_train_fold1.80	0.10065850917816174	0.3876084529537804	0.4232205486522318	0.03281345824879104	0.055699030967034845
ATP2B4_multinomial_train_fold1.81	0.24701222304894618	0.31869928981326134	0.282802525285741	0.14988914235046732	0.0015968195015841173
ATP2B4_multinomial_train_fold1.82	2.3309432772447343e-14	0.39429205776411363	0.4832328334863285	1.665e-321	0.12247510874953443
ATP2B4_multinomial_train_fold1.83	0.26943630270211455	0.2528545862383078	0.347777527688645	0.1299315833709328	9.73e-322
ATP2B4_multinomial_train_fold1.84	0.21536007524581155	0.25916240427011944	0.2999909680726883	0.1812693572854314	0.04421719512594929
ATP2B4_multinomial_train_fold1.85	0.1950766361505353	0.27492834014757894	0.35558780907031273	0.12162359988694312	0.052783614744629836
ATP2B4_multinomial_train_fold1.86	0.23413228275107373	0.2677064519913599	0.3763087355275332	0.1218525297300332	2.085e-321
ATP2B4_multinomial_train_fold1.87	0.22613037208392867	0.3135750023372501	0.2994829119142915	0.1526712949404765	0.00814041872405308
ATP2B4_multinomial_train_fold1.88	0.25057158640543126	0.2997855119934243	0.2574465223735448	0.11940181901396137	0.07279456021363817
ATP2B4_multinomial_train_fold1.89	0.07926858050742126	0.2932730941049463	0.4954723878536831	0.03683384671002588	0.09515209082392355
ATP2B4_multinomial_train_fold1.90	0.26339141739074	0.3220521991177273	0.3102713996521084	0.0904997225882533	0.013785261251171015
ATP2B4_multinomial_train_fold1.91	0.304735917998777	0.3377657517900837	0.20809933170853934	0.13673053983777814	0.012668458664821861
ATP2B4_multinomial_train_fold1.92	2.816e-321	0.33224379121267106	0.536061480907516	1.4744553197017823e-166	0.13169472787981276
ATP2B4_multinomial_train_fold1.93	0.08885451715993772	0.3307423748036261	0.44749757459641093	0.0014846568547910069	0.13142087658523413
ATP2B4_multinomial_train_fold1.94	0.2354869538049251	0.25229979643426864	0.380625144740387	0.12143926125632874	0.010148843764090474
ATP2B4_multinomial_train_fold1.95	3.13e-321	0.230892770218664	0.49369035934821515	0.05324624686782344	0.22217062356529726
ATP2B4_multinomial_train_fold1.96	0.11280520125708349	0.3206774349207007	0.3767769197589341	0.04316096850701947	0.1465794755562623
ATP2B4_multinomial_train_fold1.97	0.18587311368257683	0.1606009698657607	0.4390168356414539	0.17377183777684121	0.04073724303336726
PMS2_multinomial_train_fold1	0.6159389375222877	6.576505528027767e-27	1.84e-321	3.7e-322	0.38406106247771227
PMS1_multinomial_train_fold1	0.014793753091089046	0.07622426881963126	0.581624642311708	0.139839681378107	0.1875176543994647
MSH6_multinomial_train_fold1	0.0028461422427893492	0.0216422308810225	0.035568924567120894	0.16036712085626117	0.779575581452806
MLH1_multinomial_train_fold1	2.45e-321	0.0032944995301017366	0.0002604834981091088	0.2314492062025455	0.7649958107692437
MSH2_multinomial_train_fold1	3.24e-321	7.704362976177791e-206	0.08638908920885185	0.1866758895418536	0.7269350212492944
MSH6_multinomial_train_fold1.1	0.04235135407157531	0.021976798239344987	0.005185916402536714	0.13333041599146225	0.7971555152950809
MSH6_multinomial_train_fold1.2	0.0024407315564056804	0.003165287930920456	0.05129013844831118	0.12481323936489026	0.8182906026994723
MLH1_multinomial_train_fold1.1	2.535e-321	0.006435241778488268	0.019247212623087883	0.2049692150644982	0.7693483305339256
MSH6_multinomial_train_fold1.3	0.000647553107514677	0.004803544977643614	0.05698691929123141	0.10763452708031337	0.8299274555432969
PMS2_multinomial_train_fold1.1	0.5903124195680305	0.0072799481870536205	1.477e-321	3.6e-322	0.4024076322449158
MLH1_multinomial_train_fold1.2	3.2696392780000802e-25	0.018927446827656735	6.031378719010225e-260	0.21792301935869482	0.7631495338136484
PMS1_multinomial_train_fold1.1	0.028003622770974665	0.10654748007851497	0.5212310580213385	0.10161611531704356	0.2426017238121283
MSH6_multinomial_train_fold1.4	0.046159543309593036	0.017562306633204634	0.03307228123122427	0.09964681423531528	0.8035590545906626
MSH6_multinomial_train_fold1.5	0.0036603306602232596	1.1292849323054598e-130	0.075225103289896	0.12283838441515516	0.7982761816347257
MSH6_multinomial_train_fold1.6	0.026626424094514496	0.0035884701958116033	0.047050646178096345	0.12318292069219218	0.7995515388393853
MSH2_multinomial_train_fold1.1	3.16e-321	1.383e-321	0.08494049437709632	0.1783630496744622	0.7366964559484416
PMS2_multinomial_train_fold1.2	0.6427577278018254	3.92e-321	2.105e-321	7.4e-322	0.3572422721981746
PMS1_multinomial_train_fold1.2	0.0638989714112665	0.10213211406500279	0.5443403088337301	0.12199312373827544	0.16763548195172503
MSH6_multinomial_train_fold1.7	0.060242172994374336	0.0063485606953954015	0.03932052812776369	0.14222808258807898	0.7518606555943879
MLH1_multinomial_train_fold1.3	4.7901682038857044e-144	0.024065489311122585	3.962213590237653e-51	0.19081638140657847	0.7851181292822988
MSH6_multinomial_train_fold1.8	0.02640378272466694	1.1163685860741734e-101	0.03658959660832956	0.1073422386113607	0.8296643820556427
PMS1_multinomial_train_fold1.3	2.1788044838971334e-187	0.20123746439669374	0.45051316066138347	0.15543554390156072	0.192813831040362
MSH6_multinomial_train_fold1.9	2.3077335931973114e-19	0.026848164352474863	0.021482636420572902	0.14697347154111998	0.8046957276858323
MSH6_multinomial_train_fold1.10	0.05304663429115492	0.007349764671359655	0.040286122923105544	0.13432865309341493	0.7649888250209649
MSH2_multinomial_train_fold1.2	1.5e-321	1.003e-321	0.09595468166214355	0.1804331911459899	0.7236121271918665
PMS1_multinomial_train_fold1.4	0.041053042619600036	0.10436195451518643	0.5498053722868743	0.0679760271681134	0.2368036034102258
MSH6_multinomial_train_fold1.11	0.014648145946502667	0.001420658365579077	0.06290359022504076	0.1187243795728439	0.8023032258900336
MSH6_multinomial_train_fold1.12	2.095562203440113e-20	0.03283053875177726	0.012088329755705072	0.11809172529190978	0.836989406200608
MLH1_multinomial_train_fold1.4	0.029877929089029816	4.770168294131747e-214	1.863e-321	0.2089799905937031	0.7611420803172669
PMS1_multinomial_train_fold1.5	0.04498345862440669	0.14527932875225943	0.5070642430584781	0.11848065731288528	0.18419231225197052
MLH1_multinomial_train_fold1.5	4.16659041985616e-163	0.013094938295787496	8.78352657094335e-195	0.21482767637984232	0.7720773853243701
MSH6_multinomial_train_fold1.13	0.06866133356008794	1.24e-321	0.06457239446664402	0.12061279602799847	0.7461534759452697
MSH6_multinomial_train_fold1.14	0.02474499618145725	6.713519381616972e-25	0.0736472314544053	0.11480802544016717	0.7867997469239703
MSH2_multinomial_train_fold1.3	1.1094466572395173e-153	2.623e-321	0.0816427816213604	0.17110948616141716	0.7472477322172224
MLH1_multinomial_train_fold1.6	2.403065325931889e-58	0.011567221946172296	0.0080894319252185	0.16443238341672	0.815910962711889
PMS2_multinomial_train_fold1.3	0.5804159144919165	0.0008171206079678578	9.6e-322	3.7e-322	0.4187669649001155
PMS1_multinomial_train_fold1.6	0.024610817765528283	0.1201935179481441	0.4910300231167446	0.12450736092268035	0.23965828024690256
MSH6_multinomial_train_fold1.15	1.6090383028017423e-178	0.016420363759762403	0.036313419039036884	0.13838874144847838	0.8088774757527224
MSH2_multinomial_train_fold1.4	1.0642607341698754e-265	0.003721458587843267	0.07087426257395597	0.19197789049068156	0.733426388347519
PMS1_multinomial_train_fold1.7	0.03221122171806154	0.15946242481394693	0.5347602862050975	0.09459417023296476	0.1789718970299292
MSH2_multinomial_train_fold1.5	3.13e-321	0.0029621647737961064	0.05326484602106687	0.16019323977640315	0.7835797494287339
PMS2_multinomial_train_fold1.4	0.6073547489318266	0.01040914589907431	8.35e-322	3.5e-322	0.38223610516909906
MSH6_multinomial_train_fold1.16	1.1839180083867978e-103	0.022292069826248134	0.025136023422163208	0.126333549675354	0.8262383570762346
MSH2_multinomial_train_fold1.6	3.197e-321	1.364e-321	0.08985363509159015	0.18552651047068539	0.7246198544377245
MLH1_multinomial_train_fold1.7	2.1e-321	0.015030921154889984	2.54e-321	0.2131755356526041	0.7717935431925058
MSH6_multinomial_train_fold1.17	0.030195623730373232	0.0033935724756291403	0.04404005374329746	0.13172982651010945	0.7906409235405909
MSH2_multinomial_train_fold1.7	1.146e-321	0.015059397571769354	0.06216848058004408	0.17741258038957916	0.7453595414586074
MSH2_multinomial_train_fold1.8	1.53e-321	0.008716265635303411	0.07576862749221776	0.1834700697219067	0.7320450371505721
MLH1_multinomial_train_fold1.8	1.586e-321	0.0020257411126821364	1.44e-321	0.1782292052924404	0.8197450535948774
PMS2_multinomial_train_fold1.5	0.6294764176220495	9.898334962181358e-05	1.813e-321	7.36e-322	0.3704245990283287
MSH2_multinomial_train_fold1.9	2.456e-321	0.004474912651578833	0.05339504275213578	0.19517421932273266	0.7469558252735528
MSH6_multinomial_train_fold1.18	0.01280445111502903	0.009319982554456187	0.02611069780670901	0.15555571874242782	0.7962091497813779
MSH6_multinomial_train_fold1.19	2.349474980731787e-73	2.02e-321	0.05758372312480147	0.1345126869253746	0.807903589949824
PMS1_multinomial_train_fold1.8	0.05332567658918192	0.1431258862356623	0.468853630499824	0.1781991533359398	0.1564956533393919
PMS2_multinomial_train_fold1.6	0.6307804777516299	0.011294204178791518	2.72e-321	7.86e-322	0.35792531806957845
MSH6_multinomial_train_fold1.20	0.028908375635337644	0.024853336643429598	0.023757898967593276	0.120379347140384	0.8021010416132555
PMS2_multinomial_train_fold1.7	0.6253835377852301	5.798925249467865e-35	2.3261925911321069e-243	7.3e-322	0.37461646221476985
PMS2_multinomial_train_fold1.8	0.6332073732729745	0.00024815142483664823	3.23e-321	7.86e-322	0.36654447530218887
MSH6_multinomial_train_fold1.21	0.018445404888102916	0.00199544374361583	0.04596897492898082	0.15231646133718585	0.7812737151021146
MLH1_multinomial_train_fold1.9	3.84e-321	0.009591645464324053	0.007554946939327049	0.1907987932350428	0.7920546143613063
PMS2_multinomial_train_fold1.9	0.6091730908197815	0.008405577796861546	2.465e-321	7.7e-322	0.38242133138335693
MSH6_multinomial_train_fold1.22	0.04293834867149414	0.024392504629661433	0.0264355207655107	0.1256563567336705	0.7805772691996632
PMS1_multinomial_train_fold1.9	0.08906080451565729	0.17216810686591524	0.4455373275207375	0.10500718474323215	0.1882265763544578
MSH6_multinomial_train_fold1.23	5.9715977244257926e-102	0.008735807474402465	0.01756285018619572	0.14343987162645735	0.8302614707129444
MSH2_multinomial_train_fold1.10	1.4692151716654014e-171	0.012299421366328304	0.050603622236948025	0.18645879151342062	0.750638164883303
MLH1_multinomial_train_fold1.10	3.01e-321	0.003856569792103711	7.184509190049864e-285	0.21641946062869089	0.7797239695792054
MSH6_multinomial_train_fold1.24	0.021422527717911203	0.014571271944694616	0.026516524904908623	0.14469424889907276	0.7927954265334126
PMS2_multinomial_train_fold1.10	0.6158565748471357	0.008878466415604004	1.178121230060663e-250	7.6e-322	0.37526495873726023
PMS1_multinomial_train_fold1.10	5.888263086168199e-83	0.08575879796845004	0.5683683566360782	0.12476299374496531	0.22110985165050662
MSH6_multinomial_train_fold1.25	6.718507092269939e-128	0.000798205836956597	0.052562672477304125	0.130326243844611	0.8163128778411284
MSH6_multinomial_train_fold1.26	1.5531967299621578e-47	0.020489407859794424	0.029159078727906396	0.15928903174918865	0.7910624816631106
MLH1_multinomial_train_fold1.11	2.505e-321	0.013132022325892763	0.01994307210538829	0.18090184476803622	0.7860230608006827
MSH6_multinomial_train_fold1.27	0.008605959718456667	0.01590536704625985	0.027351736059208678	0.12762895554140366	0.8205079816346711
MSH6_multinomial_train_fold1.28	0.02279894627707918	0.0013235489343022386	0.04971250574660317	0.12595132875140275	0.8002136702906129
MSH2_multinomial_train_fold1.11	7.474720864503847e-142	2.787e-321	0.06968158450430614	0.1876326246895081	0.7426857908061857
MSH6_multinomial_train_fold1.29	1.2460483050656742e-176	0.016252319625520276	0.04749351768823477	0.13793307702570973	0.7983210856605352
MSH2_multinomial_train_fold1.12	1.947e-321	0.017044562332524438	0.06162735056537072	0.16822349480953494	0.75310459229257
MSH2_multinomial_train_fold1.13	2.016e-321	0.003414803810338989	0.06082445151676065	0.1810042640752473	0.7547564805976531
MSH2_multinomial_train_fold1.14	9.583900813030365e-174	0.013902740649618467	0.06299433075142896	0.1669300686452083	0.7561728599537441
MSH6_multinomial_train_fold1.30	0.014189316123396878	9.67414432840134e-310	0.05504535518660888	0.12225354615272813	0.8085117825372662
MSH6_multinomial_train_fold1.31	0.0005701285109358459	0.013976767335116514	0.033483120818237094	0.1186066327992633	0.8333633505364472
PMS2_multinomial_train_fold1.11	0.6119826936873782	1.73e-321	8.94e-322	7.1e-322	0.3880173063126218
MSH6_multinomial_train_fold1.32	8.078225e-318	0.011026647352770928	0.028021219578245864	0.16389939264473874	0.7970527404242443
MSH2_multinomial_train_fold1.15	1.135639453491207e-12	0.007532359350103256	0.07675113290128076	0.16023689837835547	0.755479609369125
MSH6_multinomial_train_fold1.33	0.05354934846039726	0.012231835718864265	0.03716956051685851	0.11140068747856999	0.78564856782531
MSH2_multinomial_train_fold1.16	2.816e-321	0.0016727353091958235	0.06133665230966686	0.19098745678660442	0.7460031555945329
PMS1_multinomial_train_fold1.11	3.410827871964712e-175	0.037714252307450104	0.6570605022282368	0.089967355534057	0.21525788993025627
MLH1_multinomial_train_fold1.12	2.525e-321	0.022814494120890608	1.635e-321	0.22376183349819798	0.7534236723809115
MLH1_multinomial_train_fold1.13	1.7145614561208512e-211	0.012575963740485498	4.156189615362685e-170	0.19052829281051012	0.7968957434490044
MSH2_multinomial_train_fold1.17	3.165840112553702e-69	0.006513350709729991	0.04721410691905709	0.1646233226109265	0.7816492197602863
MSH2_multinomial_train_fold1.18	4.4283037557291793e-157	6.82489423917029e-109	0.07295354334645848	0.17881064877110753	0.748235807882434
MSH2_multinomial_train_fold1.19	1.947e-321	0.003377203062100923	0.055063007381450355	0.1878371742272278	0.753722615329221
PMS1_multinomial_train_fold1.12	0.01613846468034781	0.04827491353045599	0.5663742689126754	0.1479977740410259	0.22121457883549497
MSH6_multinomial_train_fold1.34	0.021630641328962325	0.009586896651199127	0.06255779370627426	0.0998309663676986	0.8063937019458656
UNG_multinomial_train_fold1	2.994e-321	0.10582960600860729	0.34189513828351803	0.5287902818299726	0.02348497387790208
OGG1_multinomial_train_fold1	0.009278300161287887	0.7573699402578238	0.19787089836701446	0.025928183231899857	0.00955267798197427
OGG1_multinomial_train_fold1.1	0.070635291546308	0.8668561778881939	5.057844441937107e-57	0.023589809611428217	0.03891872095406991
UNG_multinomial_train_fold1.1	0.0400990654265694	0.0683834948429043	0.3232494384664997	0.5596885803487708	0.008579420915255879
UNG_multinomial_train_fold1.2	0.06128708703134846	0.11027251843128696	0.30800190945147415	0.5204384850858905	8.470913403021777e-40
OGG1_multinomial_train_fold1.2	0.014264719082205838	0.7504967772765986	0.1619874003983827	0.02556190361988118	0.047689199622931604
UNG_multinomial_train_fold1.3	0.040831818287442694	0.07062184493255633	0.28903529015082174	0.5177371194336617	0.08177392719551742
UNG_multinomial_train_fold1.4	1.5440984897911754e-39	0.1314528286608809	0.263792220943885	0.5481861847351968	0.056568765660037414
OGG1_multinomial_train_fold1.3	2.396e-321	0.8366178115248677	0.09438779801505483	0.0065944959067466636	0.06239989455333074
UNG_multinomial_train_fold1.5	1.7729162168118668e-255	0.12009732760004838	0.27736999303756243	0.5617502306295767	0.04078244873281239
UNG_multinomial_train_fold1.6	0.04846698066391504	0.17808874280190243	0.16819558114898675	0.5984490967411489	0.006799598644046757
OGG1_multinomial_train_fold1.4	4.4764770791412067e-125	0.7924489887414367	0.13600220019879206	3.444e-321	0.07154881105977144
UNG_multinomial_train_fold1.7	0.03159326706301432	0.11893333407345978	0.3171349802385056	0.49738548860068366	0.034952930024336595
OGG1_multinomial_train_fold1.5	0.016223298007042974	0.8329459594137636	0.12139195003785654	7.460513413940105e-145	0.02943879254133695
OGG1_multinomial_train_fold1.6	2.324282815646936e-244	0.7397384809651288	0.16971176971189478	0.02223496284076462	0.06831478648221175
UNG_multinomial_train_fold1.8	3.48e-321	0.12215926367916378	0.3018566689794886	0.5427598223909136	0.033224244950434106
UNG_multinomial_train_fold1.9	0.016521897418560732	0.12348808497276567	0.34874102608266583	0.47777330771747184	0.0334756838085359
OGG1_multinomial_train_fold1.7	0.030947773160183715	0.799503206817929	0.12332748852280531	0.03894641873253232	0.007275112766549533
OGG1_multinomial_train_fold1.8	0.0009787518166477953	0.792482018243506	0.14110135540583718	0.008819239758525653	0.056618634775483304
OGG1_multinomial_train_fold1.9	0.04499852900358317	0.760184790460032	0.12804298370312586	0.03179257622817223	0.0349811206050868
UNG_multinomial_train_fold1.10	9.625470105041417e-225	0.05933712378103272	0.36222919562472783	0.5698644448374348	0.008569235756804666
OGG1_multinomial_train_fold1.10	0.015958191653514274	0.8434347673073321	0.11236987954065553	0.006613197365900655	0.021623964132597335
OGG1_multinomial_train_fold1.11	0.03572875291690424	0.8577834815706179	0.0777332042726317	0.004859265551024979	0.023895295688821174
OGG1_multinomial_train_fold1.12	9.31859199388115e-310	0.9228641786409592	0.06744020412070086	2.937588770850916e-110	0.009695617238340004
UNG_multinomial_train_fold1.11	0.020031147715043218	0.05013880904004296	0.2894612809680148	0.640368762276899	2.727e-321
OGG1_multinomial_train_fold1.13	0.03651628536479845	0.902524306765743	3.605020744836379e-103	0.010537981866187587	0.05042142600327085
UNG_multinomial_train_fold1.12	4.447e-321	0.16506836976832198	0.2875724170342632	0.5010717804791188	0.04628743271829606
OGG1_multinomial_train_fold1.14	0.035747822673417765	0.7239572750900215	0.17623195100293276	0.03410326495634014	0.029959686277287758
UNG_multinomial_train_fold1.13	8.517830908827823e-176	0.11821150013724947	0.26505438243524737	0.6019755109985916	0.014758606428911575
OGG1_multinomial_train_fold1.15	0.0198383256476106	0.8799635997952943	0.003999865483020508	0.04435744334894162	0.051840765725132944
UNG_multinomial_train_fold1.14	2.06e-321	0.1782993741004501	0.11255914122973361	0.6586664030762096	0.050475081593606655
OGG1_multinomial_train_fold1.16	0.03913990020738104	0.7802994287293438	0.11679442194859858	0.0047032759944253015	0.059062973120251286
OGG1_multinomial_train_fold1.17	0.012019780621633324	0.884057977069949	0.02455811446708795	0.017131867457608817	0.062232260383720844
UNG_multinomial_train_fold1.15	0.00026397284289572735	0.09770716961530605	0.30582645663731256	0.5859467207402814	0.010255680164204297
OGG1_multinomial_train_fold1.18	3.109089201177027e-59	0.6487004898797545	0.2517539781989798	2.495646557445691e-137	0.09954553192126578
UNG_multinomial_train_fold1.16	0.04828208007678873	0.10177310834916044	0.3152366399756099	0.48038776293075813	0.05432040866768285
OGG1_multinomial_train_fold1.19	1.1827673629247414e-172	0.8030129977128971	0.1382386741737518	9.895039596725265e-148	0.05874832811335102
OGG1_multinomial_train_fold1.20	0.09627113405479755	0.7407054600688804	0.10852993594199312	0.01787562779663458	0.03661784213769446
OGG1_multinomial_train_fold1.21	0.013932955427497245	0.8391849963068211	0.08260635630872491	3.755e-321	0.06427569195695658
UNG_multinomial_train_fold1.17	0.05377760080899623	0.2243546125105356	0.13797315386856393	0.5838946328119042	2.436e-321
OGG1_multinomial_train_fold1.22	3.3337183758038036e-102	0.7718946002997904	0.17810129705933525	0.02087651772631605	0.02912758491455823
UNG_multinomial_train_fold1.18	5.873260251124591e-44	0.1011288620241139	0.2763499709443839	0.5683827040671059	0.0541384629643962
OGG1_multinomial_train_fold1.23	0.033459093214057455	0.8455502768478754	0.07257251989731939	0.02835144831361278	0.020066661727134887
UNG_multinomial_train_fold1.19	0.03510428100580234	0.09918908519701443	0.21144510094324612	0.6182074913912717	0.03605404146266537
UNG_multinomial_train_fold1.20	2.485e-321	0.08559853748484933	0.3018034503030494	0.5590617136991454	0.05353629851295582
UNG_multinomial_train_fold1.21	4.9724481139748126e-303	0.07588070814888058	0.30366748205952854	0.559149374470946	0.06130243532064498
UNG_multinomial_train_fold1.22	3.18e-321	0.09736421460580079	0.23044561598154378	0.6255851478911085	0.04660502152154686
OGG1_multinomial_train_fold1.24	9.797315461250816e-264	0.8808377072894448	0.04178798190255195	0.011991331084455782	0.06538297972354741
OGG1_multinomial_train_fold1.25	5.14e-321	0.858862462916043	0.08191965862303476	0.04403506001013597	0.015182818450786435
OGG1_multinomial_train_fold1.26	3.093e-321	0.923287673844218	4.236762798131997e-227	5.1158533478891426e-98	0.07671232615578201
UNG_multinomial_train_fold1.23	1.95e-321	0.21374010276925576	0.181067985904635	0.5164703203271152	0.08872159099899407
OGG1_multinomial_train_fold1.27	0.007356313384885814	0.8358624552524306	0.12471073575197258	0.03207049561071095	1.9752185009165495e-75
OGG1_multinomial_train_fold1.28	0.054618251679194076	0.8174955199859685	0.06881603328064692	0.05907019505419046	2.935e-321
UNG_multinomial_train_fold1.24	2.57e-321	0.09685469239703573	0.28529777084943964	0.6178475367535247	8.78623411164439e-158
UNG_multinomial_train_fold1.25	0.0456619910294113	0.09181645813096792	0.3312364588437205	0.4900903603128818	0.04119473168301857
UNG_multinomial_train_fold1.26	4.2927559572707764e-278	0.07958488372619993	0.31635066634522924	0.589753620460274	0.014310829468296956
OGG1_multinomial_train_fold1.29	0.01506949103154829	0.7728662674062825	0.18959317537406087	4.44e-321	0.022471066188108506
OGG1_multinomial_train_fold1.30	0.02188521232796709	0.7645416064316274	0.17783757828602023	0.02108016192106707	0.014655441033318154
UNG_multinomial_train_fold1.27	2.846e-321	0.11753968554136915	0.2843335157521573	0.49309925693517354	0.10502754177129998
UNG_multinomial_train_fold1.28	1.31251716e-316	0.16466126280359006	0.24695710945623092	0.5351461001975036	0.0532355275426753
OGG1_multinomial_train_fold1.31	0.02250135146792741	0.693836889198082	0.2016923563440747	3.491669161572232e-150	0.08196940298991595
UNG_multinomial_train_fold1.29	8.94e-322	0.10416727961780384	0.2710290197223485	0.5374415887635614	0.08736211189628633
OGG1_multinomial_train_fold1.32	4.5078982311708296e-82	0.8210424457807068	0.12567721003115867	0.025310657458000593	0.02796968673013386
UNG_multinomial_train_fold1.30	8.816109210111251e-269	0.12392095564742817	0.2941898945552171	0.5818891497973548	3.275956385617864e-76
OGG1_multinomial_train_fold1.33	3.65e-321	0.9195589187113896	2.532983581055333e-96	0.007124381595739624	0.07331669969287077
OGG1_multinomial_train_fold1.34	0.03899357306316148	0.8440590573597635	0.08782611236822452	4.41e-321	0.02912125720885051
OGG1_multinomial_train_fold1.35	0.016703503861705642	0.7957932943257824	0.08898274839269923	0.08097912021047371	0.017541333209339007
UNG_multinomial_train_fold1.31	4.943301439962962e-169	0.14147106901293158	0.25527677384300135	0.557035507568385	0.04621664957568205
OGG1_multinomial_train_fold1.36	1.7013531030611685e-81	0.8788118303451075	0.057384729073304074	0.02531797280016847	0.038485467781420174
OGG1_multinomial_train_fold1.37	1.67e-321	0.7685565458665999	0.18498242904849022	1.245e-321	0.046461025084909686
OGG1_multinomial_train_fold1.38	3.142237616605979e-06	0.8353468770634552	0.12489964960065829	4.5913131862902505e-180	0.03975033109826973
UNG_multinomial_train_fold1.32	0.005291086434448869	0.07607231942023687	0.3819203483441961	0.5073981469285458	0.029318098872572494
OGG1_multinomial_train_fold1.39	0.022462879839406043	0.8079966685533454	0.09340477444919809	0.03693493772259073	0.03920073943545966
UNG_multinomial_train_fold1.33	3.157e-321	0.13815710266603518	0.19510161215767016	0.6476411248363528	0.019100160339941864
UNG_multinomial_train_fold1.34	2.006e-321	0.15046941782877007	0.19926209137520776	0.6158587100136206	0.03440978078240154
OGG1_multinomial_train_fold1.40	1.7840545920980187e-204	0.7555023378043224	0.194278377233732	0.013622919814098786	0.03659636514784676
UNG_multinomial_train_fold1.35	1.358658407262109e-258	0.13810282024420104	0.28284610492369217	0.5244582809949705	0.05459279383713632
OGG1_multinomial_train_fold1.41	0.04029516767882746	0.8112389750490745	0.14076593719230632	7.64043985679785e-152	0.007699920079791553
OGG1_multinomial_train_fold1.42	1.1079330142311293e-220	0.8219661157512771	0.11216417715204222	3.933e-321	0.0658697070966806
OGG1_multinomial_train_fold1.43	0.0274076676227918	0.8428934829227629	0.0765899173045986	0.024902877391865492	0.02820605475798132
OGG1_multinomial_train_fold1.44	9.811698329228658e-281	0.9117257345619983	5.1e-322	0.033109612360557907	0.055164653077443775
OGG1_multinomial_train_fold1.45	3.533e-321	0.8963560091469288	0.04516316629174132	0.03764667640178331	0.020834148159546536
UNG_multinomial_train_fold1.36	4.783e-321	0.1581736961882124	0.2748471071615398	0.5371107824715903	0.029868414178657425
UNG_multinomial_train_fold1.37	0.00889588957278664	0.18376889460531823	0.1487673169771483	0.5635847191286735	0.09498317971607342
UNG_multinomial_train_fold1.38	1.51e-321	0.14200928873133176	0.3004353546773902	0.5534161981047709	0.004139158486507122
OGG1_multinomial_train_fold1.46	2.97e-321	0.8682877578097051	0.043214126144608	0.013343353132069018	0.07515476291361786
OGG1_multinomial_train_fold1.47	0.04856634430518052	0.7493547768647162	0.15337414804365795	0.040642191726572865	0.008062539059872463
UNG_multinomial_train_fold1.39	4.22017889975489e-275	0.09321951100794289	0.21346131774513782	0.6417874077729739	0.05153176347394537
UNG_multinomial_train_fold1.40	0.031079660815599583	0.14933349665415158	0.31784279395427656	0.5017440485759724	2.379482009117016e-96
UNG_multinomial_train_fold1.41	3.824e-321	0.16858987355558594	0.20086583661333807	0.5965178572047443	0.03402643262633155
UNG_multinomial_train_fold1.42	7.054676508657359e-245	0.15840235845231984	0.30828598799708284	0.47548497352564445	0.057826680024952865
UNG_multinomial_train_fold1.43	4.41e-321	0.0989447536915911	0.2881696195534488	0.5497589011097453	0.06312672564521461
UNG_multinomial_train_fold1.44	0.018977615469534283	0.1606105565613106	0.2979616313557739	0.5224500928653012	1.0374808020953019e-07
UNG_multinomial_train_fold1.45	0.00845603349393734	0.09138636905341568	0.3464770232085559	0.52573126247465	0.027949311769441043
UNG_multinomial_train_fold1.46	9.7e-322	0.19837938810617498	0.14649394775020586	0.6132039954446973	0.04192266869892171
UNG_multinomial_train_fold1.47	0.005715609830111469	0.20906709236569604	0.14725545609160048	0.5437267281543251	0.09423511355826686
UNG_multinomial_train_fold1.48	3.384e-321	0.13790405338333922	0.2470164754255446	0.6013448876458029	0.01373458354531334
OGG1_multinomial_train_fold1.48	0.049448924587034274	0.8139421591415246	0.07918777583319982	0.014180760025097125	0.043240380413144076
RNF168_multinomial_train_fold1	0.624153937679463	0.047236729658580306	0.1822013415227034	0.07515588833002222	0.07125210280923105
RNF168_multinomial_train_fold1.1	0.6749007579622459	0.07419876039230874	0.08783058637459044	0.12763025107894732	0.0354396441919076
RNF168_multinomial_train_fold1.2	0.7188655317082	0.013878714853440841	0.11659505004960334	0.0973656819517958	0.053295021436959966
RNF168_multinomial_train_fold1.3	0.7446002594766169	0.09636482551921885	0.035343898364301	0.12369101663986314	1.668989651482239e-194
RNF168_multinomial_train_fold1.4	0.6619341285524318	0.12775355661017573	8.617517888426896e-275	0.17799960684403537	0.03231270799335702
RNF168_multinomial_train_fold1.5	0.6839894775355262	0.062224146917464127	0.07888025687481187	0.13499660839911531	0.039909510273082476
RNF168_multinomial_train_fold1.6	0.6988010423246562	0.03887937374778875	0.13332737843157866	0.12899220549597631	7.779200355591019e-220
RNF168_multinomial_train_fold1.7	0.6753934222509678	0.07682646085479468	0.05464107728243917	0.17787971309232292	0.015259326519475501
RNF168_multinomial_train_fold1.8	0.7281672608190071	0.0524968524939463	0.037417963469435774	0.13458842124489598	0.04732950197271485
RNF168_multinomial_train_fold1.9	0.7652750826602484	0.09527931299070651	0.0022190273387851546	0.1353975463986077	0.0018290306116523288
