Samples	SBS96A	SBS96B	SBS96C	SBS96D	SBS96E
EXO1_real_train_fold1	0.12783653982255866	0.5785405642637912	0.1405550515429721	0.04346071870225119	0.10960712566842686
OGG1_real_train_fold1	2.925e-321	3.325e-321	0.06255382767480656	0.6114517223527814	0.3259944499724121
RNF168_real_train_fold1	0.07977986625422408	0.5494486908738438	0.1551844548979144	0.062313999118365423	0.15327298885565216
UNG_real_train_fold1	0.1896417347672176	0.10205446363977792	0.3701010744787572	0.09377061342601196	0.24443211368823517
ATP2B4_real_train_fold1	0.03716875687998651	0.14468829114356552	0.36198011147380726	0.2538702157636912	0.20229262473894954
ATP2B4_real_train_fold1.1	0.08304461586964651	0.08906527003809833	0.3939194491927237	0.38065656635347694	0.05331409854605437
MLH1_real_train_fold1	0.8679301308823945	0.03387122054699257	0.06927064291975725	0.016398344910251512	0.012529660740604298
MSH2_real_train_fold1	0.82315748164811	0.005626631687854276	0.1240702259893674	0.013965026183459028	0.03318063449120926
MSH6_real_train_fold1	0.8309462103215121	0.0479058600644373	0.0789397846484632	0.021927920472381984	0.02028022449320549
MSH6_real_train_fold1.1	0.8421081792092806	0.06313711140868715	0.056515702364386806	0.03823900701764537	1.1254145063435293e-38
PMS1_real_train_fold1	0.1982384580339872	0.03567098397016402	0.4134500968457855	0.21900467625171227	0.1336357848983511
PMS2_real_train_fold1	0.4161042086224638	0.5040835043491311	0.04114205891562168	0.038670228112783436	1.15e-321
EXO1_dirichlet_train_fold1	0.09380674952911955	0.6196101002525706	0.036198886865660064	0.19403648464187806	0.056347778710771776
RNF168_dirichlet_train_fold1	0.07510851949666907	0.5588439266716614	0.23771709056631085	0.02195241508437047	0.10637804818098827
RNF168_dirichlet_train_fold1.1	0.05579895152261655	0.6474369446997339	0.05378431619201556	0.1454098867305977	0.09756990085503617
EXO1_dirichlet_train_fold1.1	0.13492170042250767	0.47355714728852194	0.24366830809288773	0.05890362590399607	0.08894921829208663
RNF168_dirichlet_train_fold1.2	1.833e-321	0.7241517249583918	0.08028876725989192	0.0999705626728259	0.0955889451088905
RNF168_dirichlet_train_fold1.3	0.08680049034474936	0.5991704071522044	0.04874095731984762	0.08610269595497085	0.17918544922822768
RNF168_dirichlet_train_fold1.4	0.0552760180652554	0.6087872405317556	0.13155380514252019	0.050523151004814096	0.15385978525565466
RNF168_dirichlet_train_fold1.5	0.1319628445766105	0.5429586908046001	0.09242531912614281	8.05e-322	0.2326531454926465
RNF168_dirichlet_train_fold1.6	1.443e-321	0.5030828848806015	0.1519057203963852	0.011004134325227266	0.33400726039778605
RNF168_dirichlet_train_fold1.7	0.12663618591018785	0.6116546781442891	0.10178034823523356	0.11529952550571365	0.04462926220457575
RNF168_dirichlet_train_fold1.8	0.07031330702593586	0.5457910546302921	0.0325678125512843	0.06114685749093129	0.2901809683015565
EXO1_dirichlet_train_fold1.2	0.19717889703705396	0.383892156351189	0.11523494540916328	5.4e-322	0.30369400120259393
EXO1_dirichlet_train_fold1.3	0.14805282932029612	0.6768576673155865	0.08009472126377153	0.057853597369905106	0.03714118473044061
RNF168_dirichlet_train_fold1.9	0.023065555519309878	0.48733489818902487	0.11034529610282107	0.1129126336437837	0.26634161654506044
EXO1_dirichlet_train_fold1.4	0.15832387916431198	0.474853223893146	0.20043899648850233	1.44013755999973e-285	0.1663839004540398
EXO1_dirichlet_train_fold1.5	0.10027507523066151	0.7080347582431733	0.048474169141760816	0.0334800604054956	0.10973593697890868
EXO1_dirichlet_train_fold1.6	0.024948289531391696	0.6768895822584979	0.12124395819920501	0.007285408571770523	0.16963276143913494
EXO1_dirichlet_train_fold1.7	0.26291574817256025	0.5551804336381141	0.08027998259613982	3.79e-321	0.10162383559318584
EXO1_dirichlet_train_fold1.8	0.2051768983047856	0.5784195305010356	0.15080762465983957	1.255e-321	0.06559594653433944
RNF168_dirichlet_train_fold1.10	0.17758466425989858	0.4655212361372688	0.18347688454928746	0.0406121043457836	0.13280511070776146
EXO1_dirichlet_train_fold1.9	0.26011424634291674	0.5221503149796791	0.0427927887384354	0.16126253105956231	0.013680118879406343
RNF168_dirichlet_train_fold1.11	0.1542731372613076	0.5445244443345139	0.14994259773273272	0.063628114125588	0.08763170654585782
RNF168_dirichlet_train_fold1.12	0.010101719483151028	0.5599528234460526	0.19967492028887202	0.06850572532540868	0.16176481145651578
EXO1_dirichlet_train_fold1.10	0.1290515208757902	0.6342541633939195	0.11082473274755857	0.06330861864849516	0.06256096433423661
EXO1_dirichlet_train_fold1.11	0.028434893348029542	0.5514391976461124	0.1983561991718386	0.014762164958334859	0.20700754487568468
RNF168_dirichlet_train_fold1.13	0.1964409352131427	0.5289327508652291	0.09818575667129006	1.166e-321	0.1764405572503381
RNF168_dirichlet_train_fold1.14	0.12242206206583953	0.6086058235473161	0.21767059976239775	0.051301514624446536	5.43e-322
RNF168_dirichlet_train_fold1.15	0.011276846993163982	0.580240848098047	0.2829307106858944	0.020001781625576368	0.10554981259731824
RNF168_dirichlet_train_fold1.16	0.13815770307332226	0.4300986713161914	0.30687183149541936	0.06431934356047755	0.0605524505545893
EXO1_dirichlet_train_fold1.12	0.07378139468460974	0.661281364427198	0.10152311868076593	0.1300381424679817	0.03337597973944468
RNF168_dirichlet_train_fold1.17	0.2056941759769949	0.43867592009787926	0.06719849919480837	0.07900140008700057	0.20943000464331687
EXO1_dirichlet_train_fold1.13	0.09043683225843806	0.6591565527323948	0.11167567391822626	0.024623137951944162	0.11410780313899675
RNF168_dirichlet_train_fold1.18	0.02739936938760822	0.6170760344674927	0.10272651662556	0.10456794317390825	0.14823013634543086
EXO1_dirichlet_train_fold1.14	0.19832217267986774	0.4980191350844727	0.14288451723893011	0.1607741749967294	1.714e-321
RNF168_dirichlet_train_fold1.19	0.15903366642667077	0.47428075802029823	0.11939297478850716	0.0903855176476359	0.15690708311688803
RNF168_dirichlet_train_fold1.20	0.10061860486914205	0.3341345489344224	0.17231332871167104	0.12673489896289117	0.2661986185218734
EXO1_dirichlet_train_fold1.15	0.20962598469700233	0.48219834908966974	0.2488891137277284	0.026517898520706348	0.03276865396489326
RNF168_dirichlet_train_fold1.21	0.07044227555319008	0.6846142948440177	0.08197490698310698	0.031166081188795502	0.13180244143088968
RNF168_dirichlet_train_fold1.22	0.057778595337921505	0.6168928070331323	0.1909249113576405	0.0853502413503242	0.049053444920981244
EXO1_dirichlet_train_fold1.16	0.12514044061721152	0.6821260880625111	0.06566167677203504	0.07264244790749828	0.0544293466407441
EXO1_dirichlet_train_fold1.17	0.16281975292020529	0.5396262208964158	0.19605089675510942	4e-322	0.10150312942826951
RNF168_dirichlet_train_fold1.23	0.0037917730165030784	0.561734430640184	0.10966366564301847	0.020876390795067624	0.3039337399052267
EXO1_dirichlet_train_fold1.18	0.11438744494122005	0.5407749519515038	0.1511478980564768	0.06978328843101671	0.12390641661978259
RNF168_dirichlet_train_fold1.24	0.10934754468054524	0.5477672578605574	0.17113812086486627	0.07221729519836462	0.09952978139566668
RNF168_dirichlet_train_fold1.25	0.007455684740328079	0.6525420421843797	0.2170296339296825	0.12297263914560973	3.176779937873406e-92
RNF168_dirichlet_train_fold1.26	0.1864000871517972	0.4689397266135671	0.09492131444623288	0.026771563784481662	0.22296730800392123
RNF168_dirichlet_train_fold1.27	0.10934304727465237	0.4612330336093171	0.24450234821464575	2.8891629437312814e-185	0.18492157090138472
RNF168_dirichlet_train_fold1.28	1.612673911054867e-144	0.5292555155570473	0.31715727233156926	0.07523306903788839	0.078354143073495
EXO1_dirichlet_train_fold1.19	0.137674749828348	0.44980739924135416	0.199985327230315	2.5e-322	0.21253252369998288
RNF168_dirichlet_train_fold1.29	0.0014789757437217333	0.6800133585875379	0.10666724045195593	0.04015796670430133	0.17168245851248312
EXO1_dirichlet_train_fold1.20	0.29167835660967345	0.4691804365438903	0.16661359650943516	0.00229129378689137	0.07023631655010969
RNF168_dirichlet_train_fold1.30	0.11152955693852126	0.5229639604579257	0.29999867538212643	0.05903139896060477	0.006476408260822016
RNF168_dirichlet_train_fold1.31	0.01851081937576421	0.7321812720908448	0.08324676997137168	0.015889930120065815	0.1501712084419536
RNF168_dirichlet_train_fold1.32	0.08862601541488437	0.4638594665702448	0.27391172292767885	0.09118862139881748	0.08241417368837456
RNF168_dirichlet_train_fold1.33	0.12627112509900512	0.5448581185474107	0.16058277681856248	0.09161537489052418	0.0766726046444976
EXO1_dirichlet_train_fold1.21	0.09817090201776034	0.4637748508896308	0.23749248232812048	0.17342937919813078	0.027132385566357723
RNF168_dirichlet_train_fold1.34	0.13532971124618967	0.6082888524128816	0.1568472549082151	0.052437743213547605	0.04709643821916609
EXO1_dirichlet_train_fold1.22	0.24342869322533842	0.48957573503216245	0.08715637357856951	0.003701032348746466	0.1761381658151831
EXO1_dirichlet_train_fold1.23	0.18255405797424032	0.5596333434794459	0.1678528924714481	0.013623373025660319	0.07633633304920542
RNF168_dirichlet_train_fold1.35	0.12759106018397257	0.2703857241371459	0.27390995910802485	0.0823716021068769	0.24574165446397978
RNF168_dirichlet_train_fold1.36	0.13691959361454076	0.579366316858745	0.06359380905178481	0.13630348171063128	0.0838167987642982
EXO1_dirichlet_train_fold1.24	4.363e-321	0.7477184835905325	0.11075408447097423	0.01645915150981706	0.12506828042867627
RNF168_dirichlet_train_fold1.37	0.11879072467736576	0.6284458913996792	0.08764708845554495	0.057403983225877	0.1077123122415331
EXO1_dirichlet_train_fold1.25	0.06910527258854796	0.7078588136682387	0.037719922017594526	0.011770893936468742	0.17354509778915003
RNF168_dirichlet_train_fold1.38	0.10941619584013916	0.5228270784248665	0.13904314875419344	0.13216145373793595	0.0965521232428649
EXO1_dirichlet_train_fold1.26	0.034346468290125505	0.7708907500169713	0.04157881077214775	0.06376217322245119	0.08942179769830427
EXO1_dirichlet_train_fold1.27	0.05967521443974322	0.60164321888148	0.27302509532310987	0.02220648244799126	0.04344998890767569
EXO1_dirichlet_train_fold1.28	0.12471351650890115	0.6877455239443644	0.10418240762900981	0.07898026141117134	0.004378290506553399
EXO1_dirichlet_train_fold1.29	0.05902879483124967	0.6190074664794539	0.1646596369942401	0.07297916791771138	0.08432493377734496
EXO1_dirichlet_train_fold1.30	0.11075323633697577	0.6798108945821708	0.08588436137575324	0.010168125885890176	0.11338338181920984
RNF168_dirichlet_train_fold1.39	0.3660450284321841	0.2975562234303194	0.1053036045059651	0.004852198888581231	0.2262429447429502
RNF168_dirichlet_train_fold1.40	0.13927477724096643	0.5554014946713925	0.13504504469234285	0.07029367911017921	0.0999850042851189
EXO1_dirichlet_train_fold1.31	0.0749424311685481	0.5263435247045004	0.1017227778253399	0.10827230592940673	0.18871896037220479
EXO1_dirichlet_train_fold1.32	0.2599326495242511	0.5159145468655131	0.12487168397552273	0.04666267143616391	0.05261844819854916
EXO1_dirichlet_train_fold1.33	0.058541271315313365	0.6577274151986089	0.10679831507122595	0.14986832746766612	0.027064670947185756
RNF168_dirichlet_train_fold1.41	0.17752211904441914	0.530549330175512	0.09836737356965178	0.05015614689611569	0.14340503031430143
RNF168_dirichlet_train_fold1.42	0.07659958115423449	0.5286154112182606	0.09003208926248868	0.028046602325511896	0.2767063160395043
EXO1_dirichlet_train_fold1.34	0.20348640158268075	0.6036404093835582	0.15331497732979593	0.00959569359550822	0.02996251810845666
RNF168_dirichlet_train_fold1.43	0.009951619285088979	0.655862268463725	0.05535111003547437	0.03738951527617213	0.2414454869395397
EXO1_dirichlet_train_fold1.35	0.14631384477854636	0.5792924079795607	0.13606956811057055	0.004933428985958435	0.13339075014536403
EXO1_dirichlet_train_fold1.36	0.07061001028111542	0.4832227437736203	0.20987398640669286	0.12994409774383234	0.10634916179473919
RNF168_dirichlet_train_fold1.44	0.043613592507435815	0.567167202313195	0.21001651580695527	0.06624320699602783	0.11295948237638614
EXO1_dirichlet_train_fold1.37	0.05609529654070454	0.5890957997852555	0.11035047336368702	0.04154901706053605	0.20290941324981698
RNF168_dirichlet_train_fold1.45	0.09955862525280851	0.6327612012037338	0.090252738765479	0.025600831833063775	0.15182660294491507
RNF168_dirichlet_train_fold1.46	0.07759519522455309	0.4887868362648794	0.28478797958953905	0.017918495697464426	0.13091149322356405
RNF168_dirichlet_train_fold1.47	0.11942323614540237	0.5774491144234868	1.4844384495514805e-106	0.1562026789943931	0.1469249704367177
RNF168_dirichlet_train_fold1.48	0.01073175414112158	0.5676249836917154	0.17768003623527343	0.1524832546459512	0.09147997128593831
RNF168_dirichlet_train_fold1.49	0.05059091354941344	0.6901630515650323	0.10722653528589694	0.002296119488096636	0.1497233801115607
RNF168_dirichlet_train_fold1.50	0.14061956196482966	0.5121653577015315	0.27523149804300534	0.021955034397098942	0.050028547893534545
EXO1_dirichlet_train_fold1.38	0.030692881958578368	0.45931053678514866	0.17562531220273261	0.11762906533840578	0.21674220371513464
RNF168_dirichlet_train_fold1.51	0.20012783531586745	0.4618814469735435	0.07136707984797593	0.11119642748715969	0.15542721037545348
RNF168_dirichlet_train_fold1.52	0.29559229261067654	0.22737970601298507	0.10725720961696246	0.17492162209975087	0.19484916965962493
EXO1_dirichlet_train_fold1.39	0.08880305266529055	0.6759076585834544	0.09702495896816031	4.5e-322	0.13826432978309489
EXO1_dirichlet_train_fold1.40	0.09402569541446232	0.7094865919716937	0.04297481047632658	0.04439696452250336	0.1091159376150141
RNF168_dirichlet_train_fold1.53	1.334e-321	0.6381918426804435	0.08225600262461115	0.03150863098438356	0.2480435237105619
EXO1_dirichlet_train_fold1.41	0.07489759012245098	0.6407400062808071	0.11996228452386831	0.10778895229807639	0.056611166774797224
EXO1_dirichlet_train_fold1.42	0.17473058546209289	0.6491422860408562	0.05524903178108956	0.11543320937371772	0.005444887342243652
RNF168_dirichlet_train_fold1.54	3.95e-322	0.2761490099786926	0.4116121247743436	0.038146240912660404	0.2740926243343034
OGG1_dirichlet_train_fold1	1.98e-321	0.003055410467928393	0.11251026415814183	0.6367148345904998	0.2477194907834301
UNG_dirichlet_train_fold1	0.21095259902959557	0.1310378017610034	0.4050163740639836	0.05480114882625648	0.19819207631916078
UNG_dirichlet_train_fold1.1	0.19806143288255598	0.11957678032860627	0.32163558245680357	0.1271670977582051	0.23355910657382906
UNG_dirichlet_train_fold1.2	0.12958757564411535	0.0805806728566258	0.472310968800142	0.12219541121661609	0.1953253714825006
OGG1_dirichlet_train_fold1.1	4.25e-322	0.07891428505538543	0.24823151875163413	0.4939177470840803	0.17893644910890005
UNG_dirichlet_train_fold1.3	0.2126884831982829	0.11988644384976875	0.38164524421848767	0.10681855117423299	0.17896127755922767
OGG1_dirichlet_train_fold1.2	9.3e-322	0.031283029159118986	0.054919725669949813	0.6086127117034682	0.3051845334674631
OGG1_dirichlet_train_fold1.3	7.5e-322	3.51e-321	0.11543119992996459	0.4659561621723567	0.41861263789767855
UNG_dirichlet_train_fold1.4	0.0645909132044966	0.0774140326224818	0.41223423564304507	0.10781706653944495	0.33794375199053156
UNG_dirichlet_train_fold1.5	1.3402173482300148e-34	0.05193952744861364	0.5110812623321492	0.16291295972727532	0.27406625049196187
OGG1_dirichlet_train_fold1.4	8.15e-322	6.7e-322	0.06520007703782861	0.7769083050569392	0.1578916179052323
OGG1_dirichlet_train_fold1.5	1.966e-321	3.177e-321	0.1334305285765067	0.6687975215474902	0.19777194987600316
UNG_dirichlet_train_fold1.6	0.2556952090369342	0.23859953701361647	0.22110612106484523	0.1179774845397639	0.1666216483448401
UNG_dirichlet_train_fold1.7	0.2317951067737662	0.01944412735514904	0.4479157042570442	0.11062418227991429	0.19022087933412632
UNG_dirichlet_train_fold1.8	0.28039186558747425	0.05050529033752828	0.2811413503145246	0.22783069300178224	0.1601308007586908
OGG1_dirichlet_train_fold1.6	9.54e-322	2.337e-321	0.022739075694395986	0.7580512068368058	0.21920971746879817
UNG_dirichlet_train_fold1.9	0.201234818972679	2.503491607033142e-19	0.3612176807680956	0.026451407020365945	0.41109609323885954
OGG1_dirichlet_train_fold1.7	7.86e-322	1.2196009780001357e-298	0.22168122182741784	0.5467755246430013	0.23154325352958108
UNG_dirichlet_train_fold1.10	0.22335600059591065	0.09326006949819128	0.317772211237916	0.08263868166532569	0.28297303700265636
OGG1_dirichlet_train_fold1.8	0.06837058246039074	4.185e-321	0.05536134775547791	0.7372581603505395	0.13900990943359193
UNG_dirichlet_train_fold1.11	0.20637750769079757	0.012502377849872475	0.37128904277480435	0.10180154507636904	0.30802952660815647
OGG1_dirichlet_train_fold1.9	0.04949059521612445	0.10671326115252386	5.575662214956315e-159	0.6383536608101673	0.20544248282118446
OGG1_dirichlet_train_fold1.10	2.297e-321	0.014962299863360121	1.5e-322	0.6684906811138842	0.3165470190227557
OGG1_dirichlet_train_fold1.11	0.09058004667904754	0.07758083976047737	0.14797354471923177	0.5350109823425538	0.14885458649868952
UNG_dirichlet_train_fold1.12	0.1617045920331446	0.26858715273416156	0.24993128873012496	0.18333397429712142	0.13644299220544753
UNG_dirichlet_train_fold1.13	0.1758047093464676	0.17501288130031015	0.3707242238730182	0.09460667618436784	0.18385150929583638
UNG_dirichlet_train_fold1.14	0.14851641016464306	0.11129225020401899	0.39219467123913976	0.08960421411342749	0.2583924542787708
OGG1_dirichlet_train_fold1.12	4.05e-322	0.07386867776916578	4.437685716595348e-231	0.5398692798838856	0.38626204234694855
OGG1_dirichlet_train_fold1.13	0.00043922081277385585	1.2948852803849603e-16	1.674071926533219e-59	0.7107011618744241	0.2888596173128021
UNG_dirichlet_train_fold1.15	0.15033880689607798	3.41e-321	0.5128495215132236	0.06466082146405272	0.27215085012664586
UNG_dirichlet_train_fold1.16	0.3268549701226409	0.024418622526037655	0.41380918847174497	0.0407550827507251	0.19416213612885128
UNG_dirichlet_train_fold1.17	0.2804843032030833	0.07230728692483213	0.23426200316573995	0.2879995002382416	0.12494690646810303
OGG1_dirichlet_train_fold1.14	0.10891018501052427	1.93e-321	0.10434147030650913	0.44937990724056875	0.33736843744239786
UNG_dirichlet_train_fold1.18	0.10447293146954108	0.0997057022361898	0.5109349651402761	0.07540915324641134	0.2094772479075817
OGG1_dirichlet_train_fold1.15	4.3e-322	3.2664485057985634e-110	0.2084172244558639	0.589497977308672	0.20208479823546427
UNG_dirichlet_train_fold1.19	0.3958290642814356	0.006599257529166217	0.28731406016362526	0.01922798539070319	0.29102963263506976
OGG1_dirichlet_train_fold1.16	3.95e-322	0.02073332821972127	0.16436943934349632	0.47961174690913155	0.33528548552765086
UNG_dirichlet_train_fold1.20	0.26701432826048355	0.09212925002906004	0.25432274266937455	0.1251359667047212	0.2613977123363608
UNG_dirichlet_train_fold1.21	0.28298824490313995	0.025387119691786485	0.36409053478407827	0.16788646931865067	0.15964763130234463
OGG1_dirichlet_train_fold1.17	0.02430817003969884	1.16e-321	0.2854676772565298	0.40310417935434284	0.2871199733494285
UNG_dirichlet_train_fold1.22	0.23603929974515386	2.727e-321	0.5484614340671471	5.229221673906222e-100	0.21549926618769896
UNG_dirichlet_train_fold1.23	0.5233624404239553	4.84e-322	0.2561576822189032	0.08063736678164152	0.13984251057549996
UNG_dirichlet_train_fold1.24	0.20994952822953156	0.08046919456588815	0.3340711518978068	0.12248363450933202	0.25302649079744155
OGG1_dirichlet_train_fold1.18	9.24e-322	4.801964699840356e-67	6.4e-322	0.5520176868995574	0.4479823131004427
UNG_dirichlet_train_fold1.25	0.26684172021736	0.15241012098999537	0.4506878978058484	0.012961021993003051	0.11709923899379303
OGG1_dirichlet_train_fold1.19	0.04296338890815248	3.434e-321	0.057070361892400834	0.6115971577823849	0.28836909141706174
UNG_dirichlet_train_fold1.26	0.21886998659725843	0.16780996319045433	0.3590462839901596	0.0970110068093271	0.1572627594128007
OGG1_dirichlet_train_fold1.20	3.46e-322	1.067e-321	7.46e-322	0.5012610024265964	0.4987389975734035
UNG_dirichlet_train_fold1.27	0.33144582187315885	3.25e-321	0.30541833778488486	0.05016498489878475	0.3129708554431715
OGG1_dirichlet_train_fold1.21	0.01615325347437797	0.021239101971272562	4.94e-322	0.5144111719724187	0.4481964725819308
OGG1_dirichlet_train_fold1.22	0.0071285887331638135	0.11939755283008277	0.007814778531419762	0.6180305891661995	0.24762849073913432
UNG_dirichlet_train_fold1.28	0.27988948696854954	0.14663586362380798	0.2876951987683132	0.15730163696435112	0.12847781367497818
UNG_dirichlet_train_fold1.29	0.10630221704529533	0.10512468757049799	0.38198797256551564	0.26115679496323296	0.14542832785545795
OGG1_dirichlet_train_fold1.23	1.443e-321	0.04355284301566691	0.04489994458511542	0.6451958456050711	0.2663513667941465
OGG1_dirichlet_train_fold1.24	0.03901860364467627	0.1142376881484506	0.17317992522925066	0.6319044990356523	0.04165928394197018
OGG1_dirichlet_train_fold1.25	7.4e-322	5.8e-322	3.9e-322	0.5375625738139035	0.4624374261860965
OGG1_dirichlet_train_fold1.26	0.08979238210721638	6.907e-321	4.809744305341471e-298	0.5352530542429583	0.3749545636498253
UNG_dirichlet_train_fold1.30	0.07932286072773496	0.041851932247642824	0.4934812425276722	6.753275322685778e-260	0.38534396449694996
OGG1_dirichlet_train_fold1.27	2.19e-321	0.049117756380073666	0.027346564679068385	0.806169781194529	0.11736589774632909
OGG1_dirichlet_train_fold1.28	1.7157944154952605e-301	0.12605681290110363	0.04834432779620421	0.47064924494829496	0.35494961435439704
UNG_dirichlet_train_fold1.31	0.21978466307858086	0.13798965141756664	0.5748795238458067	0.055726758785672396	0.011619402872373402
UNG_dirichlet_train_fold1.32	0.12776121623431042	0.0863878779702088	0.36404096026784	0.03307147767324826	0.3887384678543926
UNG_dirichlet_train_fold1.33	0.10967031929440445	0.06185012926788966	0.39926279425950983	0.11568670468699561	0.3135300524912004
OGG1_dirichlet_train_fold1.29	0.10992527169651019	0.1965542546711538	0.04697090672367887	0.4932477668064391	0.15330180010221814
OGG1_dirichlet_train_fold1.30	4e-322	3.22e-321	0.22988290994807167	0.5892230944680411	0.18089399558388716
UNG_dirichlet_train_fold1.34	0.26800293897355415	0.12065334062266589	0.28469829343839104	0.10172589813553444	0.22491952882985464
OGG1_dirichlet_train_fold1.31	1.21e-321	1.863e-321	0.1870024533332633	0.3658705621676857	0.44712698449905086
UNG_dirichlet_train_fold1.35	0.22179435868304873	2.3e-321	0.19284686143898191	0.13337424039661586	0.45198453948135364
UNG_dirichlet_train_fold1.36	0.18535722742062222	0.148585526682573	0.4082993295361783	0.057688705545968465	0.20006921081465812
UNG_dirichlet_train_fold1.37	0.2228713060928813	0.06684843729192029	0.38891707161459266	0.055070256116649126	0.26629292888395667
OGG1_dirichlet_train_fold1.32	0.07549315904699412	0.002627399232383148	0.17004915924187403	0.5507371423630651	0.2010931401156836
UNG_dirichlet_train_fold1.38	0.1908630173152233	0.1589585778672988	0.24602818363643086	0.061694335929824935	0.34245588525122217
OGG1_dirichlet_train_fold1.33	8.3e-322	3.295e-321	0.23483079943167004	0.5570745196422591	0.20809468092607097
OGG1_dirichlet_train_fold1.34	0.04696587387151386	0.06131661014155117	0.02480747282102171	0.5333476834886384	0.33356235967727477
OGG1_dirichlet_train_fold1.35	1.245e-321	0.026761117976359824	8.7e-322	0.5441699157685339	0.42906896625510627
OGG1_dirichlet_train_fold1.36	4.74e-322	1.3992837566775805e-70	0.015275958199919846	0.7302208672984974	0.25450317450158255
OGG1_dirichlet_train_fold1.37	0.004327623979315719	0.033994374798815515	0.09919771627011115	0.5330343676471974	0.3294459173045602
OGG1_dirichlet_train_fold1.38	3.3e-322	5.2e-322	2.37e-322	0.5113001089667064	0.4886998910332937
UNG_dirichlet_train_fold1.39	0.29817338046179875	0.07166155841196518	0.1658938751978802	0.10103263100723225	0.36323855492112356
OGG1_dirichlet_train_fold1.39	7.7e-322	1.2e-321	5.43e-322	0.5313416667333704	0.46865833326662965
UNG_dirichlet_train_fold1.40	0.19623268732955446	8.175444085014037e-162	0.2651099090150155	0.10634641583219594	0.43231098782323396
OGG1_dirichlet_train_fold1.40	4.4e-322	0.0051505502720691565	5.6e-322	0.6753474627375609	0.31950198699036997
OGG1_dirichlet_train_fold1.41	1.662117615788998e-57	5.43e-321	7.66e-322	0.6647071895964869	0.33529281040351316
UNG_dirichlet_train_fold1.41	0.36100701404257607	0.0634562468884802	0.27113101946759416	0.008165169977287575	0.2962405496240622
OGG1_dirichlet_train_fold1.42	0.07995097885924381	2.055e-321	0.08772562444586864	0.4972000347548443	0.3351233619400432
UNG_dirichlet_train_fold1.42	0.13888293548886294	0.11927180444872401	0.39358416974967114	0.18624260434090845	0.16201848597183355
OGG1_dirichlet_train_fold1.43	1.46e-321	0.02251708388425267	8.210733984888064e-203	0.7890698929907896	0.18841302312495792
OGG1_dirichlet_train_fold1.44	4.77e-321	0.013373045482940419	0.222794849373707	0.5407931317863978	0.2230389733569549
OGG1_dirichlet_train_fold1.45	1.79e-321	0.02787806177547806	0.27503688270816173	0.5593078974295909	0.13777715808676919
OGG1_dirichlet_train_fold1.46	1.2498042923599667e-186	0.04715777941309815	1.8601765947938514e-283	0.3990075137214773	0.5538347068654246
UNG_dirichlet_train_fold1.43	0.3347627687853647	0.0476616573021974	0.16189333939826261	0.25615987041753424	0.1995223640966409
OGG1_dirichlet_train_fold1.47	4e-322	1.255e-321	0.17916815013087795	0.5340688049541791	0.28676304491494303
OGG1_dirichlet_train_fold1.48	0.038869316786452564	1.275e-321	0.23568553761935343	0.5921436500629469	0.13330149553124715
OGG1_dirichlet_train_fold1.49	1.24e-321	0.07601016081880227	0.126510419262665	0.45882437073846594	0.3386550491800668
OGG1_dirichlet_train_fold1.50	7.681357565609882e-244	0.0035444228226597725	0.014784880967931091	0.6307643745224775	0.3509063216869317
UNG_dirichlet_train_fold1.44	0.28943087148961727	0.07754135121527564	0.33185787056418103	0.16958758198741325	0.13158232474351278
OGG1_dirichlet_train_fold1.51	1.013e-321	0.05442210852419047	4.84e-322	0.6666448181285068	0.2789330733473028
OGG1_dirichlet_train_fold1.52	0.1038293690506755	3.597e-321	0.06150505964801772	0.68906723765649	0.1455983336448168
ATP2B4_dirichlet_train_fold1	0.1415051776104471	0.21926835177626405	0.21933477714046323	0.2077460058944733	0.21214568757835217
ATP2B4_dirichlet_train_fold1.1	0.12964971474562742	0.15085624391073607	0.11673566235978874	0.5140524526632809	0.08870592632056672
ATP2B4_dirichlet_train_fold1.2	1.5934158882001125e-94	0.05709306955066318	0.4708218949335853	0.18061944482958472	0.29146559068616684
ATP2B4_dirichlet_train_fold1.3	0.0781814161348986	0.08719641750251877	0.36605151164140737	0.33596983753559145	0.13260081718558378
ATP2B4_dirichlet_train_fold1.4	0.1445572666458401	0.20954176968868787	0.3791865507010004	0.2595553036620721	0.007159109302399537
ATP2B4_dirichlet_train_fold1.5	0.0431359286922588	1.95e-321	0.5068699748300804	0.3626466915728871	0.08734740490477359
ATP2B4_dirichlet_train_fold1.6	0.024381101085203367	0.3504431438512199	0.3697856130471675	0.17981090576214476	0.07557923625426449
ATP2B4_dirichlet_train_fold1.7	0.26368358063347525	0.07695962973601184	0.3091723963662323	0.29609587872043514	0.05408851454384541
ATP2B4_dirichlet_train_fold1.8	0.023510059606442365	0.2304358977431585	0.5415801903844855	0.2044738522659136	1.08e-321
ATP2B4_dirichlet_train_fold1.9	0.1459890464066952	0.12804036983783063	0.3124452168885069	0.2490212013295545	0.16450416553741276
ATP2B4_dirichlet_train_fold1.10	0.06052037251887769	0.15823603190677396	0.2868638387448259	0.23991201458518108	0.25446774224434143
ATP2B4_dirichlet_train_fold1.11	0.07634378660053417	0.13344004186087877	0.3565462811494975	0.28493269595335996	0.1487371944357295
ATP2B4_dirichlet_train_fold1.12	1.067e-321	0.08319071943458499	0.4591157303521791	0.2512849857500494	0.20640856446318642
ATP2B4_dirichlet_train_fold1.13	0.25841100147368706	0.08535102312521775	0.36113054428101266	0.10190815857159642	0.19319927254848623
ATP2B4_dirichlet_train_fold1.14	0.25428352399091597	0.03608550172821612	0.3674672501212879	0.34216372415958	5.3e-322
ATP2B4_dirichlet_train_fold1.15	0.056544841575203696	0.1724801882737316	0.4945123564384768	0.2764626137125879	2.6e-322
ATP2B4_dirichlet_train_fold1.16	3.931990270829573e-288	0.2045167421538766	0.2942618328159877	0.5012214250301357	3.6010597854781578e-65
ATP2B4_dirichlet_train_fold1.17	0.14108365513900764	3.177e-321	0.3977120075539998	0.17922540209262544	0.28197893521436695
ATP2B4_dirichlet_train_fold1.18	0.1607373700542867	0.05214160255885619	0.3083524754584466	0.38770454402706034	0.0910640079013502
ATP2B4_dirichlet_train_fold1.19	0.0799459312121292	0.10714139327753897	0.3196251958532639	0.3650651293968108	0.12822235026025713
ATP2B4_dirichlet_train_fold1.20	0.0040911913977863335	5.371876171706839e-299	0.480315176915794	0.5155936316864198	4.748854629323226e-278
ATP2B4_dirichlet_train_fold1.21	7.517615756410323e-234	0.32516534867211055	0.38529708801460505	0.28953756331328445	1.324e-321
ATP2B4_dirichlet_train_fold1.22	0.10422481203512954	0.10787774942818602	0.2990015996545532	0.19815602208718402	0.29073981679494726
ATP2B4_dirichlet_train_fold1.23	0.006323284023090432	0.06049209841240174	0.3874233060294399	0.3880893603657425	0.15767195116932564
ATP2B4_dirichlet_train_fold1.24	0.1385276160093554	0.15215523477934345	0.36545563361356614	0.2855892416885426	0.05827227390919243
ATP2B4_dirichlet_train_fold1.25	0.12524023598703474	0.24171768399295313	0.2292982976229923	0.27121006732515185	0.13253371507186812
ATP2B4_dirichlet_train_fold1.26	2.26e-321	0.1349749921339948	0.37481231592584807	0.2948747649033064	0.19533792703685082
ATP2B4_dirichlet_train_fold1.27	0.09894898719409902	0.18532336481943032	0.2546837010022538	0.26504615042840596	0.1959977965558108
ATP2B4_dirichlet_train_fold1.28	0.17180920872596941	0.1794933322223861	0.4077829260590603	0.17942319416512448	0.061491338827459864
ATP2B4_dirichlet_train_fold1.29	1.09e-321	0.24674529980618498	0.26759643578215586	0.23103267684229348	0.2546255875693657
ATP2B4_dirichlet_train_fold1.30	0.0794490943652026	0.2303264306647993	0.3321297020052725	0.19021197491349437	0.16788279805123124
ATP2B4_dirichlet_train_fold1.31	1.358251226200102e-178	0.261501788341682	0.344468955460853	0.10735723973810607	0.28667201645935897
ATP2B4_dirichlet_train_fold1.32	2.935e-321	0.25666446844686475	0.3617561029006179	0.21054721430246315	0.17103221435005422
ATP2B4_dirichlet_train_fold1.33	0.09049948901326636	0.16023822096010232	0.23789829733979706	0.3645563163360118	0.14680767635082234
ATP2B4_dirichlet_train_fold1.34	1.25e-321	0.01906585693478674	0.513851832611147	0.46708231045406634	9.6e-322
ATP2B4_dirichlet_train_fold1.35	0.008293239190588275	0.0462758614730284	0.6185424381209567	0.32688846121542675	9.24e-322
ATP2B4_dirichlet_train_fold1.36	0.13014629353894636	0.1969721933050046	0.37764134121212933	0.1613172646456489	0.13392290729827075
ATP2B4_dirichlet_train_fold1.37	2.4466837932056345e-168	0.1512467061677851	0.4445626404995655	0.25329442154326526	0.15089623178938405
ATP2B4_dirichlet_train_fold1.38	0.03537928344818657	0.054159191143226	0.6107547832441418	0.2639074809246337	0.03579926123981202
ATP2B4_dirichlet_train_fold1.39	0.007973390139855518	0.1415110536207209	0.38730139574102607	0.23498806354250512	0.22822609695589247
ATP2B4_dirichlet_train_fold1.40	2.88e-321	0.0851739615460512	0.4089773889679238	0.21705016127994348	0.28879848820608145
ATP2B4_dirichlet_train_fold1.41	0.06212045214026404	0.08578876965060449	0.5438141593254184	0.08009772165314505	0.22817889723056806
ATP2B4_dirichlet_train_fold1.42	0.13677181771520786	0.03834956210847521	0.49557651868703423	0.3037601069228031	0.02554199456647972
ATP2B4_dirichlet_train_fold1.43	0.09902634987127718	0.1404904395761038	0.20318837853123906	0.4971575362030224	0.060137295818357576
ATP2B4_dirichlet_train_fold1.44	1.0472133795736823e-281	0.27380526558640095	0.29223166008753	0.17557669499852827	0.2583863793275408
ATP2B4_dirichlet_train_fold1.45	3.91e-321	0.15510113402184297	0.3249676191918245	0.32035828708335434	0.19957295970297825
ATP2B4_dirichlet_train_fold1.46	0.05622877173424994	0.1988782217603047	0.3148163440784586	0.16376960179252378	0.26630706063446313
ATP2B4_dirichlet_train_fold1.47	0.13575283577141384	0.048193585222252804	0.32290879885616364	0.28483542400110134	0.20830935614906826
ATP2B4_dirichlet_train_fold1.48	5.303015683878404e-16	0.26980667416550236	0.3033896065049445	0.2528687278465464	0.17393499148300612
ATP2B4_dirichlet_train_fold1.49	0.17113232466192407	0.19281466085842164	0.2928346895746994	0.16023340687310525	0.18298491803184963
ATP2B4_dirichlet_train_fold1.50	0.008622747091658623	0.272497908512014	0.24809869586506864	0.35330284560664516	0.1174778029246138
ATP2B4_dirichlet_train_fold1.51	0.19731039843420312	1.9173301454587428e-101	0.5586266210125372	0.24406298055325967	4.55e-322
ATP2B4_dirichlet_train_fold1.52	0.0454367472989855	0.08886105117749418	0.26968326215914207	0.1310519377841194	0.4649670015802587
ATP2B4_dirichlet_train_fold1.53	3.053e-321	0.1444163660794163	0.46779090024163716	0.3877927336789466	8.84e-322
ATP2B4_dirichlet_train_fold1.54	0.07539176358791949	0.14255807343513316	0.3718462617793319	0.20448745786612105	0.20571644333149436
ATP2B4_dirichlet_train_fold1.55	0.012995449512918039	0.220091675563108	0.44314573455744366	0.3237671403665304	9.658724116177495e-215
ATP2B4_dirichlet_train_fold1.56	0.053110050573357166	7.23062814243713e-61	0.5611255874025927	0.11002835354078928	0.2757360084832611
ATP2B4_dirichlet_train_fold1.57	0.06093608702697898	0.1287579846218821	0.3606917234658863	0.389235060644631	0.060379144240621616
ATP2B4_dirichlet_train_fold1.58	1.17e-321	0.08119086003006697	0.4832757164227196	0.4355334235472133	4.2e-322
ATP2B4_dirichlet_train_fold1.59	3.56e-322	0.1355308645904996	0.4671862864194152	0.38494610442003396	0.012336744570051293
ATP2B4_dirichlet_train_fold1.60	0.013711237059505525	0.2211707013401823	0.3496203111757158	0.18613366966759703	0.22936408075699932
ATP2B4_dirichlet_train_fold1.61	0.079769986261273	0.19606999218753615	0.24718538341975096	0.16198605664069812	0.3149885814907417
ATP2B4_dirichlet_train_fold1.62	0.07579969094731333	0.12646134829238764	0.4275180842093168	0.26699108251291725	0.10322979403806483
ATP2B4_dirichlet_train_fold1.63	0.09030747328870516	0.23211329781973672	0.2581198049123104	0.3228741258906749	0.0965852980885729
ATP2B4_dirichlet_train_fold1.64	3.7108097202916176e-106	0.052935217183213056	0.41579536043342546	0.4768374652218075	0.05443195716155404
ATP2B4_dirichlet_train_fold1.65	0.09277937015663314	0.13890914757019585	0.45336065994679287	0.2521244684681961	0.06282635385818218
ATP2B4_dirichlet_train_fold1.66	0.045763280797277345	0.04166457113858093	0.4101279071183148	0.27260868411880623	0.22983555682702067
ATP2B4_dirichlet_train_fold1.67	0.13185953858944252	0.1868931607022293	0.39815417821571997	0.13144215156769998	0.1516509709249081
ATP2B4_dirichlet_train_fold1.68	0.07405013104386614	0.027740347598359895	0.4725231692877343	0.42568635207003963	8.917085731260997e-264
ATP2B4_dirichlet_train_fold1.69	0.04122616150975073	0.20126642989654955	0.48372078903916527	0.27378661955453454	3e-322
ATP2B4_dirichlet_train_fold1.70	0.07286675339959613	0.0798176552581127	0.3770344753261462	0.470281116016145	7.315502063228142e-113
ATP2B4_dirichlet_train_fold1.71	0.11025874372486796	0.11146766496252736	0.491374967531668	0.2868986237809367	4.25e-322
ATP2B4_dirichlet_train_fold1.72	0.01876396457326241	0.025147763008777472	0.4966195088095997	0.45946876360836036	3e-322
ATP2B4_dirichlet_train_fold1.73	0.0799932034265331	0.24368239100140496	0.4386788770906894	0.19236815858213382	0.04527736989923855
ATP2B4_dirichlet_train_fold1.74	0.0078123993988930135	0.08817899751977148	0.5163774833816714	0.18915350075844822	0.1984776189412159
ATP2B4_dirichlet_train_fold1.75	0.14141591019683664	0.11964751487183799	0.3140329006771546	0.37140314372506344	0.05350053052910732
ATP2B4_dirichlet_train_fold1.76	0.08154629225085057	0.023591066639946236	0.4201261442500148	0.4146217174340471	0.06011477942514134
ATP2B4_dirichlet_train_fold1.77	0.13588330318645336	0.04116276339207784	0.4603011693553909	0.3061211416092432	0.056531622456834796
ATP2B4_dirichlet_train_fold1.78	0.2482753431683333	9.93e-322	0.4333488585445342	0.2902888676025062	0.02808693068462621
ATP2B4_dirichlet_train_fold1.79	0.1307860925702064	0.1284691775296438	0.35274135755742886	0.38800337234272086	7.95e-322
ATP2B4_dirichlet_train_fold1.80	0.05311416769963041	0.13104163106396577	0.3029807019255749	0.46671695804388236	0.04614654126694641
ATP2B4_dirichlet_train_fold1.81	1.979738667148901e-232	0.22028759303132425	0.40706021688724536	0.2652350390251294	0.10741715105630087
ATP2B4_dirichlet_train_fold1.82	1e-321	0.2433716471383055	0.25713811073133847	0.32973526579330326	0.1697549763370527
ATP2B4_dirichlet_train_fold1.83	0.060280056883195376	0.2006163836669614	0.39832453930290956	0.18571477823065924	0.15506424191627435
ATP2B4_dirichlet_train_fold1.84	0.05014145066744119	0.013075363975000573	0.6154111525279213	0.27661138692258663	0.044760645907050256
ATP2B4_dirichlet_train_fold1.85	0.039151023938323294	0.08960594973821742	0.2840971222944286	0.43569702648201925	0.1514488775470113
ATP2B4_dirichlet_train_fold1.86	1.665e-321	0.09084185957637612	0.3457609911699541	0.1319527547721097	0.43144439448156
ATP2B4_dirichlet_train_fold1.87	0.052540696352283464	0.21986934276424636	0.28539443528412256	0.28287524132992503	0.15932028426942246
ATP2B4_dirichlet_train_fold1.88	0.1282763459840184	3.464344081037867e-287	0.4685497428780008	0.2663812222895616	0.1367926888484191
ATP2B4_dirichlet_train_fold1.89	1.91e-321	0.23291417616191637	0.3791345733877619	0.3088399875986475	0.07911126285167425
ATP2B4_dirichlet_train_fold1.90	0.03861845624318882	0.2631600836097562	0.24423555403189337	0.30840000530473355	0.14558590081042802
ATP2B4_dirichlet_train_fold1.91	0.10679008159392521	0.1972774657847696	0.16758852446070444	0.40019040418043095	0.12815352398017002
ATP2B4_dirichlet_train_fold1.92	1.235e-321	0.2344176892515428	0.3758247528919043	0.10670684871169779	0.2830507091448551
ATP2B4_dirichlet_train_fold1.93	0.13802910137688204	0.024847958623316478	0.3088351199937794	0.2183903725259413	0.30989744748008086
ATP2B4_dirichlet_train_fold1.94	3.5e-322	0.18697734032558402	0.4486296632503106	0.194136352759765	0.17025664366434043
ATP2B4_dirichlet_train_fold1.95	0.21457328866895298	0.11989329825300943	0.29347184870206283	0.3268901076832975	0.045171456692677296
ATP2B4_dirichlet_train_fold1.96	0.03221157752252625	0.08813755510080186	0.6434530030880239	0.23619786428864784	2.67e-322
ATP2B4_dirichlet_train_fold1.97	3.46e-322	0.25179989690661503	0.36777898815482246	0.3109407639560979	0.06948035098246445
PMS1_dirichlet_train_fold1	0.2761833885481922	4.74e-321	0.3480554735279773	0.30568531162427676	0.07007582629955371
MSH6_dirichlet_train_fold1	0.7649986447126227	0.17971145434810767	1.72e-321	0.04820027326800114	0.0070896276712686425
MSH6_dirichlet_train_fold1.1	0.835146800607551	2.925973277985314e-212	0.14670314393547154	0.008852927886733636	0.009297127570243842
MSH2_dirichlet_train_fold1	0.7737971543547849	4.64e-322	0.1732932978931038	0.02553702566292129	0.027372522089189937
MSH6_dirichlet_train_fold1.2	0.7865021346354863	0.03645679186026906	0.054836706761046884	9.5e-322	0.12220436674319766
MLH1_dirichlet_train_fold1	0.887962349913254	1.764e-321	0.04073546777389432	0.036316780541229284	0.03498540177162243
MSH6_dirichlet_train_fold1.3	0.8794544923143807	8.955600141625009e-91	0.0565368709580654	0.0394634527025646	0.02454518402498949
MLH1_dirichlet_train_fold1.1	0.7513465410251914	0.24865345897480856	6.04317038841696e-291	2.11e-321	2.757e-321
PMS1_dirichlet_train_fold1.1	0.14927701350437592	3.122e-321	0.563646706884898	0.23629353867781436	0.05078274093291186
PMS1_dirichlet_train_fold1.2	0.05737606754124371	0.09228900109674888	0.3776778853205034	0.16025217954076396	0.31240486650074
MSH6_dirichlet_train_fold1.4	0.9503891596525224	1.0459924093837128e-168	0.0056660035023636205	0.0414169012003322	0.0025279356447818614
MSH6_dirichlet_train_fold1.5	0.7400585780781257	0.0805344963790479	0.17034199779694764	0.00906492774587888	6.431642518506445e-250
