Samples	SBS96A	SBS96B	SBS96C	SBS96D	SBS96E	SBS96F	SBS96G	SBS96H	SBS96I
OGG1_boot	0.05707550987854739	5.369894557465124e-31	0.11609669189405553	2.2193938528237702e-138	0.826827798227397	9.411076552352011e-96	1.513505497941694e-97	4.086264091332794e-153	6.1863404015262205e-121
OGG1_boot.1	1.2052027934051363e-106	3.585013139964466e-14	0.09140981922200896	2.902170395799139e-76	0.6879200102666229	0.22067017051133245	9.005859488256041e-60	8.965983865781643e-88	8.13992434346164e-108
OGG1_boot.2	1.2788695150015177e-25	0.1269584496956982	0.028293412518303526	0.012424448993961848	0.7247352511219538	6.400725054987657e-32	1.1719060079711936e-06	3.5604098587909163e-22	0.10758726576407487
OGG1_boot.3	3.055146933562967e-23	1.8949546778228505e-15	0.05226107647939082	0.07199224415183932	0.6974318287707337	8.743066111289039e-08	0.17591685069888457	0.002397912468487842	7.763690538647563e-16
OGG1_boot.4	1.2436595054734632e-13	1.2676728549675034e-32	0.007998522858759606	0.07302698990375903	0.5927654329415049	1.3211565189285084e-37	0.17856204012361174	1.340120611279008e-12	0.14764701417090037
OGG1_boot.5	0.13260070120581147	5.875159344997728e-90	0.09842524797957042	1.8899510460127018e-27	0.7689589975916107	1.24734559423763e-06	1.3805877413297265e-05	5.434119278438634e-30	8.036828144650217e-23
OGG1_boot.6	0.10578456066449801	0.09823478693757479	0.061801820221112705	1.776519170253712e-27	0.7128184457092317	8.162152436923018e-05	0.02127876494086184	1.2576690087801512e-24	2.351674763002771e-12
OGG1_boot.7	0.06883504215597579	0.019128444877330064	0.06866931925466235	1.1034834834860173e-17	0.7326057238763446	4.779074013049282e-08	0.08877568783946681	0.02120926614224715	0.0007764680632329986
OGG1_boot.8	3.567395288382713e-90	0.04200618305934401	0.047198383739032866	3.436131534302472e-17	0.6754759492979342	1.2695664285495164e-41	1.2824443557766682e-19	4.5293533640118943e-13	0.23531948390323595
OGG1_boot.9	6.959776906477315e-84	0.0564480322161344	5.0984176404501024e-05	0.0006729349834710688	0.6324756283021175	7.969769689686168e-10	0.06264247934697495	0.24770994017792053	1.5233626589859596e-18
OGG1_boot.10	1.8052757496800874e-42	0.004645899710227157	0.032200989567806	3.178819456963571e-13	0.6763746319528563	0.2856217045116183	2.9053983426094685e-18	1.3962803639488018e-05	0.0011428114535349482
OGG1_boot.11	3.88482247253178e-22	0.01121538436014595	1.6765634404159686e-197	0.18863724844366	0.6234419153227599	6.853398142216577e-06	0.0007435360540520562	1.5686719221757375e-14	0.17595506242122425
OGG1_boot.12	0.0689426182593531	0.005029139924161731	0.060910113097341935	5.202187438007738e-16	0.7411296274430752	2.227898726963991e-09	0.12398849897076931	3.0061283074182444e-11	4.73382461190217e-11
OGG1_boot.13	4.082577955090094e-34	0.11927317753573778	0.06057439308226001	1.5696769259577348e-57	0.7133626593298344	0.10678977005216776	2.3913330950169227e-36	2.6029430756623568e-42	1.1902182949549247e-56
OGG1_boot.14	4.249589667950842e-08	1.2362978522371186e-58	0.03396308546078898	5.197231190817082e-10	0.5881631180926374	0.2433955960182188	0.13447713718885518	7.608613893716421e-25	1.0202238799017374e-06
OGG1_boot.15	4.793286929599775e-30	0.03512456644849576	0.038088488845223735	0.18962997339155246	0.5946731276625077	4.554836258924837e-16	2.426330275090314e-12	5.366563420218015e-16	0.14248384364979325
OGG1_boot.16	0.09424527583578693	2.454958555383217e-134	0.11071856300866863	1.2406170307798618e-118	0.7950361611555445	9.752720863029851e-19	6.41791056487636e-125	5.5871766752232725e-95	6.971600194379768e-78
OGG1_boot.17	2.847539522890359e-50	0.010814170330214343	0.0879101809952158	0.13078201695000863	0.6444088277064033	2.229816521678793e-15	9.089051330106707e-13	3.226748965814122e-19	0.12608480401724678
OGG1_boot.18	5.758218413422827e-85	3.077620057532659e-144	0.047230095112353244	0.1601956684444931	0.5969758871211441	0.0461303418916389	2.390549294371873e-35	0.00017039768896329053	0.14929760974140724
OGG1_boot.19	2.2713333257146637e-36	1.133569676564626e-76	0.038825417573437056	0.15168874872498025	0.5977066570593579	7.774208478519135e-30	3.5528924194443196e-17	2.4351981442692163e-27	0.21177917664222481
OGG1_boot.20	8.655825700671601e-25	0.040075854567223526	0.02294767979436024	0.002184731817922623	0.6636953708208503	4.922057048689873e-18	0.048196672453308824	6.99429228394683e-10	0.22289968984690536
OGG1_boot.21	0.06517807062027167	0.10753624573782386	0.048838994453907776	9.310969925769977e-26	0.7784466737272574	1.0387016809680025e-33	6.406260381382392e-19	1.8266584681442468e-28	1.5460739286099925e-08
OGG1_boot.22	9.625064876294347e-08	1.4407511066974356e-14	0.027242366749943254	3.106513124907543e-09	0.5909399505737492	1.0347980756882987e-20	0.17870292075659525	4.037069875029465e-12	0.2031146625584989
OGG1_boot.23	0.003268333296476323	3.5441701958311147e-28	0.06324158106212602	3.6389024976109936e-19	0.710458196803315	2.6335619288967303e-30	0.13447904981141218	4.092955944350116e-15	0.08855283902666636
OGG1_boot.24	0.11022136145662904	8.698082199973018e-38	0.08619768382685979	3.868290376614789e-18	0.6318742223923263	1.8165543060058367e-28	0.05957610467502186	1.6350503754581943e-11	0.11213062763281252
OGG1_boot.25	1.880857313804713e-27	3.284402432570374e-26	0.060690030868501256	4.202224986079136e-11	0.6584932236923845	2.5312665558608046e-23	0.17698625754490896	6.5173527204213846e-06	0.1038239704994627
OGG1_boot.26	1.608458624870963e-11	4.143937770836523e-67	0.03698683510999338	0.03640585362947579	0.644249367076318	1.5158312400796075e-52	0.23060639957728785	2.7277337277750706e-17	0.051751544590840436
OGG1_boot.27	8.611691083278193e-87	5.188919198051674e-47	0.049846375330455064	0.08858230697920204	0.6558324614672715	0.2057388562230715	1.217198400260069e-18	3.953729135836482e-20	8.740691592448673e-23
OGG1_boot.28	0.17207796456111074	1.421623082769834e-50	0.018213522290020698	1.2001270007131059e-29	0.6683601475672644	5.941502893560592e-99	0.1413483655816042	1.13453330025907e-64	8.356565039167013e-34
OGG1_boot.29	0.0293409871262734	0.07403397229551352	0.06365901271062938	9.343062870469505e-19	0.7359538321841909	1.1072504206149986e-15	0.09701219568339181	2.002933090235418e-19	5.129600037915362e-17
OGG1_boot.30	9.375994195395477e-97	0.13122219276609326	0.0812981941768506	9.669950702914315e-40	0.787479613056655	4.0105137430091427e-13	6.920570264275439e-17	2.916895091485744e-83	7.916442154213634e-89
OGG1_boot.31	2.2780070793289686e-30	0.01344587009044159	0.02862272566663278	1.1140297073107553e-09	0.7142835597361601	0.060297672320668565	0.04421823022763403	0.042497643475242305	0.09663429736919103
OGG1_boot.32	3.931651687242688e-40	7.333560277624116e-08	0.04311700612344851	0.1553617154329947	0.616296069927333	0.18522513359447595	1.5861448780052086e-09	7.7170385757881176e-31	1.6640795295899928e-34
OGG1_boot.33	8.52263819286373e-26	0.11056803912214486	0.032496182316816564	0.07098283253213199	0.6692959810645701	0.11665696306191221	1.9024161146164577e-09	8.0081671290271e-15	2.4323697376220422e-20
OGG1_boot.34	0.02570140492496931	2.2280088129283093e-63	0.00032711478150372267	1.3631508395329165e-10	0.6739690636922728	1.3966297256109637e-34	0.3000022383968366	1.780662352509991e-07	1.8670721989282543e-12
OGG1_boot.35	1.6917699502945855e-29	2.519981831593708e-09	0.03731871929953347	0.024332103882474528	0.674785975192484	2.6531098657976547e-30	4.225417081711985e-18	7.5581314588582e-21	0.2635631991055262
OGG1_boot.36	0.11833912470394548	4.0887197480671873e-07	0.01096439190632797	1.4899822897338252e-11	0.7104049043606714	1.5956035003991025e-12	0.15287547019534853	3.079932461780702e-09	0.0074156968653040795
OGG1_boot.37	3.283028321785789e-76	0.030460281780420293	0.06367949834822312	0.15480834745191221	0.6604520572406896	0.09059890045900071	7.211516779781252e-07	1.9356807617006443e-07	3.1492531133696504e-22
OGG1_boot.38	6.683876337077409e-51	0.07445253146761231	0.042250815992037345	9.676814435888143e-07	0.7552636145099776	0.09604398433247957	0.03198808601644961	6.819028683308316e-27	9.910342449139059e-28
OGG1_boot.39	2.0976378469372493e-83	2.0350547557753394e-130	0.07005634267504945	0.2852101297324844	0.6132016109042078	2.459771151623932e-16	4.912338840832387e-38	4.960360792848645e-19	0.03153191668825803
OGG1_boot.40	1.3081688659964827e-77	0.005909883002354101	0.083120052222733	1.0642700707450502e-28	0.6975679765494667	0.14262039126351572	0.07078169696193036	1.0576206820106769e-40	7.593134458037865e-63
OGG1_boot.41	0.031493798809316575	0.0351340187632633	0.08897331947329892	6.627292606144158e-14	0.7261651229689732	1.1405281863060698e-11	0.06968757100988894	3.9196683294635055e-05	0.048506972280492874
OGG1_boot.42	4.550386657462119e-25	4.737735196256698e-40	5.881420356764624e-19	2.560611474494551e-10	0.670948939325815	0.04326248156951381	0.15767243362407796	0.1281160834488859	6.177564617842577e-08
OGG1_boot.43	3.4072657897506826e-30	0.016822459827891285	0.02475678296564669	0.12906158057660214	0.681045008990611	8.255994207404187e-13	1.6125514942612193e-13	2.2743913914654566e-09	0.14831416536387051
OGG1_boot.44	6.803267269100667e-76	7.728773704486929e-25	0.030478863534311167	0.07383464640399895	0.6646338865860979	0.09313048474434091	8.147647829396542e-11	0.038770772466349	0.09915134618342544
OGG1_boot.45	5.106498997573649e-48	0.043723426184560585	0.06429789397791064	8.245741070246295e-12	0.6839335946350507	0.20272636839216301	0.005318716338654132	4.593434149983524e-10	4.0717971598232735e-12
OGG1_boot.46	0.08282603368810736	9.591602277772571e-13	0.002891761587253538	4.108845552120803e-16	0.6414364584246703	2.9004213236229105e-24	0.2728457462989883	5.568127510710683e-26	2.0790376239394913e-14
OGG1_boot.47	0.12221294643164345	0.032142623624891585	5.419806642399294e-278	0.07811565026900312	0.6618382765105271	1.030021725068028e-06	0.104960593519525	8.642840235885013e-15	0.0007288796226761207
OGG1_boot.48	0.13560032723592258	0.054158579572192916	0.0110472141954899	1.795426710453406e-22	0.6753934136528272	2.6149699423266225e-27	0.12380046534356733	7.54052872431717e-49	5.742042829945185e-26
OGG1_boot.49	0.1725951950597033	0.0175845251144273	1.1049782301389715e-306	0.20334246365868094	0.6063439457182338	4.861061444726212e-27	0.00013387037335706514	4.694471157577272e-28	7.559761696687958e-11
OGG1_boot.50	0.15303565993704477	2.5895617957057774e-11	0.02523111003082765	5.589070154064375e-25	0.7487388323963691	3.951983327281979e-23	0.0729943976098629	8.58569165855571e-50	2.6349166914505672e-33
OGG1_boot.51	0.17485106796034314	0.06675905441635999	2.94e-321	0.0448766268464948	0.7135104960179963	1.3941078498907544e-43	4.492368210387733e-18	1.1653910378562977e-40	2.754758805701775e-06
OGG1_boot.52	0.10805142628753983	0.03791247418426776	0.02726325637693987	2.357039548013779e-24	0.7695631803481978	1.8360294941069294e-42	0.05720966280305463	3.9162840472376844e-77	1.3188477455765276e-52
OGG1_boot.53	0.14378147348008663	0.04531911404167948	1.418570738808266e-158	0.18961391684323434	0.6122685545988873	1.587605420058564e-26	0.00901694103220259	5.102764198574002e-41	3.909756159615555e-12
OGG1_boot.54	7.395412263901251e-32	0.007986592143665124	0.024635615974534487	0.11183748112418379	0.6339113023999435	0.22162842166705451	1.338915361538511e-16	2.9145323384190337e-18	5.866906182822246e-07
OGG1_boot.55	0.14421910681856795	0.04936089060401418	0.005686897179039129	1.9377749750790277e-26	0.6660757960480601	1.1280291193987917e-35	0.1346573093503187	2.90504678406285e-75	1.0782078150262256e-42
OGG1_boot.56	0.121008671886475	0.058511117901129325	1.5745453643690268e-48	5.0651930175534295e-18	0.6838283937034713	2.0423055184658084e-21	0.13665181650892427	7.187374306313384e-59	3.754367898997926e-39
OGG1_boot.57	0.12198885897998783	0.013122299941783062	0.006550118452487726	0.059517455255362374	0.6968540833609156	1.6309213700772464e-09	0.10164543033956704	1.0415450049326246e-16	0.0003217520389749173
OGG1_boot.58	0.11259479122668435	0.013407855770755945	3.13e-321	0.05785071456867675	0.7081106510717818	1.769214903457351e-23	1.5810655654181804e-16	9.37341761608494e-46	0.10803598736210099
OGG1_boot.59	0.041831028963084646	1.9458004768191346e-29	2.62e-321	0.1494040905304925	0.629805201269539	1.8191077053616412e-32	1.4518736281491953e-35	4.200179401624624e-35	0.17895967923688388
OGG1_boot.60	0.15797651225478054	4.958435088506899e-50	0.008719980842620375	0.23800856295255848	0.592689971641282	4.781904856716463e-36	4.5094024091778363e-08	3.94942817948404e-36	0.002604927214734385
OGG1_boot.61	0.14544086496465072	4.648993131036366e-25	0.0012193530839571959	0.10112028209126082	0.6622176589470994	4.945303386746774e-18	0.04144591946183255	3.6296645847751724e-16	0.04855592145119894
OGG1_boot.62	0.140223229942498	0.07166854989874116	6.477e-321	0.16455890582201405	0.6234581460654041	4.0978796540169074e-28	9.116827134273529e-05	2.786348625324811e-53	1.8914291853701244e-28
OGG1_boot.63	0.11724894637180883	0.0011037756071394034	0.0460796246803256	1.2880134023174934e-13	0.7028765273147819	0.08500247871816778	0.04768864730764782	5.881886631454934e-43	1.5772041543538362e-20
OGG1_boot.64	0.15339879658724984	1.4695910890515884e-46	0.007369077093714344	1.827018414959253e-06	0.707143089681538	1.6411646365530364e-24	0.07550311153591414	3.242679028059308e-27	0.056584098083168666
OGG1_boot.65	0.13055371122784015	0.0379657766774107	5.534e-321	0.059334695021335766	0.624000143458795	9.176328530139568e-64	0.1481456677687139	4.771274723621978e-37	5.845904420320663e-09
OGG1_boot.66	0.12629814307495987	0.010697924078017928	3.94e-321	7.762446482610059e-07	0.7134354291087721	1.3434228815553174e-54	0.1495677274936018	9.912916049886045e-74	1.0199770114117342e-36
OGG1_boot.67	0.1720684698951168	0.07169728086016915	0.008225845365528072	3.595132041174529e-18	0.7234951620345222	2.1539125337481158e-43	0.02451324184466367	6.882144902246413e-55	5.683948541985732e-22
OGG1_boot.68	0.20751169004388928	0.07061353899341041	0.012090688124804329	6.445881683346374e-29	0.6696598692278943	2.066780276804545e-70	0.04012421361000157	6.133477916663822e-79	2.1537921981917704e-50
OGG1_boot.69	2.5108393274139126e-06	0.053025956947888905	0.003287762868343526	8.085898697013283e-32	0.6618312507270927	0.281852518617341	6.593097858328262e-15	9.126372245006373e-76	4.430738316002779e-59
OGG1_boot.70	4.7046864633987256e-11	0.05139633809321293	0.03661283496570181	8.841312341029967e-35	0.6816149926366668	0.23037583425695884	4.1279695215981147e-13	5.414498404407087e-69	5.446263026527994e-60
OGG1_boot.71	0.04621106882258504	0.13257316426066215	5.706e-321	0.029513985589848385	0.675964967669038	0.10446173552858543	7.678628883791383e-15	4.294090442219376e-17	0.011275078129273112
OGG1_boot.72	0.16222117627262422	8.472683769892635e-13	3.92e-321	0.06292930478375838	0.6466247647935253	0.08986729312256878	0.03835746102667601	9.422078443453109e-48	7.544178251519013e-21
OGG1_boot.73	0.14723920005689964	1.5485231648451416e-12	0.01821034615237308	1.4469258597847133e-17	0.7000539454236249	0.029528730218156923	0.1049677781473968	2.786423930344312e-58	3.085620368128246e-38
OGG1_boot.74	0.16779949338522587	6.152609286840652e-35	5.87e-321	1.921094509833819e-09	0.6567363817448075	1.9992635145779496e-63	0.17546412294887193	5.897752092725827e-85	4.596654309548249e-33
OGG1_boot.75	4.913241372169184e-23	0.047715808537265494	0.0176863093954178	1.346813337544318e-14	0.6702340449705959	0.22064025897925058	0.043723578117456766	2.3381650443825298e-39	2.8409913366214895e-45
OGG1_boot.76	0.010352224650099688	0.10433726107260555	2.8637255889644454e-27	3.2239790519525535e-25	0.7140600707995581	0.1712504254674036	6.1667367150494375e-30	7.927606762933923e-13	1.8009540353381232e-08
OGG1_boot.77	0.11468457697247601	2.8751439714294874e-38	0.005992888207323883	0.15021559026415823	0.6245638795558508	0.10363359434787857	0.0009092260103468055	2.0774444032435767e-20	2.4464196575227265e-07
OGG1_boot.78	0.10815717713784354	1.830647486925616e-26	0.008217110861320437	0.08928222300441564	0.7083344787838359	0.03041455661297151	0.05559445359961269	1.9009856704001738e-41	2.0943167188719232e-16
OGG1_boot.79	0.2050166829688958	6.672860616241213e-06	5.3e-321	2.7586236284902045e-11	0.6754955424956759	8.19906476456403e-81	0.11948110164722571	1.8192111526753538e-82	4.798179757074316e-34
OGG1_boot.80	0.01734844303134275	0.1078791747500252	0.009432917874976347	0.005155980815764361	0.6964320698399984	3.8347248870367167e-32	2.4521847005705525e-06	3.2332190286486692e-18	0.16374896150319246
OGG1_boot.81	0.07993502128011028	0.08077033639024164	4.88e-321	0.09593785884724705	0.6971354035767949	1.3758598502885218e-18	1.2352212198969715e-08	5.605062117739443e-26	0.04622136755339395
OGG1_boot.82	0.12325521714204578	0.0369257985360902	6.695e-321	0.14048968628060973	0.6629498168020262	1.4082382645202579e-13	2.917144850292017e-09	4.5121289861799315e-14	0.036379478321897085
OGG1_boot.83	0.16288635758542966	0.010458584851615596	1.4181852892851826e-299	0.027288261604037092	0.6912163377937427	1.3514284135835948e-27	0.10815045816517493	1.660683279228447e-43	2.3055059975787673e-20
OGG1_boot.84	3.7374256285657445e-26	2.0053179478969082e-43	0.030129729366581905	0.047776746102552024	0.6355418215897753	0.2865517024112101	3.914039360081277e-10	2.5544175970086225e-24	1.3847682881730589e-10
OGG1_boot.85	4.648501855576653e-28	0.029521588134190115	0.018002862572504535	1.6851344705364525e-10	0.6701352858304442	0.20182429666389706	0.08051596663045063	9.141023056303554e-29	1.1745100955427045e-23
OGG1_boot.86	0.0959031280796274	0.04784352834186911	0.015586291360980038	0.15546295158359094	0.6533602352781698	1.218565964529125e-08	2.3797679384139006e-12	3.195169708306199e-12	0.031843853164528126
OGG1_boot.87	0.11535792423894581	1.362212066092585e-38	1.168262098238275e-206	3.1952943266652494e-10	0.6693406925578689	0.04641103876911463	0.1688903441145412	5.725862314485253e-37	9.04563980117951e-28
OGG1_boot.88	0.15693303560468605	0.04803579223881935	7.211972836842249e-221	0.06034430404518797	0.6619380633934329	0.030432993660846303	0.04218456481891104	9.529941997684592e-20	0.00013124623811658755
OGG1_boot.89	0.15276944949349636	1.7316939933482316e-63	4.827e-321	0.13486789057073928	0.6575971428909992	3.235868958717883e-79	0.054765517044764796	6.9792349959523516e-46	2.869878213305593e-16
OGG1_boot.90	1.770728863429885e-52	1.490935912011981e-187	0.009695774322885627	0.445603775027502	0.5446848102028682	4.569335009214828e-23	3.858328390512831e-37	3.702691928005638e-17	1.5640446744285736e-05
OGG1_boot.91	0.04746583411465768	1.3695518809540578e-87	6.586e-321	0.013851728552799158	0.7027138323502969	8.632514739419959e-05	0.23588227983485202	6.588810172728463e-47	3.894160379075059e-38
OGG1_boot.92	0.06360721147191525	1.6525673488363277e-98	1.5849239184500445e-181	0.16734505862389987	0.6474528428927179	3.852104461596663e-09	0.12159488315786814	1.494077782321492e-12	3.434594061218419e-16
OGG1_boot.93	0.03317105757978964	1.5470427194162123e-143	0.0024751496412479656	0.2641709236570381	0.5790664100685646	5.583085881734937e-36	0.12109266181995451	3.240132074758334e-23	2.3797233405109103e-05
OGG1_boot.94	1.2020045242543682e-53	5.69277658351185e-214	3.617e-321	0.40957223326640707	0.4876639930436206	0.0009823235829471326	1.0167557000752013e-78	4.443322293563337e-20	0.10178145010702518
OGG1_boot.95	0.06351488407997002	1.6286080399032056e-119	1.0937332870791551e-151	0.36179105826757657	0.5746927036284172	7.179443380929598e-12	1.354016856939556e-06	4.80380243104082e-47	1.6530507281586895e-33
OGG1_boot.96	5.894526699607295e-106	1.8177733674784114e-280	1.401720704178369e-249	0.5484300339205799	0.45156996607942	4.761900779760009e-81	1.2423498638784128e-62	1.9081365528844906e-57	3.624878143618993e-29
OGG1_boot.97	0.0004082409236226074	6.532393134170031e-97	1.7806601360195674e-258	0.0006759651260910068	0.6391056251777741	0.08124112409643064	0.2785690446760817	1.3958428422756515e-34	8.371933857046669e-39
OGG1_boot.98	5.737973775853109e-123	1.2261239125331338e-171	0.011598028723615173	0.2814445272518745	0.5661833266641398	0.14077411694989292	4.1047754512089967e-10	3.8337714639905075e-58	1.4714878643794206e-68
OGG1_boot.99	2.3390970028275615e-29	6.474840558376479e-194	7.86e-322	0.4722522207662689	0.47599643800725033	0.018841126645723447	2.689803301391337e-78	1.1958126362106227e-24	0.032910214580757165
OGG1_boot.100	0.06543317417129137	3.803719876092007e-100	0.0015291987859871524	0.1167106640054806	0.64285600136519	7.659795597508065e-14	0.17342362880553036	7.375509561720775e-14	4.73328663700195e-05
OGG1_boot.101	0.06729109853696186	4.2945526257722765e-165	0.008310611130567695	3.627428593140435e-27	0.6772630639495694	2.3056541113738918e-07	0.2471349958174899	1.6544631942634682e-69	9.171096870756689e-59
OGG1_boot.102	4.127421589172245e-21	1.736532881844464e-177	2.39e-321	0.11551709206975944	0.6053382858152263	3.174289107604397e-22	0.27914462211501434	4.0581684795635277e-115	4.557815414302912e-88
OGG1_boot.103	0.01947915692239857	1.2714690200313594e-131	2.93e-321	0.02970927293047797	0.5990869450006018	3.6455719835420265e-31	0.35172462514652175	3.2489381858406847e-59	7.993063315742671e-47
OGG1_boot.104	0.055165565243601083	1.3368391305081028e-06	1.3117e-320	0.15509984252158826	0.7196615307969456	4.77887491087434e-16	0.07007172459658469	5.488128632043523e-29	2.149455873625068e-12
OGG1_boot.105	0.002698305298075782	2.674867210000444e-112	4.764760181979272e-52	0.3900164980918045	0.4854480717614018	0.07082162565182618	1.8532193657187533e-07	0.005525285204747822	0.045490028670207315
OGG1_boot.106	1.4802165822730775e-34	3.0046187815005683e-164	0.01941122621429745	0.4069016027121285	0.4949610091206865	0.07869294394851928	1.8362305197251672e-05	1.4855695602014099e-05	3.5690794662768833e-12
OGG1_boot.107	9.7300194228083e-07	3.362569092856336e-66	0.00312451384844063	0.403201592731529	0.5936524997661696	2.0272420977312873e-05	1.4823094118312614e-07	1.5026370913305182e-31	1.325409648003771e-23
OGG1_boot.108	0.057576676414670146	1.1988505131699997e-162	7.055e-321	0.3257905586436941	0.5972210702845167	1.4732504305961275e-20	0.019411694657119036	3.676775152661309e-41	5.886571751461968e-32
OGG1_boot.109	5.020931778534432e-58	1.1692770605952208e-36	0.0018653003401890853	0.20783348918016928	0.5855455885703172	0.19079014901136396	0.013965472897960601	1.0037054896113722e-30	1.7527811510184972e-36
OGG1_boot.110	1.3460653489905698e-33	2.6722249182284095e-201	0.009737000569888002	0.3383408562827823	0.5474388220905934	0.10438757989552044	9.574116121594494e-05	1.9252674137625797e-28	9.274975511663781e-36
OGG1_boot.111	0.014165050328978744	7.17838547893129e-136	0.0910664339577342	0.3353238277921139	0.5400058899783784	6.872343718961694e-08	0.019438729213101958	3.6897075108044695e-24	6.255588452325214e-12
OGG1_boot.112	0.0428546057091664	9.33185144198357e-94	2.367e-321	0.14061675363543624	0.5835150753770687	5.393588987314811e-40	0.23301356527832862	1.6447106238040626e-74	1.9396050072817785e-43
OGG1_boot.113	0.04492672567279521	3.9002782385318245e-142	0.013089388703160423	0.2769087336068535	0.5982026448246547	0.004046574286028412	0.06277704080794892	4.887919292874679e-05	1.2905630033512448e-08
OGG1_boot.114	0.03216026474066516	6.972164734859708e-102	0.042107435028318034	0.2909054556101835	0.6348196691414708	5.481539381985312e-27	4.848086066037835e-08	5.648376770322521e-17	7.126998501785307e-06
OGG1_boot.115	0.05561982804189328	4.537247939648257e-143	7.035e-321	0.3527700724798113	0.5916100994780887	4.4667786598049666e-42	1.0753251257933501e-17	2.162310412180411e-30	2.0674299798283682e-13
OGG1_boot.116	0.07312144552301106	1.1062750332827223e-277	2.36e-321	0.48022098311543826	0.4466575713615505	1.903323783524983e-79	7.068170806256325e-38	7.617781199566002e-63	2.5095721509326683e-16
OGG1_boot.117	5.065491751730604e-81	9.492845827351305e-160	2.5959957697237944e-294	0.10668281088542596	0.6220077917815465	3.866483188863721e-43	0.2713093973330276	4.2456274699071547e-82	1.1597213299032016e-75
OGG1_boot.118	0.03059958546299195	3.342210272357589e-132	6.72e-321	0.23134341295048627	0.6237511184681371	9.41023575652048e-05	0.11421178076081942	2.7061861501367904e-36	1.4286092500555335e-27
OGG1_boot.119	3.180636740175281e-10	1.1921952457075695e-101	9.113235464238647e-287	0.05500580368839785	0.6441676852414335	2.0463728972657683e-22	0.3008265107521049	2.3637540278228623e-36	4.413216302926612e-28
OGG1_boot.120	1.0510004154376431e-41	1.7670901901271094e-75	3.24e-321	0.04916061602816645	0.6146685436353332	0.08217800303592006	0.2539928373005802	3.552132779002598e-75	6.660313691160624e-69
OGG1_boot.121	7.408492320358083e-70	3.425385044733149e-154	0.06320481233396309	0.3572064042986574	0.5795816525458555	7.0652399630558076e-06	3.713605403823008e-33	1.087675357507948e-10	6.547279347037087e-08
OGG1_boot.122	1.5971168672073132e-11	1.85451311504135e-127	6.433e-321	0.22708500692024763	0.5991150728750818	0.17377023319011375	2.968699858581402e-05	1.9443787474131864e-28	1.3924959253815897e-18
OGG1_boot.123	6.275818474781389e-44	7.075760619753842e-65	0.029154857942203162	4.5591195492798634e-45	0.7221436609753081	0.07436026578887298	0.17434121529361563	2.916393163332798e-90	2.049006036865472e-100
OGG1_boot.124	3.936239463923082e-214	8.579597433744607e-255	0.019714478443940035	0.3367292077554326	0.5105939801750765	0.1329623336255509	1.2104368628437246e-44	1.2818980982976662e-75	4.572910690688615e-82
OGG1_boot.125	0.043495342633282336	1.4855094882494315e-178	5.091640658175394e-270	0.139735546647614	0.5613621676027878	1.6123033101443547e-47	0.2554069431163159	7.556914889033847e-67	2.9783757888195394e-48
OGG1_boot.126	6.951121596396105e-44	8.320415093321851e-145	0.009588582076987196	0.29747522110819025	0.6045788108814736	0.003699546646399889	3.406746206334163e-16	0.0846578392861074	8.413772512214996e-13
OGG1_boot.127	0.0258307347632007	1.3399598431922536e-132	4.3134232775941816e-79	0.043593397504653686	0.6217135865852987	1.8855365483093444e-37	0.308862281146847	1.1767925066191788e-48	1.2747841682462237e-32
OGG1_boot.128	0.03114019221705697	9.606269542339655e-258	3.551922913203745e-272	0.36113526514324956	0.5250189568378995	4.0927928664971104e-05	4.684217735064126e-23	3.131793087061485e-45	0.08266465787312896
OGG1_boot.129	1.3258314151930956e-121	1.9456394773971076e-190	0.022227411380766747	0.495178913294013	0.4825936753252204	1.7849610775686057e-23	1.0377886109687627e-19	3.1772091762239753e-40	1.5636862620006624e-57
OGG1_boot.130	3.2913150232351056e-20	2.439525291164333e-108	0.02911469769332498	0.27860649190290115	0.6045000662119799	0.043689739981661355	0.04408900421013258	5.942115247175167e-48	4.264828107262027e-53
OGG1_boot.131	2.1009705320747022e-72	7.729914538227368e-228	1.5e-321	0.3982145420105864	0.4829111896430004	6.847085072390724e-19	9.847277512893142e-67	3.502733326748165e-25	0.11887426834641308
OGG1_boot.132	1.3852037622621545e-94	5.015229863055289e-248	8.1e-322	0.5258026283397648	0.4741973716602351	7.539979447232219e-65	1.4212838836246774e-41	1.1945634266159948e-131	3.213516487724534e-93
OGG1_boot.133	0.02376300939092705	6.137427130856192e-172	2.717e-321	0.34806375220455915	0.5522547580803141	0.07591847980004897	1.1034967008131277e-30	2.7596765460189187e-29	5.241507084162602e-10
OGG1_boot.134	0.09469392586425597	1.612384705826182e-142	5.56954520587409e-19	0.31739437869407466	0.5839431983480214	1.8328431255143918e-20	0.003968497052019609	3.2961623822086463e-20	4.1628481468343444e-11
OGG1_boot.135	0.03067027861580565	3.543115597382183e-26	2.0716e-320	0.17872474274208466	0.6586237727531895	1.168445930424182e-05	0.1319695214296158	1.8604111910955163e-17	1.2513054940893883e-26
OGG1_boot.136	0.0029371262762814348	7.222094431536084e-131	0.009752206053765476	0.2197057520221815	0.6384311371637267	2.895438843799951e-13	0.12917377848349607	4.4131759963501255e-28	2.593660333393359e-13
OGG1_boot.137	7.914339660181399e-182	2.0044138968266555e-204	1.86e-321	0.04988449904551819	0.6238041571558796	0.32631134379860227	1.5420897435262286e-38	5.196155920718676e-104	1.0529223934032083e-85
OGG1_boot.138	2.9643576892184406e-19	6.934121448724651e-101	4.688923834457529e-45	0.13122968678286512	0.6381903559590203	0.12179376272685964	0.10878619453122662	3.997484410509083e-16	2.7874630194070055e-14
OGG1_real	2.9165650076805598e-05	0.0012863221774704302	0.043781563740171774	2.583249415698791e-05	0.7054750168386495	0.019161208802110176	0.11882874516655602	5.720254109465298e-07	0.1114115731053972
OGG1_real.1	0.13954375964145485	0.030568022091496436	2.8635022820752774e-83	0.029065768202730522	0.6859165527433098	5.79652026511157e-08	0.11490565414145425	4.7043143210075026e-21	1.8521435168521337e-07
OGG1_real.2	0.029556520942540923	2.5769014372769465e-116	0.013215057953095154	0.2874455949232953	0.5966331304202377	0.001888003763129484	0.07126169199770134	1.5382801366639462e-18	1.0163003820808817e-16
UNG_boot	1.255e-321	0.7117711051195936	1.813e-321	7.099939787931491e-127	2.47e-322	7.95e-322	0.2882288948804065	1.67297721541824e-204	6.041909118854708e-221
UNG_boot.1	1.947e-321	0.558078184446051	0.03283526639964842	1.1508189074215857e-238	5.93e-322	6.13e-322	0.40908654915430065	1.36e-321	1.453e-321
UNG_boot.2	9.3e-322	0.3502359799572334	1.24e-321	2.265117601380503e-101	8.95655971e-314	1.01e-321	0.6497640200427666	1.146e-321	1.087e-321
UNG_boot.3	2e-321	0.48116999886975476	5.8e-322	2.1683471050319543e-45	2.1759741789190474e-283	4.26839005106e-313	0.5188300011302454	1.37e-321	1.47e-321
UNG_boot.4	1.26e-321	0.47965849765374385	1.589176632991271e-293	2.813011986971752e-165	2.3e-322	7.7e-322	0.5203415023462561	2.5208597933791695e-187	5.143712997280486e-273
UNG_boot.5	3.8736311529265264e-230	0.48009849201738064	1.097e-321	4.254147018572887e-43	5.879692019123347e-267	3.7222422608209145e-266	0.5199015079826192	9.623673764020792e-140	2.769908620051366e-111
UNG_boot.6	1.784e-321	0.4455381021505138	2.67e-322	0.02558465767464644	2.8e-322	1.077e-321	0.5288772401748397	2.886074252436925e-272	2.717578220508152e-212
UNG_boot.7	6.3e-322	0.67735783045655	1.833e-321	3.9048120856714223e-243	1.63e-322	3.95e-322	0.32264216954345	9.83e-322	7.86e-322
UNG_boot.8	1.374e-321	0.5746366878271458	0.032567472566684574	1.0914263968670832e-229	0.0191695352243708	1.42e-321	0.3736263043817986	1.255e-321	1.2e-321
UNG_boot.9	1.27e-321	0.3604739335072328	1.21e-321	7.137133956405025e-12	0.004892170161480802	8.210071181347303e-221	0.6346338963241491	8.06008418879219e-309	3.0188807220339553e-259
UNG_boot.10	7.4e-322	0.8425804118296616	1.03e-321	2.040514161589073e-64	0.06912095983400618	5.602043947583032e-267	0.08829862833633213	1.196e-321	1.136e-321
UNG_boot.11	1.364e-321	0.3744739285459039	1.81e-321	5.994308087627591e-133	3.0053723541244508e-120	1.17e-321	0.625526071454096	1.196e-321	1.285e-321
UNG_boot.12	9.63e-322	0.7198781639393539	7.16e-322	2.10357468666326e-05	6.8e-322	1.0197777608508109e-262	0.28010080031377965	5.9235073135749524e-220	1.23003265922803e-229
UNG_boot.13	1.517e-321	0.5142084420710966	0.01322766883019588	2.2789250522375583e-192	2.4e-322	8e-322	0.4725638890987075	5.670947471296375e-289	1.606e-321
UNG_boot.14	6.13e-322	0.7154740736624865	5.04e-322	2.2133508413904043e-170	8e-323	3.85e-322	0.28452592633751367	9.54e-322	7.66e-322
UNG_boot.15	9.5e-322	0.7397341413833443	2.659704108716357e-120	1.09e-321	1.9e-322	4.5e-322	0.2602658586166557	1.107e-321	8.9e-322
UNG_boot.16	8e-322	0.5729882505370354	7.66e-322	8.878771133726738e-60	3.75e-322	8.7e-322	0.4270117494629646	1.4e-321	1.34e-321
UNG_boot.17	1.625e-321	0.5076726518721918	1.8e-321	2.9611664413859896e-76	6e-322	1.1142663907385404e-296	0.4923273481278082	2.7861358475257576e-236	6.008400898201283e-243
UNG_boot.18	1.48e-321	0.5024110101972692	1.275e-321	7.215622950722408e-181	6.50973543053701e-129	1.057e-321	0.49758898980273064	9.54e-322	9.1e-322
UNG_boot.19	8.74e-322	0.4263432779323711	0.05008660212458723	1.2404991645418462e-217	2.4e-322	5.4e-322	0.5235701199430416	1.35e-321	1.294e-321
UNG_boot.20	7.920266225686963e-307	0.48027420082573535	5.5e-322	3.215311503216593e-29	0.021823152452655398	9.425569882386045e-252	0.4979026467216091	1.413e-321	1.3927246333607745e-266
UNG_boot.21	1.36e-321	0.4297920227545147	7.66e-322	2.533302008099446e-89	2.08e-322	5.93e-322	0.5702079772454851	1.344e-321	6.6716100488300855e-307
UNG_boot.22	1.05e-321	0.76334028697953	1.03e-321	3.7021160703574682e-230	2.5e-322	5.4e-322	0.23665971302046993	1.156e-321	9.54e-322
UNG_boot.23	9.14e-322	0.6316312372359976	7.3e-322	0.08631290250526086	3.018169185126605e-202	1.0685391499174985e-249	0.28205586025874146	1.423e-321	1.36e-321
UNG_boot.24	8.35e-322	0.7933840086039792	5.1e-322	1.3924289188768928e-140	1.7e-322	5.4e-322	0.2066159913960209	8.2e-322	9.54e-322
UNG_boot.25	1.186e-321	0.5915947730460988	5.5e-322	5.0083905092576104e-11	0.042030836355326465	1.689093426953946e-259	0.36637439054849097	1.403e-321	1.48408686515e-313
UNG_boot.26	2.7700823487814137e-270	0.32339349146345536	5.4e-322	1.4812669953883657e-26	1.74034842396e-313	1.3654073678690442e-215	0.6766065085365447	2.7748038733143202e-226	3.3640807478112482e-186
UNG_boot.27	2.233e-321	0.6719758939734044	1.55e-321	2.3802445921558067e-167	2.87e-322	9.4e-322	0.3280241060265956	9.782976338771747e-279	2.6035648942495046e-288
UNG_boot.28	2.144e-321	0.22433911809116105	9.14e-322	1.6529939076851817e-112	0.021018495093558406	1.8209449664357445e-302	0.7546423868152807	1.487e-321	5.712254e-318
UNG_boot.29	1.11e-321	0.6950702895652887	1.66e-321	2.8848844719667517e-243	2.6e-322	5.63e-322	0.30492971043471134	1.393e-321	1.166e-321
UNG_boot.30	1.245e-321	0.5446261818211247	1.59e-321	2.391481237548405e-128	6.206209680270927e-73	1.146e-321	0.45537381817887523	1.285e-321	1.23e-321
UNG_boot.31	8.45e-322	0.6338798783818069	1.06e-321	6.682757255692947e-153	1.6e-322	5.3e-322	0.36612012161819324	1.15e-321	1.1e-321
UNG_boot.32	1.16e-321	0.26681486634608687	7.8e-322	1.557410405286542e-28	2.67e-322	8.05e-322	0.7331851336539131	1.668099758961689e-271	7.276660085844474e-246
UNG_boot.33	1.55e-321	0.49425731224335623	2.006e-321	1.6065244491381225e-129	1.6e-322	8.15e-322	0.5057426877566439	2.293571110295478e-200	6.516571912728223e-233
UNG_boot.34	1.215e-321	0.594654033862065	5.24e-322	2.991838018199132e-64	0.014322980658385005	1.12e-321	0.39102298547955017	1.107e-321	1.206e-321
UNG_boot.35	7.66e-322	0.6217907351230691	1.21e-321	5.52163539972368e-140	1.5e-322	6e-322	0.3782092648769308	1.344e-321	1.29e-321
UNG_boot.36	1.2e-321	0.6541143841858013	2.67e-322	0.10844891907982648	5.197402827893192e-151	9.582243491872454e-268	0.23743669673437223	9.34e-322	1.186e-321
UNG_boot.37	7.372312502e-314	0.3926539222328039	0.010854154589746475	1.493326602597485e-119	0.025692140659552654	8.787223485968606e-238	0.5707997825178971	3.75242016578e-311	1.056316810451904e-280
UNG_boot.38	7.26e-322	0.6135027964995222	4.6e-322	1.7159420683254048e-14	2.08e-322	7.95e-322	0.38649720350046046	1.42e-321	3.651443427691063e-309
UNG_boot.39	7.56e-322	0.4642621014638095	4.9e-322	1.2903820185452007e-92	3.4e-322	6.87e-322	0.5357378985361907	8.7e-322	9.73e-322
UNG_boot.40	2.016e-321	0.6313481795101974	2.134e-321	1.0189157554008653e-196	0.03936007710199568	1.225e-321	0.3292917433878068	1.06e-321	1.176e-321
UNG_boot.41	5.9e-322	0.6915712808954667	2.43e-321	4.155588425295889e-155	2.27e-322	4.9e-322	0.3084287191045333	1.22e-321	1.03e-321
UNG_boot.42	1.4e-321	0.48963002929298394	6.03e-322	3.1420006368787447e-181	1.7e-322	5.7e-322	0.5103699707070161	1.44e-321	1.374e-321
UNG_boot.43	1.784e-321	0.4931335781787973	1.186e-321	4.503743882060647e-152	0.014490495428161299	1.215e-321	0.4923759263930414	1.04e-321	9.9e-322
UNG_boot.44	1.586e-321	0.38879485302373756	7.86e-322	2.588227394907425e-45	5.885903870033931e-16	4.2556883401659974e-155	0.6112051469762619	1.57338253699e-312	2.419657732410454e-266
UNG_boot.45	1.1e-321	0.7493425783871088	1.897e-321	2.2262282666488685e-186	5.24e-322	1.126e-321	0.25065742161289134	1.206e-321	1e-321
UNG_boot.46	7.8e-322	0.6565326617360048	7.3e-322	1.128636003730865e-125	1.8500632142462875e-64	9.83e-322	0.34346733826399517	7.66e-322	7.3e-322
UNG_boot.47	7.5e-322	0.5972016087679599	4.9e-322	0.03343559971885136	4.2e-322	9.3e-322	0.3693627915131888	1.02e-321	1.11e-321
UNG_boot.48	1.76e-321	0.6213095708523908	1.937e-321	1.8658664953989088e-141	6.737190816050872e-274	9.6e-322	0.37869042914760914	1.537e-321	1.2478530709884e-311
UNG_boot.49	1.616e-321	0.2067702671253999	8.3e-322	5.380888562383514e-33	4.1e-322	3.4035140274443995e-292	0.7932297328746001	1.582770586509871e-289	7.345802813654259e-250
UNG_boot.50	1.393e-321	0.8085529230121881	0.004395528928489305	6.622761644837041e-259	3.75e-322	7.46e-322	0.18705154805932256	1.635e-321	1.41e-321
UNG_boot.51	1.07e-321	0.9527044255100232	0.0029654788384401156	1.789839155772921e-80	9.492715967770062e-55	5.75410340443649e-309	0.04433009565153666	8.17e-321	1.487e-321
UNG_boot.52	6.6e-322	1.0	7.7e-322	3.7012778316052034e-47	2.87e-322	7.36e-322	2.1047256588235904e-71	1.75e-321	1.537e-321
UNG_boot.53	7.7e-322	0.8631473370782623	4.044231590567771e-109	3.0266364443603437e-52	0.015214279576405415	2.6009557131877517e-191	0.12163838334533221	7.812123098365933e-290	1.32e-321
UNG_boot.54	8.45e-322	0.9999999999999999	1.956e-321	2.6842697870763395e-226	4.6e-322	1.117e-321	5.0537767920435243e-157	1.334e-321	1.136e-321
UNG_boot.55	1.023e-321	0.8691144290202292	5.5815541942082115e-171	0.07310145036083214	1.4124319515201555e-194	4.6134088984837774e-306	0.05778412061893879	2.336705427693129e-252	1.8688077643150448e-244
UNG_boot.56	6.7e-322	1.0	3.445278229268715e-138	1.08e-321	2.9e-322	7.4e-322	7.597347504105286e-255	1.235e-321	8.6e-322
UNG_boot.57	5.73e-322	0.9626122838604415	0.023073664663635217	8.62679600227336e-145	0.014314051475923092	6.700069609710666e-309	6.817725351500846e-64	1.06e-321	8.84e-322
UNG_boot.58	5.9e-322	0.9574298451586198	0.020532372414413188	4.9897529684664166e-52	0.022037782426966992	1.03e-321	2.773208394874695e-53	1.255e-321	1.06e-321
UNG_boot.59	1.31e-321	0.9778404470526286	1.606e-321	2.765429604536631e-20	0.02215955294737138	3.1958193744478747e-165	1.245775436910825e-55	5.5537354077e-314	6.317521557414668e-290
UNG_boot.60	1.393e-321	0.9368880315020918	5.379473415638952e-77	0.03957544087134358	0.0235365276265647	7.957183534476806e-95	5.6108485438403826e-36	4.4898018186111835e-95	2.4662168700669387e-111
UNG_boot.61	8.1e-322	0.9733151992341953	0.02089537569046862	5.571956801855555e-31	0.005789425075336198	2.095960471433455e-265	1.3219272618961432e-30	1.2562551532008066e-251	1.2878749285202604e-281
UNG_boot.62	5.8e-322	0.9727216836865472	0.027278316313452698	6.710049841249637e-192	2.5e-322	6.4e-322	1.769090513186438e-74	1.06e-321	8.9e-322
UNG_boot.63	6.1e-322	0.9941978783192364	0.005802121680763703	9.93e-322	4.45e-322	6.77e-322	4.889027429487782e-231	1.126e-321	9.4e-322
UNG_boot.64	8.35e-322	0.9403975980258172	1.28e-321	0.05960240197042533	6.9e-322	1.22e-321	3.757287559506559e-12	8.260489037138265e-230	9.006198441610689e-251
UNG_boot.65	5.73e-322	0.9592169039120179	0.012591586569467692	3.6644933932358465e-286	0.02819150951851443	1.235e-321	2.2376481076437163e-181	9.2e-322	7.36e-322
UNG_boot.66	7.5e-322	0.9685720808962424	1.4539940863010307e-86	3.5521941550402674e-189	0.03142791910375765	8.1218838396e-313	7.495333880500488e-112	1.057e-321	1.02e-321
UNG_boot.67	1.08e-321	0.9726711905613736	3.588901707257173e-274	0.002211616186615605	0.02511719325197494	1.3932644132714793e-248	3.5919694748704e-14	3.218893163859985e-246	2.396032230392663e-269
UNG_boot.68	8.5e-322	0.9578038875895049	0.036016782902165735	1.013816691200103e-188	0.006179329508329572	1.136e-321	2.8305192122697268e-98	1.186e-321	1.156e-321
UNG_boot.69	1.33e-321	0.9336825692815235	6.981741647079728e-179	5.928608026510796e-106	1.8476061277490848e-284	1.453e-321	0.06631743071847666	7.277028546821986e-220	1.2320910372815033e-233
UNG_boot.70	1.02e-321	0.898070468040796	7.8e-322	0.10192953195920393	4.1e-322	1.176e-321	3.7235303000914327e-47	1.1508939351774286e-147	1.473081888814134e-175
UNG_boot.71	1.042e-321	0.9651131701205687	1.833e-321	1.1814774985512691e-63	0.03488682987943135	3.8614793034057246e-249	3.2280672994479257e-48	1.5e-321	1.443e-321
