Samples	SBS96A	SBS96B	SBS96C	SBS96D	SBS96E
EXO1_0_real_train1	0.8957290199184724	0.011132652980848933	9.39214244965613e-137	0.09313832710067868	9.559052291336868e-146
OGG1_0_real_train1	2.2290374843299575e-43	0.046546476328725925	1.051970281048719e-15	0.07982819106750581	0.8736253326037672
RNF168_0_real_train1	0.8608651402609504	5.96751672058858e-184	0.05618488856684885	0.060643997199873546	0.022305973972327354
UNG_0_real_train1	0.04543074619297024	1.915409119482416e-127	0.014720039249127454	0.9223530832936156	0.01749613126428647
ATP2B4_0_real_train1	0.15634129527472912	1.6472890455364156e-45	0.6462499354550082	0.1546218890856828	0.04278688018457961
ATP2B4_1_real_train1	4.198030636646382e-149	0.07243055348475524	0.8784649253285277	1.2186861543491238e-234	0.04910452118671703
MLH1_0_real_train1	2.747e-321	1.0	1.35e-321	8.415911288155655e-134	2.283e-321
MSH2_0_real_train1	8.224934476329297e-305	0.9433936052908147	1.2431470930223102e-140	0.05660639470918538	1.407332080924808e-26
MSH6_0_real_train1	2.1017351520221874e-269	0.9903946461241493	2.2789324023004795e-253	7.666992893383029e-231	0.009605353875850757
MSH6_1_real_train1	3.06e-321	0.9837261083754393	1.77e-321	1.53e-321	0.01627389162456076
PMS1_0_real_train1	2.866828090876024e-185	0.17520600744663117	0.5400597501129307	0.28473424244043827	8.587988172509097e-102
PMS2_0_real_train1	0.4695327734190686	0.5304672265809313	1.245e-321	3e-322	2.78e-321
EXO1_0_multinomial_train1	0.9298045842252811	0.00026057821784180506	1.5567797918535536e-194	0.05877558965029615	0.011159247906580861
RNF168_0_multinomial_train1	0.8089126091068152	4.060060840708271e-170	0.17646164125936153	0.01462574963382341	3.751214975283704e-221
RNF168_0_multinomial_train1.1	0.8092295536515701	1.23e-321	0.1895770258053846	4.162898534968684e-106	0.001193420543045288
EXO1_0_multinomial_train1.1	0.8800131791827799	0.09060761086931374	2.63042023748192e-156	0.00924064596718414	0.020138563980722345
RNF168_0_multinomial_train1.2	0.824473478453739	0.0006865425928225297	0.17483997895343853	1.0361729357612506e-295	4.045218644216885e-20
RNF168_0_multinomial_train1.3	0.7929022875945929	0.003915420641762896	0.05602635473034654	0.1272067987515663	0.019949138281731473
RNF168_0_multinomial_train1.4	0.7939965331007288	0.019048590515246294	0.17180451256355078	1.576490106586402e-08	0.01515034805557307
RNF168_0_multinomial_train1.5	0.8532705223940322	1.586e-321	0.001522330881540868	0.14520714672442694	8.65e-322
RNF168_0_multinomial_train1.6	0.7748932812772931	2.44e-321	2.0560456120687903e-136	0.18422752098981	0.04087919773289711
RNF168_0_multinomial_train1.7	0.8881338894312275	3.8783977865109175e-30	1.5329433713294698e-146	0.11094620500963373	0.0009199055591387842
RNF168_0_multinomial_train1.8	0.9046015023349894	2.7530009231447358e-188	0.010368472106841591	3.316743829003218e-44	0.08503002555816898
EXO1_0_multinomial_train1.2	0.8908541165609216	0.00023361980633749825	3.950878324570329e-220	0.10891226363274094	6.1e-322
EXO1_0_multinomial_train1.3	0.9484396646182405	0.02798347408267462	1.818445e-317	4.817681120942841e-201	0.023576861299084977
RNF168_0_multinomial_train1.9	0.9073659427071148	2.026e-321	0.0822174594195548	0.010416597873330357	3.3454816630597986e-70
EXO1_0_multinomial_train1.4	0.8951395425761484	9.079606008925797e-92	2.176905080979705e-245	0.10486045742385158	1.81e-321
EXO1_0_multinomial_train1.5	0.8815339443563481	0.02446321809790261	7.383899555078137e-101	0.09255703034160201	0.001445807204147187
EXO1_0_multinomial_train1.6	0.8940422828558225	8.05670451686014e-150	4.06493e-319	0.10595771714417743	1.47e-321
EXO1_0_multinomial_train1.7	0.8830443531803844	0.02606670424961381	7.15480147e-315	0.0908889425700018	8.318903230163121e-111
EXO1_0_multinomial_train1.8	0.805664851091024	0.014031951930775397	2.2106719543641814e-223	0.1803031969782005	1.937e-321
RNF168_0_multinomial_train1.10	0.7679126839200956	3.204868100792544e-294	4.1379255657267e-192	0.12942113512484982	0.10266618095505456
EXO1_0_multinomial_train1.9	0.9538249199943513	0.046175080005648836	1.59e-321	2.739143015884731e-237	1.15e-321
RNF168_0_multinomial_train1.11	0.8530320902272469	5.6315513829163825e-81	0.005857878914270443	0.14111003085848267	1.75e-321
RNF168_0_multinomial_train1.12	0.8715644832365279	0.026414786486626367	0.08280804380840995	8.988737934705435e-20	0.019212686468435804
EXO1_0_multinomial_train1.10	0.8981589095323472	0.03864354755488095	1.64e-321	0.0631975429127718	7.1e-322
EXO1_0_multinomial_train1.11	0.8422430360915352	0.03739977788836382	1.0633196092345446e-237	0.12035718602010116	7.847398738921204e-179
RNF168_0_multinomial_train1.13	0.8270377271178473	0.14031986257329668	6.8726765497889345e-171	1.58e-321	0.032642410308855986
RNF168_0_multinomial_train1.14	0.8291124841104982	0.0002742433254431893	0.14062546931925748	0.029987803244801225	3.3141753732033447e-52
RNF168_0_multinomial_train1.15	0.875290642374912	0.014079515145445436	2.532485674848583e-189	0.10053480430849052	0.010095038171152057
RNF168_0_multinomial_train1.16	0.8180657940806033	3.4949131256517475e-49	0.06918272571434637	0.07227674793967369	0.04047473226537658
EXO1_0_multinomial_train1.12	0.9071944374655325	1.266222905827238e-175	3.992709400012e-143	0.06433754712397341	0.02846801541049403
RNF168_0_multinomial_train1.17	0.7766795050408961	3.511721898410862e-07	0.08055132657657592	0.14067282530686773	0.0020959919034703677
EXO1_0_multinomial_train1.13	0.8891257436350315	2.2802507552824244e-145	3.5535361336046293e-109	0.09070585907193428	0.02016839729303427
RNF168_0_multinomial_train1.18	0.7993432150290894	2.144e-321	0.179115543724048	0.0008971200457239518	0.020644121201138677
EXO1_0_multinomial_train1.14	0.8885040046186223	0.010277393455075246	6.941619128571389e-204	0.10034856961159538	0.0008700323147071981
RNF168_0_multinomial_train1.19	0.9698101064123773	2.191882509988881e-110	1.2912925791282744e-154	3.2732873514124373e-180	0.030189893587622616
RNF168_0_multinomial_train1.20	0.9160415640720835	2.209228338106692e-126	1.136e-321	0.08395843592791641	3.9e-322
EXO1_0_multinomial_train1.15	0.8788857192598223	0.01050627906063023	1.1898802352315206e-203	0.11060800167954754	3.161115873353276e-217
RNF168_0_multinomial_train1.21	0.7934258644169765	6.109134072620775e-86	1.0127101322854775e-161	0.13304857333293502	0.07352556225008855
RNF168_0_multinomial_train1.22	0.6940332395724867	0.01930815519709932	0.03615915013568306	0.20645339752356992	0.04404605757116097
EXO1_0_multinomial_train1.16	0.8404010610105815	0.027184791325846534	1.58e-321	0.13241414766357207	6.77e-322
EXO1_0_multinomial_train1.17	0.9155432522319831	0.025631669135020196	1.3074508689176417e-286	0.05882507863299677	1.126e-321
RNF168_0_multinomial_train1.23	0.9481994916780192	3.8893258918230764e-177	2.219994398855272e-225	0.02013875480353174	0.031661753518449055
EXO1_0_multinomial_train1.18	0.8094279078175178	0.031049963411171194	1.0062372208752582e-262	0.1595221287713111	1.36e-321
RNF168_0_multinomial_train1.24	0.9262063549862545	4.439539233770496e-299	0.07379364501374555	2.56216289750808e-140	4.5247677017781954e-229
RNF168_0_multinomial_train1.25	0.8836758446391522	2.0603845009500153e-229	0.087829856934454	0.02849429842639381	3.014824667262762e-237
RNF168_0_multinomial_train1.26	0.9199821175251226	1.89e-321	0.00845627631428591	0.0715616061605915	8.140153177009242e-100
RNF168_0_multinomial_train1.27	0.6991262166819647	5.222639217828008e-185	0.2711396256541425	0.029734157663892896	4.201533370527985e-27
RNF168_0_multinomial_train1.28	0.9207794079676724	1.566912935487985e-26	0.04287423452516746	0.0363463575071601	4.045954012703097e-84
EXO1_0_multinomial_train1.19	0.8485657835437728	0.05225548780400464	5.79444266726938e-166	0.09917872865222256	1.37e-321
RNF168_0_multinomial_train1.29	0.8854624476085413	4.41376716327164e-55	0.002958056932658312	0.11157949545880039	3.757142022197726e-78
EXO1_0_multinomial_train1.20	0.8671454825447638	0.011180638283838583	2.7802034008814067e-28	0.12167387915571752	1.5680241479615744e-11
RNF168_0_multinomial_train1.30	0.8675504267833467	2.1495347210798258e-215	0.12203821820000034	0.010411355016652937	2.4723325049763787e-48
RNF168_0_multinomial_train1.31	0.8626877515289271	2.2488364541752512e-32	0.08963954426611072	0.04767270420496225	7.0051975080608454e-189
RNF168_0_multinomial_train1.32	0.9341030482518438	1.118703919237191e-178	4.6942470312183736e-08	0.022921617039342434	0.042975287766343497
RNF168_0_multinomial_train1.33	0.7641195664471229	8.9e-322	0.10768962049970011	0.12819081305317703	1.275e-321
EXO1_0_multinomial_train1.21	0.8863887226782583	4.123944657121437e-142	1.927e-321	0.11361127732174171	1.413e-321
RNF168_0_multinomial_train1.34	0.9706815576760465	6.47e-322	1.7284606069376525e-263	2.25e-321	0.029318442323953676
EXO1_0_multinomial_train1.22	0.9312429364432404	0.02129297851960841	3.139771601246531e-150	0.04523557225293029	0.0022285127842209193
EXO1_0_multinomial_train1.23	0.8767325347814199	3.609567469390625e-120	9.76471475847412e-108	0.1232674652185801	1.3061940185890018e-173
RNF168_0_multinomial_train1.35	0.7869865775507483	1.6298794429145186e-249	2.5570720030960585e-67	0.18882131724867135	0.024192105200580242
RNF168_0_multinomial_train1.36	0.8249074279374473	1.3960951668997202e-216	0.15944617175982873	0.015646400302724003	2.4680580066965484e-206
EXO1_0_multinomial_train1.24	0.9331463078788598	3.5259630060712734e-44	0.053135215255725204	0.013718476865414851	3.156574019480683e-67
RNF168_0_multinomial_train1.37	0.8655895638357254	2.574e-321	0.05663067506979488	0.07777976109447986	8.85191929101447e-226
EXO1_0_multinomial_train1.25	0.8500397007718852	0.03670581614666886	0.02052798383321864	0.08283283771016337	0.009893661538064076
RNF168_0_multinomial_train1.38	0.8941897893025936	1.196e-321	0.0790019852677619	2.14e-321	0.02680822542964443
EXO1_0_multinomial_train1.26	0.93855906704459	0.027598435307848026	9.593577209614313e-218	0.03384249764756189	1.19e-321
EXO1_0_multinomial_train1.27	0.9074779636777173	3.307990492814387e-127	8.192789827978232e-161	0.09252203632228288	1.477e-321
EXO1_0_multinomial_train1.28	0.9045411301619988	3.262915862342643e-84	6.3617267890732216e-217	0.09545886983800116	1.6e-321
EXO1_0_multinomial_train1.29	0.9040701308927325	1.4437873582317835e-136	7.39886675350781e-11	0.09512196664936716	0.0008079023839117668
EXO1_0_multinomial_train1.30	0.8854886594679038	8.626233161752397e-111	2.2e-321	0.1145113405320962	6.27e-322
RNF168_0_multinomial_train1.39	0.8538861321879199	2.218049619172708e-160	8.74e-322	0.12141414912461866	0.02469971868746142
RNF168_0_multinomial_train1.40	0.777313805032315	1.764e-321	0.18552292037043658	8.882211304728444e-219	0.037163274597248365
EXO1_0_multinomial_train1.31	0.8458125426578449	0.04757001440775932	1.4213889743015762e-298	0.10661744293439583	1.334e-321
EXO1_0_multinomial_train1.32	0.8971314053850599	0.02936393198250916	3.7195079525418316e-131	0.06440278760173453	0.009101875030696392
EXO1_0_multinomial_train1.33	0.9179929658921852	0.011997212613048508	2.1841182679809443e-199	0.06647753183492712	0.0035322896598391795
RNF168_0_multinomial_train1.41	0.9069263735158604	1.23e-321	0.06671134452912897	1.218766253889094e-98	0.026362281955010707
RNF168_0_multinomial_train1.42	0.918343071331119	2.836e-321	0.04854087305571471	0.0062971674164724115	0.026818888196693997
EXO1_0_multinomial_train1.34	0.8897337756816348	0.009686950797679452	3.2036881435897434e-202	0.10057927352068577	7.752613193536884e-126
RNF168_0_multinomial_train1.43	0.7999396103010117	1.74e-321	0.13218626890486673	0.06734694480553959	0.0005271759885820624
EXO1_0_multinomial_train1.35	0.8575977772196104	2.775860454802676e-147	0.01924532560718694	0.11629539694479393	0.0068615002284087845
EXO1_0_multinomial_train1.36	0.8710849269609946	0.0031447384018762855	2.357e-321	0.125770334637129	1.12e-321
RNF168_0_multinomial_train1.44	0.8327027761062848	1.92e-321	0.1131661389687184	0.028342712112870164	0.02578837281212656
EXO1_0_multinomial_train1.37	0.8937651623839193	0.014238961098272874	1.853e-321	0.09199587651780783	2.7231385366312277e-308
RNF168_0_multinomial_train1.45	0.8191997174960663	2.045e-321	0.14994315097318553	0.030857131530747973	2.5141369594306417e-196
RNF168_0_multinomial_train1.46	0.9267975995954081	3.103e-321	7.398560255632726e-71	0.027186463817689223	0.04601593658690267
RNF168_0_multinomial_train1.47	0.9061403972083325	3.69650565790331e-173	0.04323103541251217	0.05062856737915535	1.03e-321
RNF168_0_multinomial_train1.48	0.8478647123224099	1.59e-321	0.051961475505189036	0.1001738121724009	7.76e-322
RNF168_0_multinomial_train1.49	0.820493634619825	2.073678884824743e-53	0.044870427304087794	0.10400984886473139	0.03062608921135561
RNF168_0_multinomial_train1.50	0.8261128305064606	0.007302404923131886	2.628907629483441e-143	0.1534334955237332	0.013151269046674376
EXO1_0_multinomial_train1.38	0.933584460823178	1.6189751214423594e-163	5.897857668500957e-79	0.04050375094249021	0.025911788234331712
RNF168_0_multinomial_train1.51	0.8686557931864296	2.4005633220116674e-109	0.08218246746432872	0.04916173934924151	2.2071158303085886e-259
RNF168_0_multinomial_train1.52	0.8425718407287408	0.06724791744027549	1.6943103182709443e-55	0.0497232865306706	0.04045695530031313
EXO1_0_multinomial_train1.39	0.8269090183504586	0.050311094567893955	3.5590998426101044e-194	0.1111767574170654	0.011603129664581923
EXO1_0_multinomial_train1.40	0.8558229951930708	0.03711392810194095	2.1854146940299206e-197	0.095165775839108	0.011897300865880206
RNF168_0_multinomial_train1.53	0.8346505352971747	5.576734439157776e-203	0.1491723119489998	6.59391183970857e-61	0.01617715275382536
EXO1_0_multinomial_train1.41	0.8631879477172024	0.06438188128705667	2.27e-321	0.07243017099574084	6.57e-322
EXO1_0_multinomial_train1.42	0.8909077376435727	7.421647993953755e-121	1.7796877493348016e-103	0.10909226235642744	1.517e-321
RNF168_0_multinomial_train1.54	0.7348846856646124	1.22e-321	0.16770328554734215	0.07340813646588357	0.024003892322161755
OGG1_0_multinomial_train1	3.95948292718223e-104	6.432568029834685e-47	0.09448015427806185	0.07846407001212505	0.827055775709813
UNG_0_multinomial_train1	4.940243050925388e-290	0.0669129043140479	6.105760580049544e-257	0.933087095685952	2.4883919653083036e-146
UNG_0_multinomial_train1.1	1.3054607439747236e-09	0.01842359742822625	0.07337518373069032	0.8543272232586563	0.05387399427696643
UNG_0_multinomial_train1.2	0.06293354646823104	6.647469779520126e-288	3.070432241968862e-26	0.8964615905851744	0.040604862946594565
OGG1_0_multinomial_train1.1	1.5428472619623564e-82	0.09932725082863673	1.8559797859573477e-10	0.046318413084508625	0.8543543359012569
UNG_0_multinomial_train1.3	0.15669276488065378	0.03164346881099768	1.0117270978119754e-14	0.7622488241490536	0.04941494215928472
OGG1_0_multinomial_train1.2	1.0396135791710685e-145	0.10412252430437717	6.530735089035304e-169	3.224414884266159e-86	0.8958774756956227
OGG1_0_multinomial_train1.3	1.3714765631888303e-24	0.0530189121608568	5.68597734262212e-48	0.0075974663918759915	0.9393836214472672
UNG_0_multinomial_train1.4	3.076744671303475e-131	2.18e-321	0.09671916785001447	0.9032808321499857	5.674167210182936e-130
UNG_0_multinomial_train1.5	0.0310334799042973	1.285e-321	2.3822003943534448e-169	0.9689665200957026	6.016186911686378e-246
OGG1_0_multinomial_train1.4	8.336146143664826e-274	0.04491621177117126	3.064616124396495e-112	2.8460830724140807e-142	0.9550837882288287
OGG1_0_multinomial_train1.5	2.1893435409152597e-175	0.10725415057475572	1.2702806066351467e-164	1.7556620723028955e-168	0.8927458494252444
UNG_0_multinomial_train1.6	0.015438758565038206	0.04739075791176454	5.93e-322	0.9371704835231972	7.56e-322
UNG_0_multinomial_train1.7	9.572831739810032e-27	0.09092322389147474	9.451213888564955e-67	0.7513191361601328	0.1577576399483925
UNG_0_multinomial_train1.8	2.59e-321	1.156e-321	3.754376441825125e-31	1.0	3.669743454385837e-252
OGG1_0_multinomial_train1.6	1.2455437427863092e-169	0.07121246797354576	3.66166586039807e-85	0.04340029659921116	0.8853872354272431
UNG_0_multinomial_train1.9	0.08616191736987695	1.1960144657177778e-07	0.01570581593251302	0.898132146188746	9.074174539065348e-10
OGG1_0_multinomial_train1.7	2.0450745318768585e-89	0.0351879600842612	3.224679568736711e-10	0.06875295129311115	0.8960590883001596
UNG_0_multinomial_train1.10	0.01830089753696253	9.6e-322	0.08838295847196366	0.8933161439910738	6.37e-322
OGG1_0_multinomial_train1.8	0.044609072790407184	2.47e-321	5.396505544642316e-116	0.14957550821807516	0.8058154189915177
UNG_0_multinomial_train1.11	0.023155928037550906	2.1432436136857744e-233	0.15146546234552583	0.8253786096169231	4.054007092221127e-283
OGG1_0_multinomial_train1.9	2.801994372237776e-89	0.04939305966648141	0.07318615668270909	0.01563200452572801	0.8617887791250814
OGG1_0_multinomial_train1.10	2.8054476330729905e-219	0.03466142219053425	0.1608388200632732	1.2334775474217259e-23	0.8044997577461925
OGG1_0_multinomial_train1.11	2.1717588687989526e-161	0.07538856062268129	4.320928073702361e-74	5.1621771031752585e-132	0.9246114393773187
UNG_0_multinomial_train1.12	0.1035984521368865	1.685e-321	1.107e-321	0.8964015478631134	3.1e-322
UNG_0_multinomial_train1.13	0.012222818682772873	1.5898424259470995e-257	0.04974805008309749	0.9380291312341297	5.249454174842367e-47
UNG_0_multinomial_train1.14	0.08455790854077105	1.4360378896030017e-111	1.25e-321	0.915442091459229	4.25e-322
OGG1_0_multinomial_train1.12	2.9623480385303574e-135	0.0704779851349389	2.9879275018522186e-141	1.286159156571826e-73	0.929522014865061
OGG1_0_multinomial_train1.13	8.933663379399978e-177	0.011565338531634632	3.010638550976108e-32	0.1514132584607659	0.8370214030075995
UNG_0_multinomial_train1.15	5.601727835764346e-234	3.112721946233118e-33	0.11120769677041316	0.8887923032295869	1.7665334202703137e-18
UNG_0_multinomial_train1.16	0.024223317717436646	1.4465463598550284e-276	0.03159871169091689	0.8760706943980607	0.0681072761935857
UNG_0_multinomial_train1.17	0.00794714982296824	1.774e-321	5.344185718413781e-126	0.9493843108930257	0.04266853928400592
OGG1_0_multinomial_train1.14	6.436723761791801e-135	0.024843970779117278	0.1366228822186828	9.420855098734435e-108	0.8385331470022
UNG_0_multinomial_train1.18	2.087447213898918e-225	3.7610299550836932e-205	0.10294050254254174	0.8970594974574583	5.3e-322
OGG1_0_multinomial_train1.15	0.02065170818689005	0.05441432309125829	0.06105688193800942	0.049419247123824186	0.8144578396600182
UNG_0_multinomial_train1.19	0.0040425490279425245	0.0389244298348648	0.13149737263412978	0.8255356485030627	1.0395090950631291e-98
OGG1_0_multinomial_train1.16	7.876006868835456e-41	0.03628303613709891	2.079616689952072e-18	0.10280125688859082	0.8609157069743103
UNG_0_multinomial_train1.20	5.913174573915444e-30	0.005038939362250839	2.9122359818550007e-07	0.9780851149719544	0.016875654442196616
UNG_0_multinomial_train1.21	0.07092304584860526	0.07289929614502451	1.0527191231232021e-69	0.8171416702762049	0.03903598773016542
OGG1_0_multinomial_train1.17	1.3980953571667323e-140	0.09011727241520225	2.709687447385658e-72	1.0115029995440496e-21	0.9098827275847977
UNG_0_multinomial_train1.22	3.1156346750615124e-233	1.9518084472077886e-287	0.013108396622605793	0.9868916033773942	7.36e-322
UNG_0_multinomial_train1.23	1.5495266215443645e-98	0.006119101128544677	0.06584335097367551	0.9280375478977797	3.4e-322
UNG_0_multinomial_train1.24	0.034475758254948315	8.28656116206412e-63	0.013951021520996225	0.9169429311006705	0.034630289123384936
OGG1_0_multinomial_train1.18	3.717690182673865e-16	1.0384171081810553e-07	0.11051347333687601	0.09516348386298515	0.7943229389584278
UNG_0_multinomial_train1.25	0.06570436309354283	9.73e-322	0.2036846323818594	0.7306110044886918	3.590602438292933e-11
OGG1_0_multinomial_train1.19	2.1848871381869693e-35	0.09685472890693364	1.4652888123964726e-27	0.03079019142644884	0.8723550796666175
UNG_0_multinomial_train1.26	5.417647948590623e-301	0.11431487304356726	7.894461360954141e-18	0.8856851269564328	2.3394455552462436e-187
OGG1_0_multinomial_train1.20	0.01892266496949387	0.06468748459611474	0.1280883228215244	0.003976630966564209	0.7843248966463028
UNG_0_multinomial_train1.27	0.06735686510953821	1.655e-321	0.15728130621418632	0.7753618286762756	8.74e-322
OGG1_0_multinomial_train1.21	1.4194638276765724e-170	0.039698453669918	0.3257709872305416	9.35411813973905e-14	0.6345305590994469
OGG1_0_multinomial_train1.22	0.0008730512061776166	1.7065378222773445e-139	0.03318045789765893	0.10259266749477484	0.8633538234013888
UNG_0_multinomial_train1.28	2.0480362332348453e-22	2.13e-321	9.34e-322	1.0	9.04e-322
UNG_0_multinomial_train1.29	2.3883143720740767e-177	7.123134563327317e-78	0.07772310856697422	0.9058113796501176	0.016465511782908306
OGG1_0_multinomial_train1.23	2.0795360722269207e-134	0.06762618231966332	1.8401507846342473e-12	1.80169468100716e-12	0.9323738176766949
OGG1_0_multinomial_train1.24	1.5682829365466973e-245	0.10910203090127689	9.026279602581503e-11	4.324501204858241e-87	0.8908979690084603
OGG1_0_multinomial_train1.25	0.043549496302111655	7.861321666558813e-05	0.1685030655506178	0.05811190218193439	0.7297569227486704
OGG1_0_multinomial_train1.26	6.4750667498094825e-223	5.820933158227618e-42	0.18203964071854775	2.3218539525836826e-39	0.8179603592814523
UNG_0_multinomial_train1.30	2.6817548988834513e-255	6.782206053657426e-111	9.677527967490713e-60	0.9587530218855658	0.0412469781144342
OGG1_0_multinomial_train1.27	1.2926318211710369e-120	0.06701244318274621	0.06655293926982563	1.8200777533402383e-23	0.8664346175474282
OGG1_0_multinomial_train1.28	0.003052539203819006	0.04626508709936719	1.4967914755544815e-13	0.10547012880415689	0.8452122448925072
UNG_0_multinomial_train1.31	0.0004826595728843254	5.504600386958188e-50	0.1986860121076544	0.8008313283194611	7.07e-322
UNG_0_multinomial_train1.32	7.835107732557538e-101	4.331503227320787e-116	2.116603063667282e-234	0.9677119742551692	0.03228802574483087
UNG_0_multinomial_train1.33	0.026414296787157933	1.215e-321	1.0946959270253058e-46	0.973585703212842	3.000207293222475e-193
OGG1_0_multinomial_train1.29	4.358508635288059e-45	0.0018657165246807022	0.16512997092699488	0.0829548153164391	0.7500494972318853
OGG1_0_multinomial_train1.30	3.3112297841540656e-198	0.07871404636590391	0.08332891577344666	0.024641195441640118	0.8133158424190092
UNG_0_multinomial_train1.34	4.080122683519658e-13	0.0411940442307171	2.8161601952400354e-113	0.9121992821196977	0.04660667364917726
OGG1_0_multinomial_train1.31	6.238955588572428e-111	0.07598748813869942	0.05391989816314691	0.031197883934136236	0.8388947297640175
UNG_0_multinomial_train1.35	0.12093902863081478	0.06879455197809893	3.45337881471079e-244	0.7900658521659878	0.020200567225098488
UNG_0_multinomial_train1.36	6.85652139235537e-05	1.487e-321	0.06763109134720631	0.9323003434388701	3.4754402375068646e-292
UNG_0_multinomial_train1.37	0.02242608251408153	3.748722006799382e-109	5.43e-322	0.9775739174859184	3.46e-322
OGG1_0_multinomial_train1.32	0.006392905744469625	0.08214998276904319	3.928516913817389e-86	0.06479518844280498	0.8466619230436822
UNG_0_multinomial_train1.38	0.10943264710004424	9.115294685093002e-39	0.07532951395982113	0.8152378389401347	2.6625059867145745e-64
OGG1_0_multinomial_train1.33	2.894681805251817e-48	0.012458145071368009	0.1081607441915888	0.11442129995119632	0.764959810785847
OGG1_0_multinomial_train1.34	1.2769172885688507e-23	0.023388996218950926	3.089898264766048e-31	0.12503464792243052	0.8515763558586185
OGG1_0_multinomial_train1.35	6.732918394650952e-72	0.0679190704802464	0.04939731844742568	0.04899542181249973	0.8336881892598282
OGG1_0_multinomial_train1.36	1.10153699085228e-54	0.03260221903426894	9.863656490307119e-57	0.031727477467281585	0.9356703034984496
OGG1_0_multinomial_train1.37	4.2811759525829704e-134	1.4938000120052295e-173	0.1196870809701366	0.050970232033690215	0.8293426869961731
OGG1_0_multinomial_train1.38	1.3706422986223943e-163	0.06568250800848899	1.1022720401602942e-20	0.02984241891444362	0.9044750730770674
UNG_0_multinomial_train1.39	2.243899996750154e-185	0.020803036077559508	1.652506621886645e-32	0.9791969639224405	9.701636012113975e-170
OGG1_0_multinomial_train1.39	8.280776226730388e-97	0.1102462703143725	0.05279496924705445	0.050985157769142884	0.7859736026694302
UNG_0_multinomial_train1.40	0.08070066519229792	0.016322003614997596	9.4e-322	0.9029773311927046	3.4e-322
OGG1_0_multinomial_train1.40	3.990433967767918e-165	0.06193815731341219	0.13835042047535062	1.119140297112736e-80	0.7997114222112374
OGG1_0_multinomial_train1.41	0.018819610758897393	0.026356166584887278	1.1392743541338763e-94	0.023321781279716132	0.9315024413764992
UNG_0_multinomial_train1.41	0.1871641975659191	2.0323258758851878e-273	6.4426556143596746e-83	0.812835802434081	3.315569094967081e-94
OGG1_0_multinomial_train1.42	1.0314979946066597e-53	0.01123494417124615	0.0024519655471972332	0.09640255902696283	0.8899105312545939
UNG_0_multinomial_train1.42	0.08570540940758704	3.87169534300167e-269	3.9344645209966785e-242	0.9142945905924129	3.06e-322
OGG1_0_multinomial_train1.43	0.00933489935395113	0.04471108968071559	0.06563763908037568	0.004909293644012022	0.8754070782409455
OGG1_0_multinomial_train1.44	0.034126892333497	4.136992609259161e-51	0.01624264497746316	0.13052593171419213	0.8191045309748477
OGG1_0_multinomial_train1.45	2.0873033367820993e-123	0.006021162338725364	0.20673913195231525	0.0059089663292642165	0.7813307393796951
OGG1_0_multinomial_train1.46	2.0426626856058383e-59	0.0016253569126808939	0.1326454728307333	0.10335713072772364	0.7623720395288621
UNG_0_multinomial_train1.43	3.0812923e-317	0.03869994752227075	1.3397032539881227e-42	0.9010842048618906	0.060215847615838716
OGG1_0_multinomial_train1.47	0.03012423986229235	0.023797535977015248	0.05359690876247061	0.06074073509775544	0.8317405803004663
OGG1_0_multinomial_train1.48	4.7375625570839134e-182	0.04699211052970288	0.04021540210380039	0.10502472033311393	0.8077677670333827
OGG1_0_multinomial_train1.49	1.4056241869870373e-06	0.03223120662518368	0.12094950581246587	0.0394020320813662	0.8074158498567974
OGG1_0_multinomial_train1.50	1.76135727456512e-149	0.09974218003838123	2.3530933147136053e-40	0.01814090901920897	0.88211691094241
UNG_0_multinomial_train1.44	0.0768393295265866	0.05486147965865854	2.55042110002774e-170	0.8061018926001382	0.06219729821461664
OGG1_0_multinomial_train1.51	0.030283117023870543	0.0911468658419268	2.6876906559367867e-129	0.02341858602308129	0.8551514311111215
OGG1_0_multinomial_train1.52	7.754061636563809e-50	0.05219824744833872	1.3600596238056562e-52	0.03130348266600778	0.9164982698856535
ATP2B4_0_multinomial_train1	0.09920937628427337	0.11364895685579879	0.5207497001348893	0.14803589341130866	0.11835607331372991
ATP2B4_1_multinomial_train1	1.2134613039037734e-74	0.10570614721672754	0.8872574950199369	0.007036357763335444	7.705747033139138e-42
ATP2B4_0_multinomial_train1.1	0.18742404736813226	5.703763295017763e-166	0.7087516771623227	0.1038242754695451	8.72178138247087e-54
ATP2B4_1_multinomial_train1.1	1.3034389633786022e-42	0.007702777926895647	0.9367525316733575	2.581675357228108e-207	0.05554469039974683
ATP2B4_1_multinomial_train1.2	1.3207444533309906e-46	0.04416790906275293	0.8028350793195769	5.32987934150328e-299	0.15299701161767004
ATP2B4_1_multinomial_train1.3	0.042937975130636276	0.0577377129112989	0.8699712864368033	0.02935302552126143	3.66e-322
ATP2B4_0_multinomial_train1.2	0.20978552279548116	1.047e-321	0.5255164846658172	0.1955218346767394	0.06917615786196218
ATP2B4_1_multinomial_train1.4	1.245e-321	0.0650634536562797	0.7702469159645804	7.25377007736066e-213	0.1646896303791398
ATP2B4_0_multinomial_train1.3	0.2103564980589472	1.15e-321	0.6159885187794589	0.17365498316159395	8.065538840104066e-76
ATP2B4_0_multinomial_train1.4	0.07045339823929998	0.006977210752849158	0.6746226754611934	0.2479467155466575	1.4300472227730186e-82
ATP2B4_0_multinomial_train1.5	0.06351787142247628	0.01580627675492734	0.6103992782099965	0.25515108003831094	0.05512549357428923
ATP2B4_0_multinomial_train1.6	0.1556831103319547	3.486226291715387e-154	0.6239406550879552	0.2071922112494756	0.01318402333061451
ATP2B4_1_multinomial_train1.5	1.8871730125151742e-23	0.09633155093445359	0.6139830275700286	2.090699115630961e-256	0.28968542149551774
ATP2B4_0_multinomial_train1.7	0.05059041012327283	0.06551446329059335	0.5255192588417292	0.19135984271550469	0.1670160250289
ATP2B4_1_multinomial_train1.6	8.8755130230693e-311	0.0825691908586521	0.6612394114182479	9.4e-322	0.25619139772309996
ATP2B4_1_multinomial_train1.7	5.90609730018176e-289	0.10822612834097774	0.7575172430864595	2.1956225559237984e-141	0.13425662857256282
ATP2B4_1_multinomial_train1.8	4.911414198894506e-211	0.16185103393412706	0.8381489660658731	1.0044445046407063e-192	2.4700488304945582e-160
ATP2B4_1_multinomial_train1.9	0.01933481355166519	0.06257748360931045	0.755249979265254	6.332727102339544e-247	0.16283772357377035
ATP2B4_1_multinomial_train1.10	0.03884885955590059	0.13195515399664973	0.670576404516268	7.3081202076550085e-230	0.15861958193118184
ATP2B4_1_multinomial_train1.11	8.930913375414415e-294	0.06687556214180304	0.933124437858197	1.0319199555048683e-248	1.4707030527435986e-55
ATP2B4_1_multinomial_train1.12	1.9270306143532978e-203	0.06834510235736485	0.9138877009893017	1.3392033303080133e-209	0.01776719665333332
ATP2B4_1_multinomial_train1.13	1.3713591381859558e-96	0.01010576608059063	0.915655000731453	1.8069498309547376e-239	0.07423923318795622
ATP2B4_0_multinomial_train1.8	0.24845501175590348	0.015783057501628436	0.688714638465142	0.04661373188467355	0.0004335603926524394
ATP2B4_1_multinomial_train1.14	1.964546805393503e-176	0.13130060429513007	0.6411313656999895	5.013798185139998e-31	0.22756803000488057
ATP2B4_1_multinomial_train1.15	0.009264298631638345	0.09190351935903188	0.8009478844239878	4.0274853541135933e-234	0.09788429758534208
ATP2B4_0_multinomial_train1.9	0.1419006586533425	0.0438044068634711	0.4107500657229608	0.25702360003892416	0.1465212687213016
ATP2B4_0_multinomial_train1.10	0.10899867130147668	1.26e-321	0.7365766095067984	0.154424719191725	1.0985806281825496e-191
ATP2B4_0_multinomial_train1.11	0.13827223929366222	0.054500291938345845	0.7141546691059046	0.09307279966208741	1.163997109416249e-152
ATP2B4_1_multinomial_train1.16	1.645e-321	0.13361421574130794	0.6745382249010315	2.6785293301837724e-125	0.19184755935766037
ATP2B4_0_multinomial_train1.12	0.29540803363134216	5.155523664706659e-119	0.5249704149978273	0.13815196533649493	0.04146958603433573
ATP2B4_0_multinomial_train1.13	0.27502840620417984	2.055e-321	0.5687979558590137	0.15617363793680628	1.8534875009836314e-88
ATP2B4_0_multinomial_train1.14	0.07024243418665717	0.09875982405171634	0.8309977417609894	7.04143162484195e-54	6.37193319209211e-13
ATP2B4_0_multinomial_train1.15	0.15074039248412305	6.15434582918535e-251	0.7296444897194809	0.11311469009565361	0.006500427700742364
ATP2B4_1_multinomial_train1.17	4.096243614806359e-236	0.08273790428844663	0.9172620957115533	2.8558094570371247e-221	1.6370383023749597e-74
ATP2B4_1_multinomial_train1.18	2.73174727591255e-186	0.05801279005139154	0.7487055808699616	5.3178169745637815e-148	0.19328162907864704
ATP2B4_1_multinomial_train1.19	0.08142772863892522	0.08875025965711969	0.5699792160776375	8.514359305424725e-24	0.2598427956263177
ATP2B4_1_multinomial_train1.20	1.647495454910486e-162	0.09663875601461579	0.8054908310984302	0.03261222520309458	0.06525818768385924
ATP2B4_0_multinomial_train1.16	0.23766093200295657	3.3424383238200897e-243	0.4545425923067363	0.18400526437567505	0.12379121131463207
ATP2B4_1_multinomial_train1.21	4.521412346067992e-40	0.08425517147571841	0.8551305197841778	1.08e-321	0.06061430874010387
ATP2B4_1_multinomial_train1.22	0.12099677914436985	0.026066045002973236	0.7486662028255817	1.4066946825788152e-217	0.10427097302707525
ATP2B4_0_multinomial_train1.17	0.06039783530129603	1.6657481275270241e-37	0.6971254645194862	0.24247669762300939	2.5562083873638733e-09
ATP2B4_0_multinomial_train1.18	0.1535324382312502	0.05279137322498057	0.5411021415780902	0.07862072073853676	0.17395332622714219
ATP2B4_1_multinomial_train1.23	8.532537476584592e-233	0.12376486816995448	0.6080767076086735	1.3942867185478014e-129	0.26815842422137215
ATP2B4_1_multinomial_train1.24	5.615239210062171e-22	0.05515347142955747	0.9343747836517801	0.010471744918662292	2.8031464183423667e-61
ATP2B4_0_multinomial_train1.19	0.11658763390707942	0.017691945260711398	0.5809004902580366	0.17624041744418184	0.10857951312999085
ATP2B4_1_multinomial_train1.25	2.762143686761236e-106	0.11973824176336557	0.8802617582366346	2.614939565829058e-276	8.709634678311359e-52
ATP2B4_0_multinomial_train1.20	0.06991275364775246	0.023531068355862446	0.6809068486981931	0.17235520706458018	0.053294122233611844
ATP2B4_0_multinomial_train1.21	0.17637529304750432	0.030523074806995665	0.3371864362468723	0.17338931740927868	0.2825258784893491
ATP2B4_0_multinomial_train1.22	0.22188120435638067	1.1544141126225418e-243	0.359441704812116	0.22352838373357697	0.19514870709792634
ATP2B4_0_multinomial_train1.23	0.2423483567518767	0.014388555709999615	0.6102205687135128	0.08933013483504382	0.043712383989567005
ATP2B4_0_multinomial_train1.24	0.1956798856791012	1.9469204152782136e-73	0.7420656163917643	0.062254497929134504	8.06751695315009e-128
ATP2B4_1_multinomial_train1.26	0.012637829307621903	0.006093800797145615	0.9812683698952325	5.520354212129546e-217	3.56e-322
ATP2B4_0_multinomial_train1.25	0.11712879877901783	0.04859416638949973	0.7480285205062817	4.624109156081744e-75	0.0862485143252007
ATP2B4_1_multinomial_train1.27	0.06274213868591226	0.015826210219725946	0.8089408507126254	7.665533137247211e-258	0.1124908003817363
ATP2B4_0_multinomial_train1.26	0.2373755883846265	6.97e-322	0.47925404149391115	0.25170338610854504	0.031666984012917364
ATP2B4_1_multinomial_train1.28	4.2328715380178575e-267	0.09440287656509444	0.8657220903295372	9.73e-322	0.039875033105368454
ATP2B4_0_multinomial_train1.27	0.20724516181289881	0.06802550962198253	0.5657994322466264	0.12633173395614367	0.03259816236234865
ATP2B4_1_multinomial_train1.29	4.2178861093564214e-120	0.13658137247895286	0.8634186275210471	9.091281779069959e-303	2.5553928457945698e-82
ATP2B4_0_multinomial_train1.28	0.17465017493502116	6.53653796531043e-51	0.4358891297399794	0.28101537055946707	0.10844532476553248
ATP2B4_0_multinomial_train1.29	0.17912565228015767	7.984162393060758e-127	0.5767500425809848	0.11301080200403404	0.13111350313482337
ATP2B4_0_multinomial_train1.30	0.1941606264844383	0.01166825447964297	0.4404336158931097	0.14873160928409593	0.2050058938587132
ATP2B4_0_multinomial_train1.31	0.1789703937766863	0.04696777406527575	0.539759296687643	0.23430253547039506	1.1875638102439889e-267
ATP2B4_1_multinomial_train1.30	0.09958479978781205	0.03448940315297693	0.8659257970592109	5.454705416990238e-196	2.3716735201359884e-82
ATP2B4_1_multinomial_train1.31	9.202422840127164e-241	0.035464998992821704	0.9052105196293703	9e-322	0.05932448137780784
ATP2B4_1_multinomial_train1.32	0.03654588135373863	0.0062853543390861775	0.9562919169681959	1.9574331398918263e-190	0.0008768473389792271
ATP2B4_0_multinomial_train1.32	0.30035095888572483	2.08e-321	0.502211969793849	0.1162257303214528	0.08121134099897338
ATP2B4_0_multinomial_train1.33	0.11442210351424648	0.005502265595187485	0.8218635836822499	0.0582082469534416	3.8002548744973175e-06
ATP2B4_0_multinomial_train1.34	0.13837521421861612	0.003989161493915798	0.575737504954864	0.22140086819321225	0.06049725113939194
ATP2B4_0_multinomial_train1.35	0.2610871633281921	0.016441455668658102	0.6034537696462907	0.11901761135685916	6.624582278635007e-193
ATP2B4_1_multinomial_train1.33	0.004936819260258553	0.06241010832295477	0.9039648725320126	9.81784961945446e-10	0.02868819890298889
ATP2B4_1_multinomial_train1.34	0.12756239733634536	0.09490609377821031	0.6558899944021431	1.7247419946553547e-166	0.12164151448330111
ATP2B4_1_multinomial_train1.35	2.846769582097342e-175	0.1285076095199281	0.7610787172194348	9.180113259680688e-181	0.11041367326063711
ATP2B4_1_multinomial_train1.36	7.391316955536831e-258	0.1464870963070197	0.8037347737076741	7.956931593980148e-199	0.04977812998530609
ATP2B4_0_multinomial_train1.36	0.2116826832489615	1.606e-321	0.38968076843154265	0.20972368858073867	0.18891285973875735
ATP2B4_0_multinomial_train1.37	0.33920132540773473	5.6557558358249e-198	0.6084609410652259	0.0523377335270395	1.5512901718048285e-62
ATP2B4_1_multinomial_train1.37	1.2e-321	0.11783309909498864	0.7045722498130762	1.809067790028182e-235	0.17759465109193515
ATP2B4_1_multinomial_train1.38	5.452066711713323e-246	0.12697241344454333	0.8730275865554566	1.1492495812904166e-198	4.5e-322
ATP2B4_1_multinomial_train1.39	9.65992484866767e-78	0.14275808198021772	0.7489352680086904	3.634036080955815e-204	0.10830665001109199
ATP2B4_1_multinomial_train1.40	7.575507071976493e-52	0.038667540025177444	0.7824507477648079	2.7834909926647627e-255	0.17888171221001464
ATP2B4_1_multinomial_train1.41	7.036795261897893e-38	0.09365252469705151	0.8001850004786705	3.496794801018817e-136	0.10616247482427796
ATP2B4_1_multinomial_train1.42	1.1976516466322987e-31	0.07819030412260825	0.6972756469284016	1.21e-321	0.22453404894899018
ATP2B4_0_multinomial_train1.38	0.05670189143120326	0.04073095665806586	0.677200543244608	0.22536660866612276	1.569507036e-314
ATP2B4_0_multinomial_train1.39	0.19651307763990955	0.010784598460614931	0.4986585691222054	0.22011241693892988	0.07393133783834029
ATP2B4_0_multinomial_train1.40	0.07080213769238206	0.015710694881808814	0.6488310507842908	0.14700716433887445	0.11764895230264391
ATP2B4_1_multinomial_train1.43	2.077138007451735e-205	0.1156515667138411	0.7513469268066582	1.7202958925837842e-115	0.1330015064795008
ATP2B4_0_multinomial_train1.41	0.16458332191957994	7.044370684973175e-94	0.7155390525871629	0.1198776254932572	3.862695311418648e-215
ATP2B4_0_multinomial_train1.42	0.2139070166846507	2.6295837410748195e-294	0.51476878209915	0.13327143246058182	0.1380527687556174
ATP2B4_0_multinomial_train1.43	0.10259715241659347	1.93e-321	0.7252161159914777	0.17218673159192885	1.925819562653714e-46
ATP2B4_0_multinomial_train1.44	0.35028582973389333	0.014460147809400168	0.4760262281248586	0.11918395112970012	0.040043843202147725
ATP2B4_1_multinomial_train1.44	0.02191300424304382	3.646324663020931e-70	0.9052567716569708	3.1027248290644982e-199	0.07283022409998524
ATP2B4_0_multinomial_train1.45	0.21792522227499406	0.012515233408632614	0.5457928587341092	0.11718915980995862	0.10657752577230577
ATP2B4_1_multinomial_train1.45	0.10620282529546328	0.03804067784331549	0.6977762788547802	3.3861774605543804e-210	0.1579802180064409
ATP2B4_0_multinomial_train1.46	0.14058719912424278	0.028792302414072234	0.7888964189248917	0.04172407953679314	4.271397414567614e-269
ATP2B4_0_multinomial_train1.47	0.1374441226542936	0.042591009709844446	0.7042549453382695	0.1157099222975925	2.3476057719941956e-74
ATP2B4_0_multinomial_train1.48	0.11582504580847472	1.569064063137824e-62	0.7121539537595362	0.1720210004319891	1.1393207348466748e-86
ATP2B4_1_multinomial_train1.46	0.03085930257902518	0.041963935966645556	0.9046057118274534	0.022571049626875752	2.77e-322
ATP2B4_1_multinomial_train1.47	9.703482859451792e-105	0.07979255433837933	0.9202074456616206	1.1575708423228791e-165	3.8718100218778235e-153
ATP2B4_1_multinomial_train1.48	0.03639616551616389	0.12490550925020483	0.6681614839833455	4.359749626233542e-30	0.17053684125028581
PMS1_0_multinomial_train1	0.0016269487853004954	0.29211941241336525	0.5429430494694962	0.1633105893318382	4.1379030600537896e-61
MSH6_1_multinomial_train1	6.047423851216556e-181	0.9828734957108594	8.772428810607997e-245	1.57e-321	0.017126504289140695
MSH6_0_multinomial_train1	3.11855648972976e-291	0.9897558918690922	7.99780085038769e-117	3.551140222347581e-170	0.0102441081309078
MSH2_0_multinomial_train1	1.434276559859804e-214	0.9378956007978001	1.0379391357600829e-115	0.06210439920219996	2.0361928616912737e-150
MSH6_0_multinomial_train1.1	2.485e-321	0.9868482685729183	2.075e-321	1.8702633468319715e-263	0.013151731427081804
