Samples	SBS96A	SBS96B	SBS96C	SBS96D	SBS96E
EXO1_real_train_fold1	0.060714612102631384	0.09665547637257219	0.586077783111068	0.02558347294353464	0.23096865547019385
OGG1_real_train_fold1	0.8232936174676345	0.08320900694942542	0.011351372605229587	0.06050530112834052	0.021640701849369844
RNF168_real_train_fold1	0.08934186022130676	0.14396241725124845	0.5786831885582067	0.007723055294864721	0.18028947867437348
UNG_real_train_fold1	0.11886961326291462	0.25908285264093345	0.08356967045319602	7.469063949458892e-223	0.5384778636429557
ATP2B4_real_train_fold1	0.26919139221823535	0.40529325718577836	0.15779343087036474	0.01098725769213769	0.1567346620334839
ATP2B4_real_train_fold1.1	0.33278476028481996	0.5139648776036309	0.03230418811784665	0.12094617399370257	1.1610148600204156e-94
MLH1_real_train_fold1	0.00595003924478335	6.798970459769966e-139	4.8959032223102345e-214	0.8074962181839982	0.18655374257121848
MSH2_real_train_fold1	0.0012870258133775383	0.06077321194456864	4.13e-321	0.7624237692825521	0.17551599295950163
MSH6_real_train_fold1	0.011393210862076454	0.02785684005305504	0.009232715206504953	0.8194291055072566	0.13208812837110723
MSH6_real_train_fold1.1	0.027200711776286992	0.0005187624916399585	0.02043416442940922	0.833431912372879	0.11841444892978467
PMS1_real_train_fold1	0.17172909502367015	0.4918446841591031	3.615029265733069e-300	0.16040729563998204	0.17601892517724474
PMS2_real_train_fold1	0.02803666206416646	0.024968911399497643	0.5136387552272296	0.43335567130910624	1.22e-321
EXO1_multinomial_train_fold1	0.08427111447494341	0.05038872804487836	0.6169020647136978	0.01184445693625815	0.2365936358302221
RNF168_multinomial_train_fold1	0.08820974322868884	0.20480490977054483	0.5420262431672817	0.005260141198483376	0.15969896263500144
RNF168_multinomial_train_fold1.1	0.09876185617995033	0.20525806521182327	0.581568532624371	1.4e-321	0.11441154598385538
EXO1_multinomial_train_fold1.1	0.07639418315288928	0.0646703361626273	0.5770731423012744	0.08988966896055191	0.19197266942265706
RNF168_multinomial_train_fold1.2	0.08720491648907984	0.2200067771877598	0.5659326243485086	0.05819458961857148	0.06866109235608037
RNF168_multinomial_train_fold1.3	0.09277210618923001	0.15105563712363795	0.5060322270713931	0.03387564280618393	0.21626438680955495
RNF168_multinomial_train_fold1.4	0.10935196571346613	0.18078892838255975	0.528593673678021	0.043971577670564706	0.1372938545553884
RNF168_multinomial_train_fold1.5	0.018988895494726366	0.2212889763292059	0.5653034219310139	2.18e-321	0.19441870624505392
RNF168_multinomial_train_fold1.6	0.10317833168319254	0.11619214036444608	0.5303571335234549	1.7753761927203698e-286	0.25027239442890636
RNF168_multinomial_train_fold1.7	0.0640406823790951	0.10601853195197136	0.5907681439733747	0.019724045919405853	0.21944859577615297
RNF168_multinomial_train_fold1.8	0.13170593121857913	0.10467061010092601	0.6112661402708991	0.008651160368572015	0.14370615804102388
EXO1_multinomial_train_fold1.2	0.02925330343014794	0.15705185401552368	0.5791056750029899	0.011039281506158545	0.22354988604517995
EXO1_multinomial_train_fold1.3	0.0954939601871006	0.024159051941536662	0.6382923973208883	0.04805475048958229	0.1939998400608922
RNF168_multinomial_train_fold1.9	0.07333433632544016	0.14484463987276763	0.6093842267296077	3.014e-321	0.17243679707218468
EXO1_multinomial_train_fold1.4	0.0555096923811738	0.10296843808801985	0.5900484265893324	0.0028575085939002536	0.24861593434757362
EXO1_multinomial_train_fold1.5	0.06744890909222968	0.08540110665459025	0.5809046844782431	0.03360028065001655	0.23264501912492042
EXO1_multinomial_train_fold1.6	0.05784181282053151	0.09208004214098643	0.5914958869872314	1.1244180435566037e-90	0.2585822580512506
EXO1_multinomial_train_fold1.7	0.07316033541257651	0.05215127630014964	0.5893209802275259	0.0288873578089596	0.25648005025078835
EXO1_multinomial_train_fold1.8	0.055430978643178266	0.12775176634878121	0.5241795112892058	0.02543014888351814	0.26720759483531675
RNF168_multinomial_train_fold1.10	0.16692540681150103	0.06575947190116588	0.5210299276317343	9.887925924442011e-206	0.24628519365559887
EXO1_multinomial_train_fold1.9	0.04612703532361976	0.06900860087633627	0.6477969983558969	0.05705689533262485	0.1800104701115222
RNF168_multinomial_train_fold1.11	0.041790928379122134	0.17306684369452996	0.5551652683651358	0.014720350553879859	0.2152566090073321
RNF168_multinomial_train_fold1.12	0.08367154462455317	0.15872342669755798	0.5719733329991106	0.0580307854642454	0.12760091021453276
EXO1_multinomial_train_fold1.10	0.04178015208625939	0.088816678907394	0.5976802311988229	0.02895583762673182	0.24276710018079192
EXO1_multinomial_train_fold1.11	0.06651611021860572	0.07630660828046666	0.5603105601064293	0.037686470862324455	0.2591802505321738
RNF168_multinomial_train_fold1.13	0.0818559186323635	0.06987911728650363	0.5728213542072641	0.16267967417641815	0.11276393569745059
RNF168_multinomial_train_fold1.14	0.08952947694288563	0.17202555748055645	0.5511980930338604	0.02633776471792476	0.1609091078247728
RNF168_multinomial_train_fold1.15	0.08051796782191158	0.07147369771617351	0.5806317323522749	0.027888590922972262	0.2394880111866678
RNF168_multinomial_train_fold1.16	0.10636729975847234	0.15958733654900653	0.5450957043995388	0.02104936969585942	0.16790028959712283
EXO1_multinomial_train_fold1.12	0.08934774619430143	0.08829734326621651	0.6068624863921483	0.003937606793466736	0.2115548173538669
RNF168_multinomial_train_fold1.17	0.07386568448071722	0.1929403299460907	0.510727115497849	0.03111753048636036	0.1913493395889827
EXO1_multinomial_train_fold1.13	0.08595165750142549	0.08814152845487883	0.5821574459731566	0.006398089068050824	0.23735127900248834
RNF168_multinomial_train_fold1.18	0.11466693781857126	0.20123247183134438	0.5452993250996745	1.1670026037880205e-306	0.13880126525040987
EXO1_multinomial_train_fold1.14	0.07465036246976475	0.06701066309895774	0.5830554554152811	0.022768333419781593	0.2525151855962149
RNF168_multinomial_train_fold1.19	0.08732386215850244	0.07757643251607912	0.6557832867382622	0.022250161130886983	0.15706625745626906
RNF168_multinomial_train_fold1.20	0.026177988015745286	0.12748515634717794	0.5981619088337697	4.699163998448051e-119	0.24817494680330696
EXO1_multinomial_train_fold1.15	0.061345016749908735	0.09552757929445942	0.574446766011544	0.02306574841744285	0.2456148895266451
RNF168_multinomial_train_fold1.21	0.12893892935520118	0.1007051056626672	0.5513482791879367	0.009223936847594146	0.20978374894660065
RNF168_multinomial_train_fold1.22	0.09951336834271407	0.18608785604288605	0.4695199866975507	0.04086907339371737	0.20400971552313196
EXO1_multinomial_train_fold1.16	0.04421300411944546	0.10269826665089789	0.5552563552468414	0.020089268499618677	0.27774310548319675
EXO1_multinomial_train_fold1.17	0.04670955698203793	0.09779078364271732	0.604879431923856	0.026985431902133216	0.22363479554925558
RNF168_multinomial_train_fold1.23	0.09275427344438952	0.06881748090995896	0.6401937106286301	4.2231559350993945e-05	0.1981923034576706
EXO1_multinomial_train_fold1.18	0.050024845015792005	0.11851248701078332	0.532611641886207	0.031341951038146104	0.26750907504907145
RNF168_multinomial_train_fold1.24	0.057461824584255965	0.16953368764843868	0.6394886603333126	0.000246285015622611	0.13326954241837025
RNF168_multinomial_train_fold1.25	0.05622790926064322	0.20098951290546826	0.5844442749280226	0.006234091299148252	0.15210421160671758
RNF168_multinomial_train_fold1.26	0.056617420481403696	0.1232966105836337	0.6135562388378509	2.82e-321	0.20652973009711156
RNF168_multinomial_train_fold1.27	0.13171981691983334	0.21476110599840104	0.47614841672707287	0.0018719782075750147	0.1754986821471178
RNF168_multinomial_train_fold1.28	0.06125757130402984	0.13834143553253342	0.6049284491804005	0.02427054040613923	0.1712020035768969
EXO1_multinomial_train_fold1.19	0.04083547727387286	0.12796476099144544	0.5506369050023967	0.055325048659951595	0.22523780807233323
RNF168_multinomial_train_fold1.29	0.05334400559801264	0.13757801357138683	0.5848300470164893	0.02093009215760196	0.20331784165650943
EXO1_multinomial_train_fold1.20	0.06398672390098198	0.10556348141919333	0.5683938481837868	0.02620086915925724	0.2358550773367805
RNF168_multinomial_train_fold1.30	0.08635845480134473	0.1539433552146502	0.5907014851459865	0.00428872416954931	0.16470798066846937
RNF168_multinomial_train_fold1.31	0.067171141598162	0.17715488661186057	0.5607093009103945	0.023265226501957864	0.17169944437762524
RNF168_multinomial_train_fold1.32	0.08395625991843478	0.1343603785019429	0.622144278636792	0.014514436019368446	0.14502464692346176
RNF168_multinomial_train_fold1.33	0.058989736076701466	0.23896903343426776	0.5197627198113414	1.023e-321	0.1822785106776894
EXO1_multinomial_train_fold1.21	0.06513202742506759	0.0630362810202319	0.5950356659413655	4.168390775501396e-179	0.27679602561333516
RNF168_multinomial_train_fold1.34	0.085503368557852	0.08131860372136875	0.6959347821497598	7.26e-322	0.13724324557101958
EXO1_multinomial_train_fold1.22	0.06580182041397947	0.07620496199627652	0.6114416952714796	0.03462912484932901	0.21192239746893546
EXO1_multinomial_train_fold1.23	0.05928362108486725	0.11479395957193587	0.5784567559693543	0.005328642014079597	0.2421370213597631
RNF168_multinomial_train_fold1.35	0.0903575630066077	0.11579607798524845	0.5345019136673228	3.1661223968394784e-135	0.259344445340821
RNF168_multinomial_train_fold1.36	0.0835353929490577	0.20137081126425144	0.5552569972847272	0.0024006999079286286	0.15743609859403498
EXO1_multinomial_train_fold1.24	0.06481025752167813	0.13351788760279817	0.6139163002226194	0.021011743866417187	0.16674381078648703
RNF168_multinomial_train_fold1.37	0.06271726637821645	0.15826091644702836	0.5734877738989395	2.8823047231352414e-267	0.20553404327581562
EXO1_multinomial_train_fold1.25	0.07450754833650197	0.10993225296358843	0.5493522903564241	0.04946593437416064	0.21674197396932482
RNF168_multinomial_train_fold1.38	0.0950672895684655	0.15273049098584207	0.6442707341355536	1.2229460367e-312	0.1079314853101388
EXO1_multinomial_train_fold1.26	0.04027995974193738	0.10912425408424047	0.6130940423335027	0.03378052364515266	0.20372122019516678
EXO1_multinomial_train_fold1.27	0.046733347810478276	0.12534371624390114	0.6025114376964056	0.002226824334422735	0.22318467391479235
EXO1_multinomial_train_fold1.28	0.04890356289286837	0.11681209482170023	0.5963170287319217	0.0041450423798454795	0.23382227117366428
EXO1_multinomial_train_fold1.29	0.061587382738168904	0.11204376673385531	0.5985123671847782	0.007952503413639896	0.2199039799295577
EXO1_multinomial_train_fold1.30	0.034138138772854355	0.1414407146234755	0.5886604500078817	1.8052223558340943e-48	0.23576069659578847
RNF168_multinomial_train_fold1.39	0.11571664179756291	2.06e-321	0.5749764756639671	7.912364795884552e-266	0.30930688253847005
RNF168_multinomial_train_fold1.40	0.13768230596088404	0.18692105963711564	0.5526720329486839	6.298991614493184e-304	0.12272460145331647
EXO1_multinomial_train_fold1.31	0.04871053701366473	0.10417001070943527	0.561732711607134	0.045543550032276975	0.2398431906374891
EXO1_multinomial_train_fold1.32	0.07253208891574962	0.08006336653740329	0.5873316806825593	0.041450012787066205	0.21862285107722176
EXO1_multinomial_train_fold1.33	0.07434028332477084	0.06271372489758494	0.6032245830487666	0.02636809784582673	0.23335331088305103
RNF168_multinomial_train_fold1.41	0.09019271380404563	0.14856581724231727	0.626871066879941	2.095e-321	0.1343704020736961
RNF168_multinomial_train_fold1.42	0.08310404905447887	0.14646836678648834	0.6271124409640657	1.4457051438797697e-61	0.1433151431949671
EXO1_multinomial_train_fold1.34	0.06561208912151234	0.08277003024714431	0.5876766232952092	0.02136932827821756	0.24257192905791658
RNF168_multinomial_train_fold1.43	0.09454222642360448	0.1658678320189168	0.5485721991630139	1.947e-321	0.19101774239446476
EXO1_multinomial_train_fold1.35	0.07301050967111071	0.12576405764324372	0.5669979592152266	0.005626296037310543	0.22860117743310843
EXO1_multinomial_train_fold1.36	0.054609767715270145	0.0935653958548566	0.5759173945616576	0.005696650286784938	0.27021079158143074
RNF168_multinomial_train_fold1.44	0.10176114999878282	0.17501155082128467	0.577578647394441	2.895e-321	0.14564865178549155
EXO1_multinomial_train_fold1.37	0.07248411553367794	0.04326312285210757	0.5997217530474315	0.015135856341131283	0.26939515222565175
RNF168_multinomial_train_fold1.45	0.08145153069203283	0.19869968564103113	0.5613070590336542	2.68e-321	0.15854172463328192
RNF168_multinomial_train_fold1.46	0.09714284368102279	0.10245539880730176	0.6239996977904135	1.978426061366842e-171	0.1764020597212619
RNF168_multinomial_train_fold1.47	0.03211482622110966	0.21096944845577636	0.5971122654995342	0.013370940321518723	0.14643251950206085
RNF168_multinomial_train_fold1.48	0.023117025006091432	0.2530795825885214	0.5695267984662894	2.2e-321	0.15427659393909773
RNF168_multinomial_train_fold1.49	0.0996478372146585	0.13499792269983535	0.5379762704777038	0.019243055850671868	0.2081349137571304
RNF168_multinomial_train_fold1.50	0.07848390640126465	0.10611678683679539	0.5466363654635502	0.027042788740266843	0.241720152558123
EXO1_multinomial_train_fold1.38	0.08709083335491498	0.08261056092089018	0.6166561325419475	0.005619716829048642	0.2080227563531986
RNF168_multinomial_train_fold1.51	0.052954888312048524	0.20662490662159755	0.5754598615122187	0.018512917409487902	0.14644742614464737
RNF168_multinomial_train_fold1.52	0.09306374862472981	0.09262488120462851	0.5361845711319555	0.08122404497196559	0.19690275406672048
EXO1_multinomial_train_fold1.39	0.08360874774795198	0.06284662366241033	0.5406625602769193	0.053668563391029	0.2592135049216893
EXO1_multinomial_train_fold1.40	0.07819709399142401	0.0755354779325759	0.5720097519713054	0.04328493611971455	0.23097273998498
RNF168_multinomial_train_fold1.53	0.10990068465471725	0.16108400039790202	0.5721685210460542	0.005088632910047154	0.15175816099127942
EXO1_multinomial_train_fold1.41	0.020646755093024063	0.14423195079399284	0.5701688306377938	0.05727348025400615	0.20767898322118328
EXO1_multinomial_train_fold1.42	0.042810222045604696	0.1410179209791125	0.5880909246645607	0.0023849784578471147	0.22569595385287503
RNF168_multinomial_train_fold1.54	0.12027814185010162	0.19512799802492592	0.5152966612368428	1.37e-321	0.1692971988881296
OGG1_multinomial_train_fold1	0.8205836407808929	0.12603182884022102	2.49311554564269e-84	0.022670749801519438	0.03071378057736685
UNG_multinomial_train_fold1	0.11441611810262434	0.19873938568307165	0.01318716715317634	0.049698895409534205	0.6239584336515934
UNG_multinomial_train_fold1.1	0.15502492765732104	0.2853190046231823	0.06633093509427698	0.014792433950302388	0.4785326986749173
UNG_multinomial_train_fold1.2	0.13782294276664103	0.23495488498901712	0.08520964783812615	1.784e-321	0.542012524406216
OGG1_multinomial_train_fold1.1	0.8079595122092285	0.07081070058977394	0.0028722593978508203	0.10412137306336289	0.01423615473978392
UNG_multinomial_train_fold1.3	0.13966785779503776	0.20279307582346265	0.14985669110624605	0.019813840199160656	0.48786853507609296
OGG1_multinomial_train_fold1.2	0.8518365521386553	5.695559448978323e-275	0.010793123236272005	0.10182939888672783	0.03554092573834486
OGG1_multinomial_train_fold1.3	0.882679010556037	0.016300497469432403	0.026097525279152944	0.054461879673501544	0.02046108702187615
UNG_multinomial_train_fold1.4	0.10785889682022233	0.345457162718702	0.025320773466026802	1.81e-321	0.5213631669950489
UNG_multinomial_train_fold1.5	0.09470112743030262	0.24738870673825855	0.09437896351938185	8.35e-322	0.5635312023120569
OGG1_multinomial_train_fold1.4	0.9232928981194498	4.4990965310283015e-124	3.636e-321	0.07532621914346863	0.001380882737081661
OGG1_multinomial_train_fold1.5	0.8590944338280072	2.3043345384105106e-161	0.016132420128845238	0.12477314604314751	1.8776834989989195e-77
UNG_multinomial_train_fold1.6	0.1271242777425649	0.07968545572273807	0.12021891741335727	1.8217141923051892e-168	0.6729713491213396
UNG_multinomial_train_fold1.7	0.23870484198562217	0.16288767035359314	0.05013985478088698	0.06251809569052331	0.4857495371893744
UNG_multinomial_train_fold1.8	0.08293685214585121	0.33624755035946796	3.417051788702305e-182	1.12e-321	0.5808155974946807
OGG1_multinomial_train_fold1.6	0.857256578880448	0.010085317552616154	6.644876006560769e-171	0.07587776531757656	0.056780338249359255
UNG_multinomial_train_fold1.9	0.10349586721014893	0.25623445856658916	0.10450847447803199	7.845894316438311e-14	0.5357611997451515
OGG1_multinomial_train_fold1.7	0.8468762123581577	0.08867695676693102	5.076541206035218e-09	0.05881340364803267	0.0056334221503374785
UNG_multinomial_train_fold1.10	0.07354291016813361	0.3803690966078461	0.06865659981844577	5.43e-322	0.4774313934055745
OGG1_multinomial_train_fold1.8	0.766919673997437	0.04983716758909315	0.09033843231624407	2.75e-321	0.09290472609722593
UNG_multinomial_train_fold1.11	0.10811868515664178	0.35355162888426556	0.05134560953677515	1.917e-321	0.48698407642231756
OGG1_multinomial_train_fold1.9	0.8387856578247901	0.09083247589983293	2.1467718242495388e-102	0.06449697866141726	0.005884887613959751
OGG1_multinomial_train_fold1.10	0.8132402276390188	0.1309030890799131	2.26e-321	0.05585668328106812	1.5440894594475042e-77
OGG1_multinomial_train_fold1.11	0.8957293741451965	2.877513226828831e-23	0.002509605547031873	0.10176102030777162	3.15675558230564e-27
UNG_multinomial_train_fold1.12	0.0562973167893676	0.27465919681396733	0.12841884526598402	7.76e-322	0.540624641130681
UNG_multinomial_train_fold1.13	0.11349793129937787	0.2693881377667056	0.06727815454602275	1.596e-321	0.5498357763878937
UNG_multinomial_train_fold1.14	0.06037824397450538	0.2807261304672515	0.11158156789477741	2.124e-321	0.5473140576634656
OGG1_multinomial_train_fold1.12	0.8845511739235248	8.028012151603259e-207	0.012034925218032436	0.07546099048832601	0.02795291037011694
OGG1_multinomial_train_fold1.13	0.8043796312922302	0.09853612965568243	5.48e-321	0.0375615167313253	0.059522722320762035
UNG_multinomial_train_fold1.15	0.11648332369545021	0.35955708030644656	1.4667802303257604e-42	0.018011247993243457	0.5059483480048599
UNG_multinomial_train_fold1.16	0.17077876136083361	0.23591268040239108	0.07238179809351208	2.204e-321	0.5209267601432633
UNG_multinomial_train_fold1.17	0.15641308929668307	0.190946431494538	0.0681521548067209	1.107e-321	0.5844883244020579
OGG1_multinomial_train_fold1.14	0.8340686940508846	0.11563989522759727	1.2400465959585487e-89	0.050291410721518	1.37e-321
UNG_multinomial_train_fold1.18	0.07358915457528518	0.42613741272301603	0.0029500346687899273	9.927861662154752e-187	0.4973233980329087
OGG1_multinomial_train_fold1.15	0.7752160968634478	0.12179721153710123	0.03836188783100705	0.06462480376844405	7.886191707723334e-58
UNG_multinomial_train_fold1.19	0.11911542213216562	0.3094552115723152	0.046823609519130165	0.026938486884994527	0.4976672698913944
OGG1_multinomial_train_fold1.16	0.8184946565703379	0.06921939761584626	0.010465698778805526	0.047479562781785875	0.05434068425322444
UNG_multinomial_train_fold1.20	0.12026039425985542	0.25289085761588426	0.05964017220545141	8.822892317311948e-30	0.5672085759188089
UNG_multinomial_train_fold1.21	0.13145214959437151	0.20695913001215874	0.10342805446807118	0.05158103950526751	0.506579626420131
OGG1_multinomial_train_fold1.17	0.8743453183968812	0.008174114377189595	1.7298131691479215e-56	0.09696801528036443	0.020512551945564773
UNG_multinomial_train_fold1.22	0.06604650895245592	0.3789274416811654	8.445322870114559e-172	3.91454409e-315	0.5550260493663786
UNG_multinomial_train_fold1.23	0.03824771190604332	0.45485166453615145	0.011148662821677195	0.00813989807124587	0.4876120626648821
UNG_multinomial_train_fold1.24	0.13484044762539454	0.25159720868905894	0.07437586630094462	2.8114270981639275e-97	0.539186477384602
OGG1_multinomial_train_fold1.18	0.7846801925952949	0.14260060580952666	0.01588895058838973	0.0232000907325116	0.033630160274276975
UNG_multinomial_train_fold1.25	0.13408849798110697	0.3397938175369945	0.0993552070636542	8.45e-322	0.42676247741824447
OGG1_multinomial_train_fold1.19	0.8213028186239592	0.05070251451554894	0.014167530535674197	0.0958469229424496	0.017980213382367976
UNG_multinomial_train_fold1.26	0.08635970445918377	0.26546978545074623	6.378333208511703e-190	0.09910533536846479	0.5490651747216051
OGG1_multinomial_train_fold1.20	0.764189162736415	0.130578459734948	0.04007594380380549	0.06515643372483144	1.8348800680442068e-223
UNG_multinomial_train_fold1.27	0.10016502448044881	0.3563521680862519	0.10152289109213818	1.245e-321	0.44195991634116116
OGG1_multinomial_train_fold1.21	0.7047125060237602	0.23223414205417023	4.64e-321	0.06305335192206953	1.818472240150702e-127
OGG1_multinomial_train_fold1.22	0.8200260827395296	0.10309484152266962	0.03457145664646192	0.004886646219923317	0.037420972871415485
UNG_multinomial_train_fold1.28	0.11201352703526217	0.17677453463039017	0.08541018898644656	8.4e-322	0.6258017493479011
UNG_multinomial_train_fold1.29	0.14327417684209423	0.27837493377205724	0.01530884402470302	3.076732646932462e-50	0.5630420453611455
OGG1_multinomial_train_fold1.23	0.8735432256205615	0.05158728958330078	4.86e-321	0.0748694847961379	2.2960318142727817e-280
OGG1_multinomial_train_fold1.24	0.8357988862437795	0.050540085793418094	2.124e-321	0.11366102796280234	2.055e-321
OGG1_multinomial_train_fold1.25	0.7295653826706785	0.1925818683918104	0.05105230057650423	0.02680044836100692	7.512349595142295e-172
OGG1_multinomial_train_fold1.26	0.8302113715142911	0.14412272793851152	2.663e-321	0.025665900547197282	2.974e-321
UNG_multinomial_train_fold1.30	0.1523864819511404	0.24256127370191374	0.00047573213833829316	5.241529523895793e-52	0.6045765122086075
OGG1_multinomial_train_fold1.27	0.8366675408708283	0.08421613172448865	2.9046524485364335e-149	0.07911632740468312	2.0126401434141524e-239
OGG1_multinomial_train_fold1.28	0.7900495809698825	0.10666338076280976	0.022979673586043286	0.060392600394625906	0.01991476428663866
UNG_multinomial_train_fold1.31	0.10831919385158059	0.39569101900687115	0.045709227830362846	3.502610853437423e-73	0.4502805593111856
UNG_multinomial_train_fold1.32	0.15953595129197162	0.16155464521665197	0.055282013436063225	2.465e-321	0.6236273900553131
UNG_multinomial_train_fold1.33	0.08924469606519353	0.278693649533254	0.07659620171580318	8.1e-322	0.5554654526857495
OGG1_multinomial_train_fold1.29	0.7578037861068865	0.1911447252762861	0.013792554253523333	0.03229053847162617	0.004968395891677962
OGG1_multinomial_train_fold1.30	0.7905713148455291	0.11837871736024724	2.124e-321	0.09104996779422346	5.523640218735435e-66
UNG_multinomial_train_fold1.34	0.15050675867171184	0.20357891215266163	0.06474948420020908	0.01995576029078704	0.5612090846846304
OGG1_multinomial_train_fold1.31	0.7977163590183084	0.11967909487353258	1.4015464306508275e-201	0.08260454610815887	2.757e-321
UNG_multinomial_train_fold1.35	0.13136350922227757	0.13852415570266186	0.15664772945570496	0.03663765147881297	0.5368269541405428
UNG_multinomial_train_fold1.36	0.09105339341695184	0.33366901229699775	0.055209373246437626	8.4e-322	0.5200682210396128
UNG_multinomial_train_fold1.37	0.07932749784219574	0.19380067205911755	0.10573528301058878	1.09e-321	0.621136547088098
OGG1_multinomial_train_fold1.32	0.8009970344957807	0.029628794767145097	0.04063547860088177	0.07423987122550732	0.05449882091068494
UNG_multinomial_train_fold1.38	0.10379362979373392	0.2936257834473928	0.1260395771024351	1.3214040662761658e-30	0.4765410096564381
OGG1_multinomial_train_fold1.33	0.7549751223965541	0.17634406546762663	0.009860227900640185	0.04043007746731905	0.018390506767860165
OGG1_multinomial_train_fold1.34	0.8012974296943759	0.09706972236223081	0.022659235204988904	0.04224102839202211	0.03673258434638241
OGG1_multinomial_train_fold1.35	0.7959779209216793	0.1226049446369542	1.68310086138563e-55	0.08141713444136651	7.058987758577705e-204
OGG1_multinomial_train_fold1.36	0.8888037187405425	0.015449926148521998	0.017686390149221264	0.039722741116030205	0.038337223845684026
OGG1_multinomial_train_fold1.37	0.8312567849625379	0.13679839154087597	1.1980512506531346e-141	0.015731953971238215	0.016212869525348037
OGG1_multinomial_train_fold1.38	0.8559170626794395	0.05823939272875418	3.45e-321	0.07440003250212245	0.011443512089683944
UNG_multinomial_train_fold1.39	0.0838739819395942	0.3203405031874281	0.012263717346571192	0.024740369430756675	0.55878142809565
OGG1_multinomial_train_fold1.39	0.7587137068425553	0.11355282549655671	5.7571730590181014e-170	0.11660396339404945	0.011129504266838576
UNG_multinomial_train_fold1.40	0.047747675382859775	0.2812019182073505	0.12328823306164133	1.4237199905462223e-200	0.5477621733481484
OGG1_multinomial_train_fold1.40	0.7933001442441281	0.1310726699038086	1.3473015665591484e-295	0.07562718585206325	1.803e-321
OGG1_multinomial_train_fold1.41	0.8755751740651938	1.2469496685721556e-38	0.05346517610556406	0.02668051724961222	0.04427913257962992
UNG_multinomial_train_fold1.41	0.09593861749615552	0.21943418071911577	0.17337921036574344	1.78e-321	0.5112479914189854
OGG1_multinomial_train_fold1.42	0.8432673195061675	0.09342135714067829	0.0020769809437584047	0.03390452149791845	0.027329820911477492
UNG_multinomial_train_fold1.42	0.04026537437933016	0.33026641691098946	0.10463361902667571	1.29e-321	0.5248345896830047
OGG1_multinomial_train_fold1.43	0.8332048920168124	0.08831679847030251	0.025879901835337733	0.05259840767754748	4.286412289075672e-182
OGG1_multinomial_train_fold1.44	0.7712338116053117	0.12891394189231883	0.05047333762103473	0.02002152801431858	0.02935738086701629
OGG1_multinomial_train_fold1.45	0.8061380847060232	0.16062932339205152	1.9717993585370963e-295	0.03323259189964681	2.2784699104454417e-12
OGG1_multinomial_train_fold1.46	0.7600575461585563	0.193373571355926	0.007707480966934997	0.03350218577588619	0.005359215742696588
UNG_multinomial_train_fold1.43	0.15391969581045473	0.25754249413063063	4.65e-321	0.04131188382146644	0.5472259262374481
OGG1_multinomial_train_fold1.47	0.7884121719215457	0.12760733588687492	0.039571767996432895	0.04440872419514655	9.944486528057024e-138
OGG1_multinomial_train_fold1.48	0.7780019819912992	0.12649660770614832	2.83e-321	0.06616608347778635	0.029335326824766087
OGG1_multinomial_train_fold1.49	0.7892618713463918	0.13114083269967067	0.02951619604329276	0.044612998476173414	0.0054681014344713525
OGG1_multinomial_train_fold1.50	0.8368593022934155	0.04867752187509198	5.805e-321	0.10315760591905464	0.011305569912437832
UNG_multinomial_train_fold1.44	0.16017380371816703	0.16974191610545405	0.12311994601061939	0.030142887192468635	0.5168214469732909
OGG1_multinomial_train_fold1.51	0.8040931447014219	1.9685247942054536e-54	0.06878903250002728	0.07393237275460118	0.05318545004394941
OGG1_multinomial_train_fold1.52	0.8662708939716646	0.024845644291813275	0.02201422308743181	0.058513688083717846	0.028355550565372558
ATP2B4_multinomial_train_fold1	0.3023851679706799	0.3174390467639653	0.110764412076603	0.10238865767170909	0.1670227155170428
ATP2B4_multinomial_train_fold1.1	0.28305874830675404	0.5079329341492732	0.02154922709109355	0.1092666054497492	0.07819248500313
ATP2B4_multinomial_train_fold1.2	0.23575469126882978	0.44942106561487605	0.1876880697747204	6.987822411836162e-22	0.1271361733415737
ATP2B4_multinomial_train_fold1.3	0.3571016423852866	0.5171618571713796	0.06364050961479455	0.05325181993616683	0.008844170892372325
ATP2B4_multinomial_train_fold1.4	0.40449952372248055	0.4376463417932063	0.07010569141392517	0.08774844307038793	5.088895928166444e-295
ATP2B4_multinomial_train_fold1.5	0.2055056889405133	0.6612129932353092	0.061668907510742804	0.06484912867090996	0.006763281642524718
ATP2B4_multinomial_train_fold1.6	0.25183977440648997	0.3964169097539978	0.20193319992799158	9.34e-322	0.1498101159115205
ATP2B4_multinomial_train_fold1.7	0.413390312548902	0.4652824729966487	1.82e-321	0.12132721445444937	1.3850737951245707e-211
ATP2B4_multinomial_train_fold1.8	0.20252237720857041	0.4516645686286179	0.2088708119784276	1.36e-321	0.13694224218438403
ATP2B4_multinomial_train_fold1.9	0.2295631978352403	0.459908804049749	0.10428493892627791	0.015400501586940554	0.1908425576017924
ATP2B4_multinomial_train_fold1.10	0.26609106511710084	0.4271909867102107	0.10607052000073618	0.026414397361580973	0.1742330308103714
ATP2B4_multinomial_train_fold1.11	0.24256144404097807	0.3997466614767051	0.15838490351365245	1.8931258554789926e-62	0.19930699096866428
ATP2B4_multinomial_train_fold1.12	0.47338284433574684	0.3442514020939224	0.059434155601896466	0.12293159796843413	1.964074257361978e-163
ATP2B4_multinomial_train_fold1.13	0.33859842712492	0.3627195332368065	0.09284743988494021	0.06346062744198325	0.14237397231134996
ATP2B4_multinomial_train_fold1.14	0.4632155085794417	0.40024459834070325	3.1842787472869214e-81	0.13653989307985515	8.35e-322
ATP2B4_multinomial_train_fold1.15	0.37985077877011275	0.4570390603446415	4.224e-321	0.146213875488716	0.01689628539652979
ATP2B4_multinomial_train_fold1.16	0.25077683931139844	0.5445365484540333	1.9834993103221774e-06	0.19173135531337815	0.012953273421879878
ATP2B4_multinomial_train_fold1.17	0.4011102942111519	0.4114467790299109	0.08500789601855556	0.09250354901866373	0.009931481721718025
ATP2B4_multinomial_train_fold1.18	0.3585461073280253	0.40187900880029825	0.09113589065854087	0.14843899321313556	2.2913846337448657e-248
ATP2B4_multinomial_train_fold1.19	0.30436899580245486	0.5660760641330234	2.7459593622165796e-41	0.12955488146405603	5.8600465593098447e-08
ATP2B4_multinomial_train_fold1.20	0.3082602738784817	0.5566198195685531	0.01628956965007056	0.11883033690289456	1.2170736574041304e-305
ATP2B4_multinomial_train_fold1.21	0.36425382527359973	0.5176482086259883	0.06054565215778866	0.05755231394262343	6.582737485846683e-222
ATP2B4_multinomial_train_fold1.22	0.23117669301259766	0.428668649910632	0.2100285587142168	0.03574242403998781	0.09438367432256559
ATP2B4_multinomial_train_fold1.23	0.43845209463430423	0.3551670982067989	0.0017997214243395006	0.13056535539187844	0.0740157303426789
ATP2B4_multinomial_train_fold1.24	0.35417111280163754	0.4281936535662445	0.08274125920729887	0.11546521222317291	0.019428762201646233
ATP2B4_multinomial_train_fold1.25	0.2997213343548323	0.32161926135559626	0.1285462156180125	0.04585562719324231	0.2042575614783166
ATP2B4_multinomial_train_fold1.26	0.21602527536047927	0.5283388783465222	0.14643847796250214	1.196e-321	0.10919736833049651
ATP2B4_multinomial_train_fold1.27	0.21411100305627515	0.4901676549166416	0.13582373479452883	0.06873621726520332	0.09116138996735128
ATP2B4_multinomial_train_fold1.28	0.4046978703158194	0.42361637448411427	2.28e-321	0.1630022069946964	0.008683548205369897
ATP2B4_multinomial_train_fold1.29	0.23613582377154352	0.3498677086420179	0.24196416195175835	0.0018941806688465277	0.17013812496583366
ATP2B4_multinomial_train_fold1.30	0.1998931529450006	0.40284579962807454	0.22816234846141767	2.72e-321	0.1690986989655071
ATP2B4_multinomial_train_fold1.31	0.26779517193469654	0.4598218546916999	0.10578938691995998	0.10128911160449068	0.06530447484915303
ATP2B4_multinomial_train_fold1.32	0.2525302194860968	0.45385240776466285	0.16857559211344114	1.6024664650186114e-171	0.12504178063579932
ATP2B4_multinomial_train_fold1.33	0.293763788745461	0.5613008950040186	3.6282270444530714e-40	0.1337422894103796	0.011193026840140877
ATP2B4_multinomial_train_fold1.34	0.4407563416363075	0.4224394098160559	0.010495205899299163	0.09724860352132575	0.029060439127011815
ATP2B4_multinomial_train_fold1.35	0.43001605424983014	0.32629874752929744	0.10375944963363949	0.08669129007407061	0.05323445851316218
ATP2B4_multinomial_train_fold1.36	0.3349494758401318	0.45585380742963133	0.004373645510881959	0.10615786605318236	0.0986652051661727
ATP2B4_multinomial_train_fold1.37	0.28464628808062953	0.3480163906009681	0.21208917341157926	3.0572374811698154e-80	0.15524814790682318
ATP2B4_multinomial_train_fold1.38	0.3295494372673765	0.4736058173318053	0.07178419225056043	0.1250605531502579	1.72e-321
ATP2B4_multinomial_train_fold1.39	0.3447900338901047	0.42121487414050285	0.15264348522028387	0.06357225718864964	0.017779349560458943
ATP2B4_multinomial_train_fold1.40	0.24429018457787718	0.4592961710080492	0.09764001150310017	0.012444163148592048	0.1863294697623812
ATP2B4_multinomial_train_fold1.41	0.36023085822197454	0.28817712394265055	0.16216412538620548	0.041912644428493025	0.14751524802067656
ATP2B4_multinomial_train_fold1.42	0.46614127532834626	0.3542538460663732	3.6446694314434874e-220	0.14660051958623704	0.03300435901904352
ATP2B4_multinomial_train_fold1.43	0.2993206074499985	0.49989405807578224	0.04886545888412174	0.05687555252622464	0.09504432306387274
ATP2B4_multinomial_train_fold1.44	0.31492462796199466	0.3671105608824843	0.11510379096596318	0.027042189822632248	0.1758188303669257
ATP2B4_multinomial_train_fold1.45	0.26469276171739736	0.53829691639218	0.048910049427651724	0.14810027246277094	1.546e-321
ATP2B4_multinomial_train_fold1.46	0.2923593957799529	0.4073823007310077	0.0951682783327259	0.03082849985974132	0.17426152529657224
ATP2B4_multinomial_train_fold1.47	0.4094536360107387	0.22037416422283276	0.14904716231657766	0.031248596416077374	0.1898764410337736
ATP2B4_multinomial_train_fold1.48	0.3282469240227608	0.2872522688552619	0.20012770599027607	1.1974881056517901e-170	0.18437310113170127
ATP2B4_multinomial_train_fold1.49	0.2572898026865446	0.3713989106651969	0.2122294810568834	0.024988598419990314	0.13409320717138457
ATP2B4_multinomial_train_fold1.50	0.23382590526086983	0.45856415278712914	0.20022563249739384	0.0019201142931133828	0.10546419516149375
ATP2B4_multinomial_train_fold1.51	0.23385815265122636	0.6709268611027867	0.07288189944274034	0.022333086803246728	7.5e-322
ATP2B4_multinomial_train_fold1.52	0.32514169270599524	0.43184337368908465	0.12432269517651721	0.07415710547488794	0.044535132953515015
ATP2B4_multinomial_train_fold1.53	0.3731032005644116	0.43394388325952815	0.12546560372648324	0.05484245650930393	0.012644855940273049
ATP2B4_multinomial_train_fold1.54	0.21475420216333274	0.3667713971399691	0.2140015645150667	5.4e-322	0.20447283618163148
ATP2B4_multinomial_train_fold1.55	0.3178090907731582	0.5297089227300519	0.00034589522232702	0.1521360912744629	1.166e-321
ATP2B4_multinomial_train_fold1.56	0.2314284164199675	0.3771021184884884	0.17139425652153517	0.07657590619577556	0.14349930237423322
ATP2B4_multinomial_train_fold1.57	0.26320983748000626	0.524929278914176	0.04852599320504768	0.16333489040077015	3.2215992704523627e-239
ATP2B4_multinomial_train_fold1.58	0.2746661296091784	0.3304164356340671	0.17898023967682247	0.0036297843188964306	0.21230741076103554
ATP2B4_multinomial_train_fold1.59	0.32604865693258006	0.3626570462225137	0.18088585738492957	0.002695397135587071	0.12771304232438968
ATP2B4_multinomial_train_fold1.60	0.3620196598147435	0.28110977651461244	0.17382423057884053	0.01959361376396194	0.16345271932784153
ATP2B4_multinomial_train_fold1.61	0.15986872726108098	0.4745517473913856	0.1537893236429015	0.05306089050827322	0.15872931119635883
ATP2B4_multinomial_train_fold1.62	0.2586962000629903	0.5320508383160931	0.14160785638573942	0.06764510523517711	1.5716479522197058e-136
ATP2B4_multinomial_train_fold1.63	0.3499006049293281	0.5413492209807496	0.007924698042598662	0.10082547604732371	1.003e-321
ATP2B4_multinomial_train_fold1.64	0.30394489179315204	0.5469152055580314	0.0934369041162219	0.05570299853259464	2.2995491195398822e-48
ATP2B4_multinomial_train_fold1.65	0.26600826991478793	0.3312858658279557	0.24488866939237788	2.41e-321	0.15781719486487855
ATP2B4_multinomial_train_fold1.66	0.26713510405821755	0.47494313428280877	0.14823755257650612	0.02053661069952215	0.08914759838294548
ATP2B4_multinomial_train_fold1.67	0.2705638783527584	0.3784519733545144	0.14364414152921984	0.013509604991626062	0.1938304017718813
ATP2B4_multinomial_train_fold1.68	0.1885520874665493	0.4269131072778378	0.23344524782710213	0.023789708342535038	0.12729984908597566
ATP2B4_multinomial_train_fold1.69	0.3094855062544305	0.5163516551244272	0.06259885181544994	0.07116606509240934	0.04039792171328294
ATP2B4_multinomial_train_fold1.70	0.3256084110000416	0.409445734730877	0.13085206829939333	0.12347969141501235	0.010614094554675588
ATP2B4_multinomial_train_fold1.71	0.3667633071554826	0.42144175922802096	0.009139550491282619	0.15785000099051977	0.04480538213469398
ATP2B4_multinomial_train_fold1.72	0.3205526383185794	0.4623474831021629	0.00012177205983732352	0.18372749374736183	0.03325061277205856
ATP2B4_multinomial_train_fold1.73	0.32742842513133086	0.3139765371913173	0.19325858153719672	1.55e-321	0.1653364561401551
ATP2B4_multinomial_train_fold1.74	0.20591631652793077	0.40248154111172774	0.2779214765826718	0.0008481054199221342	0.11283256035774748
ATP2B4_multinomial_train_fold1.75	0.4135655230683468	0.4050904782133828	1.294e-321	0.16453495874975924	0.016809039968511057
ATP2B4_multinomial_train_fold1.76	0.22243141410396394	0.6273623431048594	1.0946913273687411e-196	0.15020624279117684	1.66e-321
ATP2B4_multinomial_train_fold1.77	0.34141532360007704	0.4422096859435902	0.04903356982496446	0.16734142062956053	1.8077537352418246e-12
ATP2B4_multinomial_train_fold1.78	0.4255954631692823	0.4306481692032932	0.06179748458115697	0.08195888304626757	9.379252367885684e-119
ATP2B4_multinomial_train_fold1.79	0.3582353285287853	0.45781512811442837	0.04380868953636509	0.11633883002947526	0.02380202379094599
ATP2B4_multinomial_train_fold1.80	0.42719967412279536	0.3960371171094171	0.07161529586476059	0.10514791290302689	1.235e-321
ATP2B4_multinomial_train_fold1.81	0.18864019989077252	0.5432443038606454	0.07899817913847917	0.04415236138411286	0.14496495572598994
ATP2B4_multinomial_train_fold1.82	0.2590462325682475	0.3519175586925396	0.1727337420822825	0.023795175259449294	0.19250729139748113
ATP2B4_multinomial_train_fold1.83	0.33277305316768613	0.39852875788834363	0.10933265294972581	0.025465443597501206	0.1339000923967433
ATP2B4_multinomial_train_fold1.84	0.37663360910235594	0.44942877324345265	0.003236722432163737	0.14819611765323168	0.022504777568795875
ATP2B4_multinomial_train_fold1.85	0.22959686940344448	0.44701288990403665	0.15892928129457012	2.3960018294129692e-77	0.16446095939794877
ATP2B4_multinomial_train_fold1.86	0.32128249789299906	0.32926359992826193	0.19170899339297823	6.261224975631136e-253	0.15774490878576086
ATP2B4_multinomial_train_fold1.87	0.2501062735575642	0.4461207058921386	0.12797041949427898	1.94e-321	0.17580260105601808
ATP2B4_multinomial_train_fold1.88	0.21537333955430837	0.3333643780129206	0.27373703356386025	0.029461737247858034	0.1480635116210527
ATP2B4_multinomial_train_fold1.89	0.35819136766810883	0.512152453243672	0.0920663622688288	0.03758981681936434	2.5887391204345538e-14
ATP2B4_multinomial_train_fold1.90	0.30035995604991045	0.32949127735087946	0.19620966866014963	0.023356522594331016	0.1505825753447294
ATP2B4_multinomial_train_fold1.91	0.37126677668752145	0.4028517935776996	0.1547405137662052	0.0711409159685737	6.634471880386418e-65
ATP2B4_multinomial_train_fold1.92	0.22315953481196113	0.5215876151191903	0.1369426942648544	0.03152042511026323	0.08678973069373082
ATP2B4_multinomial_train_fold1.93	0.22617494309918248	0.46072907585985945	0.14383719482024507	0.053656294557774466	0.1156024916629386
ATP2B4_multinomial_train_fold1.94	0.2344658868635058	0.4697534444734639	0.1390180687559927	0.007588662740380178	0.14917393716665747
ATP2B4_multinomial_train_fold1.95	0.2032055779357294	0.6939923240891389	0.051297040521390065	0.05150505745374149	6.76474967232118e-24
ATP2B4_multinomial_train_fold1.96	0.2573475821569324	0.6079337412803313	0.026183808934564356	0.10853486762817209	1.675e-321
ATP2B4_multinomial_train_fold1.97	0.37371835963273603	0.37891336997283587	0.08086045344824652	0.11676884194348079	0.04973897500270072
PMS1_multinomial_train_fold1	0.15781079970838424	0.46390392507458755	0.025602875188164793	0.24676663588289566	0.10591576414596773
