Samples	SBS96A	SBS96B	SBS96C
EXO1_0_real_train1	0.6716989634076851	0.32830103659231497	5.04e-322
OGG1_0_real_train1	4.9e-322	4.35e-322	1.0
RNF168_0_real_train1	0.7986241331433797	0.20137586685662032	5.04e-322
UNG_0_real_train1	0.7259118600849673	0.2535777230951514	0.020510416819881142
ATP2B4_0_real_train1	0.7041966850994459	0.024614569830472853	0.2711887450700812
ATP2B4_1_real_train1	0.4933328472686316	0.06214419412640914	0.4445229586049592
MLH1_0_real_train1	7.6e-322	1.0	5.04e-322
MSH2_0_real_train1	2.016e-321	1.0	1.7534373244494312e-59
MSH6_0_real_train1	1.324e-321	1.0	2.11e-321
MSH6_1_real_train1	1.32e-321	1.0	2.5741190089507093e-123
PMS1_0_real_train1	0.5731616629750926	0.2326952566812724	0.19414308034363478
PMS2_0_real_train1	0.18992821493878206	0.8100717850612179	1.067e-321
EXO1_0_multinomial_train1	0.6983053936636527	0.3016946063363473	5.04e-322
RNF168_0_multinomial_train1	0.8486542495785023	0.15134575042149762	4.84e-322
RNF168_0_multinomial_train1.1	0.9393267699447517	0.06067323005524825	5.7e-322
EXO1_0_multinomial_train1.1	0.6273953846868605	0.37260461531313943	4.9e-322
RNF168_0_multinomial_train1.2	0.8367471092980969	0.163252890701903	5.83e-322
RNF168_0_multinomial_train1.3	0.7701172044948554	0.22988279550514462	6.37e-322
RNF168_0_multinomial_train1.4	0.8355177225303212	0.16448227746967886	6.6e-322
RNF168_0_multinomial_train1.5	0.7577746274178164	0.24222537258218366	3.9e-322
RNF168_0_multinomial_train1.6	0.7960847034204313	0.2039152965795688	5.7e-322
RNF168_0_multinomial_train1.7	0.6885969259457414	0.31140307405425843	4.2e-322
RNF168_0_multinomial_train1.8	0.8673315045932372	0.13266849540676276	7.86e-322
EXO1_0_multinomial_train1.2	0.6728022360808552	0.3271977639191447	4.64e-322
EXO1_0_multinomial_train1.3	0.6869134283441003	0.31308657165589976	5.3e-322
RNF168_0_multinomial_train1.9	0.8171188986381888	0.18288110136181113	3.8e-322
EXO1_0_multinomial_train1.4	0.685037256392987	0.3149627436070131	5.24e-322
EXO1_0_multinomial_train1.5	0.6648106983174131	0.335189301682587	5e-322
EXO1_0_multinomial_train1.6	0.6870087593913994	0.3129912406086007	4.9e-322
EXO1_0_multinomial_train1.7	0.6462234523270178	0.3537765476729822	5.4e-322
EXO1_0_multinomial_train1.8	0.6661429575620424	0.33385704243795755	4.9e-322
RNF168_0_multinomial_train1.10	0.8806291336740749	0.11937086632592518	6.4955756565e-314
EXO1_0_multinomial_train1.9	0.6053836852571641	0.39461631474283587	5.6e-322
RNF168_0_multinomial_train1.11	0.7062247488675208	0.2937752511324792	3.85e-322
RNF168_0_multinomial_train1.12	0.7678818604844959	0.2321181395155042	4.64e-322
EXO1_0_multinomial_train1.10	0.612656539862082	0.3873434601379181	5.63e-322
EXO1_0_multinomial_train1.11	0.6405678461934918	0.3594321538065083	4.94e-322
RNF168_0_multinomial_train1.13	0.6052841533349791	0.394715846665021	6.4e-322
RNF168_0_multinomial_train1.14	0.8059136399432523	0.19408636005674768	6.2e-322
RNF168_0_multinomial_train1.15	0.6850716489785422	0.31492835102145783	3.9e-322
RNF168_0_multinomial_train1.16	0.8233128921148458	0.17668710788515418	6.27e-322
EXO1_0_multinomial_train1.12	0.7543538674462775	0.24564613255372242	6.77e-322
RNF168_0_multinomial_train1.17	0.7656319674174665	0.2343680325825336	4.4e-322
EXO1_0_multinomial_train1.13	0.7387243560793029	0.2612756439206973	7.36e-322
RNF168_0_multinomial_train1.18	0.9230480141054432	0.0769519858945568	6.27e-322
EXO1_0_multinomial_train1.14	0.6716444257658776	0.32835557423412254	5.04e-322
RNF168_0_multinomial_train1.19	0.749473721719934	0.2505262782800659	4.15e-322
RNF168_0_multinomial_train1.20	0.6588357310214767	0.34116426897852337	2.4e-322
EXO1_0_multinomial_train1.15	0.6683712367556138	0.33162876324438634	4.8e-322
RNF168_0_multinomial_train1.21	0.8161159088403858	0.1838840911596142	9.54e-322
RNF168_0_multinomial_train1.22	0.7811221284205452	0.21887787157945485	8.5e-322
EXO1_0_multinomial_train1.16	0.6290160579701678	0.3709839420298323	5.34e-322
EXO1_0_multinomial_train1.17	0.6437599709977296	0.35624002900227036	5.24e-322
RNF168_0_multinomial_train1.23	0.7539424830717067	0.2460575169282932	6.2e-322
EXO1_0_multinomial_train1.18	0.644368063552141	0.35563193644785884	5.14e-322
RNF168_0_multinomial_train1.24	0.7870201615634722	0.21297983843652776	3.2e-322
RNF168_0_multinomial_train1.25	0.7900296394251684	0.20997036057483168	3.3e-322
RNF168_0_multinomial_train1.26	0.7575850004380889	0.24241499956191112	4e-322
RNF168_0_multinomial_train1.27	0.9151007497723095	0.08489925022769064	9.83e-322
RNF168_0_multinomial_train1.28	0.730100812980174	0.26989918701982585	3.7e-322
EXO1_0_multinomial_train1.19	0.627481313640796	0.37251868635920404	5.14e-322
RNF168_0_multinomial_train1.29	0.7005057101085624	0.29949428989143745	3.7e-322
EXO1_0_multinomial_train1.20	0.6803098038824577	0.31969019611754235	4.7e-322
RNF168_0_multinomial_train1.30	0.8147302838662391	0.18526971613376092	4.7e-322
RNF168_0_multinomial_train1.31	0.7686613174021287	0.23133868259787113	5.4e-322
RNF168_0_multinomial_train1.32	0.7887660195127786	0.21123398048722147	5.43e-322
RNF168_0_multinomial_train1.33	0.8916881786156231	0.1083118213843769	4.5e-322
EXO1_0_multinomial_train1.21	0.6758299616907861	0.3241700383092137	5.6e-322
RNF168_0_multinomial_train1.34	0.8858607967761709	0.11413920322382903	4.15e-322
EXO1_0_multinomial_train1.22	0.6643182220786552	0.33568177792134474	4.6e-322
EXO1_0_multinomial_train1.23	0.6995923250077682	0.30040767499223175	4.8e-322
RNF168_0_multinomial_train1.35	0.7600599637769976	0.2399400362230024	4.64e-322
RNF168_0_multinomial_train1.36	0.8423171564000892	0.1576828435999109	5.2e-322
EXO1_0_multinomial_train1.24	0.7407153673066513	0.2592846326933488	5.1e-322
RNF168_0_multinomial_train1.37	0.7843263651192387	0.21567363488076116	3.6e-322
EXO1_0_multinomial_train1.25	0.6919181718007712	0.30808182819922864	6.97e-322
RNF168_0_multinomial_train1.38	0.8879201882762062	0.11207981172379361	4.7e-322
EXO1_0_multinomial_train1.26	0.6445365803066658	0.3554634196933342	5.5e-322
EXO1_0_multinomial_train1.27	0.6933955401288112	0.30660445987118873	4.84e-322
EXO1_0_multinomial_train1.28	0.6853113953699717	0.3146886046300282	5.3e-322
EXO1_0_multinomial_train1.29	0.7084526276757614	0.2915473723242385	4.8e-322
EXO1_0_multinomial_train1.30	0.6783611457477003	0.3216388542522996	4.84e-322
RNF168_0_multinomial_train1.39	0.7113559187395528	0.2886440812604471	6.8e-322
RNF168_0_multinomial_train1.40	0.964704361213364	0.03529563878663602	8.74e-322
EXO1_0_multinomial_train1.31	0.6243112447194108	0.37568875528058915	5.14e-322
EXO1_0_multinomial_train1.32	0.6708495076488625	0.3291504923511375	5.2e-322
EXO1_0_multinomial_train1.33	0.6734206326834931	0.32657936731650683	4.94e-322
RNF168_0_multinomial_train1.41	0.8760759533869876	0.12392404661301248	4.9e-322
RNF168_0_multinomial_train1.42	0.8183643358970192	0.18163566410298074	4.6e-322
EXO1_0_multinomial_train1.34	0.6693106388581194	0.33068936114188063	4.74e-322
RNF168_0_multinomial_train1.43	0.868010832574942	0.13198916742505795	5.14e-322
EXO1_0_multinomial_train1.35	0.7388868787507785	0.2611131212492216	4.74e-322
EXO1_0_multinomial_train1.36	0.6630174193400753	0.33698258065992465	5.2e-322
RNF168_0_multinomial_train1.44	0.8891892255370548	0.11081077446294534	6.13e-322
EXO1_0_multinomial_train1.37	0.6483135906111872	0.35168640938881274	5.4e-322
RNF168_0_multinomial_train1.45	0.8682650081822456	0.13173499181775453	5e-322
RNF168_0_multinomial_train1.46	0.8115142513714353	0.1884857486285647	5.73e-322
RNF168_0_multinomial_train1.47	0.7446564185488249	0.255343581451175	3.36e-322
RNF168_0_multinomial_train1.48	0.8035177494415341	0.19648225055846605	3.6e-322
RNF168_0_multinomial_train1.49	0.7887878613297665	0.2112121386702335	6.4e-322
RNF168_0_multinomial_train1.50	0.7024438371191511	0.29755616288084885	5.7e-322
EXO1_0_multinomial_train1.38	0.7508512255336244	0.24914877446637557	4.7e-322
RNF168_0_multinomial_train1.51	0.7725992424612602	0.22740075753873965	3.66e-322
RNF168_0_multinomial_train1.52	0.6940460952127309	0.305953904787269	6.5e-322
EXO1_0_multinomial_train1.39	0.6530122143351392	0.34698778566486077	6.87e-322
EXO1_0_multinomial_train1.40	0.6657781376097294	0.3342218623902706	7.66e-322
RNF168_0_multinomial_train1.53	0.8613901966383406	0.1386098033616594	5.8e-322
EXO1_0_multinomial_train1.41	0.5987936213986238	0.40120637860137615	5.04e-322
EXO1_0_multinomial_train1.42	0.696433233838158	0.3035667661618419	4.9e-322
RNF168_0_multinomial_train1.54	0.9511194727484744	0.04888052725152573	6.6e-322
OGG1_0_multinomial_train1	5.4e-322	4.2e-322	1.0
UNG_0_multinomial_train1	0.5148972118500795	0.41647000276847024	0.06863278538145008
UNG_0_multinomial_train1.1	0.6064421549386141	0.27099817790489744	0.12255966715648846
UNG_0_multinomial_train1.2	0.740428540420431	0.22627595113095114	0.03329550844861777
OGG1_0_multinomial_train1.1	5.73e-322	8.94e-322	0.9999999999999999
UNG_0_multinomial_train1.3	0.6787221447947518	0.27814858556187794	0.04312926964337033
OGG1_0_multinomial_train1.2	4.5e-322	7.07e-322	1.0
OGG1_0_multinomial_train1.3	3.75e-322	3.9e-322	1.0
UNG_0_multinomial_train1.4	0.7629213938323798	0.2138912485365754	0.02318735763104491
UNG_0_multinomial_train1.5	0.7690669811400519	0.23093301885994805	8.158066506428035e-168
OGG1_0_multinomial_train1.4	3e-322	1.9e-322	1.0
OGG1_0_multinomial_train1.5	4.25e-322	6.6e-322	1.0
UNG_0_multinomial_train1.6	0.5831703491086989	0.3953963417873462	0.02143330910395477
UNG_0_multinomial_train1.7	0.35884648323255175	0.35532178151199784	0.2858317352554502
UNG_0_multinomial_train1.8	0.768475340394961	0.23152465960503898	2.1163405112385648e-66
OGG1_0_multinomial_train1.6	4.15e-322	6.5e-322	1.0
UNG_0_multinomial_train1.9	0.7252314990382313	0.27476850096176864	7.124629071710701e-32
OGG1_0_multinomial_train1.7	4.6e-322	4.1e-322	1.0
UNG_0_multinomial_train1.10	0.8426034606047255	0.1573965393952745	1.5488832340257465e-244
OGG1_0_multinomial_train1.8	6e-322	4.64e-322	1.0
UNG_0_multinomial_train1.11	0.8262528027383678	0.1737471972616321	6.7961345204928e-17
OGG1_0_multinomial_train1.9	5.4e-322	4.2e-322	1.0
OGG1_0_multinomial_train1.10	5.24e-322	4.1e-322	1.0
OGG1_0_multinomial_train1.11	3.9e-322	4.05e-322	0.9999999999999999
UNG_0_multinomial_train1.12	0.7252534166778545	0.2747465833221455	7.6e-322
UNG_0_multinomial_train1.13	0.7685729877848024	0.2288343635506288	0.002592648664568684
UNG_0_multinomial_train1.14	0.6959614253230668	0.30403857467693324	9.7e-322
OGG1_0_multinomial_train1.12	3.95e-322	4.15e-322	0.9999999999999999
OGG1_0_multinomial_train1.13	5.7e-322	6.67e-322	0.9999999999999999
UNG_0_multinomial_train1.15	0.6405655455965145	0.27882406932270615	0.08061038508077939
UNG_0_multinomial_train1.16	0.6745949747493503	0.22112094074746746	0.10428408450318222
UNG_0_multinomial_train1.17	0.6974765190760932	0.23717706256281434	0.0653464183610926
OGG1_0_multinomial_train1.14	4.25e-322	3.8e-322	1.0
UNG_0_multinomial_train1.18	0.7853713159868414	0.21462868401315852	6.672992215727398e-52
OGG1_0_multinomial_train1.15	7.36e-322	6.97e-322	0.9999999999999999
UNG_0_multinomial_train1.19	0.684923210698208	0.2682338865113002	0.046842902790491796
OGG1_0_multinomial_train1.16	5.8e-322	6.8e-322	1.0
UNG_0_multinomial_train1.20	0.6489662421331055	0.30213067518731684	0.04890308267957749
UNG_0_multinomial_train1.21	0.5963214227751044	0.3396044045196701	0.06407417270522547
OGG1_0_multinomial_train1.17	4e-322	4.2e-322	1.0
UNG_0_multinomial_train1.22	0.7431801753921232	0.25681982460787683	9.330373746771941e-117
UNG_0_multinomial_train1.23	0.7394463230304655	0.2605536769695345	8.129472399545464e-227
UNG_0_multinomial_train1.24	0.684312046583273	0.2625303538261976	0.05315759959052918
OGG1_0_multinomial_train1.18	6.47e-322	6.77e-322	0.9999999999999999
UNG_0_multinomial_train1.25	0.8967111527631099	0.09162894178271302	0.01165990545417691
OGG1_0_multinomial_train1.19	5.9e-322	6.87e-322	1.0
UNG_0_multinomial_train1.26	0.5450755146811337	0.4141260396223687	0.0407984456964976
OGG1_0_multinomial_train1.20	6.47e-322	6.77e-322	1.0
UNG_0_multinomial_train1.27	0.8587202631274395	0.14127973687256062	2.732622205882795e-119
OGG1_0_multinomial_train1.21	5.742737177522384e-225	1.58e-321	1.0
OGG1_0_multinomial_train1.22	4.64e-322	4.15e-322	0.9999999999999999
UNG_0_multinomial_train1.28	0.7253055822992029	0.274694417700797	2.646963274205103e-58
UNG_0_multinomial_train1.29	0.6250047155725906	0.28154457127486016	0.09345071315254927
OGG1_0_multinomial_train1.23	3.9e-322	4.05e-322	1.0
OGG1_0_multinomial_train1.24	3.75e-322	5.9e-322	1.0
OGG1_0_multinomial_train1.25	3.55775950129668e-260	6.8e-322	0.9999999999999999
OGG1_0_multinomial_train1.26	4.05e-322	3.66e-322	0.9999999999999999
UNG_0_multinomial_train1.30	0.5655674604201864	0.3168651068677715	0.11756743271204217
OGG1_0_multinomial_train1.27	4.64e-322	4.15e-322	1.0
OGG1_0_multinomial_train1.28	5.4e-322	6.37e-322	1.0
UNG_0_multinomial_train1.31	0.7945059937259117	0.18301924033486536	0.02247476593922293
UNG_0_multinomial_train1.32	0.5714495759170586	0.3251017111692388	0.10344871291370257
UNG_0_multinomial_train1.33	0.7732837814698941	0.22671621853010598	1.3958007365802122e-181
OGG1_0_multinomial_train1.29	7.229126763992834e-299	6.8e-322	1.0
OGG1_0_multinomial_train1.30	5.3e-322	8.3e-322	1.0
UNG_0_multinomial_train1.34	0.5551609800274833	0.33895343034177605	0.10588558963074067
OGG1_0_multinomial_train1.31	5.4e-322	6.3e-322	1.0
UNG_0_multinomial_train1.35	0.6057606658010448	0.3565769853345427	0.037662348864412575
UNG_0_multinomial_train1.36	0.8087344727193837	0.1912655272806163	1.4905624914978193e-126
UNG_0_multinomial_train1.37	0.6669391245100127	0.3330608754899873	2.3223952974847196e-251
OGG1_0_multinomial_train1.32	6.13e-322	9.63e-322	1.0
UNG_0_multinomial_train1.38	0.7640257082844535	0.23597429171554646	1.1820426077211248e-34
OGG1_0_multinomial_train1.33	2.6080826165741124e-299	7.1e-322	1.0
OGG1_0_multinomial_train1.34	5.73e-322	6.77e-322	1.0
OGG1_0_multinomial_train1.35	6.7e-322	6.97e-322	1.0
OGG1_0_multinomial_train1.36	3.8e-322	3.95e-322	1.0
OGG1_0_multinomial_train1.37	4.45e-322	3.95e-322	1.0
OGG1_0_multinomial_train1.38	3.8e-322	3.95e-322	1.0
UNG_0_multinomial_train1.39	0.6749035823510133	0.3153550805245303	0.00974133712445638
OGG1_0_multinomial_train1.39	6.9e-322	1.927e-321	1.0
UNG_0_multinomial_train1.40	0.6594524253630749	0.3405475746369252	9.54e-322
OGG1_0_multinomial_train1.40	5.63e-322	6.6e-322	1.0
OGG1_0_multinomial_train1.41	4e-322	4.2e-322	1.0
UNG_0_multinomial_train1.41	0.7355430640368693	0.2644569359631308	3.0870844632171404e-224
OGG1_0_multinomial_train1.42	4.55e-322	4.05e-322	1.0
UNG_0_multinomial_train1.42	0.7176127347259877	0.2823872652740124	6.2e-322
OGG1_0_multinomial_train1.43	5.53e-322	4.3e-322	1.0
OGG1_0_multinomial_train1.44	6.27e-322	6.57e-322	1.0
OGG1_0_multinomial_train1.45	6.23e-322	4.3e-322	1.0
OGG1_0_multinomial_train1.46	5.014111057336892e-305	7.07e-322	1.0
UNG_0_multinomial_train1.43	0.4815415772443621	0.36156675755748713	0.15689166519815073
OGG1_0_multinomial_train1.47	6.2e-322	4.3e-322	1.0
OGG1_0_multinomial_train1.48	6.37e-322	8.84e-322	1.0
OGG1_0_multinomial_train1.49	6.37e-322	6.6e-322	1.0
OGG1_0_multinomial_train1.50	4.05e-322	6.37e-322	1.0
UNG_0_multinomial_train1.44	0.5612704508051454	0.3329124370278171	0.1058171121670375
OGG1_0_multinomial_train1.51	5.04e-322	9.04e-322	1.0
OGG1_0_multinomial_train1.52	4.64e-322	4.15e-322	1.0
ATP2B4_0_multinomial_train1	0.4623667365725498	0.16011783396569784	0.3775154294617524
ATP2B4_1_multinomial_train1	0.5646115559091627	0.08704019749784851	0.3483482465929887
ATP2B4_0_multinomial_train1.1	0.7979099816707036	3.3304206867790004e-109	0.20209001832929624
ATP2B4_1_multinomial_train1.1	0.5398195806134025	4.1058523706236295e-105	0.46018041938659754
ATP2B4_1_multinomial_train1.2	0.41350061644686087	0.023880325694315786	0.5626190578588233
ATP2B4_1_multinomial_train1.3	0.7997246473087438	1.233752687303113e-133	0.20027535269125604
ATP2B4_0_multinomial_train1.2	0.7711315703130691	1.96e-321	0.22886842968693075
ATP2B4_1_multinomial_train1.4	0.21718544901589287	0.11145692901163667	0.6713576219724704
ATP2B4_0_multinomial_train1.3	0.8551443285900088	1.843e-321	0.14485567140999123
ATP2B4_0_multinomial_train1.4	0.7319596663869572	0.04891019680953444	0.2191301368035083
ATP2B4_0_multinomial_train1.5	0.6222585943298855	0.07337066572589804	0.30437073994421643
ATP2B4_0_multinomial_train1.6	0.7620209031578834	0.02590299238338752	0.21207610445872901
ATP2B4_1_multinomial_train1.5	0.17928838180301981	0.0922636314440995	0.7284479867528808
ATP2B4_0_multinomial_train1.7	0.42491844275548013	0.11539431637082968	0.45968724087369006
ATP2B4_1_multinomial_train1.6	0.1341599046603589	0.11168347590982686	0.7541566194298142
ATP2B4_1_multinomial_train1.7	0.2939177713195768	0.13198212345871688	0.5741001052217064
ATP2B4_1_multinomial_train1.8	0.5440421800207269	0.13859837029972952	0.31735944967954355
ATP2B4_1_multinomial_train1.9	0.41247759271413226	0.04062512437098049	0.5468972829148873
ATP2B4_1_multinomial_train1.10	0.3815239519160941	0.11435518259055102	0.5041208654933549
ATP2B4_1_multinomial_train1.11	0.5291053582855465	0.06792186725465786	0.4029727744597957
ATP2B4_1_multinomial_train1.12	0.5264051628146568	0.06004441115024868	0.4135504260350944
ATP2B4_1_multinomial_train1.13	0.5132862764424442	3.762624043806242e-58	0.4867137235575558
ATP2B4_0_multinomial_train1.8	0.7978790993314557	0.010870874572508816	0.19125002609603545
ATP2B4_1_multinomial_train1.14	0.16002456307094293	0.16108217543246886	0.6788932614965884
ATP2B4_1_multinomial_train1.15	0.4569236452492514	0.07211374252814819	0.4709626122226005
ATP2B4_0_multinomial_train1.9	0.526175623231978	0.11881152438800092	0.3550128523800211
ATP2B4_0_multinomial_train1.10	0.8017432837807705	1.25e-321	0.1982567162192294
ATP2B4_0_multinomial_train1.11	0.7690811348368043	0.03933245924431414	0.19158640591888149
ATP2B4_1_multinomial_train1.16	0.15817092314898643	0.1787468748489781	0.6630822020020355
ATP2B4_0_multinomial_train1.12	0.8130184792395135	0.014613323232995232	0.17236819752749125
ATP2B4_0_multinomial_train1.13	0.8937579553418448	3.0035094152136282e-217	0.10624204465815536
ATP2B4_0_multinomial_train1.14	0.6165501681197969	0.07696742378234764	0.30648240809785554
ATP2B4_0_multinomial_train1.15	0.7564850511121557	4.994523973580749e-123	0.24351494888784436
ATP2B4_1_multinomial_train1.17	0.5585233113372461	0.06955577396958532	0.37192091469316857
ATP2B4_1_multinomial_train1.18	0.27430812096971435	0.07174026707853437	0.6539516119517512
ATP2B4_1_multinomial_train1.19	0.278231150447432	0.08895671146709261	0.6328121380854754
ATP2B4_1_multinomial_train1.20	0.4212635003644136	0.1164658263426656	0.4622706732929207
ATP2B4_0_multinomial_train1.16	0.7024111042785257	0.0119367020407319	0.2856521936807423
ATP2B4_1_multinomial_train1.21	0.5251639279766971	0.05177318729757668	0.42306288472572623
ATP2B4_1_multinomial_train1.22	0.5731723909286157	0.005036770892899607	0.4217908381784848
ATP2B4_0_multinomial_train1.17	0.7125653737775223	0.041717240930791	0.2457173852916867
ATP2B4_0_multinomial_train1.18	0.46364716560363406	0.07792169362923008	0.4584311407671359
ATP2B4_1_multinomial_train1.23	0.09299641709597585	0.16018955860693093	0.7468140242970932
ATP2B4_1_multinomial_train1.24	0.6069736160715542	0.03406473517342674	0.3589616487550192
ATP2B4_0_multinomial_train1.19	0.5649970780817999	0.06273406978307024	0.37226885213512984
ATP2B4_1_multinomial_train1.25	0.5763953322004984	0.08759666055675454	0.3360080072427469
ATP2B4_0_multinomial_train1.20	0.5999835168264946	0.062384065238345505	0.33763241793516
ATP2B4_0_multinomial_train1.21	0.3332405756874072	0.10109700039795491	0.565662423914638
ATP2B4_0_multinomial_train1.22	0.5808713854229379	0.03648326034576899	0.38264535423129303
ATP2B4_0_multinomial_train1.23	0.7354131047522071	0.02931735997722582	0.23526953527056715
ATP2B4_0_multinomial_train1.24	0.7983839065252483	1.3302950092512282e-154	0.2016160934747518
ATP2B4_1_multinomial_train1.26	0.7368690068544733	1.17e-321	0.2631309931455268
ATP2B4_0_multinomial_train1.25	0.5826424652707176	0.027491559237723763	0.3898659754915587
ATP2B4_1_multinomial_train1.27	0.5215178705312158	2.759529510782417e-46	0.47848212946878416
ATP2B4_0_multinomial_train1.26	0.8622994588169515	1.546e-321	0.13770054118304845
ATP2B4_1_multinomial_train1.28	0.46635691543144575	0.0928504476850219	0.4407926368835324
ATP2B4_0_multinomial_train1.27	0.6946810476549722	0.09462137565910007	0.21069757668592778
ATP2B4_1_multinomial_train1.29	0.5792891910290972	0.10080275292029912	0.31990805605060385
ATP2B4_0_multinomial_train1.28	0.6439569334699842	0.06967669149908284	0.28636637503093293
ATP2B4_0_multinomial_train1.29	0.6150599215325774	0.007192962861711703	0.37774711560571084
ATP2B4_0_multinomial_train1.30	0.4859098421917041	0.05903189613559868	0.45505826167269714
ATP2B4_0_multinomial_train1.31	0.8532974557026912	0.06238648701681132	0.08431605728049744
ATP2B4_1_multinomial_train1.30	0.7288584167716623	4.1452558127667723e-81	0.27114158322833787
ATP2B4_1_multinomial_train1.31	0.4880413154539134	0.029836932411576936	0.4821217521345097
ATP2B4_1_multinomial_train1.32	0.639529714649227	6.0390795584211596e-179	0.3604702853507731
ATP2B4_0_multinomial_train1.32	0.7753425163668295	7.667658943837613e-153	0.22465748363317062
ATP2B4_0_multinomial_train1.33	0.7153708134424731	1.3920978185294367e-05	0.28461526557934147
ATP2B4_0_multinomial_train1.34	0.6588849210312906	0.05902615336820834	0.2820889256005009
ATP2B4_0_multinomial_train1.35	0.8793278384993285	0.013710666742185337	0.10696149475848629
ATP2B4_1_multinomial_train1.33	0.5839975558086158	0.03170932518788416	0.38429311900349994
ATP2B4_1_multinomial_train1.34	0.5072886458495154	0.079739947926216	0.4129714062242687
ATP2B4_1_multinomial_train1.35	0.3419362059397995	0.13918431971698375	0.5188794743432168
ATP2B4_1_multinomial_train1.36	0.37665176612451	0.1666745305371528	0.45667370333833723
ATP2B4_0_multinomial_train1.36	0.6323744275653322	1.256321180943067e-116	0.3676255724346677
ATP2B4_0_multinomial_train1.37	0.8822669843809235	4.57730873195485e-197	0.11773301561907643
ATP2B4_1_multinomial_train1.37	0.1316934037868998	0.18157813335455678	0.6867284628585433
ATP2B4_1_multinomial_train1.38	0.656191208375835	0.07326311779176296	0.27054567383240197
ATP2B4_1_multinomial_train1.39	0.38332381820612743	0.1340195480502402	0.4826566337436323
ATP2B4_1_multinomial_train1.40	0.3767048053404135	0.022557261077640955	0.6007379335819456
ATP2B4_1_multinomial_train1.41	0.4373949030175139	0.07622179317806757	0.48638330380441863
ATP2B4_1_multinomial_train1.42	0.30542697979697087	0.058819406278562913	0.6357536139244662
ATP2B4_0_multinomial_train1.38	0.8063713039250202	0.03893661536400085	0.1546920807109788
ATP2B4_0_multinomial_train1.39	0.6811047439492546	0.06694949280568271	0.2519457632450626
ATP2B4_0_multinomial_train1.40	0.5358320351332371	0.04522165067788024	0.4189463141888826
ATP2B4_1_multinomial_train1.43	0.31159662326377685	0.13146288211719462	0.5569404946190284
ATP2B4_0_multinomial_train1.41	0.8187007395523009	4.685922589161057e-103	0.1812992604476992
ATP2B4_0_multinomial_train1.42	0.6509843858558215	1.4922960505673155e-39	0.3490156141441785
ATP2B4_0_multinomial_train1.43	0.7693079048021596	1.6358963440106836e-215	0.2306920951978404
ATP2B4_0_multinomial_train1.44	0.8224400726967115	0.041022935077322076	0.13653699222596657
ATP2B4_1_multinomial_train1.44	0.5401282350239565	1.0757196357210672e-250	0.4598717649760437
ATP2B4_0_multinomial_train1.45	0.6338106226634426	0.042322750500398694	0.3238666268361588
ATP2B4_1_multinomial_train1.45	0.48953078290405105	0.01835931541061816	0.49210990168533075
ATP2B4_0_multinomial_train1.46	0.8043985112165899	5.4644127459393744e-86	0.19560148878340994
ATP2B4_0_multinomial_train1.47	0.7464423467419212	0.04480309451543883	0.20875455874263998
ATP2B4_0_multinomial_train1.48	0.7771455713983579	0.009820190556692138	0.21303423804494984
ATP2B4_1_multinomial_train1.46	0.7956461706826089	1.909051309485554e-296	0.20435382931739124
ATP2B4_1_multinomial_train1.47	0.6542441892213269	0.031965098203707465	0.3137907125749655
ATP2B4_1_multinomial_train1.48	0.34667559288639516	0.11905873152363812	0.5342656755899668
PMS1_0_multinomial_train1	0.5440033320576533	0.287773447697188	0.1682232202451587
MSH6_1_multinomial_train1	1.887e-321	0.9999986165549518	1.38344504802106e-06
MSH6_0_multinomial_train1	1.546e-321	1.0	7.138603059730023e-289
MSH2_0_multinomial_train1	9.209755126092896e-299	1.0	2.9713877209858843e-47
MSH6_0_multinomial_train1.1	1.324e-321	1.0	5.985260227068466e-245
MLH1_0_multinomial_train1	7.86e-322	1.0	5.2e-322
MSH6_1_multinomial_train1.1	1.25e-321	0.992267899367515	0.007732100632484999
MLH1_0_multinomial_train1.1	1.04e-321	0.9999999999999999	1.285e-321
PMS1_0_multinomial_train1.1	0.6831402855421593	0.20467427947316058	0.1121854349846802
PMS1_0_multinomial_train1.2	0.6779884202643013	0.2527372576467804	0.06927432208891815
MSH6_1_multinomial_train1.2	1.013e-321	1.0	1.517e-321
MSH6_1_multinomial_train1.3	7.7e-322	1.0	7.66e-322
PMS1_0_multinomial_train1.3	0.4831388326673226	0.27953620237502	0.23732496495765734
PMS1_0_multinomial_train1.4	0.5930552644907102	0.23630822626707976	0.17063650924221008
PMS2_0_multinomial_train1	0.14271688579331143	0.8572831142066886	1.19e-321
MSH6_1_multinomial_train1.4	1.285e-321	0.9940366452059839	0.005963354794015989
MSH6_0_multinomial_train1.2	1.31e-321	0.9999999999999999	2.34e-321
PMS1_0_multinomial_train1.5	0.5370833752257625	0.2199432561637539	0.24297336861048358
PMS1_0_multinomial_train1.6	0.46548179836753945	0.24787158335341444	0.2866466182790462
PMS1_0_multinomial_train1.7	0.7253567040175181	0.17878433257949083	0.09585896340299106
MSH6_1_multinomial_train1.5	1.53e-321	0.9871456270469903	0.012854372953009886
MLH1_0_multinomial_train1.2	4.8e-322	1.0	2.4e-322
PMS1_0_multinomial_train1.8	0.672093975544704	0.28099453995057766	0.046911484504718486
PMS1_0_multinomial_train1.9	0.39566497664074296	0.2668713054784892	0.33746371788076773
MLH1_0_multinomial_train1.3	5.14e-322	0.9999999999999999	5.1e-322
MSH2_0_multinomial_train1.1	8.0600788966e-314	0.9969237747590669	0.0030762252409331278
MSH6_1_multinomial_train1.6	1.57e-321	1.0	4.009806722249658e-154
MSH2_0_multinomial_train1.2	1.56e-321	1.0	2.07e-321
PMS1_0_multinomial_train1.10	0.5260422143855953	0.3132663877708215	0.16069139784358333
MSH6_0_multinomial_train1.3	1.566e-321	0.9999999999999999	2.33e-321
MLH1_0_multinomial_train1.4	7.5e-322	1.0	5e-322
MSH2_0_multinomial_train1.3	2.01e-321	1.0	1.4157796962451782e-255
MSH6_1_multinomial_train1.7	1.947e-321	0.9999999999999999	2.4247604873776942e-76
MLH1_0_multinomial_train1.5	1.04e-321	1.0	7.76e-322
MLH1_0_multinomial_train1.6	1.033e-321	1.0	5.14e-322
MLH1_0_multinomial_train1.7	5e-322	1.0	5e-322
MSH6_1_multinomial_train1.8	1.537e-321	0.9918245167854381	0.008175483214562015
PMS1_0_multinomial_train1.11	0.6427729004871209	0.1880129818655926	0.16921411764728647
PMS1_0_multinomial_train1.12	0.5197624208241631	0.2018336409366358	0.2784039382392012
MSH2_0_multinomial_train1.4	1.986e-321	1.0	2.223e-321
PMS2_0_multinomial_train1.1	0.17791721057110077	0.8220827894288991	1.51e-321
MLH1_0_multinomial_train1.8	7.46e-322	1.0	4.9e-322
PMS1_0_multinomial_train1.13	0.7006168005491341	0.1596164021557583	0.13976679729510755
MSH6_1_multinomial_train1.9	2.095e-321	0.9859380581702158	0.014061941829784099
MSH2_0_multinomial_train1.5	1.51e-321	0.9999999999999999	3.1901225303364334e-297
MLH1_0_multinomial_train1.9	1.334e-321	1.0	1.06e-321
MSH6_0_multinomial_train1.4	1.665e-321	1.0	1.2756978373282375e-218
PMS2_0_multinomial_train1.2	0.17067668396095656	0.8293233160390434	1.136e-321
MLH1_0_multinomial_train1.10	7.56e-322	0.9999999999999999	5e-322
MSH6_0_multinomial_train1.5	1.86e-321	1.0	7.417568869159479e-84
PMS2_0_multinomial_train1.3	0.16884536278613166	0.8311546372138683	1.057e-321
MSH2_0_multinomial_train1.6	1.986e-321	0.9999999999999999	6.330100350826216e-64
MSH2_0_multinomial_train1.7	1.47e-321	1.0	6.89859309435718e-36
MLH1_0_multinomial_train1.11	5e-322	1.0	5e-322
MSH6_1_multinomial_train1.10	1.546e-321	0.9936601259897759	0.006339874010224054
PMS2_0_multinomial_train1.4	0.21345665695078314	0.786543343049217	1.003e-321
MSH6_1_multinomial_train1.11	1.645e-321	0.9923421806707995	0.007657819329200354
MSH6_1_multinomial_train1.12	1.344e-321	1.0	2.583044023729331e-128
MSH6_0_multinomial_train1.6	1.057e-321	0.9999999999999999	7.9e-322
MSH6_0_multinomial_train1.7	1.013e-321	1.0	1.26e-321
MSH2_0_multinomial_train1.8	2.253e-321	0.990731115974985	0.00926888402501505
MLH1_0_multinomial_train1.12	7.2e-322	1.0	7.2e-322
PMS1_0_multinomial_train1.14	0.692513917222	0.20484238137186792	0.10264370140613208
MSH6_0_multinomial_train1.8	1.334e-321	1.0	2.13e-321
MSH6_0_multinomial_train1.9	1.324e-321	0.9999999999999999	2.11e-321
MLH1_0_multinomial_train1.13	5.1e-322	1.0	5.1e-322
MSH2_0_multinomial_train1.9	1.95e-321	1.0	5.22975129859729e-42
MLH1_0_multinomial_train1.14	7.9e-322	1.0	5.3e-322
PMS2_0_multinomial_train1.5	0.19379690929682292	0.8062030907031771	1.097e-321
PMS1_0_multinomial_train1.15	0.6000435578655323	0.24734577263218893	0.15261066950227864
MLH1_0_multinomial_train1.15	7.56e-322	1.0	7.5e-322
MLH1_0_multinomial_train1.16	7.86e-322	0.9999999999999999	5.2e-322
MSH2_0_multinomial_train1.10	2.802261044155622e-273	0.9946714959672132	0.0053285040327868865
MSH6_0_multinomial_train1.10	1.57e-321	0.9920168900155355	0.007983109984464389
MSH6_0_multinomial_train1.11	1.344e-321	1.0	1.6e-321
PMS1_0_multinomial_train1.16	0.5299844798116702	0.25328350955818607	0.21673201063014355
PMS2_0_multinomial_train1.6	0.20960455140756487	0.7903954485924353	6.87e-322
PMS1_0_multinomial_train1.17	0.2590724291917515	0.3421655157144073	0.3987620550938413
MSH6_1_multinomial_train1.13	1.527e-321	1.0	4.877456599862249e-84
MLH1_0_multinomial_train1.17	1.057e-321	1.0	1.05e-321
PMS1_0_multinomial_train1.18	0.6596203786665229	0.19757102302473706	0.14280859830873988
PMS1_0_multinomial_train1.19	0.5540522664721909	0.32648619570182513	0.1194615378259839
PMS2_0_multinomial_train1.7	0.21938903425194312	0.7806109657480568	9.93e-322
MLH1_0_multinomial_train1.18	7.7e-322	1.0	7.66e-322
PMS1_0_multinomial_train1.20	0.521447192920495	0.1946855488531408	0.28386725822636416
MSH6_0_multinomial_train1.12	1.63e-321	1.0	1.4491162463063474e-214
PMS1_0_multinomial_train1.21	0.5254676185960976	0.28730034257574333	0.18723203882815892
MSH6_0_multinomial_train1.13	1.29e-321	1.0	2.05e-321
MSH2_0_multinomial_train1.11	1.54e-321	0.9957272674416089	0.004272732558391144
MSH6_0_multinomial_train1.14	1.067e-321	1.0	1.59e-321
MSH2_0_multinomial_train1.12	1.705e-321	0.9999999999999999	9.638760227960374e-174
PMS2_0_multinomial_train1.8	0.2209440825763134	0.7790559174236866	1.01e-321
MSH2_0_multinomial_train1.13	1.517e-321	0.9999999999999999	6.74852833698931e-295
PMS1_0_multinomial_train1.22	0.5171588157109307	0.25557201774384264	0.22726916654522655
OGG1_1_real_train2	5.8e-322	4.55e-322	1.0
RNF168_1_real_train2	0.6918696047856285	0.3081303952143714	3.7e-322
UNG_1_real_train2	0.5897674142354766	0.38483479759567324	0.02539778816884997
ATP2B4_2_real_train2	0.6590355849229823	1.2233697065995e-123	0.34096441507701764
ATP2B4_3_real_train2	0.6650637079668916	6.327720410916309e-138	0.33493629203310826
MLH1_1_real_train2	1.99e-321	0.9999999999999999	1.7e-321
MSH6_2_real_train2	2.17e-321	1.0	9.038400336466995e-25
MSH6_3_real_train2	8.2e-322	1.0	8.15e-322
PMS1_1_real_train2	0.6297646548585627	0.22418701444332628	0.14604833069811082
PMS2_1_real_train2	0.12023672194469405	0.8797632780553061	4.1e-322
OGG1_1_multinomial_train2	6.57e-322	4.55e-322	0.9999999999999999
UNG_1_multinomial_train2	0.5252568743391063	0.4443173068082955	0.030425818852598107
UNG_1_multinomial_train2.1	0.6079979631218525	0.3920020368775321	6.15418047340542e-13
OGG1_1_multinomial_train2.1	3.2e-322	2e-322	1.0
UNG_1_multinomial_train2.2	0.5447742161985485	0.38588262875835516	0.06934315504309657
UNG_1_multinomial_train2.3	0.5842163760145673	0.34695966485737767	0.06882395912805507
UNG_1_multinomial_train2.4	0.3288686445774923	0.4481515801472552	0.22297977527525256
UNG_1_multinomial_train2.5	0.6576544790991649	0.34234552090083514	1.6233739917211347e-44
UNG_1_multinomial_train2.6	0.515431629412474	0.44591993373448197	0.038648436853043824
UNG_1_multinomial_train2.7	0.43216317079811334	0.5335760172858044	0.034260811916082275
UNG_1_multinomial_train2.8	0.4771890784298032	0.41165955944241084	0.11115136212778615
OGG1_1_multinomial_train2.2	5.8e-322	4.55e-322	1.0
OGG1_1_multinomial_train2.3	4.84e-322	2.17e-322	0.9999999999999999
UNG_1_multinomial_train2.9	0.5179236640277143	0.3759699781416846	0.10610635783060092
OGG1_1_multinomial_train2.4	5.63e-322	4.4e-322	1.0
OGG1_1_multinomial_train2.5	5.83e-322	4.55e-322	1.0
OGG1_1_multinomial_train2.6	1.6448553412500115e-262	7.5e-322	1.0
OGG1_1_multinomial_train2.7	5e-322	4.45e-322	1.0
OGG1_1_multinomial_train2.8	6.9e-322	4.8e-322	0.9999999999999999
UNG_1_multinomial_train2.10	0.6267404098053427	0.37325959019465726	3.0347975105795482e-164
OGG1_1_multinomial_train2.9	6.2e-322	4.84e-322	1.0
UNG_1_multinomial_train2.11	0.6609965183347281	0.32116059933483904	0.017842882330432956
UNG_1_multinomial_train2.12	0.6238394450353181	0.3564792112210175	0.01968134374366459
OGG1_1_multinomial_train2.10	5e-322	4.5e-322	1.0
OGG1_1_multinomial_train2.11	6.6e-322	4.64e-322	1.0
UNG_1_multinomial_train2.13	0.5267861778227466	0.42370758684053716	0.04950623533671629
UNG_1_multinomial_train2.14	0.6297286982678288	0.37027130171208483	2.0086222489312942e-11
UNG_1_multinomial_train2.15	0.5312508864651247	0.41186038992105795	0.05688872361381727
UNG_1_multinomial_train2.16	0.4557166784965514	0.453438872318503	0.09084444918494568
OGG1_1_multinomial_train2.12	5.5e-322	4.3e-322	1.0
UNG_1_multinomial_train2.17	0.49347406866742416	0.4552272430339481	0.05129868829862768
OGG1_1_multinomial_train2.13	6.57e-322	2.3e-322	1.0
UNG_1_multinomial_train2.18	0.5542956856490204	0.40672703812362276	0.038977276227356715
OGG1_1_multinomial_train2.14	5.4e-322	4.25e-322	1.0
UNG_1_multinomial_train2.19	0.41255678030465676	0.48315482520366093	0.10428839449168223
UNG_1_multinomial_train2.20	0.5632199461299334	0.40941021608424555	0.027369837785821166
OGG1_1_multinomial_train2.15	3.95e-322	2.08e-322	1.0
UNG_1_multinomial_train2.21	0.5892797623064617	0.41072023769353827	4.924824452415007e-248
UNG_1_multinomial_train2.22	0.501347093062432	0.4531521115759554	0.045500795361612695
OGG1_1_multinomial_train2.16	6.9e-322	4.84e-322	1.0
OGG1_1_multinomial_train2.17	5.9e-322	4.6e-322	1.0
UNG_1_multinomial_train2.23	0.6843813894647379	0.31561861053526213	3.169170808270562e-88
OGG1_1_multinomial_train2.18	5.8e-322	4.55e-322	0.9999999999999999
UNG_1_multinomial_train2.24	0.5544494403572677	0.3761534871335826	0.06939707250914949
UNG_1_multinomial_train2.25	0.3342232321768606	0.516208552872246	0.14956821495089345
UNG_1_multinomial_train2.26	0.6554535035707179	0.33273421497748373	0.011812281451798438
UNG_1_multinomial_train2.27	0.7099276795838685	0.28659071650366863	0.003481603912462734
UNG_1_multinomial_train2.28	0.5941321717401162	0.35867698998182085	0.04719083827806302
OGG1_1_multinomial_train2.19	4.64e-322	4.2e-322	1.0
UNG_1_multinomial_train2.29	0.5902649284672422	0.3838421520840727	0.02589291944868512
OGG1_1_multinomial_train2.20	4.15e-322	2.17e-322	1.0
UNG_1_multinomial_train2.30	0.6479256631077228	0.35207433689227724	8.065301818704346e-110
UNG_1_multinomial_train2.31	0.5456364360418315	0.4543635639581684	3.0469640959084435e-120
UNG_1_multinomial_train2.32	0.6081476053068429	0.39185239469315697	8.967937546043707e-46
UNG_1_multinomial_train2.33	0.5178065119057602	0.4385571399596722	0.04363634813456737
OGG1_1_multinomial_train2.21	4.8e-322	4.3e-322	1.0
UNG_1_multinomial_train2.34	0.6901555793707402	0.30984442062925976	5.549197277702958e-83
OGG1_1_multinomial_train2.22	6.6e-322	4.64e-322	1.0
OGG1_1_multinomial_train2.23	6.77e-322	4.74e-322	1.0
UNG_1_multinomial_train2.35	0.5768715295286436	0.3674951275342521	0.05563334293710424
UNG_1_multinomial_train2.36	0.5553799924544779	0.4180473281665478	0.02657267937897433
OGG1_1_multinomial_train2.24	7e-322	4.9e-322	1.0
UNG_1_multinomial_train2.37	0.6216626847469304	0.37833731525306963	8.6e-322
OGG1_1_multinomial_train2.25	4.9e-322	4.4e-322	1.0
UNG_1_multinomial_train2.38	0.5789771478380962	0.37230770320236195	0.048715148959541876
OGG1_1_multinomial_train2.26	5e-322	4.45e-322	1.0
OGG1_1_multinomial_train2.27	7.46e-322	4.64e-322	1.0
OGG1_1_multinomial_train2.28	5.0434e-320	4.45e-322	0.9999999999999999
OGG1_1_multinomial_train2.29	7.46e-322	4.64e-322	1.0
OGG1_1_multinomial_train2.30	5.9e-322	4.6e-322	1.0
UNG_1_multinomial_train2.39	0.6785266105702232	0.3214733894297767	6.727552617169491e-85
UNG_1_multinomial_train2.40	0.7021005217062849	0.2665774282020541	0.03132205009166103
OGG1_1_multinomial_train2.31	1.42455742220257e-309	6.87e-322	0.9999999999999999
OGG1_1_multinomial_train2.32	5.83e-322	4.55e-322	1.0
OGG1_1_multinomial_train2.33	2.163058784203027e-250	7.2e-322	1.0
UNG_1_multinomial_train2.41	0.6747909400543041	0.32520905994569604	2.526711751093528e-189
UNG_1_multinomial_train2.42	0.5612249409585586	0.43877505904144126	2.716620130467926e-210
OGG1_1_multinomial_train2.34	4.74e-322	2.1e-322	1.0
UNG_1_multinomial_train2.43	0.4017344517972718	0.49891192494703174	0.09935362325569635
OGG1_1_multinomial_train2.35	5.63e-322	4.4e-322	1.0
OGG1_1_multinomial_train2.36	1.570496e-318	4.8e-322	0.9999999999999999
UNG_1_multinomial_train2.44	0.6450895778346604	0.3325976375693754	0.022312784595964332
OGG1_1_multinomial_train2.37	6.2e-322	4.84e-322	1.0
UNG_1_multinomial_train2.45	0.5923389346040995	0.40766106539590047	1.0273883782899368e-98
UNG_1_multinomial_train2.46	0.5580391111795601	0.44196088882044005	1.801852801620251e-144
UNG_1_multinomial_train2.47	0.5955737280495611	0.3664249635250061	0.03800130842543272
UNG_1_multinomial_train2.48	0.6279854338666779	0.3720145661333221	3.342972692965889e-85
UNG_1_multinomial_train2.49	0.6280301167167166	0.37196988328328323	2.1233443035353865e-34
UNG_1_multinomial_train2.50	0.507063326163961	0.44990765764720175	0.04302901618883726
OGG1_1_multinomial_train2.38	5.73e-322	4.55e-322	1.0
UNG_1_multinomial_train2.51	0.7052102684085757	0.29478973159142424	3.2400807626784263e-78
UNG_1_multinomial_train2.52	0.5682707430168248	0.3862489444203883	0.045480312562786736
OGG1_1_multinomial_train2.39	9.34302e-318	4.8e-322	1.0
OGG1_1_multinomial_train2.40	5.9e-322	4.64e-322	1.0
UNG_1_multinomial_train2.53	0.7088107814535349	0.291189218546465	5.773452307818736e-29
OGG1_1_multinomial_train2.41	2.732670188901887e-290	7.4e-322	1.0
OGG1_1_multinomial_train2.42	5.83e-322	4.55e-322	1.0
UNG_1_multinomial_train2.54	0.6889954678488036	0.30451522208983783	0.006489310061358451
RNF168_1_multinomial_train2	0.7035603786784366	0.29643962132156354	5.1e-322
RNF168_1_multinomial_train2.1	0.6580018570633067	0.3419981429366933	3.85e-322
RNF168_1_multinomial_train2.2	0.6772830626732649	0.32271693732673523	6e-322
RNF168_1_multinomial_train2.3	0.6177043959104357	0.3822956040895642	2e-322
RNF168_1_multinomial_train2.4	0.7421198702346823	0.2578801297653177	3.95e-322
RNF168_1_multinomial_train2.5	0.6910862229213041	0.30891377707869594	3.7e-322
RNF168_1_multinomial_train2.6	0.6968558822229394	0.30314411777706063	1.9e-322
RNF168_1_multinomial_train2.7	0.8474362881343824	0.1525637118656176	3.75e-322
RNF168_1_multinomial_train2.8	0.6904785409345584	0.30952145906544165	1.83e-322
RNF168_1_multinomial_train2.9	0.7670710749397142	0.23292892506028573	1.63e-322
RNF168_1_multinomial_train2.10	0.6834029821717795	0.31659701782822053	4.15e-322
RNF168_1_multinomial_train2.11	0.7030687579199755	0.29693124208002447	3.36e-322
RNF168_1_multinomial_train2.12	0.7201756453123829	0.27982435468761707	3.56e-322
RNF168_1_multinomial_train2.13	0.5447413965159842	0.45525860348401576	3.56e-322
RNF168_1_multinomial_train2.14	0.6729097097140742	0.3270902902859258	5.3e-322
RNF168_1_multinomial_train2.15	0.6888610714501053	0.3111389285498945	3.4e-322
RNF168_1_multinomial_train2.16	0.7679553498819907	0.2320446501180093	4.4e-322
RNF168_1_multinomial_train2.17	0.8218876935477493	0.17811230645225065	5.34e-322
