Samples	SBS96A	SBS96B	SBS96C	SBS96D	SBS96E
EXO1_real_train_fold1	0.8851261986951049	0.0035748758928798624	8.61141549051529e-129	0.1112989254120152	1.5107166924874063e-161
OGG1_real_train_fold1	1.1030350990942628e-54	0.0356636457998481	9.558614848630817e-14	0.1027395357048119	0.8615968184952444
RNF168_real_train_fold1	0.8459339922385959	3.9939222690154236e-220	0.06619962270306873	0.07001355718307282	0.01785282787526267
UNG_real_train_fold1	0.03580369617813757	1.0366519073584735e-179	0.09827730314749203	0.8561630790009852	0.009755921673385237
ATP2B4_real_train_fold1	0.15251397939366065	6.569246508202079e-62	0.6503038850113277	0.1510526064834899	0.04612952911152178
ATP2B4_real_train_fold1.1	4.049504662463337e-137	0.0759987759910292	0.8676863364639152	2.912680399832199e-243	0.056314887545055634
MLH1_real_train_fold1	2.436e-321	1.0	1.067e-321	9.022778465011379e-17	1.255e-321
MSH2_real_train_fold1	2.6e-321	0.9337655461809874	2.510967285027028e-248	0.06623445381901275	9.417749409174037e-281
MSH6_real_train_fold1	5.570195933111884e-263	0.9934224247900872	1.8358217753696607e-226	4.810882739650287e-120	0.006577575209912732
MSH6_real_train_fold1.1	7.2949791026707e-311	0.9867134726829039	1.78e-321	2.19e-321	0.013286527317096139
PMS1_real_train_fold1	3.3125960184028124e-160	0.2061847057202065	0.6028462528433164	0.19096904143647722	2.1564286141068583e-180
PMS2_real_train_fold1	0.474485716989531	0.5255142830104691	1.22e-321	3.06e-322	1.784e-321
EXO1_multinomial_train_fold1	0.9075291300953336	1.9463098597452388e-74	1.4305594750329665e-202	0.08300522819875768	0.00946564170590856
RNF168_multinomial_train_fold1	0.7928952980884506	6.241032684978063e-217	0.17312913291608678	0.033975568995462696	4.5511250940817015e-226
RNF168_multinomial_train_fold1.1	0.8048482175498433	1.225e-321	0.19515178245015677	2.3719878459973822e-73	5.304042826952406e-34
EXO1_multinomial_train_fold1.1	0.8676756816498715	0.08371121953298725	1.698683198943027e-157	0.03179441426613728	0.016818684551003816
RNF168_multinomial_train_fold1.2	0.8206343717684504	0.0019565117691935758	0.1774091164623559	6.291821198177391e-302	7.484275158232053e-50
RNF168_multinomial_train_fold1.3	0.7779314126887891	1.1914073208206679e-35	0.05891779419564738	0.14358544441308455	0.019565348702478943
RNF168_multinomial_train_fold1.4	0.7843790189053643	0.014179368820936015	0.171147857779586	0.017052930450419748	0.013240824043693927
RNF168_multinomial_train_fold1.5	0.8423265922692549	1.58e-321	0.013277321980200301	0.14439608575054483	6.87e-322
RNF168_multinomial_train_fold1.6	0.7632206999239082	2.15e-321	5.02814441115837e-103	0.1931410468432403	0.0436382532328514
RNF168_multinomial_train_fold1.7	0.8757581883821897	9.278573825017023e-74	7.01091004018502e-116	0.12221850214546244	0.002023309472347911
RNF168_multinomial_train_fold1.8	0.8942133131184421	4.982200971707997e-202	0.02553555225293859	0.003636240021377688	0.07661489460724172
EXO1_multinomial_train_fold1.2	0.8751355576667911	1.7282564155794505e-61	3.01865704047276e-182	0.12486444233320901	6.13e-322
EXO1_multinomial_train_fold1.3	0.9486115413219288	0.02849539195054498	2.8254121352800465e-276	1.3126600093345046e-48	0.022893066727526185
RNF168_multinomial_train_fold1.9	0.892385570642307	2.01e-321	0.07973025483735331	0.027884174520339644	5.695781944671541e-93
EXO1_multinomial_train_fold1.4	0.8778742531867119	4.1050432805183625e-153	6.474310601498163e-220	0.12212574681328803	1.81e-321
EXO1_multinomial_train_fold1.5	0.8729576078380255	0.01776651290169354	4.0944449356436767e-79	0.10794412310120141	0.0013317561590797476
EXO1_multinomial_train_fold1.6	0.8761310298909699	7.83207391193779e-213	1.2283843049786157e-293	0.12386897010903004	1.477e-321
EXO1_multinomial_train_fold1.7	0.8693932899289476	0.017040860620092177	2.717e-321	0.11356584945096025	1.330769846106088e-152
EXO1_multinomial_train_fold1.8	0.8014893304122026	0.005193328575115945	1.2189830925306225e-144	0.19331734101268142	7.337208840329804e-280
RNF168_multinomial_train_fold1.10	0.7448134524991971	2.787e-321	3.2145325480384615e-194	0.15326458146339675	0.10192196603740618
EXO1_multinomial_train_fold1.9	0.953050254515438	0.04694974548456204	1.6e-321	4.12018202212572e-103	9.14e-322
RNF168_multinomial_train_fold1.11	0.839541736960406	4.7711755094122595e-117	0.014382310026219687	0.1460759530133744	1.56e-321
RNF168_multinomial_train_fold1.12	0.8613448271020302	0.02191541536184752	0.08623494448760478	0.01510003122985897	0.01540478181865838
EXO1_multinomial_train_fold1.10	0.8858236702504937	0.03181604972632477	1.364e-321	0.0823602800231815	7.07e-322
EXO1_multinomial_train_fold1.11	0.8299674179836238	0.0275690786851677	7.578896188063048e-239	0.14246350333120858	1.4026385321588355e-192
RNF168_multinomial_train_fold1.13	0.8281307803671742	0.14041151265742433	4.131918874542621e-144	2.174e-321	0.03145770697540128
RNF168_multinomial_train_fold1.14	0.815533096269871	9.274257481099934e-41	0.13932714776694752	0.045139755963181524	5.8661462094526716e-64
RNF168_multinomial_train_fold1.15	0.8620157639579389	0.0037631002335155044	4.3782594382564475e-192	0.1252540741291596	0.00896706167938601
RNF168_multinomial_train_fold1.16	0.8068875086933259	3.3236072703469844e-66	0.08835463020952508	0.07159555120768456	0.033162309889464454
EXO1_multinomial_train_fold1.12	0.8932515269094108	2.947891942708834e-218	2.0912831488482144e-122	0.07891557629160176	0.02783289679898751
RNF168_multinomial_train_fold1.17	0.7690180241542934	2.9718783549248713e-12	0.09714508256973647	0.13383689327299816	7.467990426923434e-39
EXO1_multinomial_train_fold1.13	0.8738604754655447	2.957254013585887e-194	2.04467116050398e-91	0.105855365956436	0.020284158578019285
RNF168_multinomial_train_fold1.18	0.7903977142991468	2.134e-321	0.19655402494668242	1.094746822636962e-10	0.013048260644695907
EXO1_multinomial_train_fold1.14	0.8779493124183269	0.0021874344195306717	2.460582816551789e-190	0.11928969635834194	0.0005735568038005554
RNF168_multinomial_train_fold1.19	0.9705267675404544	1.117226284814592e-105	7.094116615589026e-111	2.4754627666325045e-61	0.02947323245954559
RNF168_multinomial_train_fold1.20	0.8927576661940612	3.9942878208757224e-197	1.136e-321	0.10724233380593881	3.9e-322
EXO1_multinomial_train_fold1.15	0.8674905506999036	0.0017192386052609534	6.036609390103066e-195	0.13079021069483537	4.3246929960838856e-225
RNF168_multinomial_train_fold1.21	0.7804720027505134	1.9869704982853192e-138	7.764549847044619e-138	0.14532279630591635	0.0742052009435702
RNF168_multinomial_train_fold1.22	0.6872757994865336	0.021077120491046868	0.08350822733646399	0.17767409486267907	0.030464757823276567
EXO1_multinomial_train_fold1.16	0.824760451512585	0.014947542582801612	1.58e-321	0.16029200590461334	6.77e-322
EXO1_multinomial_train_fold1.17	0.9023727630054774	0.018419604139648688	1.0586450404601511e-304	0.07920763285487374	1.117e-321
RNF168_multinomial_train_fold1.23	0.9308126164101352	4.442849333132775e-226	7.669518971172739e-218	0.03982896373018005	0.029358419859684834
EXO1_multinomial_train_fold1.18	0.8002840539532567	0.020522978030023006	1.0226212576656961e-226	0.17919296801672024	1.364e-321
RNF168_multinomial_train_fold1.24	0.9227312796215954	3.435498669386608e-288	0.07726872037840474	4.8608729162297354e-83	3.6798731004467355e-290
RNF168_multinomial_train_fold1.25	0.8739122951184057	4.6181371319758436e-239	0.09089114266842585	0.03519656221316836	2.9896578852952077e-283
RNF168_multinomial_train_fold1.26	0.9046416792040827	1.88e-321	0.010584084764741254	0.08477423603117605	5.875301139162861e-137
RNF168_multinomial_train_fold1.27	0.6831870408143217	9.886193365698509e-237	0.26755257014080125	0.049260389044874967	2.204122327541768e-15
RNF168_multinomial_train_fold1.28	0.9052457613748353	7.253985839032649e-71	0.04144903792347366	0.053305200701691105	1.3893785426354999e-104
EXO1_multinomial_train_fold1.19	0.8375931299988599	0.04423142941723881	6.297462201180823e-158	0.11817544058390131	1.136e-321
RNF168_multinomial_train_fold1.29	0.8702779946734083	1.0463785605406783e-99	0.007689581786697181	0.12203242353989457	2.1449945238620042e-107
EXO1_multinomial_train_fold1.20	0.8577264357759538	0.0026906948815930342	4.5509748033181487e-10	0.13949026008488447	9.260880247128359e-05
RNF168_multinomial_train_fold1.30	0.846371843690329	5.479260113845834e-289	0.1139859558863867	0.03964220042328428	2.2176613652800974e-33
RNF168_multinomial_train_fold1.31	0.8497136183802654	1.3591960702936166e-62	0.09121273713045719	0.059073644489277495	5.986362301599999e-216
RNF168_multinomial_train_fold1.32	0.9217404872289638	1.088637189092697e-197	0.01394787056800365	0.028374130719879414	0.03593751148315299
RNF168_multinomial_train_fold1.33	0.7535298425800123	8.94e-322	0.11844733258572508	0.12802282483426253	1.14e-321
EXO1_multinomial_train_fold1.21	0.8635889197018447	5.5265613929871694e-222	1.92e-321	0.13641108029815524	1.41e-321
RNF168_multinomial_train_fold1.34	0.9713702531394738	6.47e-322	5.827628807986607e-213	7.986913005664586e-266	0.02862974686052626
EXO1_multinomial_train_fold1.22	0.9203030412498777	0.014387657373467665	1.8659748143224446e-140	0.0648492147873378	0.0004600865893168649
EXO1_multinomial_train_fold1.23	0.863775095836842	1.5702711436609308e-174	5.07169067493305e-55	0.13622490416315794	1.535997837918299e-125
RNF168_multinomial_train_fold1.35	0.7716014384715263	3.66335187057e-313	4.009375876893706e-44	0.20151259944820463	0.026885962080269065
RNF168_multinomial_train_fold1.36	0.8099525098115894	2.0825825192348217e-258	0.15689316547335527	0.0331543247150554	8.290044165411132e-216
EXO1_multinomial_train_fold1.24	0.9203003545515342	2.8819938615147426e-72	0.052121769968127195	0.02757787548033843	3.738138627759276e-101
RNF168_multinomial_train_fold1.37	0.8447876178020807	1.907e-321	0.05494961336367469	0.1002627688342446	1.0305762323738272e-226
EXO1_multinomial_train_fold1.25	0.8391884068718707	0.030936802826707452	0.0303285663632357	0.09390175006174545	0.0056444738764406975
RNF168_multinomial_train_fold1.38	0.8875928116936064	1.19e-321	0.0918494598723004	2.5389991544910536e-284	0.020557728434093238
EXO1_multinomial_train_fold1.26	0.923892983582818	0.021080639849210853	5.293796545836503e-254	0.05502637656797115	9.4e-322
EXO1_multinomial_train_fold1.27	0.8916276835600798	1.4703647395687953e-182	3.8931221312482663e-135	0.10837231643992021	1.47e-321
EXO1_multinomial_train_fold1.28	0.8897144624280909	6.053835803489226e-137	2.8565461575225742e-182	0.11028553757190909	1.6e-321
EXO1_multinomial_train_fold1.29	0.8892015725341612	1.1990711673883815e-179	0.004351110799529926	0.10644731666630894	2.292442184187501e-19
EXO1_multinomial_train_fold1.30	0.869430916478226	3.744640418481224e-172	9.132252400867061e-302	0.13056908352177407	8.35e-322
RNF168_multinomial_train_fold1.39	0.826973062004705	5.288647856051719e-252	8.74e-322	0.14880897892808168	0.024217959067213312
RNF168_multinomial_train_fold1.40	0.7712268826116857	1.754e-321	0.19680322418570642	9.400090142382992e-200	0.031969893202607916
EXO1_multinomial_train_fold1.31	0.834823133570674	0.039006830935920944	1.99761320490409e-288	0.12617003549340516	1.33e-321
EXO1_multinomial_train_fold1.32	0.8869743457223448	0.022452993808660022	7.073867843010362e-119	0.08268570318435817	0.007886957284637008
EXO1_multinomial_train_fold1.33	0.9059392334114684	0.003637424452471513	2.0992279734745e-195	0.08844717143955054	0.0019761706965094783
RNF168_multinomial_train_fold1.41	0.8977313454972318	1.225e-321	0.0841900116212638	3.368308749593232e-58	0.018078642881504535
RNF168_multinomial_train_fold1.42	0.9067409682452628	2.535e-321	0.06683269859392775	0.008427636199321449	0.017998696961487863
EXO1_multinomial_train_fold1.34	0.8785009018011807	0.001420455154071102	1.9009027115637655e-197	0.12007864304474825	8.299465805694059e-141
RNF168_multinomial_train_fold1.43	0.787402457080876	1.73e-321	0.13652478513590718	0.07607275778321691	1.4286146891191326e-22
EXO1_multinomial_train_fold1.35	0.843772743002569	2.3581196031001535e-177	0.038252698092086236	0.11713268833698776	0.0008418705683571638
EXO1_multinomial_train_fold1.36	0.8514148616005435	1.369376229582146e-60	2.36e-321	0.14858513839945656	1.12e-321
RNF168_multinomial_train_fold1.44	0.8227039453756307	1.91e-321	0.13418643129830768	0.026083533817517032	0.017026089508544676
EXO1_multinomial_train_fold1.37	0.8760407248199351	0.0030881886829698473	1.576e-321	0.12087108649709494	1.793e-321
RNF168_multinomial_train_fold1.45	0.8066684302220606	2.03e-321	0.150682122208653	0.04264944756928635	9.146866162473209e-220
RNF168_multinomial_train_fold1.46	0.9131731636346028	2.727e-321	5.281560273846351e-52	0.04262220546657071	0.04420463089882662
RNF168_multinomial_train_fold1.47	0.8965155519689016	2.0739669450488464e-183	0.04824070585297449	0.05524374217812376	8.7e-322
RNF168_multinomial_train_fold1.48	0.8445485594438822	1.596e-321	0.06635200274576401	0.08909943781035386	6.13e-322
RNF168_multinomial_train_fold1.49	0.8053713702135042	2.2844202105598563e-92	0.057185062288310766	0.1109786051783183	0.0264649623198667
RNF168_multinomial_train_fold1.50	0.8167745198783974	1.4053819637572793e-10	1.5350187325875428e-121	0.1687602815634608	0.014465198417603464
EXO1_multinomial_train_fold1.38	0.9131235857470132	4.840502242052913e-227	6.90931368704641e-83	0.0629906622640596	0.023885751988927093
RNF168_multinomial_train_fold1.51	0.8639985001094986	9.571481914765681e-96	0.09043756842817352	0.045563931462327956	1.546e-321
RNF168_multinomial_train_fold1.52	0.8292517089254847	0.05867683704899449	4.2983493478963653e-60	0.07428123619143738	0.0377902178340835
EXO1_multinomial_train_fold1.39	0.8144337428911209	0.04038192689194723	3.2149375341711696e-193	0.13434973887972085	0.01083459133721092
EXO1_multinomial_train_fold1.40	0.8480024718356561	0.030887563791591483	2.9862932433993656e-172	0.10926314364982459	0.011846820722927797
RNF168_multinomial_train_fold1.53	0.8253083337238323	5.435615562131101e-223	0.15524218730344247	0.0068990151317782165	0.012550463840947072
EXO1_multinomial_train_fold1.41	0.8495601785632356	0.05642373110977174	2.26e-321	0.0940160903269926	6.5e-322
EXO1_multinomial_train_fold1.42	0.8762005642505323	6.373353872788032e-178	4.9476724804519805e-64	0.12379943574946776	1.52e-321
RNF168_multinomial_train_fold1.54	0.7200796467335441	1.21e-321	0.17494831441588546	0.08362982446744441	0.02134221438312594
OGG1_multinomial_train_fold1	8.148726786342135e-135	5.81157264496558e-141	0.09335541334109412	0.09406097960041838	0.8125836070584875
UNG_multinomial_train_fold1	2.2565898954877785e-250	0.04698048485340285	1.5171744623047432e-114	0.9361859881323727	0.016833527014224393
UNG_multinomial_train_fold1.1	1.3265172298770146e-12	0.011337843568537153	0.15481045556676432	0.7892905535256746	0.04456114733769763
UNG_multinomial_train_fold1.2	0.05716195361659034	2.38e-321	0.05798711371410408	0.8427776299381394	0.042073302731166044
OGG1_multinomial_train_fold1.1	6.324629209310195e-101	0.08516116203402894	1.946689734918209e-14	0.07549290282233174	0.83934593514362
UNG_multinomial_train_fold1.3	0.1537221813507268	0.015674037780823973	0.03664238567779612	0.741374764863743	0.052586630326910175
OGG1_multinomial_train_fold1.2	5.659892723985907e-141	0.10143954610081697	4.5665026872974195e-163	0.011868192054225284	0.8866922618449576
OGG1_multinomial_train_fold1.3	1.1447406187893095e-50	0.035617884235756965	8.304643725032426e-57	0.04436434103944278	0.9200177747248003
UNG_multinomial_train_fold1.4	3.39867342443258e-149	1.744e-321	0.16635375750463866	0.8336462424953613	3.290860708313724e-166
UNG_multinomial_train_fold1.5	0.03477884149321163	1.01e-321	0.036605199692550626	0.9284798071907423	0.00013615162349556168
OGG1_multinomial_train_fold1.4	4.914877981984733e-253	0.04915497221211985	1.2070927597797515e-99	2.3478881357692123e-33	0.9508450277878802
OGG1_multinomial_train_fold1.5	1.4947237133547954e-153	0.11223805936860345	8.433548125525942e-151	9.953105984241558e-85	0.8877619406313966
UNG_multinomial_train_fold1.6	0.03665693159005301	0.005874216067695179	9.14e-322	0.9574688523422518	2.6429108895002606e-97
UNG_multinomial_train_fold1.7	1.122072426828282e-21	0.07036149297648388	2.3819542616927313e-37	0.7567055739959638	0.1729329330275523
UNG_multinomial_train_fold1.8	2.376e-321	1.16e-321	0.07342268680453963	0.9265773131954602	9.9092287662531e-268
OGG1_multinomial_train_fold1.6	4.1145705828895575e-193	0.05563318541789222	2.2500590482428177e-90	0.07514269652553104	0.8692241180565766
UNG_multinomial_train_fold1.9	0.07757929491311442	1.9418320691961517e-61	0.08131485357443825	0.8411058515124473	7.376688215406578e-37
OGG1_multinomial_train_fold1.7	1.7969711138655708e-102	0.023330156354124512	3.7085331115614375e-10	0.09393962483281566	0.8827302184422063
UNG_multinomial_train_fold1.10	0.011901536067551195	9.63e-322	0.1589111392644053	0.8291873246680435	5.5e-322
OGG1_multinomial_train_fold1.8	0.037810305098599374	2.08e-321	3.781040395561382e-104	0.16275172988989023	0.7994379650115104
UNG_multinomial_train_fold1.11	0.013290566568635639	1.4047343513026917e-288	0.21220526010695287	0.7745041733244115	1.914513755247519e-301
OGG1_multinomial_train_fold1.9	8.004196691206871e-105	0.0335201951640247	0.05273357362634652	0.05965438452670025	0.8540918466829286
OGG1_multinomial_train_fold1.10	5.739742610364068e-228	0.025292305771982937	0.15297150869253603	0.026091422382220383	0.7956447631532606
OGG1_multinomial_train_fold1.11	5.358451130922734e-139	0.07980633381139608	4.20450278121473e-62	1.6346496938181082e-18	0.920193666188604
UNG_multinomial_train_fold1.12	0.10715972086434114	1.16e-321	4.008531346889921e-72	0.892840279135659	7.8e-322
UNG_multinomial_train_fold1.13	0.0033394355765971363	1.86692423e-316	0.11857803888794181	0.8780825255354611	4.286024570748681e-72
UNG_multinomial_train_fold1.14	0.09459908399928689	7.592879724084e-312	0.00036915996395594657	0.9050317560367572	1.136e-321
OGG1_multinomial_train_fold1.12	6.626297386670825e-132	0.06685833563370078	1.8419155755276964e-135	0.013651745585515629	0.9194899187807837
OGG1_multinomial_train_fold1.13	4.378822910800239e-179	0.0036110600644721057	8.966692127925258e-23	0.16646529059562304	0.8299236493399049
UNG_multinomial_train_fold1.15	5.80750071451969e-237	5.179036716138433e-43	0.1847167923648122	0.8152832076351879	2.524270520448144e-66
UNG_multinomial_train_fold1.16	0.013795182896980158	2.816e-321	0.10835736855353527	0.8168342729790968	0.061013175570387726
UNG_multinomial_train_fold1.17	0.008338418542523127	1.497e-321	1.6979540586534165e-54	0.9239426318790377	0.0677189495784391
OGG1_multinomial_train_fold1.14	2.6498161506781673e-132	0.02444050540559955	0.15001276932091642	4.1181524797973196e-51	0.825546725273484
UNG_multinomial_train_fold1.18	7.103428612354677e-242	2.7651332100662797e-239	0.17459628859346593	0.825403711406534	4.35e-322
OGG1_multinomial_train_fold1.15	0.014625760510225726	0.04835598337486263	0.07072237218082253	0.06457289950578117	0.801722984428308
UNG_multinomial_train_fold1.19	0.0016843669393558059	0.028252460222145954	0.1886857920391186	0.7813773807993797	9.817005329366012e-112
OGG1_multinomial_train_fold1.16	3.0848533630685722e-56	0.02165522754018542	6.331103888150872e-21	0.13038079792293042	0.8479639745368841
UNG_multinomial_train_fold1.20	1.263832097269893e-45	5.856535754812825e-45	0.0786877608685968	0.9095845740008631	0.011727665130540044
UNG_multinomial_train_fold1.21	0.08145712078270843	0.0561649335828268	2.8941188472672335e-08	0.8035488927693586	0.05882902392391779
OGG1_multinomial_train_fold1.17	1.3076658152020964e-160	0.07622910330457193	6.166948276126022e-78	0.03073018135872286	0.8930407153367053
UNG_multinomial_train_fold1.22	1.7739240232155928e-253	2.213e-321	0.09112563309975281	0.9088743669002471	6.4e-322
UNG_multinomial_train_fold1.23	2.119617276465934e-113	2.436595450722049e-24	0.1352081627052168	0.8647918372947832	3.4e-322
UNG_multinomial_train_fold1.24	0.02178336138291768	9.885607354984718e-132	0.086312259558172	0.8615195140924977	0.030384864966412625
OGG1_multinomial_train_fold1.18	4.2354122886321044e-39	5.3011641656835046e-77	0.11782686654734438	0.10263059612981039	0.7795425373228453
UNG_multinomial_train_fold1.25	0.06342778741241147	9.73e-322	0.2642138080225221	0.6723584045650662	3.1035034225215326e-46
OGG1_multinomial_train_fold1.19	8.922966785793961e-55	0.0828325244279674	4.551877266752213e-32	0.060498414830319765	0.8566690607417127
UNG_multinomial_train_fold1.26	3.43560053712393e-310	0.1007882850928916	0.05676168788637067	0.8424500270207378	1.645943624307143e-187
OGG1_multinomial_train_fold1.20	0.013143947850452684	0.05797400054386186	0.12778398886472608	0.02670923933983833	0.774388823401121
UNG_multinomial_train_fold1.27	0.061581833110860136	1.66e-321	0.21826629030610872	0.7201518765830313	8.74e-322
OGG1_multinomial_train_fold1.21	3.244495738395241e-179	0.03422725502678003	0.3229304430467344	0.015469248390698105	0.6273730535357873
OGG1_multinomial_train_fold1.22	1.34466038895803e-32	6.437471878641336e-241	0.03404233893216662	0.11837818687433165	0.8475794741935019
UNG_multinomial_train_fold1.28	0.002731179686916093	1.294e-321	1.4003150180859317e-176	0.9893206702031935	0.007948150109890506
UNG_multinomial_train_fold1.29	8.457808676512434e-216	9.495241968719169e-163	0.14688465766249373	0.8402593751310345	0.012855967206471664
OGG1_multinomial_train_fold1.23	1.1866006671184384e-151	0.05515516284847561	8.065776762907302e-16	0.02890494717853669	0.9159398899729869
OGG1_multinomial_train_fold1.24	1.0174820695893921e-234	0.11117087487664402	0.007477911811522459	1.4465016447865703e-09	0.8813512118653319
OGG1_multinomial_train_fold1.25	0.03783616435759448	1.799690727330436e-13	0.18948726938654456	0.05713424324938742	0.7155423230062935
OGG1_multinomial_train_fold1.26	9.054094564438447e-236	1.8934024716874646e-86	0.18387324504410824	0.010398254986476074	0.8057284999694156
UNG_multinomial_train_fold1.30	1.642546817275003e-266	3.248635893823869e-207	0.014875650209482637	0.9244242821638216	0.06070006762669593
OGG1_multinomial_train_fold1.27	2.8040758174155315e-130	0.05404070817898704	0.051614904788177804	0.036722603992493594	0.8576217830403418
OGG1_multinomial_train_fold1.28	0.0007455088348853045	0.03895912347037356	1.0805762938009215e-06	0.12337555001697131	0.836918737101476
UNG_multinomial_train_fold1.31	5.0650042837908795e-23	4.159672728585541e-106	0.25745144335271086	0.7425485566472892	7e-322
UNG_multinomial_train_fold1.32	1.7949787043383116e-109	3.9758970763499434e-228	1.7938225356199938e-167	0.9424694446429676	0.057530555357032595
UNG_multinomial_train_fold1.33	0.018738596088444488	1.21e-321	0.06183668656218869	0.9194247173493667	2.672945466241556e-152
OGG1_multinomial_train_fold1.29	2.02208660755135e-55	1.8302256647063542e-13	0.1863376247641924	0.07938689039805286	0.7342754848375717
OGG1_multinomial_train_fold1.30	3.24866145654551e-213	0.06650661398244395	0.07468487215713714	0.05559593957676513	0.8032125742836537
UNG_multinomial_train_fold1.34	0.008872185648667678	0.024365045090054473	1.1552558048400822e-46	0.8973758315479042	0.06938693771337366
OGG1_multinomial_train_fold1.31	2.6287439143823695e-123	0.0691200337851299	0.06364206439730852	0.04384939843443358	0.823388503383128
UNG_multinomial_train_fold1.35	0.12625543016872526	0.04970231355332518	4.787873578335321e-190	0.785521915056967	0.038520341220982524
UNG_multinomial_train_fold1.36	8.166137627632123e-21	1.487e-321	0.13948896951509798	0.8605110304849022	9.6e-322
UNG_multinomial_train_fold1.37	0.02479337068775647	2.59e-321	1.12e-321	0.9752066293122437	6.13e-322
OGG1_multinomial_train_fold1.32	0.0010083947837992552	0.07428836886265308	1.2737367363693431e-82	0.08753940457361149	0.8371638317799361
UNG_multinomial_train_fold1.38	0.10234202773111169	5.156653900283895e-85	0.13603665119675687	0.7616213210721313	1.1807905404922145e-90
OGG1_multinomial_train_fold1.33	6.36722111611797e-57	0.009146981944853978	0.13389497919828106	0.10869066059833969	0.7482673782585254
OGG1_multinomial_train_fold1.34	4.26631587644462e-28	0.015055793860428086	6.88332538524805e-24	0.14214587494520323	0.8427983311943686
OGG1_multinomial_train_fold1.35	3.903035329169284e-83	0.06164596177587153	0.06251728223237137	0.05823618163127514	0.817600574360482
OGG1_multinomial_train_fold1.36	6.110277660002281e-80	0.015414757178705643	1.8526546220931293e-64	0.06701438144729861	0.9175708613739956
OGG1_multinomial_train_fold1.37	1.4610915003887953e-171	5.104767812680926e-295	0.10465790568209214	0.07849115977226609	0.8168509345456418
OGG1_multinomial_train_fold1.38	1.7493876182209416e-182	0.05228957275433251	4.812659158735588e-23	0.05869881546728886	0.8890116117783787
UNG_multinomial_train_fold1.39	5.975986002582066e-172	0.01862752876633394	0.07541733883915806	0.905955132394508	2.6448616698823356e-192
OGG1_multinomial_train_fold1.39	3.448397092731894e-111	0.09860050047313865	0.04951672718618944	0.0769606646527042	0.7749221076879677
UNG_multinomial_train_fold1.40	0.1015834443023091	2.353958124913394e-106	2.5597915489619292e-160	0.898416555697691	6.1e-322
OGG1_multinomial_train_fold1.40	2.2382002703019628e-166	0.061148301884334795	0.15349871111540275	7.047129940744815e-50	0.7853529870002625
OGG1_multinomial_train_fold1.41	0.006851027684988856	0.014210094255882799	1.6132139797163294e-99	0.05994788017498465	0.9189909978841437
UNG_multinomial_train_fold1.41	0.1811267539449902	1.82e-321	0.03100209004931234	0.7827052341973226	0.0051659218083746706
OGG1_multinomial_train_fold1.42	1.2316368038029635e-67	1.542894074403676e-07	0.0055159742169875094	0.11797491276408396	0.876508958729521
UNG_multinomial_train_fold1.42	0.09167489388648715	1.61e-321	0.01939652585902244	0.8889285802544904	5.34e-322
OGG1_multinomial_train_fold1.43	0.0017564759589481277	0.03380996137454264	0.054583130778206104	0.042371724987252106	0.867478706901051
OGG1_multinomial_train_fold1.44	0.024232505534557323	1.8879802615348091e-90	0.037703946248163894	0.1339704926731622	0.8040930555441166
OGG1_multinomial_train_fold1.45	1.0917130144070136e-147	5.308935440058598e-62	0.18742262335255155	0.03919699332244548	0.7733803833250029
OGG1_multinomial_train_fold1.46	1.8959461709884616e-66	0.0016099307914123825	0.1667390058391656	0.08822655028597068	0.7434245130834513
UNG_multinomial_train_fold1.43	1.6134206615662816e-306	0.030909677101319564	0.047614311388316226	0.8555738434725222	0.06590216803784188
OGG1_multinomial_train_fold1.47	0.023571706700343493	0.017444376008337783	0.06323980103131942	0.07665975366647167	0.8190843625935276
OGG1_multinomial_train_fold1.48	6.671131634574727e-196	0.03834734878978345	0.05245231807323106	0.11574133553719988	0.7934589975997857
OGG1_multinomial_train_fold1.49	1.626925221303416e-17	0.021304463832836032	0.11531503299183575	0.06603827636968918	0.7973422268056389
OGG1_multinomial_train_fold1.50	2.8810309553568674e-171	0.08658235745316009	8.893456154189556e-44	0.047030078729909955	0.8663875638169298
UNG_multinomial_train_fold1.44	0.08888567076539128	0.03951232414966142	1.726506701307115e-104	0.7898054430547041	0.08179656203024309
OGG1_multinomial_train_fold1.51	0.020501292150728108	0.08111520931121359	2.515650737820196e-131	0.054703173859374725	0.8436803246786836
OGG1_multinomial_train_fold1.52	1.097515209254197e-74	0.03491728010806417	1.2297881871359778e-60	0.06671460743625256	0.8983681124556833
ATP2B4_multinomial_train_fold1	0.09449362518314824	0.1027840418434863	0.5007419347189908	0.17487227707562925	0.12710812117874548
ATP2B4_multinomial_train_fold1.1	2.793652970034443e-81	0.10419402692932753	0.887322874110778	0.00848309895989432	3.194538389697811e-26
ATP2B4_multinomial_train_fold1.2	0.18502077225727254	2.852916316582432e-165	0.719385221852213	0.0955940058905146	1.855503094204436e-49
ATP2B4_multinomial_train_fold1.3	3.211443301881798e-29	0.011385274325490325	0.925004886213295	1.1672303168814751e-216	0.06360983946121467
ATP2B4_multinomial_train_fold1.4	9.981691945528925e-29	0.048232659758178725	0.7923535957158931	1.0678682035907272e-290	0.15941374452592824
ATP2B4_multinomial_train_fold1.5	0.04308530594627922	0.06460116219296384	0.884962337858152	0.00735119400260496	3.66e-322
ATP2B4_multinomial_train_fold1.6	0.21109767476627117	1.05e-321	0.5659054972828192	0.16237643331510004	0.06062039463580951
ATP2B4_multinomial_train_fold1.7	1.25e-321	0.0676957517166538	0.7634970804347777	2.022629989788725e-207	0.16880716784856856
ATP2B4_multinomial_train_fold1.8	0.21029740126076737	1.15e-321	0.6355656970272502	0.15413690171198255	7.858837789660321e-84
ATP2B4_multinomial_train_fold1.9	0.06907839654595917	0.0043944194430856915	0.6941062876000289	0.2324208964109263	2.846099558930166e-76
ATP2B4_multinomial_train_fold1.10	0.06422371395238026	0.017507804852194535	0.6402948426152817	0.22594804136529323	0.05202559721485033
ATP2B4_multinomial_train_fold1.11	0.1497361931615084	9.283695736851713e-181	0.6287170453991044	0.20381516467276978	0.017731596766617175
ATP2B4_multinomial_train_fold1.12	3.7254953828277606e-08	0.09949089027051651	0.6084330822198255	3.896430042696401e-220	0.2920759902547041
ATP2B4_multinomial_train_fold1.13	0.04947228006508483	0.06542807041844564	0.5464713849405068	0.1750945209349024	0.1635337436410603
ATP2B4_multinomial_train_fold1.14	4.993748091647874e-294	0.08635483539341282	0.6542480341392234	8.94e-322	0.2593971304673638
ATP2B4_multinomial_train_fold1.15	8.166747521958976e-286	0.11038232380284972	0.7519140103544711	7.43882259713671e-139	0.13770366584267899
ATP2B4_multinomial_train_fold1.16	5.5552880572793e-210	0.1615282024468537	0.8384717975531462	2.3296617503288215e-179	7.227235741477775e-143
ATP2B4_multinomial_train_fold1.17	0.026583956145503775	0.06341020855166289	0.7420604242684019	7.660725578357449e-234	0.16794541103443145
ATP2B4_multinomial_train_fold1.18	0.04304415756963446	0.13305770120576696	0.663039773381015	4.9326593730720076e-250	0.16085836784358357
ATP2B4_multinomial_train_fold1.19	3.254476730237938e-289	0.06677950361175679	0.9332204963882432	3.599795357134672e-259	3.0534681357371504e-34
ATP2B4_multinomial_train_fold1.20	1.0036262530077206e-196	0.07166412790939423	0.9037630148066287	4.5775977584613054e-253	0.024572857283977165
ATP2B4_multinomial_train_fold1.21	2.2323922849735004e-83	0.013605958202558796	0.9049100445412636	8.208240115742378e-258	0.08148399725617769
ATP2B4_multinomial_train_fold1.22	0.24638274685570258	0.017272899205580467	0.6926625832112571	0.04170396189223429	0.001977808835225591
ATP2B4_multinomial_train_fold1.23	1.5791088899585496e-177	0.12859864474567725	0.6291601996008601	0.011275465150116449	0.2309656905033461
ATP2B4_multinomial_train_fold1.24	0.017567414334978607	0.09257990861634371	0.7847246251256966	8.616588377290922e-196	0.10512805192298111
ATP2B4_multinomial_train_fold1.25	0.1386504341394638	0.039419675162726014	0.4280962630167068	0.24853009508003504	0.14530353260106826
ATP2B4_multinomial_train_fold1.26	0.11017799667096503	1.26e-321	0.7562313702205117	0.1335906331085232	1.030044967789086e-198
ATP2B4_multinomial_train_fold1.27	0.13486138182031962	0.05364856077084724	0.7224669678989526	0.08902308950988072	2.322365755306156e-145
ATP2B4_multinomial_train_fold1.28	1.84e-321	0.13529678130898348	0.6715996227571329	1.3717455693509332e-123	0.19310359593388363
ATP2B4_multinomial_train_fold1.29	0.288833461880771	9.032945120994638e-141	0.5294440300097081	0.13812287328025816	0.043599634829262754
ATP2B4_multinomial_train_fold1.30	0.2665512631832471	1.784e-321	0.5799680736096191	0.15348066320713383	2.8505831837225492e-81
ATP2B4_multinomial_train_fold1.31	0.07127578457842376	0.09905888403579151	0.8272573976872973	1.6003211692747008e-36	0.0024079336984873414
ATP2B4_multinomial_train_fold1.32	0.15268919681346474	8.700000349073277e-229	0.7462345703217012	0.09543384455036401	0.005642388314470187
ATP2B4_multinomial_train_fold1.33	5.730576644393027e-234	0.08251485857504123	0.9174851414249588	1.1363348209809617e-234	3.126420378081565e-54
ATP2B4_multinomial_train_fold1.34	5.079195034974108e-177	0.06047206620269768	0.7423680831873716	2.1063908853897413e-113	0.19715985060993063
ATP2B4_multinomial_train_fold1.35	0.08074561384184846	0.08752013698952746	0.5653932447474186	0.006533411494361148	0.2598075929268446
ATP2B4_multinomial_train_fold1.36	2.9818732258164754e-168	0.08996403015464506	0.7790681170477342	0.055096414844257244	0.0758714379533635
ATP2B4_multinomial_train_fold1.37	0.23440757588337216	2.3612494939161023e-240	0.47897045785473713	0.16745988365177483	0.11916208261011582
ATP2B4_multinomial_train_fold1.38	2.067563865756336e-21	0.08901198781202178	0.8422493185609078	1.023e-321	0.0687386936270705
ATP2B4_multinomial_train_fold1.39	0.12667560769308872	0.026836568654618084	0.7370946565985995	7.368614526815963e-200	0.10939316705369359
ATP2B4_multinomial_train_fold1.40	0.06163955034907018	3.985938534190839e-27	0.7206877664419961	0.2176726822359764	9.729573287265036e-10
ATP2B4_multinomial_train_fold1.41	0.1494243118815055	0.04208814783511042	0.5156320456214626	0.11036133055422677	0.18249416410769467
ATP2B4_multinomial_train_fold1.42	1.2610848324889573e-227	0.12541950065384916	0.6060239858959906	8.676220455223484e-99	0.2685565134501602
ATP2B4_multinomial_train_fold1.43	1.7681593677892424e-35	0.04289088237228218	0.9208733301829474	0.03623578744477054	6.774379701563138e-26
ATP2B4_multinomial_train_fold1.44	0.11312686114943855	0.01051608296243679	0.5741976170085851	0.18756034202966892	0.11459909684987059
ATP2B4_multinomial_train_fold1.45	6.648398365886947e-102	0.12034940341398634	0.8796505965860136	1.09e-321	3.452336902144552e-33
ATP2B4_multinomial_train_fold1.46	0.06785105240729383	0.01726937657221898	0.6729025750442154	0.1811486713070785	0.06082832466919333
ATP2B4_multinomial_train_fold1.47	0.1689084925333961	0.013856776259241175	0.31018142671137316	0.2159035313753881	0.29114977312060153
ATP2B4_multinomial_train_fold1.48	0.21105490929579798	1.0975689169726739e-288	0.36765221905007783	0.22603654465741202	0.1952563269967121
ATP2B4_multinomial_train_fold1.49	0.23930425148646142	0.009950759474173235	0.6032935312574266	0.09882988008269163	0.0486215776992471
ATP2B4_multinomial_train_fold1.50	0.19026319566820524	6.210620753133645e-93	0.7461521091276968	0.063584695204098	1.832104223424762e-115
ATP2B4_multinomial_train_fold1.51	0.012412909437145894	0.005538747294604715	0.9820483432682493	5.5640254638476885e-276	4e-322
ATP2B4_multinomial_train_fold1.52	0.1181646813185763	0.05014658723982196	0.7419301103085901	5.632906007546741e-61	0.08975862113301158
ATP2B4_multinomial_train_fold1.53	0.07124710519703073	0.016398439094289896	0.7929885924768159	5.7971843033507035e-236	0.11936586323186364
ATP2B4_multinomial_train_fold1.54	0.23279508255700618	6.9e-322	0.5114055056621776	0.22860074930060198	0.02719866248021422
ATP2B4_multinomial_train_fold1.55	7.571710329554023e-255	0.09849062049994042	0.8543485913291683	8.25e-322	0.04716078817089132
ATP2B4_multinomial_train_fold1.56	0.20416839466938155	0.06622499062001086	0.5712267158924853	0.12411455887430298	0.034265339943819424
ATP2B4_multinomial_train_fold1.57	9.34455761288619e-116	0.1369185978768443	0.8630814021231559	1.05e-321	3.740888032479072e-63
ATP2B4_multinomial_train_fold1.58	0.17033217197219994	4.173160634741071e-72	0.45966883062507224	0.2637466055107698	0.10625239189195793
ATP2B4_multinomial_train_fold1.59	0.17350275425028513	1.875144432128878e-151	0.5758453241493394	0.11701394002164582	0.13363798157872972
ATP2B4_multinomial_train_fold1.60	0.18907518584205124	0.0014106842429742418	0.42799157884113637	0.17144487969905953	0.21007767137477878
ATP2B4_multinomial_train_fold1.61	0.17863451361822497	0.05093174401570467	0.5662953923686236	0.20413834999744687	4.991426912361398e-287
ATP2B4_multinomial_train_fold1.62	0.09968279076018417	0.034549854976853644	0.8657673542629624	1.072229415315291e-247	3.765745212087517e-67
ATP2B4_multinomial_train_fold1.63	1.0334224173781577e-225	0.03990371914607186	0.8923924665392229	9.63e-322	0.06770381431470524
ATP2B4_multinomial_train_fold1.64	0.04135558181572343	0.00833312310272171	0.9408366839920828	4.545084368625355e-217	0.009474611089472007
ATP2B4_multinomial_train_fold1.65	0.29249961772115424	2.055e-321	0.5055027797285612	0.11939516270295862	0.08260243984732595
ATP2B4_multinomial_train_fold1.66	0.11465213793068774	0.006760085746454981	0.8248726036515415	0.05128791165861643	0.0024272610126993806
ATP2B4_multinomial_train_fold1.67	0.13531621000573105	1.6978200946579073e-10	0.5818017181243595	0.21891536974229736	0.06396670195783014
ATP2B4_multinomial_train_fold1.68	0.2568233457337635	0.012106847371470083	0.6104092932510925	0.1206605136436742	2.8266421025947593e-186
ATP2B4_multinomial_train_fold1.69	0.004108996986181426	0.06434646835625243	0.8986133037617303	9.024232254178885e-49	0.032931230895835883
ATP2B4_multinomial_train_fold1.70	0.12973939749526453	0.09614537404073487	0.6500983701329941	5.965684650447118e-163	0.1240168583310064
ATP2B4_multinomial_train_fold1.71	2.819594556147469e-165	0.13138920233965354	0.7528511611243961	3.2592545168317585e-136	0.11575963653595031
ATP2B4_multinomial_train_fold1.72	5.3219805153166776e-247	0.14964820227030048	0.7940092856798895	2.920735625989709e-158	0.05634251204981009
ATP2B4_multinomial_train_fold1.73	0.2082650354858164	1.596e-321	0.4222847641861709	0.1881715056497938	0.18127869467821892
ATP2B4_multinomial_train_fold1.74	0.3332677613699045	8.195505537853201e-206	0.6132644439212369	0.053467794708858575	3.6630964335505906e-57
ATP2B4_multinomial_train_fold1.75	1.21e-321	0.12085519443930354	0.6966711366583953	9.587642481188612e-177	0.18247366890230124
ATP2B4_multinomial_train_fold1.76	4.0408665360344345e-249	0.12633263794965183	0.8736673620503483	1.7250972438058014e-219	4.5e-322
ATP2B4_multinomial_train_fold1.77	7.512464204116498e-67	0.14574772624713236	0.7414584960134691	6.522599923238156e-192	0.11279377773939847
ATP2B4_multinomial_train_fold1.78	2.1054922495958174e-35	0.04221008435421182	0.7733284596648838	3.0675346585406157e-235	0.1844614559809043
ATP2B4_multinomial_train_fold1.79	8.793723893129408e-30	0.09637397021806055	0.792424811341607	1.222384304188214e-119	0.11120121844033251
ATP2B4_multinomial_train_fold1.80	3.296813022693335e-15	0.08195652933659073	0.6901458233507192	1.17e-321	0.2278976473126868
ATP2B4_multinomial_train_fold1.81	0.055923808067144504	0.042144932358253555	0.7006059023949411	0.20132535717966082	2.21e-321
ATP2B4_multinomial_train_fold1.82	0.19299338749604594	0.005975792955866416	0.507166314966192	0.217883775229274	0.07598072935262176
ATP2B4_multinomial_train_fold1.83	0.06985997093840728	0.01315205111094252	0.6522399847567039	0.14460076553377513	0.12014722766017119
ATP2B4_multinomial_train_fold1.84	5.789371309985644e-201	0.11770474162124088	0.7459972186012825	1.04811719144954e-101	0.13629803977747654
ATP2B4_multinomial_train_fold1.85	0.146152977770591	2.2841650723315835e-178	0.71330984525055	0.14053717697885912	2.811901542086027e-181
ATP2B4_multinomial_train_fold1.86	0.20487528570776137	2.623e-321	0.512047872315791	0.1417526296780188	0.14132421229842881
ATP2B4_multinomial_train_fold1.87	0.09556103054284401	1.91e-321	0.7375380341711485	0.16690093528600744	1.2742457518333422e-33
ATP2B4_multinomial_train_fold1.88	0.3470035942008731	0.01520184308606943	0.49432093551216716	0.10676539355666614	0.03670823364422417
ATP2B4_multinomial_train_fold1.89	0.028404807596331617	3.19959625746591e-58	0.8920351599423804	7.58980507561168e-222	0.07956003246128804
ATP2B4_multinomial_train_fold1.90	0.2134230615957282	0.003078832161983878	0.5280391304510538	0.1412129994959289	0.11424597629530525
ATP2B4_multinomial_train_fold1.91	0.11137827819161594	0.038769546676247754	0.6888071292563083	1.2231198326889854e-205	0.16104504587582816
ATP2B4_multinomial_train_fold1.92	0.1351124699187372	0.022936510314961037	0.7880947992068315	0.053856220559470286	8.410787108968527e-251
ATP2B4_multinomial_train_fold1.93	0.13582967875937207	0.04331318300896656	0.7163135285392848	0.1045436096923765	8.717208883430062e-72
ATP2B4_multinomial_train_fold1.94	0.11261722123101091	3.615668366492568e-72	0.7267466199201791	0.16063615884881002	3.496807348258606e-80
ATP2B4_multinomial_train_fold1.95	0.02844065258536601	0.044475660883128515	0.9143292974749194	0.012754389056586154	3.16e-322
