Samples	SBS96A	SBS96B	SBS96C	SBS96D	SBS96E	SBS96F	SBS96G
OGG1_boot	0.0063006571231295615	0.7868330241517763	1.44e-321	3.2e-322	0.05485101370594078	2.54e-321	0.15201530501915342
OGG1_boot.1	4.99e-321	0.5137918163184864	1.0559630650043138e-08	1.819528805000247e-271	0.050113208320538345	0.02107486084778483	0.4150201039535599
OGG1_boot.2	3.11e-321	0.7517921202279298	0.02787434913239533	0.04081587729681241	0.030688047652650367	0.010564730490524412	0.13826487519968764
OGG1_boot.3	2.446e-321	0.6652496613552693	1.5059206458918022e-155	0.06648428494756796	0.060300512844236785	3.864557374807447e-135	0.20796554085292596
OGG1_boot.4	6.054474840111512e-179	0.7152010210013751	0.015995830857612095	0.12703976733042674	0.04950049432419923	0.015226584564344673	0.07703630192204201
OGG1_boot.5	0.025654465187893955	0.6421596853259457	8.4e-322	7.4e-322	0.04372563236128302	0.009773061903851804	0.27868715522102566
OGG1_boot.6	0.0202156937286341	0.6823172293260872	0.029665740211225863	3.2747138261967896e-113	0.05089703412257165	0.007522360096657599	0.2093819425148236
OGG1_boot.7	0.005402993114980098	0.6658697652681933	0.0036028466856594713	0.010237521699445523	0.0560957168923747	0.007517094647607813	0.25127406169173927
OGG1_boot.8	4.437e-321	0.7192940159906434	9.322645169345481e-98	0.0649923405591017	0.0689074506852863	1.6156866469981883e-237	0.1468061927649687
OGG1_boot.9	5.697e-321	0.615436733075514	0.018155453625389936	0.08156244587450077	0.04620434075966686	0.02935547333422897	0.20928555333069926
OGG1_boot.10	1.4029990260659487e-202	0.5732864154671872	3.5819260101441485e-104	0.042436500252898836	0.02086172642387015	5.36e-321	0.36341535785604373
OGG1_boot.11	7.067037661503734e-294	0.6510625689705994	0.023777027790566	0.12160236675028033	0.012987913403377257	8.130024142034853e-18	0.19057012308517698
OGG1_boot.12	6.557597110267613e-117	0.6919583344530619	0.004611849963003335	0.01561899907687803	0.04791027469583848	0.012699397651111348	0.22720114416010684
OGG1_boot.13	1.4593219232527726e-127	0.5882074480025256	0.03515291268764474	1.0363206116644165e-200	0.04260468308008307	0.0028827336727842265	0.3311522225569624
OGG1_boot.14	0.01664401645846553	0.5729210055854251	1.6622945727911083e-77	0.08086525220743346	0.057335020934823996	4.45e-321	0.27223470481385176
OGG1_boot.15	4.5e-321	0.6555761717212941	0.016213073146770948	0.12436797385407014	0.04622638865009612	0.009568080846066033	0.1480483117817027
OGG1_boot.16	0.0010165400388717947	0.6143780907682463	8.45e-322	4.15e-322	0.024392543186271945	0.03849030893650515	0.32172251707010474
OGG1_boot.17	1.69e-321	0.6645587425736056	0.00039926328032648654	0.08105400620905366	0.06282763540239907	0.03112968315916178	0.16003066937545343
OGG1_boot.18	2.263e-321	0.5601972711465586	1.166e-321	0.12236082394645396	0.0388499989486936	0.02066457203925458	0.25792733391903927
OGG1_boot.19	6.780563475801526e-248	0.6420092104890593	2.9749180286152734e-101	0.12106329404202189	0.03400663025886598	0.035376268867472305	0.16754459634258057
OGG1_boot.20	0.021197099660406647	0.6476049930596769	0.0028254187001835094	0.07302914961786333	0.043889875415698436	1.0328924483337957e-72	0.21145346354617112
OGG1_boot.21	1.4852664677323352e-280	0.7802893258010427	0.021951617510188894	9.401884037497286e-67	0.03036322449074562	0.008947795500802628	0.15844803669722032
OGG1_boot.22	0.02982752472319736	0.639967661654167	1.517556049012178e-11	0.10590723996862532	0.0757879774413801	5.848043058964463e-198	0.14850959619745469
OGG1_boot.23	6.0316150993942e-274	0.7257946028703776	0.0035867902353014882	0.039322419680880225	0.0611622600525142	0.011502187600272513	0.158631739560654
OGG1_boot.24	0.06464200368088042	0.6479733549651121	8.432712286381132e-257	0.03437756012328439	0.07170556558066757	0.023960836941742412	0.157340678708313
OGG1_boot.25	4.4e-321	0.6914418668770737	1.0347602164350591e-06	0.06764123828442481	0.0760861865412202	0.016709453647489422	0.14812021988957544
OGG1_boot.26	3.715e-321	0.7694651088698962	2.23e-321	0.10462195570875586	0.08108564516580419	4.496e-321	0.044827290255543925
OGG1_boot.27	2.34e-321	0.5639351021300394	6.135492431556592e-108	0.06563327487414261	0.02260262250246123	0.012995271770900377	0.3348337287224565
OGG1_boot.28	0.0643508894625395	0.8142963378909371	0.005503367457554889	0.03801590484242677	0.04719330850443534	6.25e-321	0.03064019184210617
OGG1_boot.29	3.88e-321	0.7058766229571594	0.03303635170465474	0.002592621263325034	0.045317434940566954	0.02268314978480126	0.1904938193494928
OGG1_boot.30	1.23e-321	0.6393010098858323	0.01804686001776673	7.07e-322	0.049917615483835526	5.99e-321	0.29273451461256544
OGG1_boot.31	3.74e-321	0.6414292045951666	0.016063890502990907	0.03468360586318552	0.01891836702280284	0.02322937789412501	0.2656755541217289
OGG1_boot.32	3.17e-321	0.6242453463208273	3.2723982824451213e-103	0.09579074448962571	0.03243229417047697	0.01809612522785595	0.2294354897912139
OGG1_boot.33	3.08e-321	0.667763821786729	0.01698333439709933	0.05747028349497628	0.03393283163557819	0.016828512720367655	0.20702121596524958
OGG1_boot.34	5.22e-321	0.7084223653211325	0.020131093375019286	0.07574069940630067	0.0346787599874283	0.013019886174194766	0.14800719573592439
OGG1_boot.35	7.919222199373362e-106	0.695690788132392	1.2744427354351265e-276	0.07385254983894364	0.030782103908264583	0.03484137987783412	0.16483317824256552
OGG1_boot.36	0.014239844255828707	0.6961059438410542	0.019563166592647754	0.03458817008096766	0.02195377217734901	0.0031578807628655633	0.21039122228928694
OGG1_boot.37	1.873e-321	0.5881444062203751	0.007071447276763952	0.07220826849039257	0.044750977872290175	4.314314750849688e-36	0.2878249001401783
OGG1_boot.38	2.727e-321	0.6291358043256865	0.027771520911347887	0.004610322266263273	0.01598547125985628	0.0058272509878866605	0.31666963024895933
OGG1_boot.39	5.5e-322	0.618564525424335	1.784e-321	0.13345409882681553	0.041308228520455015	0.015869194970935974	0.19080395225745855
OGG1_boot.40	2.58e-321	0.5742962634573715	0.016445419493018518	1.505639639784921e-43	0.05057463156012919	0.025392141936129837	0.333291543553351
OGG1_boot.41	2.5063530739605943e-175	0.6971569656638636	0.0026505604830680757	0.012878341689498777	0.06775339776765908	0.02265168501074651	0.19690904938516385
OGG1_boot.42	6.321400765230713e-05	0.5993278160588288	6.796136779230224e-122	0.07458765672686382	0.044996434024318376	3.206e-321	0.2810248791823367
OGG1_boot.43	1.823e-321	0.7209457910900745	0.0012870097603515272	0.0906151965864472	0.016884434244559945	0.03275040566424299	0.13751716265432354
OGG1_boot.44	3.715e-321	0.570178546494769	1.2270373552995085e-136	0.0759953201247813	0.030265098526616577	6.128428225994694e-185	0.3235610348538332
OGG1_boot.45	4.743e-321	0.6212724443251638	5.410219408190977e-105	0.029731660786439466	0.052180968589854784	0.004863064249199941	0.2919518620493419
OGG1_boot.46	6.700851500604346e-235	0.6679045826921091	0.06456204221174498	0.05523241065858248	0.020490254529992785	0.026551887468785583	0.16525882243878506
OGG1_boot.47	1.508450312896893e-136	0.687325007474933	0.04681857453829834	0.06232576613642024	2.163086689836637e-23	0.029411888806930946	0.17411876304341753
OGG1_boot.48	0.02940110546774325	0.6865131897071755	0.06380283828261737	0.016390296200700642	0.013698718270093882	0.014400957877395384	0.17579289419427416
OGG1_boot.49	0.029094653050832028	0.6898924273405775	0.033412381687251885	0.09593898743356519	1.266111684470636e-238	0.020925712394842613	0.1307358380929306
OGG1_boot.50	0.025343056092405118	0.7185699562358354	0.015317902599523085	2.7649990727986e-53	0.009071582782240373	0.020986723375545396	0.21071077891445048
OGG1_boot.51	0.034619542311230815	0.7767649043951774	0.02436323294501402	0.03613397953767073	2.13e-321	0.00686319619953357	0.12125514461137354
OGG1_boot.52	0.009023413065234366	0.7759552265426076	0.01802349672663364	2.194277931992213e-90	0.011979385045784824	0.024798443676814542	0.160220034942925
OGG1_boot.53	0.014240265623846279	0.6892512405873532	0.048132542053579315	0.09350313081356006	0.0037267092992488053	0.010622438567461485	0.14052367305495092
OGG1_boot.54	2.6e-321	0.6093902021932309	0.0076730279377449735	0.08731595453364303	0.008529702116900007	0.017711182262257912	0.2693799309562233
OGG1_boot.55	0.03760686517095808	0.6985080518818599	0.07470827248348108	0.013077153508017027	0.007017290487768778	0.016378708748508487	0.15270365771940655
OGG1_boot.56	0.019713331193168628	0.6979323122694512	0.058363151686882025	0.021655358464884013	0.009195995412803207	0.021981022950259926	0.171158828022551
OGG1_boot.57	9.396794093917468e-117	0.6896783847939996	0.025847168663631525	0.05134394917023906	0.004612223494574221	0.025609261540165146	0.20290901233739048
OGG1_boot.58	0.012170923499681423	0.7443704243126609	0.018062122226477528	0.0532810212090491	2.233e-321	0.009558234130945701	0.16255727462118555
OGG1_boot.59	1.6878862888520954e-05	0.692653606620916	0.011999924070266364	0.11795241747446018	1.976e-321	0.02646991478298307	0.1509072581884859
OGG1_boot.60	0.010638969709202402	0.7055116843683935	0.01679342508839083	0.11722086143160512	0.003417461517667786	0.03872177360198379	0.10769582428275644
OGG1_boot.61	0.04199303482411018	0.6605922275765361	4.258174735537133e-12	0.07371045045088254	0.009454153189741743	0.005055033376696641	0.20919510057777457
OGG1_boot.62	0.013185061888738253	0.7057927846398946	0.05460932083252892	0.07435997733340104	2.964e-321	0.0312643927695493	0.12078846253588806
OGG1_boot.63	0.0037666907392499265	0.6456278443971112	0.02260988616290344	0.005058741612286251	0.010315356100506705	0.050758726460028394	0.2618627545279139
OGG1_boot.64	0.032608796269173415	0.7028212849088037	0.00866433832354439	0.03364545864279087	0.0010698961583158846	0.02832278231024358	0.1928674433871281
OGG1_boot.65	0.0301965252268254	0.7253714704594794	0.0619316083922532	0.0722803819460746	0.005655152877770496	0.016373139705812507	0.08819172139178427
OGG1_boot.66	5.054895560282232e-88	0.8054058659509062	0.0442011144041409	0.03029586968476554	4.377e-321	0.034244020397439005	0.08585312956274842
OGG1_boot.67	0.04398964496655189	0.7492498562575968	0.04235032306065932	8.75896107335964e-06	5.77199135114944e-125	0.01814361480730382	0.14625780194681468
OGG1_boot.68	0.07343674441752941	0.7656120237041854	0.049026028887506526	0.004415784904109287	0.014233682201770877	0.018345746610011524	0.0749299892748869
OGG1_boot.69	0.008203139035893137	0.621980527698824	0.03739593430204044	0.02180012818716724	1.0205415573382084e-121	0.014573035251130554	0.29604723552494483
OGG1_boot.70	0.017276427277683058	0.5928125682825467	0.03970924873049146	0.0023737579401502383	0.01032822983246894	0.013427149155064546	0.324072618781595
OGG1_boot.71	0.00033770428653340446	0.6539254793445064	0.04928951108382352	0.04299322102143669	4.55e-321	0.014917918539979163	0.23853616572372066
OGG1_boot.72	0.033376073980297315	0.6543424115723131	0.020899139112690954	0.05099680603698014	2.13e-321	0.02698359942959019	0.21340196986812848
OGG1_boot.73	0.025718419937412723	0.6750421835707853	0.02054179901322157	0.01747373008252662	0.010350286133819062	0.029492291775720603	0.22138128948651398
OGG1_boot.74	0.04033005649992779	0.7990667942039883	0.029439183012668423	0.05639395691572766	0.019455364986815608	0.008116311157382981	0.04719833322348895
OGG1_boot.75	2.0685924484588964e-199	0.5829233741015469	0.0391349526173645	0.023023787873032296	2.3445799095901413e-104	0.03477244714094324	0.3201454382671129
OGG1_boot.76	3.3365169890589158e-285	0.6229216965792216	0.03933473221347742	0.01606483444361716	2.974e-321	0.012548893605440843	0.30912984315824293
OGG1_boot.77	0.017743193999146062	0.6016734599149389	0.009237964314855603	0.08221594642065513	5.133e-321	0.027679101654562954	0.2614503336958413
OGG1_boot.78	5.004645218350574e-07	0.653345333537174	0.011517734854112227	0.04977758563389492	6.158525958359837e-60	0.013239875080502336	0.27211897042979466
OGG1_boot.79	0.04885634074994221	0.8492691384562233	0.03768939341159357	0.036588162629409865	0.0001631888687398643	0.027281323930197252	0.00015245195389378924
OGG1_boot.80	7.205943711175777e-183	0.7116785938303305	0.04413801377854734	0.04102353031940155	5.646795103860153e-82	0.04776797433859906	0.1553918877331217
OGG1_boot.81	3.1113363261657083e-97	0.7213455310634559	0.04287523017039764	0.055570132371553595	3.49e-321	0.007644006705833675	0.17256509968875924
OGG1_boot.82	0.016837826820399807	0.6928296868873327	0.02274906103418952	0.0788837731249135	2.0094590158031036e-113	0.00916274295354039	0.17953690917962417
OGG1_boot.83	0.01502312753190371	0.6996778162116404	0.030336528914886342	0.03794000318123461	4.78e-321	0.030623889205412813	0.18639863495492223
OGG1_boot.84	5.07e-321	0.6051221090347965	1.7358133677468935e-37	0.06737246719483884	0.005459113280089052	0.03692642230074176	0.2851198881895338
OGG1_boot.85	1.2385134249147908e-225	0.6118859626941965	0.021143342617982088	0.04567172791725995	0.02363883949880206	2.485211451478671e-69	0.29766012727175944
OGG1_boot.86	9.778467089653432e-300	0.6632056799107129	0.029864607943645514	0.07558862810282414	1.566128347427726e-45	0.043739216032761735	0.18760186801005577
OGG1_boot.87	0.03337862548416077	0.6377429188432372	0.015072039162852198	0.04819615265317315	0.011075959558958872	0.015463731185803114	0.2390705731118147
OGG1_boot.88	0.040101107909358905	0.6618359674512442	0.030851492654945918	0.052055220686860144	0.0010126700102181287	0.008907382118821925	0.20523615916855087
OGG1_boot.89	0.0353526668887751	0.8111457316188437	0.010087387131664164	0.08562230695806705	3.0955870061020205e-127	0.019400230872868598	0.03839167652978126
OGG1_boot.90	1.754e-321	0.5206451473259877	1.1818433690904981e-123	0.20208458564637494	0.0021599499665949195	5.49e-321	0.27511031706104244
OGG1_boot.91	0.0046157874419419384	0.6295482546148853	1.553645541034927e-59	0.06150030144788962	0.022513982123542643	5.183e-321	0.2818216743717406
OGG1_boot.92	0.005446424062493743	0.6268802974373422	1.1582510571288374e-166	0.10580208116275479	0.018573149852373346	6.645e-321	0.24329804748503578
OGG1_boot.93	6.4543736116939764e-68	0.6276293320778761	0.0013541903745634693	0.15644630657922537	0.028936182148185063	3.765e-321	0.18563398882014998
OGG1_boot.94	2.87e-321	0.49052334036121115	1.754e-321	0.2404857857144784	4.0226102473673947e-113	0.006199300382024564	0.2627915735422858
OGG1_boot.95	0.010756317333469078	0.5808227719961475	3.880479870403084e-44	0.1585711816648492	0.006705734702818821	6.28e-321	0.2431439943027154
OGG1_boot.96	1.087e-321	0.5834492668850726	1.823e-321	0.2775690075855281	0.009916422158140538	5.75e-321	0.12906530337125868
OGG1_boot.97	0.011239087996781893	0.6011971442464318	4.2252395228909477e-280	0.09052613865484442	0.04320894952674697	3.157e-321	0.25382867957519517
OGG1_boot.98	2.37e-321	0.4754847256415474	2.357e-321	0.14162098790604796	0.014817546270425726	2.5852945084683e-310	0.36807674018197895
OGG1_boot.99	3.587e-321	0.5425393291812155	2.1712350732061703e-147	0.25382484377725106	2.124e-321	4.21e-321	0.20363582704153327
OGG1_boot.100	0.000957186717912525	0.6436402657964513	7.75114648618526e-99	0.10513023625945533	0.030509767914844357	2.1297060066345778e-146	0.2197625433113365
OGG1_boot.101	0.03963700645577136	0.582794105339441	4.9456578050581285e-263	0.0430549557571792	0.04130050800126503	2.24e-321	0.2932134244463433
OGG1_boot.102	0.00028638771111032745	0.5990435737535172	0.017880081862951393	0.11611737023703898	0.023442352592949255	6.1795349561733405e-260	0.2432302338424327
OGG1_boot.103	0.01904504427774086	0.6549097445770613	4.7029064236552804e-35	0.12126412395320857	0.05354490175748463	3.16e-321	0.1512361854345048
OGG1_boot.104	4e-321	0.6627194294504162	0.02359655313455905	0.06487423350715686	1.539e-320	1.71e-321	0.24880978390786784
OGG1_boot.105	0.003504802707052528	0.5143394259705228	0.00308335770113732	0.20659890848979456	0.024214075458774617	3.735e-321	0.24825942967271808
OGG1_boot.106	4.4364705766226e-311	0.49390618055570923	1.3223426588391057e-190	0.1967696060342033	0.032659287254967174	4.13e-321	0.2766649261551204
OGG1_boot.107	2.51e-321	0.5753765342588996	0.013740065550684086	0.15995646171623476	0.0009079798721992335	3.785e-321	0.2500189586019822
OGG1_boot.108	0.011808554166587182	0.6120524282014972	1.3175274537412557e-306	0.14520917387000265	0.006435048718131108	3.187e-321	0.2244947950437819
OGG1_boot.109	3.21e-321	0.5569533860494699	1.2771702459776142e-85	0.12866137789330367	0.019836472352367983	3.043e-321	0.29454876370485866
OGG1_boot.110	0.0029117467286359834	0.4895446284319038	2.036e-321	0.16136779054987818	0.010985563887560943	2.361458403574657e-246	0.33519027040202104
OGG1_boot.111	1.1066868706248606e-200	0.5327023268311686	6.566725289130032e-159	0.14371925269766275	0.0688783637400385	0.010325299663292216	0.24437475706783784
OGG1_boot.112	0.01068659039856225	0.6312060291891463	0.052466523534979666	0.11639079894277674	0.011957684752068582	4.116e-321	0.1772923731824665
OGG1_boot.113	0.002310139953162152	0.5667031002724772	3.924943398642812e-255	0.1374082678583589	0.02310905237791168	7.297e-321	0.27046943953809005
OGG1_boot.114	5.6e-321	0.6605111162721539	1.744e-321	0.12369491210488066	0.03536419570721285	3.775e-321	0.18042977591575257
OGG1_boot.115	8.578389976362645e-99	0.6480688677636396	7.741094351198301e-66	0.16173354022862424	4.5773124324879104e-226	0.0035577420073454815	0.1866398500003908
OGG1_boot.116	0.0287342287661252	0.7004678946069662	2.194e-321	0.2561390059721023	0.012087004002554618	9.025894822640903e-293	0.0025718666522516202
OGG1_boot.117	2.47e-321	0.614942992420086	0.003905459339303669	0.11637087589500546	0.037978502029712556	6.625e-321	0.22680217031589234
OGG1_boot.118	1.0429637570743996e-193	0.602391434598819	0.0046129369552308066	0.1251337890903541	0.008890531549673475	1.315692481334048e-100	0.25897130780592253
OGG1_boot.119	5.884e-321	0.6371720661451983	0.01037010331475723	0.10382477516784379	0.03805103036827755	5.51e-321	0.2105820250039233
OGG1_boot.120	2.8293494261750407e-75	0.5955462802939143	0.021846222803111673	0.09911550190322965	0.02781467851788772	4.91e-321	0.2556773164818567
OGG1_boot.121	1.126e-321	0.5175456096512066	1.76e-321	0.1550558540515209	0.04007816864320886	5.309927190697597e-277	0.2873203676540636
OGG1_boot.122	2.8713266525463984e-36	0.5818201912052001	1.9695965207533275e-214	0.12902136328961217	0.0012465495847961336	3.374e-321	0.28791189592039174
OGG1_boot.123	0.003008285920696795	0.568279726984671	0.019617657732184067	0.0008295437945793304	0.037624985950416016	3.315e-321	0.3706397996174527
OGG1_boot.124	1.09e-321	0.3820043227861575	1.27e-321	0.1790050705695627	0.018424725638839592	4.21e-321	0.42056588100544035
OGG1_boot.125	0.013319916590239454	0.705928188462115	4.355165476819652e-308	0.1537460524843315	0.05520017867389518	1.3557363587871414e-121	0.07180566378941892
OGG1_boot.126	5e-321	0.5354822639150397	2.24e-321	0.14574511317799574	0.013829962750529046	5.77320881993943e-17	0.3049426601564354
OGG1_boot.127	0.007150681762965881	0.6423250128919312	0.0013713700404235005	0.11207711427400888	0.04461289973719221	5.421981972051918e-29	0.1924629212934784
OGG1_boot.128	0.0026003055362138483	0.5751608252547011	1.67e-321	0.19843364324821253	0.011784765625337496	4.044568208467817e-126	0.21202046033553512
OGG1_boot.129	1.15e-321	0.5255392276383112	1.5322862420861037e-280	0.22353158868710118	0.038519438367714744	3.91e-321	0.21240974530687282
OGG1_boot.130	4.52e-321	0.586429828995895	1.546e-321	0.13051118014764504	0.03785799498897579	4.555e-321	0.2452009958674842
OGG1_boot.131	1.5700937267369772e-153	0.4770819086989353	8.395597862217851e-160	0.2358576282478178	2.4240828825788505e-306	3.63e-321	0.2870604630532469
OGG1_boot.132	2.416e-321	0.6068796020721194	0.00920314976090476	0.24342622972439087	2.604e-321	3.636e-321	0.140491018442585
OGG1_boot.133	4.119315621200017e-23	0.5553273953069433	6.716608195462472e-134	0.1751292733517067	3.236e-321	3.928185642724486e-05	0.26950404948492274
OGG1_boot.134	0.02891194106614998	0.5753262422354514	2.905384567576937e-151	0.14207032983956094	0.006246378865038075	2.86e-321	0.24744510799379954
OGG1_boot.135	4.7150422987237967e-163	0.5882376670906628	0.030667864321102065	0.09319797855677497	0.0005867943935903774	6.843e-321	0.2873096956378697
OGG1_boot.136	3.83e-321	0.6064944802707939	1.2374699271425418e-28	0.12101680797485885	0.02133351878886146	6.156e-321	0.2511551929654859
OGG1_boot.137	1.843e-321	0.47295184902741694	1.28e-321	0.07751141388440283	1.36e-321	2.174e-321	0.44953673708818026
OGG1_boot.138	4.644e-321	0.6036330286670841	1.1412153680098043e-210	0.10739702646425282	0.01766439549495085	5.637e-321	0.2713055493737123
OGG1_real	6.47e-321	0.669087911158948	3.3677361693474375e-30	0.04991824883485303	0.045903565696672304	0.013362547986907032	0.22172772632261964
OGG1_real.1	0.012270145796755182	0.6791502136776764	0.034239837207583335	0.04473735445508376	0.003274252245595349	0.02207800677941242	0.20425018983789356
OGG1_real.2	6.377333691674714e-208	0.5847310508927384	4.1918113201834424e-108	0.14215090838284952	0.02583713770580316	7.76e-321	0.2472809030186089
UNG_boot	0.06510312588577427	0.0339044171253803	0.5825611177061001	0.13054913582184674	0.023393996321857	0.05685451223642546	0.10763369490261615
UNG_boot.1	0.06689608435080573	0.16099528828034226	0.5804585607475284	0.056746201884327795	0.045164641502943165	0.08973922323405259	2.660427909069722e-222
UNG_boot.2	1.887e-321	0.07468066908150381	0.5641094801563877	0.1384759118618134	0.013393411756209471	0.08089899363055719	0.12844153351352844
UNG_boot.3	0.0314929934531407	0.04258416438268844	0.5802098562903153	0.09038011116627091	4.25e-322	0.10058601333714268	0.15474686137044186
UNG_boot.4	0.023579804174677945	1.99208589725577e-164	0.5290245846755177	0.17767745074985644	0.03342130777495612	0.0763877784173038	0.159909074207688
UNG_boot.5	0.05228717772710975	0.12788995835492162	0.5015477785783483	0.167869543432263	0.02969257234822973	0.07083814203640884	0.04987482752271869
UNG_boot.6	0.07089550894647074	0.016317469618331738	0.5371640145917221	0.18565793507544065	3.9e-322	0.041979065514861955	0.14798600625317265
UNG_boot.7	3.5816741197421453e-68	0.01780442645459392	0.667470505772827	0.1229844209266389	3.627481831832512e-189	0.09036360179756935	0.10137704504837079
UNG_boot.8	0.0056287013240465455	0.08647813370139716	0.6095406003243498	0.0008434244136592714	0.04133593230203513	0.12142240959104106	0.13475079834347106
UNG_boot.9	2.78e-321	0.1352299190186882	0.5210160945723088	0.1533975490706599	0.02351411318293655	0.08820529446889469	0.07863702968651175
UNG_boot.10	1.4465806152099865e-231	0.052680964144321114	0.6641065588650175	0.00897777181401768	0.0002096872910428392	0.05994041995524719	0.21408459793035362
UNG_boot.11	2.025726017227626e-103	0.1597622202555908	0.5716460925627603	0.10944190659813774	0.0305428723556843	0.08387489174824181	0.04473201647958502
UNG_boot.12	4.82e-321	0.102919480194077	0.6044072656554322	0.13271082604463197	0.0008435181349470358	0.10305812006625517	0.05606078990465669
UNG_boot.13	0.037344814878570054	0.02684452372790186	0.532690771729301	0.1280386418258687	0.02731816678644363	0.12069951362272786	0.1270635674291869
UNG_boot.14	2.57e-321	0.06385724092852033	0.6823716403397727	0.157578537781408	9.63e-322	0.06549089495933036	0.030701685990968473
UNG_boot.15	0.03502990231251872	0.11251474736016098	0.6766013016628174	0.07424192502493043	0.02226703471044634	0.07934508892912616	1.0653803874854252e-289
UNG_boot.16	4.664e-321	0.06286389439252259	0.5947626473525769	0.1536683352539256	0.004263168743107119	0.08029159788755659	0.1041503563703113
UNG_boot.17	4.1204069469735665e-295	0.0651596145704671	0.5458298145992319	0.1307614438978347	1.996e-321	0.1483616072622718	0.10988751967019443
UNG_boot.18	1.4623634265515782e-225	0.14434700548186058	0.6519362721675978	0.012355171733333312	1.156e-321	0.13108583273324328	0.060275717883965095
UNG_boot.19	2.564e-321	0.08662508033172535	0.5553375298063913	0.14225372095130306	0.06626415595712362	0.09509203389877752	0.05442747905467927
UNG_boot.20	0.05051427494758491	0.08591161971432759	0.5748182749907726	0.07692694043201104	6.13e-322	0.06929467207370443	0.14253421784159936
UNG_boot.21	0.05274664625209345	0.1364759049626337	0.5458514261726963	0.20358603252987142	1.2960233164895318e-222	0.061339990082705	1.8609264826733105e-85
UNG_boot.22	0.05350765487057246	0.08024374029831748	0.6771329459610135	0.040576724051500535	5.43e-322	0.09631011352832859	0.05222882129026735
UNG_boot.23	3.355e-321	0.03950128055812895	0.5902965987835596	0.1297679350155601	2.2040725995414914e-236	0.08003581260645941	0.16039837303629179
UNG_boot.24	0.01586141063282329	0.06914336053291315	0.730718579011864	0.06724156380477576	3.8e-322	0.05720501897164095	0.05983006704598282
UNG_boot.25	8.578533269871177e-29	0.17332694485633182	0.6140574059706909	0.09122414484983835	4.099660422938902e-234	0.05397650356762392	0.06741500075551506
UNG_boot.26	0.06696947408437018	0.05849915042776261	0.5112545271438242	0.17443093929770986	4.700137815712484e-115	0.045937204131767974	0.14290870491456512
UNG_boot.27	0.0713732913365093	0.0013898127445413331	0.5767512165702416	0.08979258939216639	8.55e-322	0.11946236494566481	0.14123072501087652
UNG_boot.28	0.029545412682492025	0.08300137152341144	0.5635546281982633	0.08567769462124097	1.793e-321	0.06195237747535377	0.17626851549923858
UNG_boot.29	0.06067473469450419	0.10853532141599123	0.6527143823976546	0.07344961622447864	9.97306791589004e-74	0.07935494213225625	0.025271003135115027
UNG_boot.30	9.540256399298823e-233	0.08767048795266973	0.6396751416846553	0.05188655536100275	3.699049574064842e-160	0.1043808007976895	0.11638701420398255
UNG_boot.31	9.368979308747882e-13	0.06027659342963822	0.6390259061038224	0.12648889288197232	1.186e-321	0.10240992928997664	0.07179867829365373
UNG_boot.32	3.1510664777688374e-290	0.05217111186006853	0.5178519819127646	0.2227371118001695	2.3420906912378663e-297	0.07762142352754997	0.1296183708994473
UNG_boot.33	0.0037419003717410744	0.010211875342346301	0.5332044444791824	0.1822367019108288	3.0923105416619126e-139	0.13577709669984958	0.13482798119605174
UNG_boot.34	0.005357372695752008	0.16621038529440788	0.645655411090311	0.06823167771025644	2.11e-321	0.07278308750948845	0.0417620656997843
UNG_boot.35	6.743993226477281e-222	0.10697871623582575	0.6188717513217759	0.15353433069919642	0.017674528541946965	0.07514584667967898	0.02779482652157599
UNG_boot.36	0.0031952164396628446	0.03254263803625215	0.6362273411788703	0.08003510010842359	3.95e-322	0.07258838321874489	0.1754113210180463
UNG_boot.37	0.011956766532953876	0.15029576198380099	0.4934472111220052	0.1070516527526572	0.07021085178935224	0.08186682714397756	0.08517092867525278
UNG_boot.38	2.1744616198690195e-116	0.003380080656703361	0.6324800073986047	0.1725515290575887	7.5e-322	0.037609902051072265	0.15397848083603102
UNG_boot.39	2.836e-321	0.014474324672140914	0.6197188945267598	0.11212123298397779	7.3e-322	0.07875441533588674	0.17493113248123487
UNG_boot.40	0.08263678868040573	0.15041925767117414	0.619319348411284	5.171425990686403e-71	1.4923743524992351e-121	0.06885451111995035	0.07877009411718594
UNG_boot.41	1.443e-321	0.1277439635429274	0.6132801557294048	0.13947926906089497	0.03764502902943744	0.08185158263733525	6.609314002114001e-91
UNG_boot.42	0.07096043802880611	0.030273783749237712	0.5993982305829952	0.13573833240739094	6.37e-322	0.05350517660247383	0.1101240386290961
UNG_boot.43	0.03313677854965601	0.13738323063765565	0.6181215314656305	0.027385983126375742	1.537e-321	0.09783347768530816	0.08613899853537385
UNG_boot.44	7.63018266076809e-72	3.0015694883035563e-88	0.5706656857046732	0.11039348939749592	9.245050749632444e-190	0.08543690632892119	0.23350391856890948
UNG_boot.45	5.3675421941257975e-152	0.05425041624244041	0.6639136922537601	0.050416550081186035	0.009536300912741128	0.10768139801943223	0.1142016424904401
UNG_boot.46	5.12e-321	0.08451382635294316	0.7072324121621468	0.020719878077751944	1.72e-321	0.07056966287430957	0.11696422053284863
UNG_boot.47	4.407e-321	0.08963941784012892	0.613676202237439	0.14158460087367536	7.66e-322	0.07263811448778289	0.08246166456097377
UNG_boot.48	0.04222153436476713	0.07472235598039134	0.6318290974914521	0.04901179224733041	1.82e-321	0.09515876304327524	0.10705645687278373
UNG_boot.49	9.797304901323606e-287	0.06043795871166516	0.4983645152582067	0.21187029895436313	4.8999514822706794e-05	0.0881863041044057	0.1410919234565366
UNG_boot.50	0.06345234753042665	0.004135312301340771	0.6426727573370681	0.036712313633542236	0.013489676327047827	0.0939633584366867	0.14557423443388764
UNG_boot.51	0.07343358704593991	0.1457340207413201	0.5299263826598037	0.10394879479138402	0.14695721476155202	2.62e-321	1.3047999124562398e-95
UNG_boot.52	0.03825776662804495	0.09318148368928443	0.6126078104567362	0.1735572806903845	0.07204449698415802	4.274e-321	0.01035116155139202
UNG_boot.53	0.018133842016785178	0.01591424012701939	0.5560471328159369	0.09879671241439326	0.12394723573436812	2.7503931263522143e-132	0.18716083689149735
UNG_boot.54	0.06623991493578424	0.02403551919629469	0.6145042542369169	0.09078823381533299	0.09196040499165185	2.1e-321	0.11247167282401944
UNG_boot.55	0.03266477043242996	0.15040616349891894	0.5153601550524638	0.1693808810905637	0.1194413442494181	0.00678395589713858	0.005962729779067079
UNG_boot.56	0.05829983170278308	0.06866823488051932	0.6147516675991112	0.08947906218635918	0.11170608581667116	1.5354082535965172e-129	0.057095117814556236
UNG_boot.57	0.009944330464573426	0.10961709264332847	0.5695912480848275	0.06327067461599907	0.17734190718731077	4.2e-321	0.07023474700396065
UNG_boot.58	7.453960577033637e-226	0.1721546485729117	0.5285267703327363	0.11827931886299692	0.181039262231355	3.325e-321	5.443346500082617e-270
UNG_boot.59	0.07119434121210497	0.11421578243586478	0.5721764678420072	0.08967230674063248	0.0877089127972992	2.619319499620411e-211	0.06503218897209126
UNG_boot.60	0.07404074785111851	0.0765256950355746	0.4558997698872165	0.14896875258484224	0.13652639337093503	1.477e-321	0.10803864127031308
UNG_boot.61	0.017319091410062836	0.14905025620966358	0.5339530988058574	0.12514812415578622	0.16742708043656143	0.007102348982068434	3.600723224656525e-153
UNG_boot.62	1.9552143972639484e-93	0.038859062020514555	0.592008104964107	0.12531497547572884	0.16330694840496732	6.090546445798075e-172	0.08051090913468237
UNG_boot.63	0.025859713416760004	0.11952062612223176	0.6137031383533958	0.08120277608533531	0.14897679064818425	2.7e-321	0.010736955374092853
UNG_boot.64	0.04661982095994941	0.08480915567025157	0.5884092099031424	0.1479902433872738	0.07176424485946302	8.458496299669558e-103	0.06040732521991971
UNG_boot.65	3.683381562235994e-204	0.04580052231867943	0.6256876319705285	0.020341198034224246	0.13423615682008508	0.007270169885900386	0.16666432097058242
UNG_boot.66	0.03236725151185335	0.10278330041396476	0.5803563626108804	0.05249203763716411	0.13355957505916302	1.55e-321	0.09844147276697436
UNG_boot.67	0.03872142481700857	0.16295848164843393	0.538229221847695	0.12226350169395282	0.12420671310040224	3.3766761682911058e-133	0.013620656892507606
UNG_boot.68	0.07571277106513938	0.13968769337491782	0.5401778412366763	0.06112681813927646	0.17303473292714686	1.023e-321	0.010260143256843277
UNG_boot.69	0.08330554757290543	0.13654516707805694	0.5501856472654347	0.11237491919469977	0.11758871888890308	2.653e-321	7.581903964025045e-137
UNG_boot.70	0.05798683863607102	0.06110449788717108	0.5745144035670866	0.1868901316654621	0.029084164339873163	0.008985381672961777	0.08143458223137424
UNG_boot.71	0.054819823256786915	0.06939163575860634	0.5887869435483648	0.06171723166803805	0.08695202246607237	5.15e-321	0.13833234330213157
UNG_boot.72	0.11743643171181604	0.0801485602163335	0.5566666491423606	0.1260768559413236	0.06497825727042049	0.023734404286083522	0.030958841431662203
UNG_boot.73	0.014622528642529869	0.1256003922359911	0.5196272417047746	0.07632699770214313	0.20745156116523003	7.79364690693931e-229	0.056371278549331376
UNG_boot.74	0.04102111735360281	0.14950479780847953	0.5335489235530597	0.08591705303025766	0.17944039231109232	0.01056771594350786	1.8886832278444038e-177
UNG_boot.75	0.09439859806733975	0.1424328563758514	0.5385479926557744	0.08886045509346036	0.13576009780757428	1.45e-321	2.779291870879564e-231
UNG_boot.76	0.034750496045919343	0.03520554504365746	0.5650781657221355	0.07145236818697984	0.1533056957619979	1.546e-321	0.1402077292393098
UNG_boot.77	0.038454401104728614	0.12870325489878778	0.5553394431183893	0.08039322845081558	0.1216466348802241	0.013821956477357771	0.06164108106969675
UNG_boot.78	0.09696126544870315	0.10572311299234853	0.49422725685380886	0.1566881735351591	0.10245883451030548	7.469690090421954e-297	0.043941356659674746
UNG_boot.79	0.006325925919719351	0.08079523147654052	0.5232997191634545	0.13245019182091183	0.12376648345230942	1.782468884987176e-232	0.13336244816706416
UNG_boot.80	0.011514369353016484	0.0877472293339923	0.4730617174476728	0.19963533713778722	0.19891292410661765	9.93e-322	0.029128422620913585
UNG_boot.81	0.04887688561285973	0.06921667130257719	0.5104796573081203	0.07143933310693519	0.17225788924921775	0.02712686269041094	0.10060270072987895
UNG_boot.82	0.062025049659933544	0.07775224980455467	0.5915259073331061	0.03178116087473237	0.14008549635890616	2.213e-321	0.09683013596876733
UNG_boot.83	0.08678457173989713	0.13121617056272733	0.5369699225127937	0.14395977284453837	0.10106955612989887	7.129225163839907e-276	6.2101447383497315e-09
UNG_boot.84	0.02623728036710739	0.0014918480889701863	0.5230145935173232	0.13697806932733242	0.15786577488412176	1.48e-321	0.15441243381514522
UNG_boot.85	0.06184861799714702	0.037295449002957066	0.5561530476097676	0.055089084391825326	0.09952178898578723	0.01238039904257495	0.17771161296994087
UNG_boot.86	0.05884593013752467	0.16185015939082423	0.5964131118631537	0.07932348774109428	0.10356731086740303	3.093e-321	6.928482808846069e-70
UNG_boot.87	0.023549138838964624	0.1558162862069901	0.51347761125964	0.14265413619220393	0.13774274136653653	4.224e-321	0.02676008613566481
UNG_boot.88	3.3141756343628507e-71	0.025259273563330825	0.5486926609910532	0.09129837635197109	0.1739596814490394	2.36e-321	0.16079000764460566
UNG_boot.89	0.0817024689354719	0.0632568071391475	0.5919218268447082	0.05894782858524946	0.1275045942964181	3.52e-321	0.07666647419900484
UNG_boot.90	0.053564629178415125	0.014164087687736464	0.5238130470997708	0.15943106061698797	0.13001002984001925	1.93e-321	0.11901714557707048
UNG_boot.91	0.041546621519718295	0.1366746466484868	0.5685683595260193	0.08944678161781872	0.15062760127102542	3.063e-321	0.013135989416931473
UNG_boot.92	0.06553966371289378	0.0744571118760148	0.5482694438291661	0.10871394304714609	0.15048448570683567	1.467e-321	0.052535351827943694
UNG_boot.93	0.05620329446167225	0.117354132401068	0.5349304640745768	0.12642346723649953	0.10154941280517661	2.446e-321	0.06353922902100691
UNG_boot.94	0.07099553345052609	0.08219358444565314	0.5165281767094277	0.12064206770474604	0.11986650621018034	3.24e-321	0.08977413147946676
UNG_boot.95	0.03488046283552126	0.08102364641673346	0.5135262665422905	0.13041021678449383	0.15696484344260903	2.08e-321	0.08319456397835194
UNG_boot.96	0.10053932932682556	0.11486723949670831	0.5684497763018963	0.046048055053370354	0.11947321648502911	2.673e-321	0.05062238333617038
UNG_boot.97	0.02535759777715713	0.033014118435410814	0.5586024329386399	0.12096161446690547	0.17969427207470465	4.32e-321	0.08236996430718223
UNG_boot.98	0.06213234788771159	0.05298320045784343	0.6322986803328037	0.08043888571246562	0.04465898189837956	0.004232489682267148	0.12325541402852898
UNG_boot.99	0.04017949292079882	0.11746907769581316	0.5304567207272002	0.16031105161754466	0.08779854081612222	2.253e-321	0.06378511622252105
UNG_boot.100	0.11356371512201703	0.09647505113594944	0.5637377835077979	0.06559115926926701	0.16063229096496867	1.684760152443297e-237	1.1864810377819803e-226
UNG_boot.101	0.027238688590250103	0.08032326604786492	0.603082014379321	0.11576889497940338	0.09564214768001693	0.016249708339176255	0.061695279983967434
UNG_boot.102	0.014912996340643928	0.08428740904836922	0.5312897080797623	0.16679429647562635	0.14043922560695596	0.015868318282408592	0.046408046166233806
UNG_boot.103	2.57e-321	0.0755473553384373	0.502283080611621	0.18229470729496083	0.11251954634797409	3.42e-321	0.12735531040700687
UNG_boot.104	2.022758641385431e-273	0.051162358159813855	0.5007718735036121	0.13959123994522438	0.1985443345104058	9.44e-322	0.10993019388094405
UNG_boot.105	0.022383961024091938	2.0668514459906075e-52	0.5133532504165705	0.1344200768982286	0.20036766336031284	2.436e-321	0.1294750483007961
UNG_boot.106	0.09260679510259523	0.1330071288279854	0.48742438965268486	0.08193553059596857	0.07831937325213915	3.414e-321	0.1267067825686268
UNG_boot.107	0.07329058608684277	0.10861648196761894	0.6434882936766222	0.014862813174442867	0.09509624274756005	1.48e-321	0.06464558234691321
UNG_boot.108	0.13833959657337108	0.11524273182411984	0.5150644019400524	0.12537362871801744	0.04946752111155165	3.913e-321	0.05651211983288755
UNG_boot.109	0.08316960218086604	0.06856817945998676	0.46236792439800567	0.08239734805410753	0.08828642936196734	0.026929047686210388	0.18828146885885605
UNG_boot.110	0.03992027236088817	0.10520931022926916	0.6713645911607762	0.10156166442047442	0.06387222997380507	2.74e-321	0.018071931854786883
UNG_boot.111	0.06159563233506262	0.12073189407291925	0.5608226513690968	0.14721986406475313	0.045988439921762575	2.737e-321	0.06364151823640572
UNG_boot.112	0.04063294528032214	0.12083092062636513	0.5435144101034526	0.11006680052055436	0.14100257333885174	1.43e-321	0.04395235013045387
UNG_boot.113	0.08490040276233951	0.13534267367949215	0.5477964207936561	0.06787221021139268	0.14033796623884048	1.56e-321	0.023750326314279056
UNG_boot.114	0.0633331410641341	0.0944407632393839	0.5726720540895791	1.077e-321	0.09476883101725714	1.507e-321	0.17478521058964558
UNG_boot.115	0.02615103624846152	0.1387006793183465	0.49215905132695204	0.13437400004193675	0.10910400539512954	4.2628070452807985e-249	0.09951122766917374
UNG_boot.116	0.06336116164743753	0.11053200389049166	0.5882227529117345	0.04131393705150724	0.06517436068979027	3.22e-321	0.1313957838090388
UNG_boot.117	0.056462929679717146	0.11303800703711173	0.5986385559903515	0.032976223014107575	0.0954101612919293	2.3848947948925538e-132	0.10347412298678255
UNG_boot.118	0.019148518492073607	0.08077269853682154	0.5195398209771386	0.14762449864447633	0.11103605665529676	3.119856442354374e-265	0.12187840669419321
UNG_boot.119	0.025833164790170626	0.08284684730965143	0.4334774032627602	0.11442413294983945	0.1772644518681932	2.34e-321	0.16615399981938508
UNG_boot.120	0.07978841902336219	0.1989364709664585	0.5779453797830134	0.014518577894018085	0.09049788696060078	1.2689472218508238e-188	0.03831326537254714
UNG_boot.121	0.005884501405859467	0.20048946755891148	0.6282006867977186	0.04573954803668623	0.11484175907721705	5.34e-322	0.0048440371236071825
UNG_boot.122	0.018383168947265622	0.06690899862469778	0.51530233143088	0.13137220480120612	0.1515878134620992	2.88e-321	0.1164454827338513
UNG_boot.123	0.013323097392246769	0.09353503812755158	0.59405961068359	0.0771883247238817	0.08872156621747282	3.177e-321	0.13317236285525702
UNG_boot.124	0.06725960411756143	0.09307434138428095	0.6325851308902521	0.030139276826227766	0.08643377698006291	0.0030494829392777975	0.08745838686233709
UNG_boot.125	6.656552005407877e-45	0.025055410935109056	0.5488825152899791	0.1703024077593204	0.08940743878523177	2.01e-321	0.16635222723035967
UNG_boot.126	0.006059542121757783	0.1268389812449221	0.464208368679645	0.20206180437636093	0.14146777974275526	6.55933545391462e-14	0.05936352383449333
UNG_boot.127	0.03948472693795128	0.09255681842198814	0.48662067342348003	0.05529832708062504	0.16790579143116482	1.55e-321	0.15813366270479073
UNG_boot.128	0.09469375313913594	0.14853391122412535	0.4638079379444662	0.07187061292330273	0.12660402904078266	7.377007681026159e-170	0.09448975572818712
