Samples	SBS96A	SBS96B	SBS96C	SBS96D	SBS96E
ATP2B4_real_train_fold1	0.12901225443011347	1.43e-321	0.5629353037004987	0.13474758932103323	0.17330485254835465
ATP2B4_real_train_fold1.1	0.22390937504750352	5.987034295768334e-36	0.5651640899656664	0.09942166437982278	0.1115048706070073
MLH1_real_train_fold1	5.611713095437963e-248	0.8855808125106528	1.3e-321	2.505e-321	0.11441918748934723
MSH2_real_train_fold1	1.245e-321	0.8904376451802068	1.403e-321	0.010986174464881477	0.09857618035491172
MSH6_real_train_fold1	1.54e-321	0.9348236864002188	1.705e-321	0.005316589325260362	0.05985972427452093
MSH6_real_train_fold1.1	1.87e-321	0.8892219633319821	1.663475882698442e-32	0.004773595776086096	0.10600444089193169
MSH6_real_train_fold1.2	1.97e-321	0.9543605576755162	1.616e-321	2.8287304427610983e-225	0.04563944232448393
OGG1_real_train_fold1	0.05402831314619105	3.11e-321	0.07412404039279417	0.785457493681232	0.08639015277978285
PMS1_real_train_fold1	2.7e-321	0.24125865099620736	0.6213417459254109	2.9404934443866373e-173	0.13739960307838187
PMS2_real_train_fold1	0.4506845030363152	0.5457523075274162	5.5e-322	0.0035631894362686666	2.67e-322
RNF168_real_train_fold1	0.8433311965258944	0.009951795502612508	0.08585778962291812	0.025633399102993067	0.03522581924558191
UNG_real_train_fold1	0.08475923730818877	1.1648382413456426e-279	0.10213600739266847	0.08108176315662274	0.73202299214252
ATP2B4_dirichlet_train_fold1	0.12025139489521422	1.09e-321	0.5529788307708827	0.17582361609567534	0.15094615823822782
ATP2B4_dirichlet_train_fold1.1	1.5432369821635476e-64	0.08484429830103499	0.6199816442307498	0.08819276451354865	0.20698129295466672
ATP2B4_dirichlet_train_fold1.2	0.3072607476522529	1.77e-321	0.6763432399740386	0.013782466570211423	0.0026135458034972077
ATP2B4_dirichlet_train_fold1.3	0.2792102825513285	1.675e-321	0.29593606536950834	0.19333743923929683	0.2315162128398663
ATP2B4_dirichlet_train_fold1.4	0.2344497596787313	0.1321651612201017	0.5083901317823392	3.85e-322	0.12499494731882799
ATP2B4_dirichlet_train_fold1.5	0.09005469701482163	1.1335845917736531e-57	0.3190803512188186	0.18139929019467446	0.4094656615716854
ATP2B4_dirichlet_train_fold1.6	0.1451482856638836	0.1254710793212113	0.6608902247812968	0.06849041023360827	1.0845419092402194e-113
ATP2B4_dirichlet_train_fold1.7	0.14191008941310645	0.03355958652490384	0.6409838111321373	0.1347033896915791	0.048843123238273216
ATP2B4_dirichlet_train_fold1.8	1.077e-321	0.0785898084960953	0.7538154105250042	0.1306708813665115	0.036923899612389004
ATP2B4_dirichlet_train_fold1.9	1.0227984870219975e-20	0.011553266317652635	0.8231436466200843	0.1653030870622629	1.02e-321
ATP2B4_dirichlet_train_fold1.10	0.2601416850936191	0.021673609056415147	0.7181847058499657	3.46e-322	1.0417490825544723e-135
ATP2B4_dirichlet_train_fold1.11	0.13487730035218476	8.4e-322	0.36757032518083177	0.21732396183994032	0.280228412627043
ATP2B4_dirichlet_train_fold1.12	0.4021252574212835	3.1e-322	0.4146683588184279	0.08552746170958409	0.09767892205070468
ATP2B4_dirichlet_train_fold1.13	0.2211548159584312	0.16111070521953483	0.24597167215184224	0.11171257978082445	0.2600502268893672
ATP2B4_dirichlet_train_fold1.14	0.18000887506267005	5.93e-322	0.5555167314632972	0.10041386323731258	0.16406053023672024
ATP2B4_dirichlet_train_fold1.15	0.2949937416832829	2.9e-321	0.26725002598873016	0.34632959873916547	0.09142663358882144
ATP2B4_dirichlet_train_fold1.16	0.14772521857879387	8.05e-322	0.8522747814212063	6.199585670162616e-71	1.34e-321
ATP2B4_dirichlet_train_fold1.17	0.27637264238648945	2.806e-321	0.06452192826750727	0.35122529549010184	0.30788013385590157
ATP2B4_dirichlet_train_fold1.18	9.093404482310417e-150	1.576e-321	0.1994529552470803	0.3416352573622136	0.45891178739070615
ATP2B4_dirichlet_train_fold1.19	0.10923625647270697	0.06179744444917671	0.41463923420994875	0.2033352498851337	0.2109918149830338
ATP2B4_dirichlet_train_fold1.20	0.1347815514605842	1.897e-321	0.6568812594914668	0.01559858698719587	0.19273860206075305
ATP2B4_dirichlet_train_fold1.21	0.4203454348110739	1.85e-321	0.3920543844228066	0.13173740636333672	0.05586277440278275
ATP2B4_dirichlet_train_fold1.22	0.10986831920541154	0.17168723905226965	0.6552719297188392	4.6e-322	0.06317251202347964
ATP2B4_dirichlet_train_fold1.23	0.11173384479003895	1.487e-321	0.8706236361189998	3e-322	0.01764251909096111
ATP2B4_dirichlet_train_fold1.24	0.29839804820948007	1.13e-321	0.5741401502458432	8.45e-322	0.12746180154467665
ATP2B4_dirichlet_train_fold1.25	0.30520521402033207	5.637865620530414e-114	0.5858040662508873	0.08634742997930357	0.02264328974947702
ATP2B4_dirichlet_train_fold1.26	0.19956169880267394	2.703e-321	0.7867004238525085	1.43e-322	0.013737877344817634
ATP2B4_dirichlet_train_fold1.27	0.1513316234246877	7.5e-322	0.68868230988232	0.12351288084630835	0.0364731858466839
ATP2B4_dirichlet_train_fold1.28	0.39597082593999766	0.07868206999631647	0.2034442938841353	0.13202969301066844	0.18987311716888208
ATP2B4_dirichlet_train_fold1.29	0.37134948474125806	1.176e-321	0.07737625192532396	0.4263287235982526	0.12494553973516544
ATP2B4_dirichlet_train_fold1.30	0.3306837642247201	0.09403505496446002	0.35146759574905484	0.2005296629716938	0.023283922090071168
ATP2B4_dirichlet_train_fold1.31	0.20652001922493982	0.049979848724417554	0.5594203823756684	0.10365254622866207	0.0804272034463122
ATP2B4_dirichlet_train_fold1.32	0.0671413072948064	8.4e-322	0.8083064567022964	0.12455223600289707	9.44e-322
ATP2B4_dirichlet_train_fold1.33	0.040583272999848055	0.11675257329935879	0.5169043159872578	0.21704249343795723	0.10871734427557805
ATP2B4_dirichlet_train_fold1.34	0.38145608546886905	7.770743642322849e-72	3.296343813323861e-26	0.5155582833274048	0.10298563120372602
ATP2B4_dirichlet_train_fold1.35	0.03820370379793851	0.06593399853116814	0.4866341554839636	0.32627271236220473	0.0829554298247249
ATP2B4_dirichlet_train_fold1.36	0.19372398647649722	1.126e-321	0.6529638673326279	0.13642357331601307	0.016888572874861896
ATP2B4_dirichlet_train_fold1.37	0.24955067555796068	3.468591030126171e-301	0.7420159604034666	2.57e-322	0.008433364038572685
ATP2B4_dirichlet_train_fold1.38	6.690898409265997e-71	0.13198068219762163	0.4056673484897412	0.21442571253487808	0.24792625677775904
ATP2B4_dirichlet_train_fold1.39	0.16292285717644744	2.25e-321	0.5807398705855296	0.11197165910329229	0.14436561313473065
ATP2B4_dirichlet_train_fold1.40	0.000985740472868001	8.3e-322	0.8138203937311395	4.1e-322	0.18519386579599248
ATP2B4_dirichlet_train_fold1.41	0.5589683373579755	1.7e-321	0.35599872615661804	0.08503293648540655	1.6110575440307507e-300
ATP2B4_dirichlet_train_fold1.42	0.21970981324048697	0.07926241211915705	0.3389013488696392	0.1986441274067168	0.1634822983640001
ATP2B4_dirichlet_train_fold1.43	0.15271140911175377	0.008479375810203462	0.8205592565158009	0.018249958562241788	2.345849855197923e-95
ATP2B4_dirichlet_train_fold1.44	0.2799912946940158	9.14e-322	0.6172002884661996	0.1028039143820059	4.502457778811213e-06
ATP2B4_dirichlet_train_fold1.45	0.13630825852301967	2.465e-321	0.7534754900471641	2.6e-322	0.1102162514298164
ATP2B4_dirichlet_train_fold1.46	0.2928196674149451	3.0849299402661613e-268	1.6811937218358587e-53	0.5054630662165605	0.2017172663684945
ATP2B4_dirichlet_train_fold1.47	0.22962699475769577	0.03608087492398428	0.34339780273973275	0.21470215291229586	0.1761921746662912
ATP2B4_dirichlet_train_fold1.48	0.15465457520276063	0.038051511127400295	0.7281162270998113	0.018150569140616402	0.06102711742941134
ATP2B4_dirichlet_train_fold1.49	0.1870948349904731	0.023524649325304462	0.5552356501977505	4.05e-322	0.234144865486472
ATP2B4_dirichlet_train_fold1.50	0.10951698542708728	1.48e-321	0.7450540106876316	1.8028111535676322e-302	0.14542900388528116
ATP2B4_dirichlet_train_fold1.51	0.12436286486737166	0.06154978022916791	0.6591183739218084	2.77e-322	0.15496898098165207
ATP2B4_dirichlet_train_fold1.52	0.26121860891978627	0.03148892815576552	0.40180183157658145	0.3054906313478666	6.570039847620273e-107
ATP2B4_dirichlet_train_fold1.53	0.08412680117697051	0.05342761198214648	0.7815750285691998	0.08087055827168331	2.816253436772579e-71
ATP2B4_dirichlet_train_fold1.54	0.5466810928843389	8.45e-322	0.23607446172602647	0.06624408029981786	0.15100036508981673
ATP2B4_dirichlet_train_fold1.55	0.2785382069249763	2.717e-321	0.603340620189478	0.1181211728855459	1.198124048779977e-180
ATP2B4_dirichlet_train_fold1.56	1.69e-321	0.07573649589397971	0.5182383066480964	0.2907791010411049	0.11524609641681896
ATP2B4_dirichlet_train_fold1.57	0.1410383776112047	2.39e-321	0.32193706501670794	0.3199952095173196	0.21702934785476782
ATP2B4_dirichlet_train_fold1.58	0.2659334205787015	8.35e-322	0.6155056397680173	0.06309183717367575	0.055469102479605466
ATP2B4_dirichlet_train_fold1.59	0.3272577130476778	6.9e-322	0.4802074556708502	1.3932549607808164e-165	0.19253483128147209
ATP2B4_dirichlet_train_fold1.60	0.3777411355693112	3.3e-321	0.2524599510728903	0.2685006894124347	0.10129822394536372
ATP2B4_dirichlet_train_fold1.61	1.8403845763079764e-103	5.63e-322	0.43395134068085905	0.18214693559860917	0.38390172372053183
ATP2B4_dirichlet_train_fold1.62	0.1716077845580178	2.72e-321	0.3238990833777373	0.16225515900707843	0.3422379730571664
ATP2B4_dirichlet_train_fold1.63	2.2982149427037986e-188	0.04448819838294127	0.648023553188745	0.23825419038162637	0.06923405804668724
ATP2B4_dirichlet_train_fold1.64	0.24276705393430703	0.014327138651596402	0.5499518061985469	3.462540719534396e-260	0.19295400121554973
ATP2B4_dirichlet_train_fold1.65	0.3116249568479405	1.354e-321	0.5563694522915774	0.11178001467937433	0.020225576181107558
ATP2B4_dirichlet_train_fold1.66	0.30972440743942464	1.324e-321	0.19074705687507496	0.18437757860224505	0.31515095708325547
ATP2B4_dirichlet_train_fold1.67	0.20336331438101923	5.3e-322	0.5579531958585853	0.08409468256285338	0.15458880719754228
ATP2B4_dirichlet_train_fold1.68	0.05931005496643143	5.8e-322	0.8556829692177268	3.18038536037329e-238	0.08500697581584185
ATP2B4_dirichlet_train_fold1.69	0.39409143978771466	7.657327500516505e-89	0.2738845527614269	0.11120244684302667	0.22082156060783184
ATP2B4_dirichlet_train_fold1.70	4.432353542061325e-189	2.8605475501549044e-208	0.8837688390609226	1.93e-322	0.11623116093907745
ATP2B4_dirichlet_train_fold1.71	0.13344553760766553	0.07011371543108189	0.6257511258462171	0.08703202232213886	0.08365759879289666
ATP2B4_dirichlet_train_fold1.72	0.2945210285198847	1.39e-321	0.6297924376042664	0.057137010923463696	0.01854952295238518
ATP2B4_dirichlet_train_fold1.73	2.8776158531984273e-264	7.9e-322	0.8557754185205799	1.9e-322	0.14422458147942005
ATP2B4_dirichlet_train_fold1.74	0.3387181777851788	6e-322	0.4126153442581859	0.19229564159155935	0.05637083636507588
ATP2B4_dirichlet_train_fold1.75	6.459645395751998e-131	0.08358808292704935	0.740498889478389	1.0140184605124074e-204	0.17591302759456165
ATP2B4_dirichlet_train_fold1.76	0.31086307655825135	8.157e-321	0.38179256815960505	0.2337443716447862	0.07359998363735727
ATP2B4_dirichlet_train_fold1.77	0.3641114769486585	2.6e-321	0.43725932757441455	0.1610064576591655	0.03762273781776154
ATP2B4_dirichlet_train_fold1.78	0.6293848599627314	7e-322	0.0401206837459614	0.28493256427133984	0.04556189201996727
ATP2B4_dirichlet_train_fold1.79	0.2028591827417478	2.8e-322	0.7837731560059209	0.013367661252331343	7.681540485031646e-119
ATP2B4_dirichlet_train_fold1.80	0.19428239032598896	5.6e-322	0.6375712518956586	0.08247697052289826	0.08566938725545435
ATP2B4_dirichlet_train_fold1.81	0.15773621007683045	1.9523838315571307e-235	0.6709215647465965	2.757345967159997e-59	0.1713422251765731
ATP2B4_dirichlet_train_fold1.82	0.33183063423693654	0.006945832508672808	0.4688827735176262	0.1164056293116753	0.07593513042508909
ATP2B4_dirichlet_train_fold1.83	0.17080436516441605	3.066552671983763e-142	0.7071174154778863	3.1713089040280855e-179	0.12207821935769775
ATP2B4_dirichlet_train_fold1.84	0.12992360354779642	9.44e-322	0.29648103442095747	0.350339388871469	0.22325597315977713
ATP2B4_dirichlet_train_fold1.85	0.05558344125223424	0.0297212894828922	0.7877472859350784	1.3312853181561419e-51	0.12694798332979532
ATP2B4_dirichlet_train_fold1.86	0.07463536956026462	0.11604279065786374	0.5922177573922046	0.1741583918226507	0.04294569056701635
ATP2B4_dirichlet_train_fold1.87	0.06120757742814826	1.13e-321	0.26898660371220584	0.16984142254531773	0.4999643963143282
ATP2B4_dirichlet_train_fold1.88	0.07843417159304157	0.18210637521600267	0.7394594531909557	2.4962453443547695e-143	8.65e-322
ATP2B4_dirichlet_train_fold1.89	0.10632693040327816	0.06065628807922587	0.7332772253246753	7.412302947536761e-119	0.0997395561928206
ATP2B4_dirichlet_train_fold1.90	0.17479206628583324	1.4149656670137912e-153	0.6349006833239269	4.9e-322	0.1903072503902397
ATP2B4_dirichlet_train_fold1.91	0.2445672650729468	1.02e-321	0.63496499952515	0.033975760965366	0.0864919744365372
ATP2B4_dirichlet_train_fold1.92	0.13456001617598723	0.04801837609352872	0.6236376895052465	0.013787034469011075	0.17999688375622652
ATP2B4_dirichlet_train_fold1.93	1.1120157560244332e-186	7.982095835393544e-73	0.7381809213594684	0.047867856913738564	0.21395122172679298
ATP2B4_dirichlet_train_fold1.94	0.49087824706598826	0.020269325480974577	0.29997592716236077	0.10616173497736951	0.08271476531330677
ATP2B4_dirichlet_train_fold1.95	0.06346562300483086	2.31530264622e-311	0.2284768039627035	0.35624942201637366	0.3518081510160921
ATP2B4_dirichlet_train_fold1.96	0.0675993729880332	3.0462512136490827e-224	0.30515706431077855	0.12208629979858764	0.5051572629026005
ATP2B4_dirichlet_train_fold1.97	0.28711025530107603	1.443e-321	0.6929632165855608	0.01992652811336311	9.590030681818166e-182
MLH1_dirichlet_train_fold1	0.07348897357608151	0.7712686897189354	1.44e-321	2.8e-322	0.15524233670498325
MSH6_dirichlet_train_fold1	0.08857204269673086	0.7624102299854685	1.37e-321	6.37e-322	0.14901772731780055
PMS2_dirichlet_train_fold1	0.4959041479394505	0.48826296347834774	5.83e-322	0.01583288858220174	3e-322
MLH1_dirichlet_train_fold1.1	0.0389479131222206	0.9042249676725106	6.5e-322	7.8e-322	0.056827119205268874
MSH6_dirichlet_train_fold1.1	1.82e-321	0.9041637438465011	8.6e-322	7.110552772797555e-289	0.09583625615349885
PMS2_dirichlet_train_fold1.1	0.3767195820348179	0.6094011817597091	0.013879236205472907	7.6e-322	2.4e-322
PMS1_dirichlet_train_fold1	7.680241800044424e-179	0.2650024807479924	0.6347763476472594	1.5e-322	0.10022117160474822
PMS2_dirichlet_train_fold1.2	0.4594343102765076	0.5405656897234923	5.53e-322	1.13e-321	2.67e-322
MSH2_dirichlet_train_fold1	6.159399264469979e-158	0.9932763630044513	1.833e-321	0.006723636995548626	5.1e-322
MSH6_dirichlet_train_fold1.2	5.941198361111449e-53	0.9124361083766978	6.3e-322	1.146e-321	0.08756389162330235
MLH1_dirichlet_train_fold1.2	1.6257623698131796e-147	0.854991392547828	1.82e-321	0.04689720388247322	0.09811140356969883
MSH6_dirichlet_train_fold1.3	1.383e-321	0.8036901497567616	0.11350832982211104	1.02e-321	0.08280152042112734
MLH1_dirichlet_train_fold1.3	2.15e-321	0.9895953921089816	2.115e-321	2.204e-321	0.010404607891018316
PMS1_dirichlet_train_fold1.1	9.845380638775445e-197	0.14423898474992305	0.2206526293768029	0.19470764087513898	0.44040074499813486
PMS2_dirichlet_train_fold1.3	0.19046182889205537	0.8095381711079448	3.26e-322	3.7e-322	2.87e-322
MSH2_dirichlet_train_fold1.1	1.2922098010757616e-179	0.9499487911756337	3.0291808867259104e-308	0.044505623833141134	0.005545584991225265
MLH1_dirichlet_train_fold1.4	1.64e-321	0.8164315624685596	5.071171491872941e-25	5.83e-322	0.1835684375314403
MSH6_dirichlet_train_fold1.4	8.84e-322	0.8513180117581138	8.74e-322	0.004677968481857136	0.14400401976002905
PMS2_dirichlet_train_fold1.4	0.36836779656388646	0.5651063358328725	7.66e-322	0.06652586760324095	3.06e-322
PMS1_dirichlet_train_fold1.2	0.1348127800744716	0.20966810148240397	0.33740449564517827	0.03229725210948677	0.2858173706884593
MSH6_dirichlet_train_fold1.5	0.09598363037208467	0.7365993245456411	5.73e-322	6.7e-322	0.16741704508227417
MSH2_dirichlet_train_fold1.2	2.498796155795945e-91	0.8990285270452046	7.56e-322	0.009938726747744394	0.0910327462070508
MSH6_dirichlet_train_fold1.6	6.270945240203717e-127	0.9936933342904833	6.6e-322	0.0063066657095166845	1.655e-321
MSH6_dirichlet_train_fold1.7	2.1e-321	0.6812301532222325	0.0779777765614435	6.47e-322	0.24079207021632393
PMS2_dirichlet_train_fold1.5	0.5906881449725976	0.40931185502740247	2.03e-322	2.03e-322	2.08e-322
PMS1_dirichlet_train_fold1.3	8.2e-322	0.35716157099844387	0.6361368555265589	5.4e-322	0.0067015734749973676
PMS2_dirichlet_train_fold1.6	0.34250074782655693	0.6360824907778254	1.12e-321	0.02141676139561757	2.8e-322
MLH1_dirichlet_train_fold1.5	0.13175105361513426	0.8682489463848656	1.813e-321	1.487e-321	1.764e-321
PMS2_dirichlet_train_fold1.7	0.3787289830582464	0.6083003600212635	7.16e-322	0.012970656920489883	3.5e-322
PMS2_dirichlet_train_fold1.8	0.5242369089014496	0.4553327433257471	2.77e-322	0.020430347772803444	0.0
MSH6_dirichlet_train_fold1.8	0.10904390527169197	0.767649610214359	4.7e-322	5.43e-322	0.12330648451394906
MLH1_dirichlet_train_fold1.6	0.12406553318767345	0.6366476633734496	9.2e-322	0.04938720353559388	0.18989959990328295
PMS1_dirichlet_train_fold1.4	6.67e-322	0.3275070115324891	0.588646665073036	0.08384632339447495	3.334046564101948e-246
MSH6_dirichlet_train_fold1.9	9.93e-322	0.9538053572526003	2.58522431235368e-308	9.9e-322	0.0461946427473998
MSH6_dirichlet_train_fold1.10	9.286517691976963e-175	0.9793331680364762	0.0026359924307541465	0.01803083953276951	4.0739204368268345e-156
MSH6_dirichlet_train_fold1.11	0.0742818624440068	0.8284332803194646	7.7e-322	0.03394004616379326	0.06334481107273539
MLH1_dirichlet_train_fold1.7	4.1924707798785346e-88	0.9997494635420485	3.37e-321	1.023e-321	0.0002505364579515106
PMS1_dirichlet_train_fold1.5	0.047798926097105364	0.3992383076470701	0.48728977370975557	3.2e-322	0.06567299254606909
MSH6_dirichlet_train_fold1.12	0.10369720958510406	0.6403916574626862	1.75e-321	1.16e-321	0.25591113295220963
PMS1_dirichlet_train_fold1.6	0.018671781010108954	0.24677172301195888	0.4054747326559647	0.060876668088121595	0.26820509523384595
PMS2_dirichlet_train_fold1.9	0.3773524462549093	0.6226475537450906	2.77e-322	1.17e-321	0.0
PMS2_dirichlet_train_fold1.10	0.273071131708698	0.6852308116007537	5.83e-322	0.04169805669054826	3.16e-322
PMS1_dirichlet_train_fold1.7	0.06251910200353877	0.0916462178682243	0.21456994089059472	0.1747990316892556	0.45646570754838667
MSH6_dirichlet_train_fold1.13	9.24e-322	0.9586398079931385	0.04037607429310688	0.0009841177137546195	6.27e-322
PMS2_dirichlet_train_fold1.11	0.37525386971874425	0.6247461302812558	3.36e-322	3.5e-322	3.16e-322
PMS2_dirichlet_train_fold1.12	0.5638767488057521	0.4361232511942479	8.35e-322	1.937e-321	2.77e-322
MSH6_dirichlet_train_fold1.14	1.45e-321	0.8766954720397022	0.05297757515230897	5.4e-322	0.07032695280798881
MSH6_dirichlet_train_fold1.15	2.48e-321	0.7978908090837157	0.10408842141289484	1.285e-321	0.09802076950338938
MLH1_dirichlet_train_fold1.8	8.94e-322	0.9569612633439633	7.36e-322	2.96e-322	0.04303873665603669
MSH2_dirichlet_train_fold1.3	1.59e-321	0.9677323308120283	9.4e-322	0.03226766918797171	3.9316466978561504e-284
PMS2_dirichlet_train_fold1.13	0.35862804931094333	0.6092952008922887	8.4e-322	0.03207674979676805	8.94e-322
MSH6_dirichlet_train_fold1.16	1.76e-321	0.8172364438239679	2.57e-322	3.1e-322	0.18276355617603218
MSH6_dirichlet_train_fold1.17	9.080955365667078e-46	0.8549534489295068	6.37e-322	3.85e-322	0.1450465510704931
MSH2_dirichlet_train_fold1.4	1.41e-321	0.9521456919469058	6.240686070728249e-11	2.796e-321	0.047854307990687385
PMS2_dirichlet_train_fold1.14	0.6698117998799167	0.3301882001200835	2.87e-322	2.77e-322	3e-322
MSH6_dirichlet_train_fold1.18	1.11e-321	0.8955091816074465	5.8e-322	3.5e-322	0.10449081839255332
MSH6_dirichlet_train_fold1.19	0.014974511246552658	0.8908159763067011	6.0048259779e-313	0.009816057122235272	0.08439345532451084
MSH6_dirichlet_train_fold1.20	0.0524941181369396	0.9425882183802342	1.31e-321	0.004917663482826269	1.911471859914566e-299
MSH6_dirichlet_train_fold1.21	8.1e-322	0.906761313155532	0.010462516478456588	4.9e-322	0.08277617036601133
PMS2_dirichlet_train_fold1.15	0.46946406621243136	0.5305359337875686	8.05e-322	1.097e-321	5.2e-322
MSH6_dirichlet_train_fold1.22	9.63e-322	0.731696537832738	2.27e-322	0.0	0.2683034621672621
PMS1_dirichlet_train_fold1.8	0.1403368251111961	0.41551627169233485	0.1799877719672149	0.11657974722181635	0.1475793840074378
MSH6_dirichlet_train_fold1.23	0.08170043228814063	0.914911817784512	6.5e-322	0.0033877499273474456	5.5e-322
MSH6_dirichlet_train_fold1.24	1.275e-321	0.7898171937445898	0.042718503819413854	0.025451759208439582	0.14201254322755658
PMS1_dirichlet_train_fold1.9	8.25e-322	0.1890939526881063	0.6967848277049076	1.43e-322	0.11412121960698628
PMS1_dirichlet_train_fold1.10	0.03653724454619425	0.11845741260726639	0.20643286622623608	0.1537423489650373	0.484830127655266
MSH6_dirichlet_train_fold1.25	2.826e-321	0.86951465019121	6.6e-322	0.06674936165046293	0.0637359881583271
PMS1_dirichlet_train_fold1.11	0.014263944084869064	0.23106783484715768	0.46738503329665293	1.7e-322	0.2872831877713203
MSH6_dirichlet_train_fold1.26	0.03194239342055888	0.8434728283586266	4.981215945245465e-242	0.02966717755929304	0.09491760066152151
PMS2_dirichlet_train_fold1.16	0.6293035516451464	0.37069644835485366	3.16e-322	3.1e-322	3.26e-322
PMS2_dirichlet_train_fold1.17	0.4303715567635497	0.5696284432364502	5.24e-322	2.7e-322	2.5e-322
MSH2_dirichlet_train_fold1.5	1.18e-321	0.8834145930076567	5.2994526524723056e-244	0.03930696528142637	0.07727844171091686
MSH6_dirichlet_train_fold1.27	1.81e-321	0.9977032644124364	9.14e-322	0.0022967355875636885	8.661625982827896e-188
MSH6_dirichlet_train_fold1.28	2.233e-321	0.7701194196929092	8.84e-322	0.009832143414910807	0.2200484368921801
PMS2_dirichlet_train_fold1.18	0.7274713827235096	0.27252861727649047	5.7e-322	5.4e-322	3e-322
MSH6_dirichlet_train_fold1.29	1.304e-321	1.0	8.656326913775258e-208	2.37e-321	2.0162410147005394e-131
PMS2_dirichlet_train_fold1.19	0.5274575556710714	0.41975739675671225	6.87e-322	0.05278504757221637	2.77e-322
MSH2_dirichlet_train_fold1.6	6.47e-322	0.9571585177245351	1.6e-321	0.042841482275464866	8.94e-322
MSH6_dirichlet_train_fold1.30	1.4948730837993907e-142	0.8509857891709184	5.63e-322	6.8e-322	0.14901421082908173
PMS1_dirichlet_train_fold1.12	1.047e-321	0.16224380007042788	0.6275743536218699	5e-323	0.21018184630770237
MSH6_dirichlet_train_fold1.31	5.1e-322	0.8985663657067363	5.04e-322	0.052442507355122576	0.04899112693814106
PMS2_dirichlet_train_fold1.20	0.43460293304745273	0.5653970669525472	1.255e-321	1.734e-321	4e-322
PMS1_dirichlet_train_fold1.13	0.016616255501861344	0.27864122259137875	0.6007599432785172	4.2e-322	0.10398257862824271
PMS1_dirichlet_train_fold1.14	2.036e-321	0.3315317922895371	0.5356777515558914	0.08665426139691126	0.046136194757660225
MSH6_dirichlet_train_fold1.32	1.507e-321	0.9256976645075291	4.84e-322	2.9e-322	0.07430233549247083
PMS2_dirichlet_train_fold1.21	0.42253095303239546	0.5774690469676047	6.2e-322	9.63e-322	2.96e-322
PMS1_dirichlet_train_fold1.15	0.24200392651895655	0.14555421834891305	0.5052838322298057	5.1e-322	0.10715802290232473
PMS2_dirichlet_train_fold1.22	0.3487967511671832	0.6237153959882731	5.04e-322	0.02748785284454366	2.6e-322
MSH6_dirichlet_train_fold1.33	9.44e-322	0.9912120112235081	1.546e-321	0.008787988776491918	3.533708840807801e-246
PMS1_dirichlet_train_fold1.16	0.14537200807965336	0.22647344415563062	0.2710107661331241	0.08038197293865289	0.2767618086929392
MSH6_dirichlet_train_fold1.34	0.10510080121732467	0.8948991987826752	2.96e-322	3.46e-322	5e-322
MSH6_dirichlet_train_fold1.35	1.59097171996041e-183	0.9331262303582901	6.6954282550667324e-167	1.59e-321	0.06687376964171003
PMS1_dirichlet_train_fold1.17	0.06950395341828411	0.1739812182249155	0.3577854740529247	3.95e-322	0.3987293543038758
OGG1_dirichlet_train_fold1	1.784e-321	0.0044272265764300316	0.12125310380156977	0.8192295683574107	0.05509010126458954
OGG1_dirichlet_train_fold1.1	1.2444422031198497e-193	1.6658632987087794e-271	0.13853086640931075	0.8513665359397304	0.010102597650958754
OGG1_dirichlet_train_fold1.2	0.01131722295623452	1.01e-321	8.427772275457268e-102	0.8465452373385791	0.14213753970518653
OGG1_dirichlet_train_fold1.3	1.2297573740918799e-07	3.3998483248385116e-308	5.690041162334097e-64	0.9262145726573893	0.0737853043668735
OGG1_dirichlet_train_fold1.4	0.04856797053202331	2.14e-321	4.33557198084233e-71	0.8490554993352599	0.10237653013271683
UNG_dirichlet_train_fold1	1.83e-321	0.06912077799042388	4.1e-322	0.08008255712973927	0.8507966648798369
UNG_dirichlet_train_fold1.1	0.02929408075974152	1.265e-321	7.296638450786838e-246	0.12754634829622713	0.8431595709440313
OGG1_dirichlet_train_fold1.5	2.8124271115069516e-221	2.194e-321	0.5043133768498851	0.49568662315011497	1.023e-321
UNG_dirichlet_train_fold1.2	0.20505436702367588	0.007644635637754053	0.04217765990631121	0.02897471104190403	0.7161486263903548
OGG1_dirichlet_train_fold1.6	0.15418279035157373	0.03925240513397031	3.900192001526524e-18	0.8044032195738156	0.0021615849406403666
UNG_dirichlet_train_fold1.3	0.006639379939269607	2.679293232892275e-155	0.3419487662283455	1.9e-322	0.6514118538323848
OGG1_dirichlet_train_fold1.7	0.3632604296803748	1.556e-321	4.80949788756596e-150	0.6367395703196252	2.685653697191793e-262
UNG_dirichlet_train_fold1.4	0.14418554894403648	2.204e-321	5.803319221208404e-90	0.17488610552272021	0.6809283455332432
UNG_dirichlet_train_fold1.5	0.18889869436476509	0.021743910475312603	0.04895643417716147	0.1437868784093087	0.596614082573452
OGG1_dirichlet_train_fold1.8	0.0986785324841519	1.68e-321	0.314182797539045	0.4570834197388922	0.13005525023791079
OGG1_dirichlet_train_fold1.9	0.026907914892921016	0.007063014063551849	0.09254227230307921	0.8221691548721372	0.051317643868310725
UNG_dirichlet_train_fold1.6	8.500841125869249e-190	0.19192964957524256	0.3916744613976722	3.36e-322	0.41639588902708513
UNG_dirichlet_train_fold1.7	0.19034096785001411	2.15e-321	8.08267539260904e-97	0.08190602747196739	0.7277530046780185
OGG1_dirichlet_train_fold1.10	0.03777346585911927	1.887e-321	0.05179199854132947	0.8780017913741631	0.03243274422538809
UNG_dirichlet_train_fold1.8	0.3213249269932322	0.007979384757761773	1.924441614148924e-119	0.18728173064967069	0.4834139575993355
UNG_dirichlet_train_fold1.9	0.15807146950018006	2.105e-321	0.041571957659980355	0.04448578025689398	0.7558707925829458
OGG1_dirichlet_train_fold1.11	0.15118887783787902	6.37e-322	5.905500305406344e-295	0.664402807258033	0.18440831490408807
OGG1_dirichlet_train_fold1.12	0.17385518599980196	0.17754944075173765	5.179747778606159e-21	0.6485953732484551	5.27488569395111e-15
UNG_dirichlet_train_fold1.10	0.13463719700413493	1.92e-321	0.03872119896700127	0.06846802133815254	0.7581735826907112
UNG_dirichlet_train_fold1.11	0.15187189873406087	8.55e-322	7.36e-322	0.13791179325431757	0.7102163080116215
OGG1_dirichlet_train_fold1.13	0.15413830938610082	1.517e-321	2.4785773864510457e-64	0.8127244430552834	0.03313724755861584
OGG1_dirichlet_train_fold1.14	8.566881843286598e-296	0.12715599104395278	0.20157663847907115	0.671267370476976	6.92355216451569e-74
UNG_dirichlet_train_fold1.12	0.2879148496360008	0.2149969805321112	1.414773459938637e-14	0.08587298947641005	0.4112151803554639
UNG_dirichlet_train_fold1.13	0.26600807445799457	0.0953534549995943	1.7638847859763313e-237	0.05678144605531886	0.5818570244870923
UNG_dirichlet_train_fold1.14	0.006216388797730316	0.09989158979230327	9.2e-322	0.18519707895432916	0.7086949424556372
UNG_dirichlet_train_fold1.15	0.04751947279811013	0.2294858365981491	0.11417034201142146	0.13518986505957245	0.47363448353274706
OGG1_dirichlet_train_fold1.15	0.05030622747991396	1.734e-321	0.18940987123823413	0.6868920436935768	0.07339185758827521
OGG1_dirichlet_train_fold1.16	3.727833688979883e-142	0.010783019137332423	0.17526258938258815	0.8139543914800795	1.1310513938455683e-75
OGG1_dirichlet_train_fold1.17	1.7e-321	1.077e-321	0.3727321312210333	0.5438106772713714	0.08345719150759509
OGG1_dirichlet_train_fold1.18	2.283e-321	0.019024317842737847	7.821835051149446e-26	0.9809756821572623	6.737683448802626e-47
UNG_dirichlet_train_fold1.16	0.16088855396910853	5.8e-322	0.1878795702285374	4.0614221850017983e-131	0.6512318758023541
UNG_dirichlet_train_fold1.17	0.02266287173619415	0.03026466770101322	0.14318791490915508	5.8e-322	0.8038845456536374
OGG1_dirichlet_train_fold1.19	0.09690486870795692	0.04708062639357877	0.1724814337552572	0.6835330711432072	8.778827877884336e-260
UNG_dirichlet_train_fold1.18	2.0685937637004825e-81	0.0884939699196199	0.04133020269306469	0.2195049914306027	0.6506708359567128
UNG_dirichlet_train_fold1.19	0.14988098519376286	1.126e-321	2.7592526765347534e-80	0.01568658072375234	0.8344324340824849
OGG1_dirichlet_train_fold1.20	0.11085695956197096	3.715e-321	0.04304298723074282	0.7644658359642783	0.08163421724300775
OGG1_dirichlet_train_fold1.21	0.12934002688368346	2.223e-321	5.222757330816845e-121	0.7834015682467708	0.08725840486954586
OGG1_dirichlet_train_fold1.22	0.12951705093949117	0.015438173129085627	6.017037719334045e-34	0.8022290832247622	0.0528156927066609
UNG_dirichlet_train_fold1.20	0.18168768731759227	0.11254216283549195	1.033e-321	0.1932594455575051	0.5125107042894108
UNG_dirichlet_train_fold1.21	0.05559889156463553	0.045259214927878044	0.025399269299687992	0.0346078287906	0.8391347954171985
UNG_dirichlet_train_fold1.22	0.2410794379170221	2.9588996845274014e-261	0.22459539584060362	0.006613581938958212	0.527711584303416
OGG1_dirichlet_train_fold1.23	0.24025716780815123	2.83954417958757e-79	0.3076113506632823	0.4521314815284604	1.0610057712916196e-13
OGG1_dirichlet_train_fold1.24	0.1483560294639322	1.117e-321	5.210165528938856e-69	0.8029928650527886	0.048651105483279375
UNG_dirichlet_train_fold1.23	2.13e-321	7.56e-322	0.2940397687452029	5.306832582678385e-270	0.7059602312547972
OGG1_dirichlet_train_fold1.25	2.31e-321	4.535675694377691e-09	4.4e-322	0.9999999954643244	1e-321
OGG1_dirichlet_train_fold1.26	0.22254895453406393	1.36e-321	0.05310597736804107	0.667389477559625	0.05695559053826989
UNG_dirichlet_train_fold1.24	0.09785959331230248	2.53e-321	7.4e-322	0.0799665924626461	0.8221738142250514
UNG_dirichlet_train_fold1.25	0.01570730341050579	0.05152425022612364	0.059877708958683946	0.08837862980991637	0.7845121075947704
UNG_dirichlet_train_fold1.26	0.3552251578931701	0.009379583343708541	3.759942572094069e-199	0.14462641353028113	0.49076884523284015
UNG_dirichlet_train_fold1.27	0.06088121624867031	8.55e-322	0.32078197423079485	4.9e-322	0.6183368095205348
OGG1_dirichlet_train_fold1.27	0.13313135239864646	0.08747071490257229	2.485395103145375e-239	0.6668818065172626	0.11251612618151854
UNG_dirichlet_train_fold1.28	0.14327440323016905	5.24e-322	2.682207366967935e-131	0.14159863002422265	0.7151269667456084
OGG1_dirichlet_train_fold1.28	6.220847318699502e-303	0.09457695853294891	0.08182416229152062	0.7288272564465652	0.09477162272896535
UNG_dirichlet_train_fold1.29	0.23143579095946545	0.033175029251226555	4.976300342e-314	0.016106857078847434	0.7192823227104607
UNG_dirichlet_train_fold1.30	0.2709085016020611	5.14e-322	0.10304835283743893	5.24e-322	0.6260431455605
OGG1_dirichlet_train_fold1.29	0.008046264920411479	0.01239682899127399	3.13048064278822e-21	0.8503388197079295	0.12921808638038504
OGG1_dirichlet_train_fold1.30	0.016449506895191493	1.206e-321	1.4136938375254514e-224	0.8414403413634964	0.14211015174131206
UNG_dirichlet_train_fold1.31	2.9767633479942056e-175	0.16852035155978295	4.69463566726521e-296	0.14552560891746413	0.685954039522753
UNG_dirichlet_train_fold1.32	0.19977244457088195	1.66e-321	4.7e-322	0.10102324148011745	0.6992043139490006
OGG1_dirichlet_train_fold1.31	0.1174984342600447	2.12e-321	4.062905132647777e-251	0.8765077856984987	0.005993780041456569
UNG_dirichlet_train_fold1.33	0.2232990131741161	1.05e-321	1.05e-321	1.89e-321	0.7767009868258841
UNG_dirichlet_train_fold1.34	1.7656422940040966e-279	0.29583733778767646	4.763851175839055e-199	0.0390957555701099	0.6650669066422137
OGG1_dirichlet_train_fold1.32	0.17071194174608254	5.170439782216088e-168	0.15929837211444628	0.6417952394952519	0.02819444664421937
OGG1_dirichlet_train_fold1.33	0.06189073108540788	3.85e-321	0.2602080709984587	0.6674126046845653	0.010488593231568132
OGG1_dirichlet_train_fold1.34	2.4740760308132915e-123	0.07559249102851726	0.012337716880560068	0.8627826245296777	0.049287167561244995
UNG_dirichlet_train_fold1.35	0.2631547560406245	8.375055698910202e-226	0.07692864284743636	0.09022753081631693	0.5696890702956221
OGG1_dirichlet_train_fold1.35	0.010871324149772365	4.125e-321	0.016382510741966304	0.9727461651082615	8.370049054688077e-33
OGG1_dirichlet_train_fold1.36	0.1144406631408841	1.67485298401302e-264	0.35190469973668753	0.5336546371223929	3.537384273033301e-14
OGG1_dirichlet_train_fold1.37	0.12106034274404942	5.6286716111330414e-151	0.1663827518603829	0.7125569053955677	6.870444177519841e-202
UNG_dirichlet_train_fold1.36	0.1397754361257674	0.015792548898952267	0.06900450933184284	0.04881683503979537	0.7266106706036422
OGG1_dirichlet_train_fold1.38	0.20920011185177964	3.2e-322	3.3388367701433027e-74	0.738300676455881	0.052499211692339266
OGG1_dirichlet_train_fold1.39	0.1165578944104651	4.635317011228624e-197	0.07098561808362476	0.7205700194857296	0.09188646802018051
UNG_dirichlet_train_fold1.37	0.03675518546524415	0.004418991698584587	0.2128526320739768	5e-322	0.7459731907621945
OGG1_dirichlet_train_fold1.40	0.1336728266673453	5.805383738168485e-291	0.03623967112733433	0.7887075210347219	0.041379981170598455
OGG1_dirichlet_train_fold1.41	0.22091733654255188	0.03096836275895012	0.13605588396433468	0.6120584167341635	4.010401230498194e-41
OGG1_dirichlet_train_fold1.42	0.004608625337017786	0.16874947965534312	0.26916605823898876	0.5522016313279547	0.005274205440695603
UNG_dirichlet_train_fold1.38	0.1027051090209242	0.05761298489928694	0.35171883166671386	4.8e-322	0.48796307441307485
OGG1_dirichlet_train_fold1.43	0.009844150164529625	0.07096858960869304	0.08535643586509022	0.781761992976707	0.052068831384979995
UNG_dirichlet_train_fold1.39	0.145007809108315	0.10380261104217822	0.1334897106290093	0.16744087330353388	0.4502589959169635
OGG1_dirichlet_train_fold1.44	0.21310188137149694	2.44e-321	0.08751940144850652	0.6365950620960061	0.0627836550839904
OGG1_dirichlet_train_fold1.45	0.10728957303716481	0.023497445722435662	0.14406132009733388	0.6686297263586105	0.05652193478445518
UNG_dirichlet_train_fold1.40	0.07638241277427361	3.273127408305372e-207	0.3553927372070961	4.148343245795611e-210	0.5682248500186303
UNG_dirichlet_train_fold1.41	0.08927901819878446	1.7e-321	0.17075991794536435	0.15722946703149013	0.582731596824361
OGG1_dirichlet_train_fold1.46	0.06869441225419147	2.35e-321	4.993648255013782e-26	0.8908516265435231	0.040453961202285366
UNG_dirichlet_train_fold1.42	0.11701544615684463	3.565624190715689e-86	0.05668445420279419	0.18378946137751176	0.6425106382628494
OGG1_dirichlet_train_fold1.47	0.2394978069198734	3.5685550330815544e-135	1.1498489071956603e-97	0.713246087332537	0.04725610574758964
OGG1_dirichlet_train_fold1.48	0.06661499555389624	1.023e-321	3.992665390610181e-13	0.8438136318567184	0.0895713725889862
UNG_dirichlet_train_fold1.43	0.07538334570293041	1.43e-321	0.13700067302598692	5.486495365444525e-246	0.7876159812710826
OGG1_dirichlet_train_fold1.49	0.09361511181438288	2.426e-321	0.1483751351140178	0.6939698664185256	0.06403988665307382
OGG1_dirichlet_train_fold1.50	1.604764260183083e-31	2.006e-321	0.12526686186712696	0.6860446997609914	0.1886884383718818
UNG_dirichlet_train_fold1.44	9.601326785471259e-43	5.614250498191482e-285	3.809149255210363e-27	0.12054083264864353	0.8794591673513565
OGG1_dirichlet_train_fold1.51	0.23990742590401137	6.3e-322	6.938479695489906e-08	0.6771085462724041	0.08298395843878766
OGG1_dirichlet_train_fold1.52	0.11506424604313104	0.05014750976623328	2.290198260037202e-160	0.7113005918895735	0.1234876523010622
RNF168_dirichlet_train_fold1	0.9027792523789696	9.83e-322	0.05627972711705318	1.18e-321	0.04094102050397724
RNF168_dirichlet_train_fold1.1	0.7221428340353487	0.1155715698276347	0.023640281587881014	0.13864531454913545	2.213e-321
RNF168_dirichlet_train_fold1.2	0.8297590356911057	0.05377206808624285	0.0936974625995356	4.504467795902168e-258	0.022771433623115934
RNF168_dirichlet_train_fold1.3	0.8522936074004372	1.56e-321	2.3776898366820466e-210	0.04584101061358779	0.10186538198597507
RNF168_dirichlet_train_fold1.4	0.7288270050068106	7.9e-322	0.2662234117963651	1.9748202033684718e-61	0.004949583196824352
RNF168_dirichlet_train_fold1.5	0.9289661476986362	0.060975649073648566	8.6e-322	0.010058203227715208	5.14e-322
RNF168_dirichlet_train_fold1.6	0.8360674543048517	6.1e-322	1.2745832566846148e-304	0.16393254569514837	5.786828843062034e-123
RNF168_dirichlet_train_fold1.7	0.9499927454986024	2.115e-321	7.1e-322	0.05000725450139762	9.93e-322
RNF168_dirichlet_train_fold1.8	0.8390199117307735	0.010060812050906743	8.7e-322	0.06674713437045411	0.08417214184786559
RNF168_dirichlet_train_fold1.9	0.8680369954179084	5.139536669032432e-251	7.86e-322	0.13196300458209165	7.95e-322
RNF168_dirichlet_train_fold1.10	0.8227835063026324	0.07341750037215082	0.09879860233959831	0.005000390985618569	1.34e-321
RNF168_dirichlet_train_fold1.11	0.8987033975005171	1.126e-321	0.10129660249948293	3.85e-322	6.887861567358098e-38
RNF168_dirichlet_train_fold1.12	0.6663957349559253	0.0996631025546347	5.337475180248425e-74	0.18394163530793825	0.049999527181501795
RNF168_dirichlet_train_fold1.13	0.8082374539926773	0.04933299381949567	2.67e-322	0.14242955218782716	6.8e-322
RNF168_dirichlet_train_fold1.14	0.9904995115670678	0.009500488432932074	9.73e-322	6.97e-322	2.0584974287657867e-164
RNF168_dirichlet_train_fold1.15	0.9327370172776528	1.453e-321	0.0672629827223471	1.08e-321	1.68e-321
RNF168_dirichlet_train_fold1.16	0.8594796402284252	1.285e-321	7.1e-322	0.12646568003407643	0.014054679737498299
RNF168_dirichlet_train_fold1.17	1.0	5.5e-322	1.126e-321	6.7e-322	4.45e-322
RNF168_dirichlet_train_fold1.18	0.6243981592139662	5.37169231795e-312	0.3309164920807401	1.83e-322	0.04468534870529367
RNF168_dirichlet_train_fold1.19	0.9244821299542467	0.06415951657174587	0.00968999061261866	1.497e-321	0.0016683628613886731
RNF168_dirichlet_train_fold1.20	0.8233325894350694	0.11740907173198098	1.15e-321	0.05925833883294977	2.5921380538405538e-136
RNF168_dirichlet_train_fold1.21	0.7956566724974914	4.3823868991056036e-212	0.08424484267568534	0.05313762952206737	0.06696085530475589
RNF168_dirichlet_train_fold1.22	0.9573312102050642	6.086771580289784e-11	1e-321	0.032492498582709695	0.010176291151358378
RNF168_dirichlet_train_fold1.23	0.9039729252948587	0.01269431956559116	0.08333275513955009	1.4953532766994226e-166	7.56e-322
RNF168_dirichlet_train_fold1.24	0.922728150437235	1.88e-321	0.04625974567096927	0.031012103891795775	2.885e-321
RNF168_dirichlet_train_fold1.25	0.9036038883519975	1.74e-321	0.09639611164800257	1.11e-321	6.450636518266562e-266
RNF168_dirichlet_train_fold1.26	0.8504941622232396	0.03584687278408905	9.349814310421032e-69	0.028610169759720812	0.08504879523295056
RNF168_dirichlet_train_fold1.27	0.8080802112934982	0.05668473930833436	5.14e-322	0.030764410091870052	0.10447063930629742
RNF168_dirichlet_train_fold1.28	0.8830196037359791	0.032868048872641054	1.31e-321	0.08411234739137982	9.83e-322
RNF168_dirichlet_train_fold1.29	0.9975232741294708	5.294534374375184e-209	0.0024767258705291504	1.06e-321	8.818023822539807e-34
RNF168_dirichlet_train_fold1.30	0.912146739501184	0.02246849968157687	0.037058885695088715	5.34e-322	0.028325875122150488
RNF168_dirichlet_train_fold1.31	0.7828954253603198	1.744e-321	2.7062545718865825e-190	0.0058627297787209156	0.2112418448609593
RNF168_dirichlet_train_fold1.32	0.7161126608015524	9.4e-322	0.2838873391984475	1.778956014210832e-72	1.033e-321
RNF168_dirichlet_train_fold1.33	0.7714940840043563	0.0061182848113425035	1.443e-321	0.059497238907103116	0.16289039227719798
