Samples	SBS96A	SBS96B	SBS96C	SBS96D	SBS96E
ATP2B4_real_train_fold1	6.660145909329777e-210	0.8499312771106249	0.08137657780004058	3.7133799986319017e-255	0.06869214508933452
ATP2B4_real_train_fold1.1	0.17791122050446925	0.7540076347830202	0.017512514208114435	0.0381224778173944	0.01244615268700185
EXO1_real_train_fold1	0.9171698940075572	4.877307654494844e-100	0.018474382099260788	0.05362999824352936	0.010725725649652578
MLH1_real_train_fold1	1.813e-321	1.04e-321	0.9771914689193854	0.02280853108061462	9.04e-322
MSH6_real_train_fold1	3.291764412280212e-285	4.062821374618743e-172	0.9902078387178654	0.0010689638470064654	0.008723197435128222
MSH6_real_train_fold1.1	3.4395187086627213e-233	2.604e-321	1.0	6.653791535827329e-109	5.550399945764092e-123
MSH6_real_train_fold1.2	1.3510189762990139e-117	2.172698816489763e-15	0.9910262563557876	0.0044091270614191325	0.004564616582790897
OGG1_real_train_fold1	2.072439971817441e-89	0.28025753492679656	8.908298640144186e-123	0.03871176287326047	0.6810307021999429
PMS1_real_train_fold1	1.9625342015155807e-50	0.441969912327395	0.24183020455705223	0.31619988311555286	4.339493062409908e-146
PMS2_real_train_fold1	0.5175300144870997	5.3e-322	0.4824699855129003	2.77e-322	7.46e-322
RNF168_real_train_fold1	0.9590580089788853	9.214263969823062e-57	0.040941990406788364	2.34e-321	6.143263926999209e-10
UNG_real_train_fold1	0.05760529633254306	0.10872710082671468	8.8988824493555e-156	0.8154739592814017	0.018193643559340653
ATP2B4_multinomial_train_fold1	1.0718032134440578e-220	0.8390517070282018	0.12825080350693513	4.964016355007037e-274	0.03269748946486328
ATP2B4_multinomial_train_fold1.1	0.07951519935735857	0.5804711709424658	0.04262532844358098	0.16968127468508754	0.1277070265715071
ATP2B4_multinomial_train_fold1.2	0.30303543656546594	0.6160709289588373	3.0875500453046734e-289	0.07039227438378093	0.010501360091915862
ATP2B4_multinomial_train_fold1.3	3.4063312940394425e-192	0.7569206536669789	0.09531102189744109	4.1835679807054684e-201	0.14776832443558002
ATP2B4_multinomial_train_fold1.4	0.23734887502485008	0.5998440979213764	0.023679218062707973	0.13912780899106542	5.761256279895642e-68
ATP2B4_multinomial_train_fold1.5	0.19437847810717288	0.7024217267542803	0.07393529170466309	0.029264503433883714	5.24e-322
ATP2B4_multinomial_train_fold1.6	0.06245504847128839	0.5918984753515864	0.026562890326113503	0.2072873634793104	0.11179622237170135
ATP2B4_multinomial_train_fold1.7	0.23609814484245292	0.7234503708171507	1.3218418376307874e-84	5.945011716258635e-156	0.04045148434039643
ATP2B4_multinomial_train_fold1.8	0.1504295356652623	0.8030730778415825	0.04497605196182208	0.0015213345313330679	1.8821615008104562e-251
ATP2B4_multinomial_train_fold1.9	0.14006945270471324	0.8112374524566	0.04869309483868694	4.310163776168499e-151	1.850745383569283e-254
ATP2B4_multinomial_train_fold1.10	0.11730591263527597	0.8288375182032464	0.008773607735914112	1.0967840521037285e-46	0.04508296142556357
ATP2B4_multinomial_train_fold1.11	2.161161921263842e-67	0.46043406569618606	0.07974884114408828	0.14570482081035424	0.31411227234937145
ATP2B4_multinomial_train_fold1.12	5.650222723691013e-139	0.6077193738756087	0.05734045898151446	0.036847664102522014	0.29809250304035484
ATP2B4_multinomial_train_fold1.13	0.18763022045576105	0.6592464180275474	1.6016731486027284e-139	0.15312336151669156	7.032912646951887e-278
ATP2B4_multinomial_train_fold1.14	0.022981759405906833	0.9685706478827265	0.008447592711366808	6.71795384590631e-126	1.3768921412266662e-168
ATP2B4_multinomial_train_fold1.15	7.333381776463461e-195	0.65028649274007	0.1503356509791008	5.889033699397771e-146	0.1993778562808292
ATP2B4_multinomial_train_fold1.16	1.00648061073207e-293	0.8016463908976879	0.10796761879516921	1.12e-321	0.09038599030714291
ATP2B4_multinomial_train_fold1.17	6.656266694396095e-87	0.6682794923889275	0.1375572325729005	4.996009319282765e-276	0.19416327503817213
ATP2B4_multinomial_train_fold1.18	1.6793211929346305e-210	0.7849059530295825	0.1061040150321808	0.04309249182231964	0.06589754011591693
ATP2B4_multinomial_train_fold1.19	0.06516796804355306	0.7870884122577076	0.0059415592670659986	0.14180206043167318	1.5128786514921208e-238
ATP2B4_multinomial_train_fold1.20	1.487e-321	0.8506269844131332	0.032902692455678464	8.2e-322	0.11647032313118841
ATP2B4_multinomial_train_fold1.21	0.23063152570778345	0.40795188318152065	4.3013786584133495e-132	0.1646680357221129	0.19674855538858305
ATP2B4_multinomial_train_fold1.22	0.14171050829657195	0.6902771118833433	1.8074986160294e-311	0.13393191232008872	0.03408046749999609
ATP2B4_multinomial_train_fold1.23	1.393e-321	0.6919051803037568	0.12261005577325232	1.0588829485246493e-63	0.18548476392299101
ATP2B4_multinomial_train_fold1.24	3.641407413185768e-217	0.9757273332684289	0.02427266673142088	8.94e-322	1.502458918099726e-13
ATP2B4_multinomial_train_fold1.25	0.14077484134574797	0.4179395313328347	0.04115352611037223	0.1881528189169844	0.2119792822940608
ATP2B4_multinomial_train_fold1.26	0.14079677769095644	0.6490823388145169	0.0639019442260661	8.339107444754653e-06	0.14621060016101578
ATP2B4_multinomial_train_fold1.27	0.2626958586177514	0.5476365499474489	0.10686712505611028	0.08280046637868947	5.04e-322
ATP2B4_multinomial_train_fold1.28	0.13648087449192078	0.7872993980445202	9.63912134551e-312	0.07621972746355901	6.474217482027117e-193
ATP2B4_multinomial_train_fold1.29	0.08118947752078885	0.7118098974183831	0.007483926102675414	1.3283108982021149e-226	0.19951669895815258
ATP2B4_multinomial_train_fold1.30	0.0572715398386356	0.8346674703841555	0.0650579967365044	2.0456241632874087e-136	0.04300299304070444
ATP2B4_multinomial_train_fold1.31	9.719030665141544e-103	0.9727690223075992	0.024585482320735572	0.0026454953716650597	4.288372049038923e-220
ATP2B4_multinomial_train_fold1.32	0.05873915914549572	0.8485465989522579	0.06900379525589263	1.668985322797215e-115	0.023710446646353602
ATP2B4_multinomial_train_fold1.33	1.487e-321	0.8524799050014817	0.1475200949985184	3.2129060721477234e-170	2.67e-322
ATP2B4_multinomial_train_fold1.34	0.12389030587288934	0.555423612928564	0.014861730052955999	0.13967023714557264	0.166154114000018
ATP2B4_multinomial_train_fold1.35	0.2826398057472615	0.3540838623879742	3.395528018128186e-256	0.1373100789292296	0.2259662529355348
ATP2B4_multinomial_train_fold1.36	2.2421480103256672e-220	1.0	2.6894615075399776e-231	9.4e-322	1.8669445345311222e-157
ATP2B4_multinomial_train_fold1.37	0.21920771124254343	0.7714838495780539	0.009308439179402658	1.531438880453731e-21	1.5066157437689198e-18
ATP2B4_multinomial_train_fold1.38	0.07056880579031223	0.8228855356946333	0.04166790355095654	0.017145683870428984	0.047732071093668914
ATP2B4_multinomial_train_fold1.39	4.1602443106376706e-232	0.9281202657559722	0.02116890008964898	5.781224120045538e-206	0.05071083415437878
ATP2B4_multinomial_train_fold1.40	1.274693434298358e-112	0.8488482586514855	0.0017185120338156148	2.172691157820488e-308	0.1494332293146989
ATP2B4_multinomial_train_fold1.41	0.1240009272604907	0.7847707558454762	0.02436626064925911	0.06686205624477412	2.6e-322
ATP2B4_multinomial_train_fold1.42	8.81067121911351e-96	0.6937695549346294	0.08956993287499103	2.0386390941731887e-299	0.21666051219037952
ATP2B4_multinomial_train_fold1.43	0.2333668218042547	0.5570565503622902	9.460726289941898e-158	0.09217433594875934	0.11740229188469578
ATP2B4_multinomial_train_fold1.44	0.07570773943414869	0.820847088413434	0.024234812703229386	0.07921035944918789	2.2128190123905658e-110
ATP2B4_multinomial_train_fold1.45	0.4443297773795305	0.07742273927709781	1.36e-321	0.16409309120289997	0.31415439214047164
ATP2B4_multinomial_train_fold1.46	0.19279806880628994	0.6523126044833749	7.144068845047368e-173	0.07889039038624074	0.07599893632409424
ATP2B4_multinomial_train_fold1.47	0.030231437539971498	0.8472929077502145	0.006568799265692512	0.11590685544412134	5.24e-322
ATP2B4_multinomial_train_fold1.48	2.236541812514535e-229	0.9747642433732127	1.344e-321	5.768022802077902e-219	0.025235756626787384
ATP2B4_multinomial_train_fold1.49	0.21551606909530888	0.609429876023418	1.728717848856554e-101	0.08229832108240276	0.09275573379887034
ATP2B4_multinomial_train_fold1.50	3.311419483403152e-47	0.8579978841784639	0.06526153173449262	0.07674058408704343	1.3508292602910833e-161
ATP2B4_multinomial_train_fold1.51	0.13509347320238516	0.8365502665472847	1.680939568357925e-217	6.213324492530341e-288	0.0283562602503301
ATP2B4_multinomial_train_fold1.52	0.1711681565842911	0.542846372893709	0.04163422379960557	0.09319798328038172	0.15115326344201258
ATP2B4_multinomial_train_fold1.53	0.26063350151202075	0.6012969787694513	0.00011082735863198068	0.06808566718418747	0.06987302517570854
ATP2B4_multinomial_train_fold1.54	0.16743022171452934	0.8292709801984441	0.003298798086755635	8.056886358477923e-125	2.708760901707745e-13
ATP2B4_multinomial_train_fold1.55	3.0406976713214494e-248	0.9400217602357713	0.05997823976422852	6.156362903246007e-209	1.0049616321572007e-22
ATP2B4_multinomial_train_fold1.56	0.2596596409723527	0.7403403590276473	1.49e-321	2.881272092365669e-28	5.14e-322
ATP2B4_multinomial_train_fold1.57	2.8404459958657e-103	0.9892170551866604	1.269111199290776e-15	1.9097474279088902e-266	0.010782944813338531
ATP2B4_multinomial_train_fold1.58	2.165021228422008e-27	0.857738573796393	0.04719052351718007	1.640680393583918e-157	0.09507090268642694
ATP2B4_multinomial_train_fold1.59	0.09442627935668163	0.7476391095080546	2.715861175716039e-62	0.15784851404166703	8.6097093596825e-05
ATP2B4_multinomial_train_fold1.60	0.07600644841777555	0.7682685686987183	0.06586133653783485	0.08986364634567123	4.6e-322
ATP2B4_multinomial_train_fold1.61	4.047133165063442e-263	0.7808197323238926	0.13981234030064324	4.069454376890534e-176	0.07936792737546419
ATP2B4_multinomial_train_fold1.62	0.1495192286992296	0.6910509123029785	0.02029692651002032	0.047973608980121464	0.09115932350765016
ATP2B4_multinomial_train_fold1.63	0.04545293056257872	0.6211419167041283	0.11260500180677786	2.127017416746298e-15	0.22080015092651292
ATP2B4_multinomial_train_fold1.64	0.2336447995987006	0.6624096303954321	0.05740999894211129	0.04653557106375603	8.20722804006508e-76
ATP2B4_multinomial_train_fold1.65	8.50873386522434e-126	0.8047368270928834	0.12134652259750428	2.337772502020628e-208	0.07391665030961225
ATP2B4_multinomial_train_fold1.66	4.685626161564028e-224	0.8784042399833688	0.06255011469185619	1.003e-321	0.05904564532477497
ATP2B4_multinomial_train_fold1.67	1.304e-321	0.8218027929169596	0.11637962974625868	9.14e-322	0.0618175773367819
ATP2B4_multinomial_train_fold1.68	3.37180795537604e-184	0.9256751078720018	0.07432489212799814	1.3937547322032582e-154	2.17e-322
ATP2B4_multinomial_train_fold1.69	3.1010964737088385e-18	0.6493360381698192	0.08577453532087911	0.037095199015145866	0.2277942274941558
ATP2B4_multinomial_train_fold1.70	0.32253694202659566	0.48799251582208136	0.055118841678755005	0.13435170047256786	6.4e-322
ATP2B4_multinomial_train_fold1.71	0.13264898909901013	0.5583477157903077	0.034454784957153484	0.1048122916761874	0.16973621847734127
ATP2B4_multinomial_train_fold1.72	1.1609562941372864e-205	0.8845163132932531	0.016219708688374853	9.7e-322	0.09926397801837218
ATP2B4_multinomial_train_fold1.73	4.547733492157718e-253	0.9791130376748838	0.009473209603669307	7.6e-322	0.011413752721446933
ATP2B4_multinomial_train_fold1.74	1.410617827813553e-144	0.6293099191073714	0.15754145846556375	6.77e-322	0.21314862242706475
ATP2B4_multinomial_train_fold1.75	0.17112606550999776	0.6106567555552345	0.06527475685376669	0.059228648599422846	0.09371377348157842
ATP2B4_multinomial_train_fold1.76	0.29790021487783563	0.6978865905251009	1.43e-321	0.001574229546402276	0.0026389650506612756
ATP2B4_multinomial_train_fold1.77	1.57e-321	0.9000974748144729	0.08876271789297424	1.07e-321	0.011139807292552917
ATP2B4_multinomial_train_fold1.78	0.19176022985451893	0.6482041380479149	0.004732934744770105	0.1160163332671097	0.03928636408568645
ATP2B4_multinomial_train_fold1.79	0.0023573666901184746	0.8434899997573478	0.09699474655949618	7.36e-322	0.057157886993037525
ATP2B4_multinomial_train_fold1.80	1.705e-321	0.8816545319091547	0.11834546809084537	8.15e-322	2.2640271055007027e-99
ATP2B4_multinomial_train_fold1.81	0.26954785009113835	0.7304521499088616	1.192429282985653e-161	3.967163781814609e-73	1.2406431633679493e-22
ATP2B4_multinomial_train_fold1.82	4.107992034867057e-265	0.8828192292717307	0.02092708462513069	1.4125239368919754e-214	0.09625368610313853
ATP2B4_multinomial_train_fold1.83	0.20451029013665883	0.7911546705071987	1.695e-321	0.004335039356142449	1.0272602131483559e-232
ATP2B4_multinomial_train_fold1.84	0.27082923439913803	0.7036586842360723	6.457789658027155e-72	0.025512081364789826	4.9e-322
ATP2B4_multinomial_train_fold1.85	0.23275478698186453	0.5693975408272103	4.0979593218159305e-10	3.388427188661767e-162	0.19784767178112941
ATP2B4_multinomial_train_fold1.86	0.44095691539299864	0.3652077281664556	4.171216383522024e-228	0.08173343187724065	0.11210192456330517
ATP2B4_multinomial_train_fold1.87	0.11652522532772087	0.8576981227098796	0.021465695650379778	9.723751053322134e-38	0.004310956312019916
ATP2B4_multinomial_train_fold1.88	0.22941318883623732	0.6914494934836208	1.586e-321	0.049197227206270046	0.029940090473871757
ATP2B4_multinomial_train_fold1.89	1.965595128265806e-177	0.6786260180301242	0.13969129554839896	0.019839738586403373	0.16184294783507353
ATP2B4_multinomial_train_fold1.90	0.15628517304675588	0.8197960856261826	8.232568770827222e-142	0.021457162748118062	0.0024615785789433614
ATP2B4_multinomial_train_fold1.91	0.33951036029834003	0.48170047702190355	1.7109067310227157e-129	0.0911625142138914	0.08762664846586515
ATP2B4_multinomial_train_fold1.92	9.63e-322	0.8904271040604144	0.10957289593958575	3.7198472032296553e-236	2.420490533498883e-127
ATP2B4_multinomial_train_fold1.93	7.11405127277452e-49	0.7641012033813188	0.08895437137005056	0.08128647663618052	0.06565794861245007
ATP2B4_multinomial_train_fold1.94	0.18775382664647045	0.6850553132884072	3.1937385945145504e-234	0.04824093024492904	0.07894992982019329
ATP2B4_multinomial_train_fold1.95	1.477e-321	0.7819294808544784	0.15836760823940157	5.8e-322	0.05970291090611984
ATP2B4_multinomial_train_fold1.96	1.877e-321	0.6866685222335704	0.11016609864273634	0.11443179144781544	0.08873358767587784
ATP2B4_multinomial_train_fold1.97	0.14931908252683515	0.8070109505601659	2.13e-321	0.04366996691299906	1.08618424026564e-309
EXO1_multinomial_train_fold1	0.8442511538250603	7.680068825347639e-23	0.019529265281178584	0.13416863707267945	0.0020509438210817937
EXO1_multinomial_train_fold1.1	0.9581094405946171	1.507e-321	0.034957719386819415	0.00693284001856343	1.245e-321
EXO1_multinomial_train_fold1.2	0.8620505000400068	1.8475425840468231e-19	0.04520500959353501	0.08265837789627513	0.010086112470183175
RNF168_multinomial_train_fold1	0.9999999999999999	7.7e-322	3.9110721396960724e-98	1.21e-321	3.16e-322
RNF168_multinomial_train_fold1.1	0.9842217883006393	8.8e-322	0.015778211699360507	1.32e-321	5.8e-322
RNF168_multinomial_train_fold1.2	0.9508402579459011	0.02278875361772228	0.010266185514729792	0.01610480292164684	1.8154616784852614e-96
EXO1_multinomial_train_fold1.3	0.9674906895583771	1.3395232639878668e-196	0.02399583759061783	0.0010092780422264616	0.007504194808778617
RNF168_multinomial_train_fold1.3	1.0	1.04e-321	6.334349576876653e-185	6.5e-322	4.25e-322
RNF168_multinomial_train_fold1.4	0.9708524235610889	1.8479874185141982e-267	0.029147576438911162	1.45e-321	1.12e-321
RNF168_multinomial_train_fold1.5	0.8901085719016025	1.0973078497706409e-133	0.07273387971049296	1.1527129052671388e-300	0.03715754838790444
RNF168_multinomial_train_fold1.6	0.991902109372913	5.63e-322	0.00809789062708693	9.4e-322	3.1e-322
EXO1_multinomial_train_fold1.4	0.9200465091207112	0.03317454970798638	0.014729935227905734	0.029317939138095144	0.0027310668053016542
RNF168_multinomial_train_fold1.7	1.0	9.54e-322	1.517e-321	6e-322	3.9e-322
RNF168_multinomial_train_fold1.8	0.9291164023513292	0.03563808939329807	0.03524550821214125	4.323143302699543e-11	4.1666734179641095e-84
RNF168_multinomial_train_fold1.9	0.8789530224172671	4.042133969279847e-295	0.11291838194140458	1.764e-321	0.008128595641328432
RNF168_multinomial_train_fold1.10	0.8206718958327693	0.020692956890462463	0.11404332052203625	0.04459182675473207	2.1357137510361376e-281
RNF168_multinomial_train_fold1.11	1.0	1.576e-321	3.426917578568266e-85	1.32e-321	2.87e-322
RNF168_multinomial_train_fold1.12	0.9283336258848197	1.14e-321	0.07166637411518038	1.63e-321	4.74e-322
RNF168_multinomial_train_fold1.13	0.9037194839857234	8.010354473049869e-196	0.019583049701295773	1.314e-321	0.07669746631298084
RNF168_multinomial_train_fold1.14	1.0	1.22e-321	6.583626613224562e-168	8.8e-322	8.254107017080265e-65
EXO1_multinomial_train_fold1.5	0.924670675076614	2.3407389603134595e-21	0.006167251304483692	0.0584911769576559	0.010670896661246397
RNF168_multinomial_train_fold1.15	0.9706733820738751	3.6015754703299673e-264	0.021893907409130865	1.3301269948288729e-205	0.007432710516994065
EXO1_multinomial_train_fold1.6	0.9381285489676612	0.005681717535580927	0.001034127721853241	0.05515560577490382	8.401223528162985e-16
EXO1_multinomial_train_fold1.7	0.9360884737234026	5.23018231817455e-97	0.028603187980629944	0.029050286817418954	0.006258051478548567
RNF168_multinomial_train_fold1.16	0.8767057725917913	0.08051713658053651	0.0427770908276722	2.085e-321	1.24e-321
EXO1_multinomial_train_fold1.8	0.8709387918311248	2.537524338528697e-93	0.0583493013945152	0.04653074172804761	0.02418116504631244
EXO1_multinomial_train_fold1.9	0.9122752039917204	1.7712737546483407e-73	0.0414861741541443	0.029916275999912954	0.016322345854222417
EXO1_multinomial_train_fold1.10	0.9306986454638411	7.497701622243578e-39	1.0016811942828512e-152	0.05063126026388461	0.018670094272274337
EXO1_multinomial_train_fold1.11	0.8928973184025533	2.3748202413111312e-135	0.007415569633683647	0.06615932981433809	0.03352778214942508
EXO1_multinomial_train_fold1.12	0.9292248848273877	1.103030384532482e-137	0.020946810711672068	0.024504410940028327	0.025323893520912015
EXO1_multinomial_train_fold1.13	0.9575216910499325	1.3146387223327514e-88	1.75709698140295e-06	0.02503625959765051	0.017440292255435624
RNF168_multinomial_train_fold1.17	0.927594437271077	5.776381048007187e-302	0.07240556272892287	1.986e-321	3.36e-322
EXO1_multinomial_train_fold1.14	0.9177700373578849	4.873759803867324e-67	0.004011202543707366	0.07373300249581559	0.004485757602592288
RNF168_multinomial_train_fold1.18	0.8315401076663691	0.08529480228314106	0.08316509005048996	8.281251843556404e-169	4.2846309386851206e-127
EXO1_multinomial_train_fold1.15	0.8520018071627673	2.980633568313247e-151	0.02908328501130921	0.08018594261278764	0.03872896521313579
RNF168_multinomial_train_fold1.19	0.8761093225211275	8.45e-322	0.11846743978424508	7.66e-322	0.005423237694627386
RNF168_multinomial_train_fold1.20	0.9092163209838371	2.7511440051195216e-28	0.0473617944261845	1.52203051026375e-286	0.04342188458997834
RNF168_multinomial_train_fold1.21	0.882380641492695	5.763425821213021e-209	0.08819968789732867	0.029419670609976318	3.009949451912681e-85
EXO1_multinomial_train_fold1.16	0.9240000213000457	0.009749444877085359	0.0022279053276720493	0.06402262849519688	5.370101129984904e-114
EXO1_multinomial_train_fold1.17	0.9164527908741747	5.103646033975889e-66	0.01165544150631757	0.05587451376108316	0.016017253858424545
EXO1_multinomial_train_fold1.18	0.8983690342029717	1.0246461926547538e-134	0.020012618950830542	0.06429736271644013	0.017320984129757553
RNF168_multinomial_train_fold1.22	0.9469962711741822	0.03246373146825498	1.84e-321	9.2e-322	0.02053999735756285
RNF168_multinomial_train_fold1.23	0.9999999999999999	3.95e-322	1.89e-321	1.25e-321	1.63e-322
EXO1_multinomial_train_fold1.19	0.858013851732264	3.4356081891867736e-63	0.04822139446174841	0.0685565893078457	0.025208164498141856
RNF168_multinomial_train_fold1.24	0.9172108146379242	1.4887575614557911e-171	0.05743856300369789	4.4198237859074184e-219	0.025350622358377935
EXO1_multinomial_train_fold1.20	0.9344950412311974	1.947e-321	0.03685131344745699	0.02865364532134565	1.01e-321
RNF168_multinomial_train_fold1.25	1.0	1.225e-321	1.3e-321	1.03e-321	6.523022677757818e-219
RNF168_multinomial_train_fold1.26	0.9323556828001522	3.651250325110529e-64	0.06617115049949399	0.0014731667003536296	6.27e-322
EXO1_multinomial_train_fold1.21	0.9413004812294495	4.091692483208336e-27	1.2729902433440916e-236	0.052182598642985065	0.006516920127565401
RNF168_multinomial_train_fold1.27	0.7481575949627082	0.06187941642262593	0.1659516387181165	3.591475788109654e-149	0.02401134989654938
EXO1_multinomial_train_fold1.22	0.9059009262415123	1.730467752749197e-77	0.015309941818720876	0.06223657231505919	0.016552559624707516
RNF168_multinomial_train_fold1.28	0.8865956003387988	0.021925450669985577	0.09147894899121567	1.3258169257431307e-167	5.83e-322
RNF168_multinomial_train_fold1.29	0.8179098451616503	0.0766291145383829	0.09088725374628695	2.386e-321	0.014573786553679819
EXO1_multinomial_train_fold1.23	0.939388963700415	1.902410079314964e-18	1.311678933860737e-17	0.03513404270290749	0.02547699359667735
EXO1_multinomial_train_fold1.24	0.9179648248163037	3.149078380101972e-266	0.015861345307026143	0.04497616699786027	0.021197662878810027
RNF168_multinomial_train_fold1.30	0.9211784849520339	0.04237402430815251	0.03451873446890425	2.132478398082787e-64	0.001928756270909264
RNF168_multinomial_train_fold1.31	0.9388639832785104	0.053836755867089366	0.007299260854400093	2.3145572361945303e-140	6.1e-322
RNF168_multinomial_train_fold1.32	0.7466895072154424	0.1279953498726719	0.12531514291188572	1.166e-321	1.0961423503521878e-117
RNF168_multinomial_train_fold1.33	0.8677160852060486	1.87e-321	0.13228391479395135	1.2434089147424875e-78	1.2905607255050389e-253
EXO1_multinomial_train_fold1.25	0.8768024100773931	0.00015747800889574342	5.020420584159004e-185	0.12065309664709994	0.002387015266611133
EXO1_multinomial_train_fold1.26	0.9316780240678568	2.741818070425292e-20	5.818480472044845e-27	0.060621273045492176	0.0077007028866509526
EXO1_multinomial_train_fold1.27	0.9493005980854858	1.1138314032108446e-201	4.920440748527472e-84	0.04490281625271109	0.005796585661803076
EXO1_multinomial_train_fold1.28	0.8317701666516313	4.475737212324942e-31	0.045248016760381767	0.1078802954704648	0.015101521117522087
RNF168_multinomial_train_fold1.34	0.9776848187495024	1.764e-321	0.014875052246577737	1.344e-321	0.007440129003919976
RNF168_multinomial_train_fold1.35	0.9056269442318527	4.5694077228098406e-188	0.06791916707553884	9.24e-322	0.02645388869260828
RNF168_multinomial_train_fold1.36	0.8042046265777429	6.508678598302147e-93	0.1330167208966526	1.107e-321	0.06277865252560454
EXO1_multinomial_train_fold1.29	0.9208338463659484	2.017942395016815e-159	0.01843710961846026	0.04946448545827883	0.011264558557312425
EXO1_multinomial_train_fold1.30	0.9456059141229466	9.283234606664487e-119	6.033109817160325e-128	0.04822280235065606	0.006171283526397371
EXO1_multinomial_train_fold1.31	0.9529510137025796	7.672001765634363e-150	0.015485523613131037	0.031563462684289244	1.115713593600247e-62
RNF168_multinomial_train_fold1.37	0.9316395591416236	9.73e-322	0.06836044085837661	9.5e-322	9.73e-322
RNF168_multinomial_train_fold1.38	0.9592256518361364	0.040774348163863654	4.349862434325457e-174	1.596e-321	2.5492569086200787e-294
EXO1_multinomial_train_fold1.32	0.9229403002240019	4.479758226692312e-158	0.006802457430903224	0.05623583795887468	0.014021404386220253
RNF168_multinomial_train_fold1.39	0.8123691816078225	6.9e-322	0.18763081839217752	2.164e-321	4e-322
EXO1_multinomial_train_fold1.33	0.9232940028857918	3.943610816000398e-114	3.478534063051013e-67	0.06739967606667865	0.009306321047529636
EXO1_multinomial_train_fold1.34	0.8755742379573515	4.289743511045764e-119	0.024184021296127227	0.10024174074652126	8.618416712839212e-211
EXO1_multinomial_train_fold1.35	0.8895687408223472	2.4611185255582535e-121	0.05859121031851538	0.044947326871839485	0.006892721987298005
RNF168_multinomial_train_fold1.40	1.0	7.1e-322	1.46768109339305e-31	1.56e-321	4.35e-322
EXO1_multinomial_train_fold1.36	0.9331585088477413	1.6490433004527184e-128	1.566182856405094e-21	0.06684149115225871	8.87183891162115e-129
EXO1_multinomial_train_fold1.37	0.8966580207177341	0.02619784765496622	1.6758766293502047e-59	0.07714413162729952	1.1952523448037961e-23
EXO1_multinomial_train_fold1.38	0.9195466576903472	7.196060956439584e-126	0.07155263869861365	0.008900703611039161	5.5085499901173753e-154
RNF168_multinomial_train_fold1.41	0.956383162475723	0.043582843983379	2.041395623383725e-256	3.39935408981323e-05	2.696109155925606e-128
EXO1_multinomial_train_fold1.39	0.9187898723844213	2.5644772405238598e-138	0.022864758182330684	0.035723797458152004	0.022621571975095952
EXO1_multinomial_train_fold1.40	0.9882020359334913	1.96e-321	2.0956951942616363e-124	0.011797964066508695	1.41e-321
EXO1_multinomial_train_fold1.41	0.861838969684588	7.72013507795065e-106	0.01718757591709743	0.09462092441172373	0.02635252998659088
RNF168_multinomial_train_fold1.42	0.9480763238574689	3.85e-322	0.05192367614253114	1.18e-321	1.6e-322
RNF168_multinomial_train_fold1.43	0.9553112976826255	1.206e-321	0.04468870231737447	1.98e-321	1e-321
EXO1_multinomial_train_fold1.42	0.8333636211254465	5.169420748942022e-158	0.07447003118275604	0.056129375320840086	0.03603697237095747
EXO1_multinomial_train_fold1.43	0.9012449379903367	1.4411565871725074e-201	0.04833982921092169	0.02522054711639043	0.025194685682351267
RNF168_multinomial_train_fold1.44	0.9852304070029697	0.010695367346855554	2.836e-321	0.0040742256501749	6.656201648260513e-121
EXO1_multinomial_train_fold1.44	0.9010314033554828	8.989995940616795e-23	0.03571810315318843	0.04081655360312463	0.022433939888204146
EXO1_multinomial_train_fold1.45	0.9209110519014512	1.2558975238816347e-60	0.022778019621225047	0.04536782606545598	0.010943102411867665
RNF168_multinomial_train_fold1.45	0.8359632890796389	1.142221886193133e-229	0.12905847662515896	3.147804820995036e-163	0.03497823429520232
EXO1_multinomial_train_fold1.46	0.9254542552894593	1.1896293388321716e-107	0.022227896345839143	0.045557534135624356	0.006760314229077224
RNF168_multinomial_train_fold1.46	0.8607102805371728	2.5286278302749667e-179	0.1132879778757922	5.579924673e-315	0.026001741587034853
RNF168_multinomial_train_fold1.47	0.9321121823170061	1.81e-321	0.06788781768299378	7.071211812753904e-77	6.67e-322
EXO1_multinomial_train_fold1.47	0.8846182213188434	3.9615405221087606e-32	0.042280178774543965	0.07310159990661277	4.394270928964047e-167
RNF168_multinomial_train_fold1.48	0.9928337393408929	1.176e-321	1.1449280525857948e-188	1.003e-321	0.007166260659107106
EXO1_multinomial_train_fold1.48	0.9196280864721899	6.7343774245256535e-158	0.0013520989622418304	0.0790198145655683	6.845149023399788e-130
MSH6_multinomial_train_fold1	0.01266527481155289	1.3212965977128524e-167	0.9682808307263672	0.019053894462079928	4.4810835492664673e-281
MSH6_multinomial_train_fold1.1	1.556e-321	8.2e-322	0.9999999999999999	1.4057992160469655e-249	6.47e-322
MSH6_multinomial_train_fold1.2	3.216e-321	1.0220710770847216e-242	0.9865150255522946	8.172559235461488e-190	0.013484974447705366
PMS1_multinomial_train_fold1	2.39375118314651e-146	0.5332607307488766	0.32645863902660804	0.14028063022451534	1.274e-320
MSH6_multinomial_train_fold1.3	1.7727948996597382e-30	5.351989157643986e-14	0.9953682591761983	2.785912685083185e-193	0.004631740823748247
MLH1_multinomial_train_fold1	1.7e-321	1.21e-321	0.9705996484384855	0.02940035156151452	1.4e-321
PMS2_multinomial_train_fold1	0.5004006332109947	5.04e-322	0.49959936678900513	2.57e-322	7.07e-322
MSH6_multinomial_train_fold1.4	2.986065048315186e-11	1.4632271514799763e-234	0.9910079247774759	2.2838829933927353e-166	0.008992075192663448
MSH6_multinomial_train_fold1.5	3.206e-321	3.27205e-319	0.9990246100451244	2.7614043261609824e-28	0.0009753899548755735
MSH6_multinomial_train_fold1.6	1.532014626839023e-144	1.19e-321	1.0	2.4694074597097285e-178	7e-322
MSH6_multinomial_train_fold1.7	3.311657241896836e-188	1.46e-321	0.9991558929859311	1.5804030119e-313	0.0008441070140688741
MSH6_multinomial_train_fold1.8	4.224853418117947e-43	4.734765468419062e-17	0.9884006250673611	1.0826894659609085e-17	0.011599374932638731
MSH6_multinomial_train_fold1.9	2.48e-321	1.6745992204685855e-227	0.9825070090130379	8.09690698487926e-35	0.017492990986961977
MSH6_multinomial_train_fold1.10	9.586738727230159e-158	0.003501924158358306	0.9911797157436277	0.005318360098013959	1.1790915715164745e-168
MSH6_multinomial_train_fold1.11	2.085e-321	3.3921806970399107e-293	0.9482179454501072	0.04461980816055581	0.00716224638933692
PMS2_multinomial_train_fold1.1	0.5586528918721132	4.94e-322	0.4413471081278867	2.57e-322	9.14e-322
PMS2_multinomial_train_fold1.2	0.5562856703863608	4.94e-322	0.44371432961363905	2.57e-322	9.14e-322
MSH6_multinomial_train_fold1.12	6.512244166465162e-207	1.734e-321	1.0	5.332950162541161e-107	2.05e-321
MSH6_multinomial_train_fold1.13	2.8e-321	4.1711204824831045e-139	0.9892832887365784	2.3619278562043905e-63	0.010716711263421523
MSH6_multinomial_train_fold1.14	2.724121187971328e-159	2.01e-321	0.9927642258123521	1.6741923919718575e-224	0.007235774187647817
MLH1_multinomial_train_fold1.1	2.085e-321	1.01e-321	0.9644388053073687	0.03556119469263141	1.744e-321
PMS1_multinomial_train_fold1.1	1.8516207090214035e-115	0.3799809541322462	0.21273508899551724	0.4072839568722365	5.6e-322
MLH1_multinomial_train_fold1.2	1.5e-321	7.9e-322	1.0	8.558438852148553e-96	6.27e-322
PMS1_multinomial_train_fold1.2	1.96e-321	0.18991867948814728	0.24781759805610293	0.434833726354221	0.1274299961015287
PMS1_multinomial_train_fold1.3	1.1251859686493069e-159	0.3830920977941463	0.2533385508497832	0.36356935135607044	1.339727114875655e-256
PMS2_multinomial_train_fold1.3	0.5230063498312847	5.4e-322	0.47699365016871526	2.77e-322	7.5e-322
MSH6_multinomial_train_fold1.15	7.231768447789687e-165	0.004158177112323945	0.9899099863053266	9.124932385559069e-110	0.005931836582349458
MSH6_multinomial_train_fold1.16	2.11e-321	2.9664475403593318e-201	0.9744056125419064	0.025594387458093587	9.12e-320
PMS1_multinomial_train_fold1.4	5.205044636981662e-167	0.5664379365922941	0.20873921612444812	0.22482284728325777	1.5350463223634274e-232
PMS1_multinomial_train_fold1.5	0.013433300880209683	0.232315402726631	0.16873259666977666	0.5855186997233827	3.66e-322
MLH1_multinomial_train_fold1.3	2.856e-321	1.91e-321	0.9783607321883209	0.021638973471319514	2.943403595815417e-07
MSH6_multinomial_train_fold1.17	1.64438013758523e-138	1.3781527194536068e-172	0.9871292521357209	0.012870747864279022	1.3178925988210298e-158
MSH6_multinomial_train_fold1.18	1.8113882787502883e-233	4.4399277428691236e-197	0.9952229088517894	5.9545996115500326e-27	0.004777091148210524
PMS1_multinomial_train_fold1.6	0.019220011764688936	0.22639090033231837	0.31995794878828954	0.33701984781440675	0.09741129130029648
MSH6_multinomial_train_fold1.19	2.2e-321	8.3e-322	1.0	1.79e-321	1.304e-321
PMS1_multinomial_train_fold1.7	9.394892693579003e-26	0.41635020244187615	0.17839899465399897	0.4052508029041249	3.75e-322
MLH1_multinomial_train_fold1.4	1.51e-321	8e-322	0.9999999999999999	1.9798455456098884e-141	6.27e-322
MSH6_multinomial_train_fold1.20	2.157916756058921e-148	2.606114713506969e-91	0.996738422749288	6.340775755711496e-123	0.0032615772507119957
MSH6_multinomial_train_fold1.21	2.3042052770657998e-260	2.01e-321	0.9983339587181443	3.174445990007122e-165	0.0016660412818557098
PMS1_multinomial_train_fold1.8	0.0319812002337358	0.5187868426853459	0.13506326985778708	0.30099671048254756	0.013171976740583614
MSH6_multinomial_train_fold1.22	2.84e-321	1.319007059404692e-209	0.9812481047028081	0.015211191467382352	0.00354070382980957
MLH1_multinomial_train_fold1.5	1.497e-321	7.56e-322	0.9546149125877335	0.0453850874122664	1.16e-321
MSH6_multinomial_train_fold1.23	9.936673068632147e-290	3.649134337296427e-210	0.9901607395080971	5.355649253698189e-41	0.00983926049190302
MSH6_multinomial_train_fold1.24	2.971152942407491e-196	2.4369584662924297e-08	0.9935825712215126	5.744606820039932e-159	0.006417404408902693
MLH1_multinomial_train_fold1.6	1.443e-321	7.26e-322	0.9543818229076757	0.04561817709232435	5.6e-322
PMS2_multinomial_train_fold1.4	0.5356545714002157	5.1e-322	0.4643454285997844	2.67e-322	7.07e-322
PMS1_multinomial_train_fold1.9	1.1330787192300823e-244	0.4410529743794309	0.33853352847031	0.17164880105049657	0.04876469609976258
PMS2_multinomial_train_fold1.5	0.5235250745724753	2.67e-322	0.4764749254275245	2.77e-322	5e-322
MSH6_multinomial_train_fold1.25	1.4078449045664774e-214	1.7658390337297368e-41	0.9747007084033954	0.02157768229534494	0.003721609301259545
PMS2_multinomial_train_fold1.6	0.5154663459719527	5.2e-322	0.48453365402804727	2.67e-322	7.26e-322
PMS2_multinomial_train_fold1.7	0.4897578826563264	2.77e-322	0.5102421173436738	2.8e-322	5.24e-322
PMS1_multinomial_train_fold1.10	1.69563120134858e-124	0.20872223439735604	0.18619496176449896	0.46090597070296724	0.14417683313517782
MLH1_multinomial_train_fold1.7	1.833e-321	7.86e-322	0.9772332793347079	0.022766720665291933	6.1e-322
PMS2_multinomial_train_fold1.8	0.5389344993209493	4.94e-322	0.46106550067905067	2.57e-322	6.9e-322
PMS1_multinomial_train_fold1.11	0.12475189542334233	0.3402345423371065	0.2712543831450124	0.26375917909453866	2.9340274935779867e-90
MSH6_multinomial_train_fold1.26	3.57879691621585e-89	1.4495424499073736e-298	0.996827688344571	5.967958728321769e-205	0.0031723116554289756
PMS1_multinomial_train_fold1.12	5.286327768217074e-103	0.41571331381183274	0.2043314002140252	0.3799552859741421	7.76e-322
MSH6_multinomial_train_fold1.27	2.796e-321	9.96934299978686e-247	0.9941290377488489	2.8371775477219423e-101	0.005870962251151019
PMS2_multinomial_train_fold1.9	0.5493289810368627	4.94e-322	0.45067101896313744	2.57e-322	6.9e-322
MLH1_multinomial_train_fold1.8	2.76e-321	1.823e-321	0.9643401439351135	0.03565985606488667	2.1e-321
PMS1_multinomial_train_fold1.13	2.3302412459796308e-97	0.5486181683186613	0.23618967074626118	0.2151921609350777	5.53e-322
MSH6_multinomial_train_fold1.28	9.21168640126303e-199	6.698430371016835e-266	0.9992772022997796	4.1375906117757173e-97	0.0007227977002203764
PMS2_multinomial_train_fold1.10	0.5651219173153128	4.9e-322	0.43487808268468714	2.57e-322	6.77e-322
PMS2_multinomial_train_fold1.11	0.5411313010711349	5.24e-322	0.458868698928865	2.77e-322	1.94e-321
MSH6_multinomial_train_fold1.29	2.95e-321	1.15e-321	1.0	1.7920090080645745e-232	1.36e-321
PMS2_multinomial_train_fold1.12	0.527025892615802	5.24e-322	0.4729741073841979	2.77e-322	7.3e-322
MSH6_multinomial_train_fold1.30	2.905e-321	1.705e-321	1.0	3.717361131100497e-152	2.68e-321
MLH1_multinomial_train_fold1.9	1.196e-321	7.9e-322	1.0	1.2188791848317025e-37	6.2e-322
MLH1_multinomial_train_fold1.10	1.793e-321	1.31e-321	1.0	3.546062667484653e-18	1.546e-321
PMS1_multinomial_train_fold1.14	1.0024800056083157e-95	0.4769813099322511	0.28696772314861635	0.23605096691913258	6.97e-322
MLH1_multinomial_train_fold1.11	1.49e-321	7.86e-322	0.9992591552139515	0.000740844786048577	9.3e-322
PMS2_multinomial_train_fold1.13	0.4905913814479532	5.34e-322	0.5094086185520468	2.67e-322	5e-322
PMS1_multinomial_train_fold1.15	5.823891257024397e-26	0.5979930923629803	0.13867071620028423	0.26333619143673553	4.15e-322
MSH6_multinomial_train_fold1.31	6.338225367174117e-307	1.633134368302437e-89	0.9757081872749879	0.022752333646566723	0.0015394790784453588
MLH1_multinomial_train_fold1.12	3.157e-321	1.625e-321	0.9751674771589938	0.024832522841006316	1.887e-321
PMS2_multinomial_train_fold1.14	0.5103296218569227	2.77e-322	0.4896703781430775	2.8e-322	5.14e-322
MSH6_multinomial_train_fold1.32	2.7811721875373933e-283	5.411133262234419e-280	0.9965094151998418	1.169548324640157e-87	0.003490584800158125
PMS2_multinomial_train_fold1.15	0.49895520126429077	2.6e-322	0.5010447987357092	2.67e-322	5e-322
MLH1_multinomial_train_fold1.13	1.45e-321	9.63e-322	0.9425861521749155	0.05741384782508461	8.2e-322
MSH6_multinomial_train_fold1.33	1.6374487051200983e-229	1.433e-321	1.0	8.948827566431143e-237	1.695e-321
MSH6_multinomial_train_fold1.34	6.649395897396778e-277	1.3177641946578767e-241	0.9855970249978763	6.938728162003818e-32	0.014402975002123728
MSH6_multinomial_train_fold1.35	6.667022344010163e-21	6.934085255656494e-152	0.999634303678863	0.00036569632113706	2.006e-321
MSH6_multinomial_train_fold1.36	4.878883850798394e-237	6.107e-321	0.9892301964862693	1.3310904322202781e-123	0.010769803513730698
PMS2_multinomial_train_fold1.16	0.4498493352288967	5.93e-322	0.5501506647711033	2.96e-322	1.126e-321
PMS1_multinomial_train_fold1.16	1.6404544868506488e-251	0.38531596253586975	0.2657176123642687	0.3329766121422223	0.015989812957639217
PMS2_multinomial_train_fold1.17	0.4684737147654463	5.43e-322	0.5315262852345537	2.77e-322	1.04e-321
PMS2_multinomial_train_fold1.18	0.4942429032196272	5.5e-322	0.5057570967803726	2.77e-322	1.033e-321
MSH6_multinomial_train_fold1.37	2.3325566525676786e-196	2.036e-321	1.0	1.4996163525178818e-208	3.697621614108381e-209
MSH6_multinomial_train_fold1.38	2.6565104858842025e-198	2.495e-321	0.9888894283680425	3.955115786735058e-108	0.011110571631957547
MSH6_multinomial_train_fold1.39	3.703996583959621e-269	1.675e-321	0.9890821963762684	1.2377014421840627e-261	0.010917803623731577
PMS2_multinomial_train_fold1.19	0.5050607127425022	5.4e-322	0.49493928725749775	2.77e-322	1.0772488774288237e-239
MSH6_multinomial_train_fold1.40	2.307e-321	1.453e-321	0.9999999999999999	1.88e-321	9.651179201195931e-173
MSH6_multinomial_train_fold1.41	6.913981776825279e-84	0.033104255488259356	0.9635406183616595	0.0033551261500812603	1.2963538084589559e-27
PMS1_multinomial_train_fold1.17	2.69278387314446e-239	0.31568440055631164	0.13300647559757567	0.5212120733986697	0.030097050447442927
OGG1_multinomial_train_fold1	2.2806494826589672e-191	0.20917939150178466	3.1544982497453805e-190	0.05391453624985989	0.7369060722483554
UNG_multinomial_train_fold1	2.291585642915561e-162	0.08949029733277862	0.020965526983467996	0.8895441756837533	8.94e-322
UNG_multinomial_train_fold1.1	0.029174499192121076	0.12530141976501064	8.570242434909956e-177	0.8344202461717896	0.011103834871078726
UNG_multinomial_train_fold1.2	0.14401904455711825	0.2540515312083417	5.781287698970126e-89	0.6019294242345402	2.107149453773237e-303
OGG1_multinomial_train_fold1.1	1.1571144883593614e-48	0.2322520479465264	0.028897440255608833	0.08516102964979536	0.6536894821480694
UNG_multinomial_train_fold1.3	0.14817919202991184	0.1071362184309033	1.49e-321	0.7413464605438919	0.003338128995292936
UNG_multinomial_train_fold1.4	0.06853073779051355	5.1278113994176585e-23	7.07e-322	0.9075851462118204	0.023884115997666027
UNG_multinomial_train_fold1.5	0.0024548989497666105	0.2291718241942127	0.006788634196386172	0.7615846426596347	8e-322
UNG_multinomial_train_fold1.6	0.11631659642506847	0.18224327259650566	1.44e-321	0.7014401309784258	3.369961009641241e-304
UNG_multinomial_train_fold1.7	1.421518850122215e-75	0.09254984874138394	0.06650555820425799	0.8323124080027036	0.008632185051654433
UNG_multinomial_train_fold1.8	0.01848365551560146	0.25491878202649015	2.643e-321	0.7265975624579082	4.578613557089343e-71
UNG_multinomial_train_fold1.9	0.11770243315128703	0.08205271077927732	0.02387828845177169	0.7229684223396595	0.05339814527800455
UNG_multinomial_train_fold1.10	0.14702789723466497	2.8444986104785807e-124	1.354391412245407e-72	0.7663659592337648	0.08660614353157021
UNG_multinomial_train_fold1.11	0.09237074621474439	0.049446609975276896	1.718098557271902e-171	0.8581826438099786	9.7e-322
UNG_multinomial_train_fold1.12	0.008612614338009127	0.29475564648925995	2.01e-321	0.696631739172731	6.002780117661584e-277
UNG_multinomial_train_fold1.13	1.5239594062414473e-77	1.0903699860993485e-138	6.091930825982766e-212	1.0	6.115255611639032e-70
UNG_multinomial_train_fold1.14	0.12291298418735468	0.18901181162581063	0.037420087327759824	0.6363451227318008	0.014309994127274102
