Samples	SBS96A	SBS96B	SBS96C	SBS96D	SBS96E
EXO1_0_real_train1	0.8250241916676533	0.021385801535437763	0.023003651247897952	0.11463495149514819	0.01595140405386281
OGG1_0_real_train1	1.4425038028810056e-123	0.015978961898859154	0.07841954178857279	0.11616908794657851	0.7894324083659896
RNF168_0_real_train1	0.7946339031422869	2.573421769984314e-150	0.10910387696054576	0.07015165718550649	0.026110562711660935
UNG_0_real_train1	0.04379552736417022	6.72660117994723e-110	0.03936480683950912	0.8300664035090518	0.08677326228726874
ATP2B4_0_real_train1	0.13642403494053484	1.8602532723401562e-16	0.5652364921386969	0.18372277984322669	0.11461669307754137
ATP2B4_1_real_train1	3.3782650102160665e-163	0.10444516846063488	0.7523327353056537	2.3438869374411742e-178	0.14322209623371143
MLH1_0_real_train1	2.495e-321	0.942311329506546	1.36e-321	0.05476691662064398	0.002921753872810156
MSH2_0_real_train1	2.065e-321	0.8736942781128787	1.039586052574161e-210	0.11821622295166095	0.008089498935460513
MSH6_0_real_train1	2.176195981808413e-309	0.9484149820326452	2.551939904275785e-207	0.03310545794813002	0.01847956001922482
MSH6_1_real_train1	4.3267155080278126e-265	0.9698067857113082	2.757231923357e-311	0.0002205306054350936	0.029972683683256663
PMS1_0_real_train1	3.576154704309292e-229	0.2123140419084748	0.5626215774136	0.18110493995219715	0.04395944072572811
PMS2_0_real_train1	0.4558495821574214	0.5311183723009225	8.591648875e-315	3.1e-322	0.013032045541656115
EXO1_0_dirichlet_train1	0.8196500861670053	1.39369407166413e-145	1.873e-321	0.014556071267924554	0.16579384256507018
RNF168_0_dirichlet_train1	0.7688466887080794	4.353e-321	0.09046492010417291	0.14068839118774767	4.5e-322
RNF168_0_dirichlet_train1.1	0.8646348280001195	3.11e-321	3.118635578269036e-50	1.3062662104487738e-259	0.1353651719998805
EXO1_0_dirichlet_train1.1	0.6566162954580104	0.055265529132060745	0.15968309337945014	0.12843508203047865	1.15e-321
RNF168_0_dirichlet_train1.2	0.9096682958794091	6.67e-322	3.1712631034091843e-140	1.042e-321	0.09033170412059092
RNF168_0_dirichlet_train1.3	0.8762875122451056	6.052842382455255e-309	2.396e-321	0.03139359927440806	0.09231888848048632
RNF168_0_dirichlet_train1.4	0.8805470202015272	5.6195e-320	0.09556409416174819	0.0013289301885342645	0.022559955448190377
RNF168_0_dirichlet_train1.5	0.7636796746989534	1.0719540655327652e-100	1.04e-321	0.2363203253010466	1.5e-321
RNF168_0_dirichlet_train1.6	0.6721118653487614	3.36e-322	0.004641250902206658	0.26522338323931866	0.05802350050971313
RNF168_0_dirichlet_train1.7	0.7848830866986487	0.0837498632011579	0.053545066042465145	2.43e-321	0.0778219840577282
RNF168_0_dirichlet_train1.8	0.8370937363142765	3.2623505214299925e-182	1.84e-321	0.05155564185767587	0.11135062182804739
EXO1_0_dirichlet_train1.2	0.6310817308149959	0.10791658786071655	1.5076632996615596e-255	0.24045231850306084	0.02054936282122676
EXO1_0_dirichlet_train1.3	0.891413977130371	0.0255680553937122	1.24e-321	0.07840308706654636	0.004614880409370479
RNF168_0_dirichlet_train1.9	0.6807379137774006	1.556e-321	0.05621565035343149	0.12445476713237824	0.1385916687367897
EXO1_0_dirichlet_train1.4	0.6692174173229155	0.027672914556499884	1.4710944989605396e-185	0.30310966812058465	1.46e-321
EXO1_0_dirichlet_train1.5	0.9202068540504751	4.46e-321	9.8e-322	0.07979314594952498	1.3562587213430275e-39
EXO1_0_dirichlet_train1.6	0.8769035094509845	6.97e-322	3.436211633699493e-280	0.12309649054901546	2.1e-321
EXO1_0_dirichlet_train1.7	0.7679098158939506	0.23209018410604948	3.513e-321	6.1402351318336385e-99	8.5e-322
EXO1_0_dirichlet_train1.8	0.7838442208347655	0.14147670676365462	1.176e-321	0.07467907240157998	2.87e-322
RNF168_0_dirichlet_train1.10	0.6674809114024299	0.09606232127837457	0.11320225305453523	0.12325451426466016	2.1915792773254762e-276
EXO1_0_dirichlet_train1.9	0.6558231982959244	0.19824111202860328	4.7639383207258456e-297	0.020460528490475072	0.12547516118499707
RNF168_0_dirichlet_train1.11	0.7526003166660677	0.06724613389273992	0.11958636774137425	0.060567181699818076	1.1958960733176112e-28
RNF168_0_dirichlet_train1.12	0.7253118951780726	8.9e-322	0.23861164023748813	0.03607646458443939	9.83e-322
EXO1_0_dirichlet_train1.10	0.8983712628040124	0.018958271138780326	0.08266949124070894	7.920075991333907e-293	9.748164984609495e-07
EXO1_0_dirichlet_train1.11	0.7505288979656602	1.255e-321	0.03304079183028229	0.20024386271525305	0.016186447488804347
RNF168_0_dirichlet_train1.13	0.8078523397356026	0.11158631133235009	4.622828574669798e-136	0.0805613489320475	2.047795178110827e-96
RNF168_0_dirichlet_train1.14	0.8284241449102034	0.07053104572664326	0.10104480936315346	1.966e-321	2.9e-322
RNF168_0_dirichlet_train1.15	0.7452928882490638	9.2e-322	0.11935593631671863	0.13535117543421757	2.9e-322
RNF168_0_dirichlet_train1.16	0.5989193759617828	0.04144362020126675	0.19739933227893985	0.16223767155801053	3.06e-322
EXO1_0_dirichlet_train1.12	0.8359942073008573	2.945e-321	6.985576981066994e-157	0.07613544743996588	0.0878703452591769
RNF168_0_dirichlet_train1.17	0.6601543535011751	0.19233730040747365	0.040097386808461546	2.184e-321	0.10741095928288961
EXO1_0_dirichlet_train1.13	0.9558266669666998	0.005764627797672735	0.0384087052356273	3.325e-321	2.0983243182842884e-302
RNF168_0_dirichlet_train1.18	0.8639427786744126	2.5e-321	0.03905712131466271	0.0006253739185871433	0.09637472609233735
EXO1_0_dirichlet_train1.14	0.6699491117564772	0.11964182448714802	0.09415645396804274	0.031243699034765232	0.0850089107535669
RNF168_0_dirichlet_train1.19	0.7035974574694428	0.10929443990016656	0.10383623994289017	0.011982974639567791	0.07128888804793271
RNF168_0_dirichlet_train1.20	0.5065856216731144	1.659376728737794e-81	0.06897820613155127	0.27967920292675946	0.14475696926857487
EXO1_0_dirichlet_train1.15	0.593183615888939	0.10763407285278045	0.027595971792222566	0.271586339466058	6.2e-322
RNF168_0_dirichlet_train1.21	0.9786637965351426	2.56e-321	2.9431102694037244e-94	1.4694323629805058e-273	0.021336203464857297
RNF168_0_dirichlet_train1.22	0.794540696823753	2.13e-321	0.14799257132203097	0.05746673185421597	3.7402249389690406e-243
EXO1_0_dirichlet_train1.16	0.9455753850080635	0.019484371115642257	4.664638863084448e-300	2.808931441226595e-194	0.0349402438762944
EXO1_0_dirichlet_train1.17	0.6811171652795837	0.055368526788870435	5.9e-322	0.26351430793154584	2.9e-322
RNF168_0_dirichlet_train1.23	0.8280545203533468	1.21e-321	6.849335016640049e-89	0.1021851885957069	0.06976029105094628
EXO1_0_dirichlet_train1.18	0.7097035691114861	2.247311426303446e-253	1.9515121097058365e-60	0.2437195560912527	0.04657687479726124
RNF168_0_dirichlet_train1.24	0.7524614338487727	0.019745216886457015	0.08233609513783195	0.1173975316902031	0.028059722436735355
RNF168_0_dirichlet_train1.25	0.7634313365528818	9.5e-322	0.23656866344711824	1.304e-321	2.674094934951208e-162
RNF168_0_dirichlet_train1.26	0.7308754154048749	0.11061824817229308	3.486263318652429e-283	0.1079624940000579	0.05054384242277425
RNF168_0_dirichlet_train1.27	0.7213768108687529	0.0664926486121297	0.16528252516753714	0.04684801535158036	3.3e-322
RNF168_0_dirichlet_train1.28	0.6949708046180458	1.467e-321	0.28934588529196015	0.015683310089993983	2.96e-322
EXO1_0_dirichlet_train1.19	0.7288258633303295	0.04338425881661071	0.029569894927844512	0.19821998292521512	9.44e-322
RNF168_0_dirichlet_train1.29	0.9050983206085221	1.067e-321	0.0792872164524107	1.7662477497115475e-303	0.01561446293906734
EXO1_0_dirichlet_train1.20	0.6263492790654047	0.22720237532686402	2.33e-321	0.1464483456077311	6.67e-322
RNF168_0_dirichlet_train1.30	0.6728864931415752	0.0969502160942703	0.2301632907641544	2.221348572524042e-88	1.4e-322
RNF168_0_dirichlet_train1.31	0.9845411959443718	1.25e-321	0.006581647484224181	1.78e-321	0.008877156571403992
RNF168_0_dirichlet_train1.32	0.6506629774484225	7.877237461984513e-11	0.23754787406745226	0.11178914840535295	1.070617860960641e-289
RNF168_0_dirichlet_train1.33	0.7636928780880536	3.508651552338777e-98	1.0545050358046701e-93	0.17389753828585555	0.06240958362609079
EXO1_0_dirichlet_train1.21	0.6190723622179499	0.028797291780222837	0.2575323291403246	0.039330409982531754	0.055267606878970865
RNF168_0_dirichlet_train1.34	0.7862904072678409	0.09890708491169178	0.11480250782046744	1.517e-321	1.003e-321
EXO1_0_dirichlet_train1.22	0.7745619728875236	0.17258079684307925	8.232664986955943e-97	0.03759068164677956	0.015266548622617476
EXO1_0_dirichlet_train1.23	0.7861547540471471	0.08068713631439281	1.8447950833094604e-89	0.13315810963846	1.01e-321
RNF168_0_dirichlet_train1.35	0.41563194003595083	0.04435168652484701	0.27032205420615296	0.24182015817448446	0.027874161058564842
RNF168_0_dirichlet_train1.36	0.7912495586031758	0.06883088495791571	0.014554293148189403	1.19e-321	0.125365263290719
EXO1_0_dirichlet_train1.24	0.9953743883616167	6.8e-322	6.067866437536592e-153	1.2667064125442054e-120	0.004625611638383122
RNF168_0_dirichlet_train1.37	0.8885528055584557	0.04155272649733813	0.04081218123605195	3.597909988946396e-85	0.029082286708154298
EXO1_0_dirichlet_train1.25	0.995043917026892	2.41e-321	1.433e-321	9.807073244168748e-212	0.004956082973108048
RNF168_0_dirichlet_train1.38	0.6636376587000516	4.2095842582e-313	6.858496447596267e-101	0.2321709810375233	0.10419136026242505
EXO1_0_dirichlet_train1.26	0.9730221475179075	9.4e-322	1.586e-321	3.943e-321	0.026977852482092474
EXO1_0_dirichlet_train1.27	0.8265237991922691	7.992840033748525e-276	0.07936449457016322	0.09411170623756748	2.3e-322
EXO1_0_dirichlet_train1.28	0.8866367105955855	0.050623001700559	0.04535589091195224	1.52e-321	0.017384396791903407
EXO1_0_dirichlet_train1.29	0.8342801309939234	2.663e-321	0.08129083258178586	0.0658691445923391	0.01855989183195166
EXO1_0_dirichlet_train1.30	0.9827850375890704	0.017213368889569064	2.25e-321	1.59352136046631e-06	1.76e-321
RNF168_0_dirichlet_train1.39	0.4692519832047577	0.32366056730874526	1.823e-321	0.1715363003612444	0.035551149125252694
RNF168_0_dirichlet_train1.40	0.7955369984240357	0.05631716193587419	0.13534436212791234	1.907e-321	0.012801477512177667
EXO1_0_dirichlet_train1.31	0.7802020623146951	6.298750218648964e-81	1.6070317391863476e-23	0.08703924013340263	0.13275869755190214
EXO1_0_dirichlet_train1.32	0.7088207407705327	0.1576138067204654	9.081793063445669e-30	0.12553144442037023	0.00803400808863159
EXO1_0_dirichlet_train1.33	0.8344707693037476	1.947e-321	4.438360841635599e-90	0.05647088419380399	0.10905834650244844
RNF168_0_dirichlet_train1.41	0.7748003944594569	0.10574644838155135	0.013007905954456885	0.060729335726697614	0.045715915477837245
RNF168_0_dirichlet_train1.42	0.8787069182892394	0.0009940967262825726	0.03122841650089135	0.02414645048162292	0.06492411800196367
EXO1_0_dirichlet_train1.34	0.8149004516367653	0.14742914238468854	3.797481829255484e-212	0.03767040597854634	3.7e-322
RNF168_0_dirichlet_train1.43	0.9050881521321675	6.67e-322	1.2050314814214542e-239	0.0353973281886631	0.05951451967916927
EXO1_0_dirichlet_train1.35	0.8298174529950646	0.04926186403949481	1.4827867533314375e-222	0.12092068296544049	1.72e-321
EXO1_0_dirichlet_train1.36	0.6418030233930521	0.004263928515055426	0.27228670137815253	0.0510684551869718	0.03057789152676823
RNF168_0_dirichlet_train1.44	0.7593076804798701	6.045086744313373e-258	0.23701482359209375	0.0036774959280359808	4.55e-322
EXO1_0_dirichlet_train1.37	0.8601012243980943	2.204e-321	1.3376467892819876e-15	0.08490478774003274	0.05499398786187175
RNF168_0_dirichlet_train1.45	0.8831361206116592	1.188901496511446e-280	1.74e-321	0.10769478475816102	0.009169094630179675
RNF168_0_dirichlet_train1.46	0.6684699621996787	1.93e-321	0.0913478975508011	0.24018214024952025	4.2e-322
RNF168_0_dirichlet_train1.47	0.7577111090740966	0.06824907290557777	1.13e-321	8.05e-322	0.17403981802032562
RNF168_0_dirichlet_train1.48	0.6970433545375361	1.93e-321	0.22767454138018414	7.46e-322	0.07528210408227973
RNF168_0_dirichlet_train1.49	0.9765579658109572	1.606e-321	1.131001561376184e-141	0.02344203418904282	2.204e-321
RNF168_0_dirichlet_train1.50	0.6909582500409804	0.09713233389746775	0.12704329388246982	0.08486612217908208	2.17e-322
EXO1_0_dirichlet_train1.38	0.6083378408805011	1.96e-321	0.12496227031739762	0.17091805728216988	0.09578183151993135
RNF168_0_dirichlet_train1.51	0.6815686372743888	0.15624855615579472	0.03382046150655333	0.008901742168208191	0.11946060289505506
RNF168_0_dirichlet_train1.52	0.3344781026422651	0.30905741000762404	0.029098467118672325	0.10555391907544193	0.2218121011559965
EXO1_0_dirichlet_train1.39	0.9999999999999999	2.7587207307905567e-27	1.586e-321	7.940038477609668e-166	3.6e-322
EXO1_0_dirichlet_train1.40	0.982852673286058	4.007e-321	1.57e-321	9.964937491833717e-83	0.017147326713942028
RNF168_0_dirichlet_train1.53	0.9139484415704388	3.36e-322	0.03336930046131469	1.0419233889412728e-117	0.052682257968246486
EXO1_0_dirichlet_train1.41	0.8394821349702749	4.626513226282427e-236	0.011057225812564436	0.07663806449511316	0.07282257472204755
EXO1_0_dirichlet_train1.42	0.8311109325956222	0.09881318710108451	1.47e-321	1.743865930327946e-123	0.07007588030329337
RNF168_0_dirichlet_train1.54	0.3678594996544952	3.1e-322	0.394902907696027	0.23723759264947786	3.56e-322
OGG1_0_dirichlet_train1	2.0276406094466596e-227	3.18e-321	0.2180645391700624	0.08732592002432438	0.6946095408056131
UNG_0_dirichlet_train1	0.05261551163569775	0.030825395077176406	0.12050530862342047	0.7960537846637052	1.5337530160578095e-33
UNG_0_dirichlet_train1.1	0.0514937181396366	2.881994112396809e-14	3.144816385712905e-167	0.8188440909995951	0.12966219086073946
UNG_0_dirichlet_train1.2	2.1322386975567616e-210	1.206e-321	0.23939860165306356	0.7314191368510791	0.02918226149585719
OGG1_0_dirichlet_train1.1	6.578000277966001e-46	1.487e-321	0.5873745449846628	1.3e-321	0.41262545501533715
UNG_0_dirichlet_train1.3	0.057138193713227356	0.047006240497601263	0.20688268310242966	0.6612378675645091	0.027735015122232618
OGG1_0_dirichlet_train1.2	0.03830800961681323	2.164e-321	0.14069753995475692	0.05728250405149495	0.763711946376935
OGG1_0_dirichlet_train1.3	0.03211975268623735	2.3304756141031345e-269	0.246713843277014	0.10402959429096408	0.6171368097457844
UNG_0_dirichlet_train1.4	0.03674154738829554	1.635e-321	0.3302345297859371	0.5789355465342709	0.05408837629149647
UNG_0_dirichlet_train1.5	1.863e-321	4.64e-322	0.37361993410428174	0.5692554459954728	0.05712461990024547
OGG1_0_dirichlet_train1.4	7.5e-322	1.304e-321	0.08977846085299594	0.04321858542067897	0.8670029537263251
OGG1_0_dirichlet_train1.5	2.233e-321	0.0028107469707192943	0.2400092502336229	0.03724650734947268	0.719933495446185
UNG_0_dirichlet_train1.6	0.14110105353129646	0.04184198916763126	7.95e-322	0.7295493220654121	0.08750763523566019
UNG_0_dirichlet_train1.7	3.034e-321	0.001868276028736213	0.13676583182880797	0.8199886166937561	0.04137727544869962
UNG_0_dirichlet_train1.8	2.614e-321	0.06746597949255245	2.43479455717804e-310	0.7362182906241344	0.1963157298833134
OGG1_0_dirichlet_train1.6	2.4e-321	4.38e-321	0.07318775325645761	1.3692947136378246e-29	0.9268122467435425
UNG_0_dirichlet_train1.9	2.296485465619588e-196	1.744e-321	2.93276468614112e-215	0.9354923132919328	0.06450768670806716
OGG1_0_dirichlet_train1.7	5.185955750502857e-234	1.2560764156834005e-174	0.4659658747361125	0.008170108860559695	0.5258640164033278
UNG_0_dirichlet_train1.10	0.038137701184966656	0.03577357355581359	2.2786493274953315e-41	0.8231400157463743	0.1029487095128455
OGG1_0_dirichlet_train1.8	1.64e-321	0.06293153721015494	0.00399199822825101	0.12236444335303838	0.8107120212085557
UNG_0_dirichlet_train1.11	2.71525234443e-313	1.48e-321	3.308704652287487e-235	0.8897237603697087	0.11027623963029129
OGG1_0_dirichlet_train1.9	0.10691358432330926	0.10348252343392361	1.1947777365260126e-54	3.5302365902965816e-57	0.7896038922427673
OGG1_0_dirichlet_train1.10	0.03168067176949792	0.02776708076084392	1.098701655740309e-292	1.4855284302546552e-182	0.9405522474696582
OGG1_0_dirichlet_train1.11	3.966898109093005e-35	0.14915046146543515	0.3263280309710117	3.57314698972251e-110	0.5245215075635532
UNG_0_dirichlet_train1.12	0.14679568712060012	9.96926e-319	1.097e-321	0.7000927789204898	0.15311153395891025
UNG_0_dirichlet_train1.13	0.11585411558643839	2.693835267909175e-267	0.060375003504681966	0.7675079928414577	0.056262888067421954
UNG_0_dirichlet_train1.14	0.0016069243928052317	1.665e-321	0.044386191208482736	0.8792133195864906	0.07479356481222138
OGG1_0_dirichlet_train1.12	0.119446327790068	7.7e-322	3.253799284735047e-133	0.11401892440889368	0.7665347478010383
OGG1_0_dirichlet_train1.13	3.3845160024813444e-89	0.032876342103610415	1.8768282909164197e-71	0.0800738455258245	0.887049812370565
UNG_0_dirichlet_train1.15	1.06e-321	9.44e-322	0.18411555578779393	0.815884444212206	1.3677364605953285e-48
UNG_0_dirichlet_train1.16	2.3102061667773166e-166	0.18576622109323482	0.1606420796491438	0.6535916992576214	7.56e-322
UNG_0_dirichlet_train1.17	2.1920623784962223e-268	0.08996634053618201	5.120072562693641e-251	0.6523291817578732	0.25770447770594473
OGG1_0_dirichlet_train1.14	2.4825579985570842e-200	0.10623802032228952	1.811946174691363e-40	0.2973685903148436	0.596393389362867
UNG_0_dirichlet_train1.18	0.023133336626367393	1.966e-321	0.2791560157945525	0.6977106475790801	7.07e-322
OGG1_0_dirichlet_train1.15	3.3228106733444586e-235	1.41e-321	0.3675547462609752	0.043454824636161925	0.5889904291028628
UNG_0_dirichlet_train1.19	2.3128993269493123e-235	0.23790065250451325	2.5285472645974177e-161	0.7153328080936505	0.04676653940183616
OGG1_0_dirichlet_train1.16	0.030295281971052777	2.23e-321	0.3656068429042461	0.052122995386734546	0.5519748797379667
UNG_0_dirichlet_train1.20	0.07308491380594571	0.10117303522799888	1.14e-321	0.6754109475919516	0.1503311033741039
UNG_0_dirichlet_train1.21	2.736145063383021e-263	0.17148800213097085	0.28959457734178307	0.4688358994865036	0.0700815210407425
OGG1_0_dirichlet_train1.17	1.576e-321	0.02994448098182374	0.4068690767093055	0.17488339598083574	0.3883030463280352
UNG_0_dirichlet_train1.22	1.497e-321	9.737256893770069e-20	0.0716186979277126	0.9283813020722874	2.17e-322
UNG_0_dirichlet_train1.23	6.97e-322	0.3584268815338714	9.14e-322	0.5758006888000147	0.06577242966611392
UNG_0_dirichlet_train1.24	0.00959837361997581	0.011265047316232341	1.5009956241445464e-71	0.8456654671551215	0.13347111190867036
OGG1_0_dirichlet_train1.18	0.061246838007520385	2.83e-321	1.1728549028545687e-193	0.1095892199669936	0.829163942025486
UNG_0_dirichlet_train1.25	0.08024210718806729	0.11800104823902158	0.10361566891945785	0.6981411756534532	1.33e-322
OGG1_0_dirichlet_train1.19	2.1290578636477378e-233	0.09875796747343416	0.03901932873643398	0.08558292812719352	0.7766397756629384
UNG_0_dirichlet_train1.26	0.09162365354490759	0.04934597637230002	0.1041482931343819	0.7127593160541773	0.04212276089423321
OGG1_0_dirichlet_train1.20	3.808514924225863e-25	1.59e-321	1.2682653996873195e-161	0.15956405199987284	0.8404359480001271
UNG_0_dirichlet_train1.27	2.16e-321	0.12703389517925673	1.6694713657059206e-297	0.8009520231443061	0.07201408167643715
OGG1_0_dirichlet_train1.21	0.13484466074460452	0.08695181017279813	4.2875210345046e-104	8.02653789510468e-45	0.7782035290825973
OGG1_0_dirichlet_train1.22	0.13344659507647805	0.04947446636405613	0.0035352706346934142	0.035060140749490716	0.7784835271752818
UNG_0_dirichlet_train1.28	0.06964047509074778	0.12046126570681505	4.1667915257179065e-148	0.6725874655705842	0.13731079363185297
UNG_0_dirichlet_train1.29	2.04123e-319	9.1e-322	0.024569268176444888	0.7593589519888317	0.21607177983472337
OGG1_0_dirichlet_train1.23	0.0030115505804131403	3.864e-321	0.1322727322619938	0.0840693954186977	0.7806463217388955
OGG1_0_dirichlet_train1.24	8.464097071379023e-125	0.07340851637300631	0.3484510742940851	1.275e-321	0.5781404093329087
OGG1_0_dirichlet_train1.25	6.609101772006007e-231	1.93e-321	4.5597e-319	0.1694727572270986	0.8305272427729014
OGG1_0_dirichlet_train1.26	3.9493946159082813e-39	0.1472442834092175	6.485629233314072e-104	0.1071474827504958	0.7456082338402867
UNG_0_dirichlet_train1.30	3.75048485883632e-43	9.44e-322	0.22809552091752766	0.7719044790824723	4.6e-322
OGG1_0_dirichlet_train1.27	3.647078296656615e-119	7.94504660035532e-74	0.04924360162268209	0.029554926257060927	0.9212014721202569
OGG1_0_dirichlet_train1.28	0.16260803196103482	1.374e-321	8.327129839037812e-05	0.21699728631698706	0.6203114104235877
UNG_0_dirichlet_train1.31	1.7344592762338742e-42	0.1276926354839191	0.2257807715616031	0.6465265929544778	1.2e-322
UNG_0_dirichlet_train1.32	0.012690771041065618	1.383e-321	0.05479051034029564	0.8699466971368505	0.06257202148178816
UNG_0_dirichlet_train1.33	3.094537511141715e-156	1.52e-321	0.059640903620017394	0.808638094840804	0.13172100153917862
OGG1_0_dirichlet_train1.29	0.1683435611813101	0.09029123856945986	1.1223975611385948e-92	0.16870247530985383	0.5726627249393763
OGG1_0_dirichlet_train1.30	1.48e-321	9.8e-322	0.4558174266768747	2.3152766080857312e-77	0.5441825733231251
UNG_0_dirichlet_train1.34	0.09630373109748917	0.17082916466342904	0.18844840709658142	0.4830571350500057	0.06136156209249455
OGG1_0_dirichlet_train1.31	0.0145519502955275	0.005742062432659601	0.288349718345404	0.18695734837557293	0.5043989205508359
UNG_0_dirichlet_train1.35	3.6916289588249186e-158	0.10998158113690747	9.346694810974013e-174	0.6429794574369092	0.24703896142618315
UNG_0_dirichlet_train1.36	0.06641273340906423	2.01e-321	0.03972854102532643	0.8687026600091055	0.02515606555650387
UNG_0_dirichlet_train1.37	0.010372602218001152	0.1312145425564567	0.2721449640350849	0.5862678911904571	5.222384314981312e-53
OGG1_0_dirichlet_train1.32	1.284652689153398e-211	0.11800970199894412	0.336880351349402	3.980474958957195e-168	0.5451099466516539
UNG_0_dirichlet_train1.38	0.0040880689387617335	1.26e-321	4.55e-322	0.9304411781307108	0.06547075293052752
OGG1_0_dirichlet_train1.33	4.598774894097079e-283	2.5e-321	0.4582079728567747	0.001742399993441394	0.5400496271497839
OGG1_0_dirichlet_train1.34	0.07743827311188237	0.08033835588593877	0.07113803792031455	0.0791662856852477	0.6919190473966166
OGG1_0_dirichlet_train1.35	0.13400257018073522	0.004185750531124559	4.808493491148984e-97	0.056005111417363855	0.8058065678707762
OGG1_0_dirichlet_train1.36	6.200313619696314e-122	2.984e-321	0.0012260208295200787	0.07187301345504937	0.9269009657154306
OGG1_0_dirichlet_train1.37	0.07996531715737436	0.05031364792764278	0.18095478596475076	0.03402445373693504	0.654741795213297
OGG1_0_dirichlet_train1.38	4.395856474204988e-56	1.148065947425792e-62	1.2691764672916998e-238	0.09978136632407568	0.9002186336759245
UNG_0_dirichlet_train1.39	9.85687324984364e-42	0.060894804389076566	5.4e-322	0.813913228607076	0.12519196700384744
OGG1_0_dirichlet_train1.39	0.010290903459286025	3.854e-321	7.833567562390115e-193	0.1406374144869848	0.8490716820537293
UNG_0_dirichlet_train1.40	2.98e-321	2.2691265274251398e-116	6.57e-322	0.8290522840909805	0.17094771590901947
OGG1_0_dirichlet_train1.40	1.2463055225123236e-33	1.32e-321	3.0524358512250095e-187	0.07674098355154403	0.9232590164484559
OGG1_0_dirichlet_train1.41	3.749227188088932e-123	0.06276614354766615	6.034587205782493e-109	0.04334808580505376	0.89388577064728
UNG_0_dirichlet_train1.41	0.011015609643653418	0.17867936060966466	1.02e-321	0.7827729590010071	0.027532070745674868
OGG1_0_dirichlet_train1.42	9.76458022806752e-243	0.11184577813612095	0.0758369556799362	0.1706765528339666	0.6416407133499764
UNG_0_dirichlet_train1.42	0.018473365662034662	1.0504561800353484e-141	0.24530747650171028	0.6354470093897958	0.1007721484464593
OGG1_0_dirichlet_train1.43	1.900901932499019e-70	0.017088186513906395	4.9473239847389676e-05	5.200063162700517e-119	0.9828623402462462
OGG1_0_dirichlet_train1.44	3.856417198242506e-125	0.03234802424642037	0.46204752725106096	5.7102362129809244e-117	0.5056044485025186
OGG1_0_dirichlet_train1.45	1.7314261362040415e-251	1.9311706050626494e-221	0.5439902388598898	1.6645824162347728e-253	0.45600976114011005
OGG1_0_dirichlet_train1.46	0.18989443016565313	0.01652830131565094	3.854495606862948e-188	0.14513271642465495	0.648444552094041
UNG_0_dirichlet_train1.43	3.34e-321	0.2045812741685719	9.24e-322	0.532871340903742	0.2625473849276863
OGG1_0_dirichlet_train1.47	4.251683217047392e-222	3.46e-321	0.36821258540094515	0.01966568198665313	0.6121217326124018
OGG1_0_dirichlet_train1.48	9.9e-322	0.022816811428062845	0.2700744060991651	0.14732982685144938	0.5597789556213226
OGG1_0_dirichlet_train1.49	0.1361170464233941	0.01998566028256616	0.28793639057724424	1.1131300104903753e-49	0.5559609027167955
OGG1_0_dirichlet_train1.50	0.013297855041230074	0.021942976875600637	2.6578811511463633e-48	0.1281344521996495	0.8366247158835198
UNG_0_dirichlet_train1.44	8.505783752296885e-46	0.09048220139653865	1.1805588901965989e-29	0.7679950394554921	0.14152275914796938
OGG1_0_dirichlet_train1.51	0.0951320810972925	4.586596960040776e-45	1.1735616519917257e-120	0.011629202467265011	0.8932387164354425
OGG1_0_dirichlet_train1.52	1.527e-321	0.13727170954109702	0.1175815891364358	1.8285875597016275e-261	0.7451467013224671
ATP2B4_0_dirichlet_train1	0.2809282566641687	0.1083609181232853	0.30803505006282783	0.14439211188018036	0.15828366326953777
ATP2B4_1_dirichlet_train1	0.05230835092123083	0.20522032958845687	0.22993740998393503	1.6856623714141888e-33	0.5125339095063772
ATP2B4_0_dirichlet_train1.1	0.04805875427131935	4.148911170254117e-226	0.7780576422547137	0.1738836034739669	1.651773444517171e-54
ATP2B4_1_dirichlet_train1.1	0.0021075700095138285	0.1292642749174778	0.7244667148172486	1.315118053318605e-128	0.14416144025576
ATP2B4_1_dirichlet_train1.2	0.1156989443508878	0.17317145012225066	0.6987680582274916	7.552605439581354e-135	0.012361547299370097
ATP2B4_1_dirichlet_train1.3	1.11e-321	1.771785819170593e-107	0.7376841441357963	0.15707788862311398	0.10523796724108972
ATP2B4_0_dirichlet_train1.2	0.3781543098639551	2.875e-321	0.4580686527383111	0.148699699259283	0.015077338138450793
ATP2B4_1_dirichlet_train1.4	1.9251126412441636e-121	0.3087938284381194	0.5764376482362573	2.7115398545063637e-140	0.11476852332562318
ATP2B4_0_dirichlet_train1.3	0.16921974588034464	0.014100944004592162	0.6866814593246617	0.12999785079040163	2.08e-322
ATP2B4_0_dirichlet_train1.4	0.06401595734496879	0.05577631573339018	0.19919783889152481	0.4766917308983115	0.20431815713180457
ATP2B4_0_dirichlet_train1.5	0.15845578819645076	0.032629438918178565	0.41448716288227105	0.21927520315093457	0.1751524068521651
ATP2B4_0_dirichlet_train1.6	0.09488801654725161	0.08433247417243259	0.7140070640979929	0.01958304968251065	0.08718939549981207
ATP2B4_1_dirichlet_train1.5	0.028761403440582506	1.136e-321	0.8715113832072419	0.08019294143629252	0.01953427191588294
ATP2B4_0_dirichlet_train1.7	0.06894412907329223	0.21539090129886887	0.3992971537675001	0.31636781586033874	1.8433190726430872e-126
ATP2B4_1_dirichlet_train1.6	1.126e-321	0.2633854031507524	0.6303467613082001	3.85e-322	0.10626783554104734
ATP2B4_1_dirichlet_train1.7	0.052085934036720384	0.09963022457108124	0.8482838413921983	2.3637100970943793e-137	3.56e-322
ATP2B4_1_dirichlet_train1.8	0.10791387700876341	1.1185946225051539e-36	0.5487617824970055	1.3801150019734096e-237	0.34332434049423116
ATP2B4_1_dirichlet_train1.9	1.2700341224566222e-180	0.1336451702481104	0.5194421259848716	0.26746902813793233	0.07944367562908568
ATP2B4_1_dirichlet_train1.10	5.349992487384764e-93	0.1952568870205956	0.5408001674576195	0.01885606631331081	0.245086879208474
ATP2B4_1_dirichlet_train1.11	2.3187841424894324e-41	0.12791696250809922	0.680035101290752	1.41e-321	0.1920479362011487
ATP2B4_1_dirichlet_train1.12	9.1e-322	1.7334201104023905e-199	0.7957236939734933	1.0789248534064952e-99	0.20427630602650676
ATP2B4_1_dirichlet_train1.13	0.18693762705403172	3.189994387292455e-297	0.8130579102078676	6.1e-322	4.462738100698595e-06
ATP2B4_0_dirichlet_train1.8	0.14527290836635742	0.04354823640652669	0.20784500879848683	0.40329367238709524	0.20004017404153374
ATP2B4_1_dirichlet_train1.14	1.2772119464195402e-151	0.012138801462531126	0.8192467391388192	3.320637625616492e-278	0.16861445939864977
ATP2B4_1_dirichlet_train1.15	0.0427875884202973	0.16813008396158374	0.7393801730626619	1.304e-321	0.04970215455545699
ATP2B4_0_dirichlet_train1.9	0.21661039466858148	0.11269731870952904	0.27631654427415686	0.17301143318613407	0.2213643091615987
ATP2B4_0_dirichlet_train1.10	0.07412937295061157	1.724e-321	0.6190135740846744	0.1636757627209629	0.14318129024375115
ATP2B4_0_dirichlet_train1.11	0.19874144104596436	0.05793921879634486	0.3320340022947492	0.2074293747795559	0.2038559630833856
ATP2B4_1_dirichlet_train1.16	0.10320980966621264	0.2302979881083336	0.6664922022254536	5.8e-322	4.3e-322
ATP2B4_0_dirichlet_train1.12	0.28021925810668374	1.26e-321	0.5987874628198232	0.008312307354602524	0.11268097171889042
ATP2B4_0_dirichlet_train1.13	0.23325951628541466	0.03507834093402867	0.5654033802463582	0.14559267060943792	0.02066609192476053
ATP2B4_0_dirichlet_train1.14	0.3213827437349989	8.5e-322	0.4811424430575083	0.1974748132074929	3.735402018263674e-54
ATP2B4_0_dirichlet_train1.15	0.2838520338539327	1.087e-321	0.5655240251679869	0.09885610410282762	0.051767836875252694
ATP2B4_1_dirichlet_train1.17	0.13259858675737113	0.1387199858633209	0.4364412266636375	0.0023646689442563323	0.2898755317714142
ATP2B4_1_dirichlet_train1.18	1.02e-321	1.34e-321	0.8546447803323927	7.184825790132235e-299	0.14535521966760717
ATP2B4_1_dirichlet_train1.19	1.635e-321	0.0077749987679866395	0.9922250012320134	2.2435773626861252e-132	3.1e-322
ATP2B4_1_dirichlet_train1.20	0.1596171830257425	0.15376608727380237	0.6141302728421373	0.07248645685831785	4.9e-322
ATP2B4_0_dirichlet_train1.16	0.10586833523832048	1.9328667297671234e-105	0.8941316647616796	6.622230736999395e-132	7.471443046895517e-161
ATP2B4_1_dirichlet_train1.21	3.459684789527271e-253	0.0544995896090289	0.8977729598917954	0.04772745049917576	2.47e-322
ATP2B4_1_dirichlet_train1.22	0.0967471334343357	0.018516490340527336	0.8653856341807767	1.245e-321	0.019350742044360297
ATP2B4_0_dirichlet_train1.17	0.06192430603954328	1.917e-321	0.6237296270593198	0.22162609487425128	0.0927199720268859
ATP2B4_0_dirichlet_train1.18	0.06209905637076549	2.2163146217965224e-131	0.45160326390243527	0.48629767972679927	2.67e-322
ATP2B4_1_dirichlet_train1.23	1.73e-321	0.1476587364815855	0.8448262741641689	9.44e-322	0.007514989354245534
ATP2B4_1_dirichlet_train1.24	0.0642832220131879	0.11150391968521077	0.38083785750050697	0.02747764993162302	0.41589735086947144
ATP2B4_0_dirichlet_train1.19	0.3049702467408417	9.83e-322	0.3333475044746741	0.25005202137341603	0.11163022741106807
ATP2B4_1_dirichlet_train1.25	0.14977812593709458	2.663e-321	0.5488981955792098	0.09907571863489882	0.20224795984879662
ATP2B4_0_dirichlet_train1.20	0.2590626629576192	2.564e-321	0.35546296906850516	0.29299876817813875	0.09247559979573677
ATP2B4_0_dirichlet_train1.21	5.322453826703172e-40	0.09089137582255248	0.38350965701106865	0.31389828556295996	0.21170068160341896
ATP2B4_0_dirichlet_train1.22	0.3182087647721109	9.064997056009827e-307	0.4965870185010608	0.05319942324790909	0.13200479347891922
ATP2B4_0_dirichlet_train1.23	0.23601971058066046	0.2007070796450967	0.5342377121932838	8.295179877329933e-131	0.029035497580958976
ATP2B4_0_dirichlet_train1.24	0.24174889016220527	2.085e-321	0.36172266922699725	0.14248590269840722	0.2540425379123902
ATP2B4_1_dirichlet_train1.26	1.14e-321	0.1776346948702976	0.6756465360366272	0.14671876909307524	3.3e-322
ATP2B4_0_dirichlet_train1.25	0.21540015299505005	0.038856637667984396	0.41924498571167645	0.18907716153249854	0.1374210620927906
ATP2B4_1_dirichlet_train1.27	1.0496629359521083e-92	2.263e-321	0.939748665583793	1.067e-321	0.06025133441620689
ATP2B4_0_dirichlet_train1.26	0.18307222370716034	0.07983211450897476	0.6735337659445626	0.030902070144715386	0.03265982569458695
ATP2B4_1_dirichlet_train1.28	0.06515693519414766	0.016374851378290714	0.9045277204205959	7.9e-322	0.013940493006965812
ATP2B4_0_dirichlet_train1.27	1.0896368836768992e-127	0.038285051875477184	0.6475296299511237	0.3141853181733991	2.96e-322
ATP2B4_1_dirichlet_train1.29	9.602533528084585e-14	0.117109755567292	0.6954525291842504	2.62207211935277e-257	0.18743771524836145
ATP2B4_0_dirichlet_train1.28	1.245e-321	1.077e-321	0.887701676012371	7.8e-322	0.11229832398762898
ATP2B4_0_dirichlet_train1.29	8.241128197376662e-12	8.25e-322	0.8437419417126347	0.0441383089585121	0.11211974932061201
ATP2B4_0_dirichlet_train1.30	0.24208875135722488	2.707e-321	0.42502275826647584	0.24282917995265352	0.09005931042364582
ATP2B4_0_dirichlet_train1.31	0.2746721638391832	2.121623925796074e-284	0.153010847492252	0.3947452376117504	0.17757175105681441
ATP2B4_1_dirichlet_train1.30	0.02472724251198241	0.10196524154953063	0.8732987318573069	1.12442e-318	8.784081180220851e-06
ATP2B4_1_dirichlet_train1.31	0.2129496101642524	0.10461856920796267	0.49550716000293094	6.42192091100575e-86	0.1869246606248541
ATP2B4_1_dirichlet_train1.32	1.4405224046980515e-256	0.0027687478201135676	0.7374731597493842	0.01405997423812211	0.24569811819238005
ATP2B4_0_dirichlet_train1.32	0.025021821403754838	0.13644086647541956	0.8385373121208255	2.631131139048685e-162	5.865600279962241e-201
ATP2B4_0_dirichlet_train1.33	0.010650031694064593	0.02542229095596619	0.6296089091539671	0.20569225041829972	0.12862651777770237
ATP2B4_0_dirichlet_train1.34	0.20183549617722113	0.17376270725963108	0.5967099754116753	0.027691821151472566	3e-322
ATP2B4_0_dirichlet_train1.35	1.625e-321	0.03896250438816033	0.7576240605884756	0.06595516482365103	0.13745827019971316
ATP2B4_1_dirichlet_train1.33	0.03166263726642892	0.10379360698712913	0.8645437557464419	6.27e-322	1.822334717e-315
ATP2B4_1_dirichlet_train1.34	1.625e-321	0.06367124858721579	0.7257072156330066	1.285e-321	0.21062153577977774
ATP2B4_1_dirichlet_train1.35	1.3082803806198894e-249	0.1319256203212037	0.8680743796787962	9.63e-322	4.2e-322
ATP2B4_1_dirichlet_train1.36	9.9e-322	0.015799305331858502	0.8392956293232692	1.158839447036749e-301	0.1449050653448722
ATP2B4_0_dirichlet_train1.36	0.19927160741142536	0.06845246507857662	0.6351395994257846	0.09713632808421362	3.6e-322
ATP2B4_0_dirichlet_train1.37	0.006915878042863652	2.026e-321	0.6817483963517228	0.3113357256054136	4.2193585048709956e-194
ATP2B4_1_dirichlet_train1.37	6.324422907261707e-126	0.19134043386383381	0.618386104396912	1.5109531417129026e-261	0.1902734617392543
ATP2B4_1_dirichlet_train1.38	1.62e-321	0.09964930636773912	0.7144426325974635	6.47e-322	0.18590806103479715
ATP2B4_1_dirichlet_train1.39	4.843023553284271e-308	0.13335637431831235	0.8471983745881855	0.009583462353264105	0.009861788740238006
ATP2B4_1_dirichlet_train1.40	5.8e-322	0.23658018579665033	0.7357339091797617	5.34e-322	0.027685905023587993
ATP2B4_1_dirichlet_train1.41	9.386235376285968e-177	0.16276530923321345	0.6850209170208921	5.83e-322	0.15221377374589445
ATP2B4_1_dirichlet_train1.42	0.0036237604578490718	0.07603405848487041	0.6314294365344999	5.74393137010102e-146	0.28891274452278054
ATP2B4_0_dirichlet_train1.38	0.20129249084922973	5.808733573977023e-191	0.768327961367032	5.022959453011526e-199	0.030379547783738442
ATP2B4_0_dirichlet_train1.39	0.24376232469823525	1.225e-321	0.5172923642972496	0.020228650783585787	0.21871666022092953
ATP2B4_0_dirichlet_train1.40	0.19150265208875383	1.2119050116220652e-111	0.6257449884462077	0.18275235946503846	1.864355135394327e-254
ATP2B4_1_dirichlet_train1.43	1.853e-321	0.031788831080086864	0.8591904877103296	0.10902068120958357	4.3e-322
ATP2B4_0_dirichlet_train1.41	5.1905934072889655e-89	0.06160826743553035	0.5072765693390984	0.09448154904629169	0.3366336141790795
ATP2B4_0_dirichlet_train1.42	0.1922148140302911	1.97e-321	0.5467207365772508	0.17477893957709154	0.08628550981536641
ATP2B4_0_dirichlet_train1.43	0.23524184453695496	0.025050668108160652	0.5182082927323375	0.06751451400041963	0.15398468062212728
ATP2B4_0_dirichlet_train1.44	2.026e-321	0.04700618693336213	0.5733109588414382	0.29944921437742555	0.08023363984777397
ATP2B4_1_dirichlet_train1.44	0.17149442026210962	1.3121290766093914e-259	0.745483497983045	2.593570581300481e-218	0.08302208175484553
ATP2B4_0_dirichlet_train1.45	0.31592434305111844	1.4255191441320142e-54	0.3476353839128049	0.10978454080813188	0.22665573222794463
ATP2B4_1_dirichlet_train1.45	0.1169588118495804	0.12675517213847082	0.431893618419127	6.8e-322	0.3243923975928219
ATP2B4_0_dirichlet_train1.46	0.29016404134415236	9.8e-322	0.5504654968865876	0.15937046176926	5.878478661517304e-268
ATP2B4_0_dirichlet_train1.47	0.034415885210913065	0.05822182575645757	0.26960018551480475	0.4352194811390414	0.20254262237878326
ATP2B4_0_dirichlet_train1.48	0.19945368663200205	5.6e-322	0.7482313983645729	0.052314915003425125	1.2372466027793482e-185
ATP2B4_1_dirichlet_train1.46	0.03010569844784412	0.27709360265713834	0.5194401557514464	7.30457666435866e-15	0.17336054314356375
ATP2B4_1_dirichlet_train1.47	8.75466993374247e-294	0.10632782932947468	0.8936721706705252	7.197038623475802e-126	1.4e-322
ATP2B4_1_dirichlet_train1.48	0.17626186806355806	8.4e-322	0.7305289201646525	6.3e-322	0.09320921177178944
PMS1_0_dirichlet_train1	1.33e-321	0.33795344007404676	0.5238265243349962	1.9846454461510326e-41	0.13822003559095708
MSH6_1_dirichlet_train1	0.0852350047635389	0.8836796071714488	5.14e-322	3.540842840481196e-176	0.031085388065012372
MSH6_0_dirichlet_train1	1.5e-321	0.8461780075968472	1.68e-321	0.1538219924031528	9.14e-322
MSH2_0_dirichlet_train1	5.2e-322	0.772569023661741	1.692268845592082e-281	0.21541045681017468	0.012020519528084358
MSH6_0_dirichlet_train1.1	3.6440294189574915e-278	0.9154209425637919	1.724e-321	0.07005572156755321	0.014523335868654855
MLH1_0_dirichlet_train1	9.93e-322	0.9081277741960786	7.86e-322	0.06976040024574674	0.022111825558174685
MSH6_1_dirichlet_train1.1	2.124e-321	0.961117557551837	9.40789713770707e-63	4.445809991515122e-289	0.038882442448162996
MLH1_0_dirichlet_train1.1	0.12447580777552131	0.8755241922244785	2.57e-322	8.3e-322	3.3e-322
PMS1_0_dirichlet_train1.1	1.196e-321	0.16300000521600352	0.7343677257729913	0.10263226901100535	4.94e-322
PMS1_0_dirichlet_train1.2	0.09912296523760714	0.004936392771262924	0.49255972259110126	0.3420963961243656	0.06128452327566298
MSH6_1_dirichlet_train1.2	8.65e-322	0.9746791345544364	7.2e-322	6.2e-322	0.025320865445563497
MSH6_1_dirichlet_train1.3	2.971762596930916e-147	0.8068549030791972	3.195232941707265e-299	0.19314509692080284	9.9e-322
PMS1_0_dirichlet_train1.3	0.019764424838975735	0.28457303607615575	0.3612502551868244	0.24640479133871016	0.08800749255933399
PMS1_0_dirichlet_train1.4	0.1213883419526087	0.16481200369047402	0.08724376620399772	0.4320322970864411	0.19452359106647854
PMS2_0_dirichlet_train1	0.5041861518753201	0.49578874424271313	3.55e-321	8.35e-322	2.5103881966785845e-05
MSH6_1_dirichlet_train1.4	0.18326510581361008	0.7421535524538263	0.016352384270249293	0.033270162953165275	0.02495879450914888
MSH6_0_dirichlet_train1.2	5.830598491962424e-156	0.961165783928905	0.025889655891467845	0.012944560179627326	1.665e-321
PMS1_0_dirichlet_train1.5	9.14e-322	0.0839847628592981	0.767878437752345	0.14813679938835692	6.191629048480146e-89
PMS1_0_dirichlet_train1.6	1.255e-321	0.15649393487764834	0.5948456562041772	0.24866040891817442	2.5e-322
PMS1_0_dirichlet_train1.7	0.05757143398379026	0.2119432860036396	0.5833652905496716	0.1471199894628985	7.07e-322
MSH6_1_dirichlet_train1.5	0.2642851400421855	0.7008126969462303	1.25e-321	1.225e-321	0.03490216301158411
MLH1_0_dirichlet_train1.2	1.21e-321	0.8840002743829413	5e-322	0.11599972561705887	3.26e-322
PMS1_0_dirichlet_train1.8	0.12531591787980323	0.272997256165074	0.17759669451429133	3.013167784205324e-156	0.4240901314408314
PMS1_0_dirichlet_train1.9	8.439971724617398e-193	0.34304577442043216	0.4758548017386669	0.18109942384090108	4.4e-322
MLH1_0_dirichlet_train1.3	2.416e-321	1.0	3.26e-322	2.47e-322	4.5e-322
MSH2_0_dirichlet_train1.1	0.02160111409780566	0.9783988859021944	7.8e-322	9.13545449913211e-101	1.067e-321
MSH6_1_dirichlet_train1.6	0.019195941632694703	0.9682414526166091	2.737e-321	6.589301247777935e-38	0.012562605750696334
