Samples	SBS96A	SBS96B	SBS96C	SBS96D	SBS96E
ATP2B4_real_train_fold1	9.127694042719113e-259	0.39677721797548293	0.120111297129333	0.39593385700814526	0.08717762788703881
ATP2B4_real_train_fold1.1	2.5e-321	0.44738606850123475	0.04109550971718973	0.26662453360395966	0.24489388817761573
MLH1_real_train_fold1	0.08657555046997267	0.006524978475076738	0.684001498256752	0.04858612814274206	0.17431184465545652
MSH2_real_train_fold1	0.017070579116306394	0.031413013842556875	0.7636259991297734	0.029922348947806512	0.15796805896355692
MSH6_real_train_fold1	0.04656333048317426	0.019977666800493253	0.7811751337428054	0.038483627098413416	0.11380024187511366
MSH6_real_train_fold1.1	0.05476687779322434	0.02067956679207513	0.7810461366866815	0.059354960044153214	0.08415245868386563
OGG1_real_train_fold1	0.06846564427226004	0.7181090054157854	0.039526536865052884	0.14953448242152761	0.024364331025374223
PMS1_real_train_fold1	0.026857214063069318	0.20243819963203386	0.20876325362611486	0.4184796718559769	0.14346166082280526
PMS2_real_train_fold1	0.6215683177604372	0.0070323765244238515	0.3713993057151389	4.685749138019346e-112	3.6e-322
RNF168_real_train_fold1	0.5330154352588964	0.06648432396964549	0.10047452313450267	0.12069844011979347	0.17932727751716207
UNG_real_train_fold1	0.0460141474460403	0.11653173510945831	0.03471752009575538	0.15254425665272703	0.6501923406960189
ATP2B4_dirichlet_train_fold1	2.796e-321	0.4370348797736292	0.07965799344127643	0.28016319750107443	0.2031439292840199
ATP2B4_dirichlet_train_fold1.1	0.09231128005170787	0.46500560327659457	0.07989939849158995	0.11015808491785246	0.2526256332622551
ATP2B4_dirichlet_train_fold1.2	0.025532313267975282	0.22513355356428272	0.1853203101048448	0.3952203971846362	0.16879342587826093
ATP2B4_dirichlet_train_fold1.3	0.10462993549656803	0.27694985271926276	1.8604237627315444e-237	0.4784635706391255	0.13995664114504372
ATP2B4_dirichlet_train_fold1.4	0.023875217479943638	0.5075863818128429	0.013900279584460646	0.16326081692118524	0.29137730420156777
ATP2B4_dirichlet_train_fold1.5	0.08767031441760513	0.40029171388790463	0.03772218724277151	0.19446934675884087	0.27984643769287776
ATP2B4_dirichlet_train_fold1.6	3.345e-321	0.43281865537536013	0.173718409241799	0.3323843872478338	0.0610785481350071
ATP2B4_dirichlet_train_fold1.7	4.688045397845229e-103	0.3152888604505329	0.24281960890082843	0.35323614386671887	0.08865538678191988
ATP2B4_dirichlet_train_fold1.8	2.3383805447815705e-202	0.5132379420698631	0.0020845723922446333	0.21473714398383756	0.2699403415540547
ATP2B4_dirichlet_train_fold1.9	0.02569850942648533	0.2428625253585009	0.11553078925854586	0.4450058054581999	0.17090237049826804
ATP2B4_dirichlet_train_fold1.10	0.05711851233155553	0.2534774667638762	0.14519852338515934	0.3302157847362912	0.21398971278311754
ATP2B4_dirichlet_train_fold1.11	8.94e-322	0.3054276028886399	0.09048964683907458	0.4910736122699306	0.11300913800235483
ATP2B4_dirichlet_train_fold1.12	0.2154672398517491	0.2871968651155744	0.14008559995567116	0.34842262270789226	0.008827672369112981
ATP2B4_dirichlet_train_fold1.13	7.4e-322	0.35684910571030043	0.026087933007298857	0.5887262950616073	0.028336666220793442
ATP2B4_dirichlet_train_fold1.14	1.15e-321	0.46420177820129127	0.19883494209585445	0.2556460383216642	0.08131724138119
ATP2B4_dirichlet_train_fold1.15	0.1797893544596737	0.3408492782842012	0.08715192865303201	0.20713840435320624	0.18507103424988697
ATP2B4_dirichlet_train_fold1.16	0.10774245202381853	0.40070993096263985	0.10631849224311815	0.3676174534240533	0.017611671346370088
ATP2B4_dirichlet_train_fold1.17	4.106793835981456e-132	0.4245979170129435	0.14789970583126713	0.4275023771557893	1.44e-321
ATP2B4_dirichlet_train_fold1.18	0.1101348146399058	0.18583038675507035	0.07047428411534402	0.36803497994443424	0.26552553454524563
ATP2B4_dirichlet_train_fold1.19	1.285e-321	0.2850105607637679	1.087e-321	0.4196181394804257	0.29537129975580656
ATP2B4_dirichlet_train_fold1.20	0.09886880108657169	0.5422666098087998	0.09964648287157771	0.18663330027107264	0.07258480596197806
ATP2B4_dirichlet_train_fold1.21	0.08223212969569035	0.3042098242994246	0.017847100921673464	0.09755001676741873	0.49816092831579284
ATP2B4_dirichlet_train_fold1.22	3.6e-322	0.5967052393295034	3.3310499216099914e-18	0.13838072882945665	0.26491403184103995
ATP2B4_dirichlet_train_fold1.23	3.64e-321	0.344468026601951	0.14296661371258385	0.35278963445887945	0.15977572522658573
ATP2B4_dirichlet_train_fold1.24	0.10276651977065442	0.25551130369011277	0.021361168220446737	0.4658125683342321	0.154548439984554
ATP2B4_dirichlet_train_fold1.25	2.02e-321	0.3167677431981313	0.10961741641777638	0.2541423508676007	0.31947248951649176
ATP2B4_dirichlet_train_fold1.26	3.7035211425985047e-50	0.5612567502406961	0.13796744270767494	0.12831675913866422	0.17245904791296474
ATP2B4_dirichlet_train_fold1.27	7.6e-322	0.4515975954352097	0.133327001989749	0.3538019749719105	0.061273427603130814
ATP2B4_dirichlet_train_fold1.28	0.06689144647490057	0.5937619483062643	7.943786486723151e-287	0.09275656196194743	0.24659004325688771
ATP2B4_dirichlet_train_fold1.29	1.48e-321	0.3953505648091263	0.033196669323659264	0.5010102670949409	0.07044249877227358
ATP2B4_dirichlet_train_fold1.30	1.705e-321	0.585813866964538	0.006669952348170949	0.10832136996387942	0.29919481072341186
ATP2B4_dirichlet_train_fold1.31	2.777e-321	0.39752283177371717	0.20102001581459614	0.3477522735833138	0.05370487882837293
ATP2B4_dirichlet_train_fold1.32	0.11144435666298014	0.14945794348448652	0.18925929435397268	0.24962228656870908	0.30021611892985156
ATP2B4_dirichlet_train_fold1.33	0.043907492099764446	0.3555012635741256	0.03561852436388763	0.445151899531691	0.11982082043053137
ATP2B4_dirichlet_train_fold1.34	0.12429510757186746	0.27433686630853577	0.12505846450698058	0.4730388730371209	0.0032706885754952898
ATP2B4_dirichlet_train_fold1.35	8e-322	0.4514269257211754	0.06642689174132858	0.38699220172150567	0.09515398081599055
ATP2B4_dirichlet_train_fold1.36	1.42e-321	0.3366212442888566	0.21007280137374557	0.45330595433739784	6e-322
ATP2B4_dirichlet_train_fold1.37	0.1485130529787483	0.30154059136105626	2.29e-321	0.284000597429705	0.26594575823049027
ATP2B4_dirichlet_train_fold1.38	0.020006206341850852	0.3016503452467553	0.09550488442429038	0.3112625703687758	0.27157599361832735
ATP2B4_dirichlet_train_fold1.39	0.007187837606929403	0.18368379769460344	0.0070473003632333334	0.5013216205034691	0.3007594438317648
ATP2B4_dirichlet_train_fold1.40	0.1815780826864843	0.30647313236761065	0.10342880088167682	0.3398288672524703	0.06869111681175782
ATP2B4_dirichlet_train_fold1.41	0.015278661027673708	0.3866190601172709	0.011712714368997783	0.3115873621719624	0.274802202314095
ATP2B4_dirichlet_train_fold1.42	1.655e-321	0.5273113257433202	0.07980505425303483	0.27215990419738356	0.12072371580626128
ATP2B4_dirichlet_train_fold1.43	0.04767441337529781	0.3140687851560586	0.033971633710285026	0.48207815032518164	0.1222070174331769
ATP2B4_dirichlet_train_fold1.44	0.08233853466851869	0.497276770606931	0.20615240526560497	0.07068651075747147	0.14354577870147386
ATP2B4_dirichlet_train_fold1.45	0.027650184193586527	0.2983280911267634	0.004923730173851259	0.4423692618208622	0.22672873268493668
ATP2B4_dirichlet_train_fold1.46	0.07149302514969234	0.6223917826210051	0.12484438212443641	0.09761531724270982	0.08365549286215626
ATP2B4_dirichlet_train_fold1.47	0.015758600767191475	0.4617644224963723	0.08105294114702855	0.13408804055617993	0.3073359950332278
ATP2B4_dirichlet_train_fold1.48	7.017623986692602e-138	0.5036297303591974	0.04496649609593267	0.29207812627707974	0.15932564726779008
ATP2B4_dirichlet_train_fold1.49	3.923618688220353e-262	0.6100596026613012	0.043564304287024035	0.1551577574232037	0.1912183356284711
ATP2B4_dirichlet_train_fold1.50	6.67e-322	0.39381761647973923	0.24277480121702008	0.3065037674261339	0.05690381487710684
ATP2B4_dirichlet_train_fold1.51	1.1925858008343214e-64	0.6663806184188029	7.46915970406865e-260	0.1023401253880937	0.2312792561931033
ATP2B4_dirichlet_train_fold1.52	0.07261405706023287	0.31073922972777995	2.253e-321	0.17479366958460807	0.4418530436273793
ATP2B4_dirichlet_train_fold1.53	1.235e-321	0.48774546527260787	0.1477718577310949	0.267767054210012	0.09671562278628519
ATP2B4_dirichlet_train_fold1.54	5.573e-321	0.3280533928378991	0.0882461046432408	0.4316392146115664	0.15206128790729373
ATP2B4_dirichlet_train_fold1.55	0.03829356830024731	0.5214130170111263	0.08300401363841571	0.3100624472534611	0.047226953796749516
ATP2B4_dirichlet_train_fold1.56	1.18e-321	0.4621060741700227	0.07256587947114324	0.14549210327206022	0.3198359430867738
ATP2B4_dirichlet_train_fold1.57	6.2e-322	0.48795984093456535	0.1091581617878139	0.2964975407053495	0.1063844565722713
ATP2B4_dirichlet_train_fold1.58	0.021518300064491673	0.4843987472061493	0.021493926324434077	0.3473040090643951	0.12528501734052996
ATP2B4_dirichlet_train_fold1.59	3.093e-321	0.5274346233958997	0.12148790351864325	0.17538150629738172	0.17569596678807525
ATP2B4_dirichlet_train_fold1.60	2.7e-321	0.5090700812895752	9.5e-322	0.2084743197424664	0.2824555989679583
ATP2B4_dirichlet_train_fold1.61	0.13565551921793514	0.4077160122365743	0.03251912186469572	0.2548996011144075	0.16920974556638746
ATP2B4_dirichlet_train_fold1.62	0.002349563523167547	0.4925985684663009	0.11449133055375041	0.08636487615440899	0.3041956613023722
ATP2B4_dirichlet_train_fold1.63	1.185394359918315e-167	0.46479861236923303	0.05158110932105406	0.38216742935260206	0.10145284895711076
ATP2B4_dirichlet_train_fold1.64	0.04676709648734337	0.373092246496465	0.03377976934381956	0.18981433139167367	0.3565465562806983
ATP2B4_dirichlet_train_fold1.65	2.96e-322	0.41260199691785604	0.1580406548294155	0.35713304941916757	0.07222429883356087
ATP2B4_dirichlet_train_fold1.66	6.67e-322	0.35814771534564654	0.05352586935189586	0.5233810634020659	0.06494535190039165
ATP2B4_dirichlet_train_fold1.67	3.06e-322	0.20963945155290728	0.3385676613431879	0.45179288710390475	9.04e-322
ATP2B4_dirichlet_train_fold1.68	1.85e-321	0.49699179207236943	0.21204004625601106	0.2909681616716196	1.5163084126528133e-24
ATP2B4_dirichlet_train_fold1.69	0.056574137473416754	0.47548863391387997	0.1744687835236463	0.28707502265152496	0.0063934224375320585
ATP2B4_dirichlet_train_fold1.70	2.02e-321	0.4543191002724747	0.0694847855722622	0.1586004318734035	0.31759568228185975
ATP2B4_dirichlet_train_fold1.71	0.08639435307111158	0.22504841271041198	0.16461063669108547	0.2972515944934585	0.22669500303393242
ATP2B4_dirichlet_train_fold1.72	0.021307286122691137	0.2495589027135644	0.09244648100544689	0.35921978175318525	0.2774675484051124
ATP2B4_dirichlet_train_fold1.73	9.73e-322	0.4531705304011351	0.24096478460008358	0.30586468499878144	1.708360867799026e-304
ATP2B4_dirichlet_train_fold1.74	7.5e-322	0.2667179441772089	0.057943145474333366	0.6614426945485459	0.013896215799911826
ATP2B4_dirichlet_train_fold1.75	0.1958764161352522	0.2771009727826856	3.72e-321	0.39207882515453085	0.13494378592753134
ATP2B4_dirichlet_train_fold1.76	8.65e-322	0.3815198445081195	0.1223737476428705	0.18358592802641105	0.312520479822599
ATP2B4_dirichlet_train_fold1.77	0.15077936270538983	0.3619473740867296	0.15991932301513473	0.32735394019274583	3.172669301571775e-18
ATP2B4_dirichlet_train_fold1.78	3.943e-321	0.6021825664299344	3.64e-321	0.15085660719139438	0.24696082637867123
ATP2B4_dirichlet_train_fold1.79	0.45023095158171733	0.2995984044138371	1.16e-321	0.11174596254652418	0.13842468145792147
ATP2B4_dirichlet_train_fold1.80	1.423e-321	0.40119207082103564	0.07961625391536883	0.49204685979737284	0.02714481546622271
ATP2B4_dirichlet_train_fold1.81	1.53e-321	0.6082587091750289	0.03854437612424808	0.19298571909302323	0.16021119560769964
ATP2B4_dirichlet_train_fold1.82	0.12769327989038334	0.38122884964103093	0.006371619562501853	0.3971230172308753	0.08758323367520872
ATP2B4_dirichlet_train_fold1.83	8.55e-322	0.5219911442183152	2.09e-321	0.09237841258914276	0.385630443192542
ATP2B4_dirichlet_train_fold1.84	5.941340753983487e-183	0.31430249456191395	0.15435714579227275	0.3452464228295218	0.1860939368162916
ATP2B4_dirichlet_train_fold1.85	3.81e-321	0.6308999643511511	4.58e-321	0.11069135686610679	0.25840867878274204
ATP2B4_dirichlet_train_fold1.86	7.8e-322	0.45528970819896597	0.16694119948316086	0.22666199060088865	0.15110710171698463
ATP2B4_dirichlet_train_fold1.87	1.734e-321	0.39678249036955027	3.893e-321	0.36613722907133234	0.23708028055911734
ATP2B4_dirichlet_train_fold1.88	1.596e-321	0.5816576069550357	0.06829280867322357	0.18134567179642952	0.16870391257531123
ATP2B4_dirichlet_train_fold1.89	9.93e-322	0.5080866345459837	0.12466247446644117	0.36725089098757496	2.273e-321
ATP2B4_dirichlet_train_fold1.90	0.04774965134720362	0.5839801263292081	2.36e-321	0.2970943623424171	0.07117585998117103
ATP2B4_dirichlet_train_fold1.91	0.05370858066867882	0.36925947478839627	0.022749806376997236	0.3220230344365289	0.2322591037293987
ATP2B4_dirichlet_train_fold1.92	1.117e-321	0.2995152813855176	0.28021312464655124	0.34731513421301197	0.07295645975491916
ATP2B4_dirichlet_train_fold1.93	2.62e-321	0.38872323106856044	0.06926957586334817	0.48642570630033144	0.05558148676776007
ATP2B4_dirichlet_train_fold1.94	1.126e-321	0.49030203806700545	3.46e-322	0.09278753340546952	0.41691042852752513
ATP2B4_dirichlet_train_fold1.95	0.02682890241332227	0.48521329993360807	0.11552320268993756	0.363953474666694	0.00848112029643826
ATP2B4_dirichlet_train_fold1.96	7.07e-322	0.3771170161747771	0.06272944124331511	0.5601535425819077	1.324e-321
ATP2B4_dirichlet_train_fold1.97	0.06561825428739283	0.4454058444873288	3.286e-321	0.24090689188488867	0.24806900934038983
PMS1_dirichlet_train_fold1	8.10493350407417e-205	0.20404893548169575	0.26282083872905215	0.483468220444349	0.04966200534490308
PMS2_dirichlet_train_fold1	0.6583264601732246	0.0	0.34167353982677534	3.3e-322	3.3e-322
PMS2_dirichlet_train_fold1.1	0.6147441371553021	6.6e-322	0.38525586284469804	3.440118558257384e-187	3.95e-322
MSH6_dirichlet_train_fold1	0.2892135948701976	0.007439918264630686	0.6871646067594508	0.0161818801057208	2.63e-321
PMS1_dirichlet_train_fold1.1	8.067836159824423e-291	0.19747011356114744	0.3039316198907159	0.4868403131937853	0.011757953354351418
MSH6_dirichlet_train_fold1.1	1.507e-321	0.025293534266417235	0.724363627605086	0.08532476312263423	0.16501807500586252
MSH6_dirichlet_train_fold1.2	3.05e-321	0.0045140181854256565	0.8848083470684138	0.11067763474616059	1.003e-321
MSH2_dirichlet_train_fold1	0.1445832756760185	0.03590522787231223	0.5766913847387212	0.07572955891739071	0.16709055279555746
PMS2_dirichlet_train_fold1.2	0.6089460872995278	0.0	0.3910539127004722	6e-322	2.9e-322
MSH6_dirichlet_train_fold1.3	0.08037535353212465	0.03902964487696151	0.6206801147200305	0.15694998217795061	0.10296490469293268
PMS1_dirichlet_train_fold1.2	0.0899223793061249	0.22940221566201233	0.19446398945173954	0.47416719127965856	0.012044224300464633
PMS1_dirichlet_train_fold1.3	0.04743015377468911	0.36985835565250746	0.21664784762938072	0.2494499850117548	0.11661365793166802
PMS1_dirichlet_train_fold1.4	0.15335794733737315	0.1272917631336266	0.1429092919179243	0.431134487090448	0.1453065105206279
PMS2_dirichlet_train_fold1.3	0.665660640419572	3.06e-322	0.33433935958042804	4.05e-322	8.2e-322
PMS1_dirichlet_train_fold1.5	0.1637986666770525	0.13903079807399915	0.11112102009997621	0.515160958231849	0.07088855691712312
MSH6_dirichlet_train_fold1.4	0.07027983925635219	8.94e-322	0.751780750431322	0.04034352014046641	0.1375958901718593
MSH6_dirichlet_train_fold1.5	0.11900055980536837	0.007835493671698132	0.8244031148477898	8.1e-322	0.04876083167514373
MSH6_dirichlet_train_fold1.6	0.06867394259972144	4.64e-322	0.7589411873009649	0.003983269861708701	0.16840160023760506
MSH6_dirichlet_train_fold1.7	0.04402620229308889	8.7e-322	0.6610530635818168	0.026370676172952492	0.26855005795214176
PMS1_dirichlet_train_fold1.6	4.254e-321	0.149950708654958	0.2730780362151781	0.3694361785249233	0.2075350766049407
MSH6_dirichlet_train_fold1.8	0.15298811729392847	0.020520728873893494	0.7782902582136859	0.008099781017325499	0.04010111460116677
PMS2_dirichlet_train_fold1.4	0.6759167544779647	9.3e-322	0.2824087817635737	0.04167446375846166	0.0
MSH6_dirichlet_train_fold1.9	3.8e-322	0.02705206354284148	0.7918814157514054	0.04773895025473057	0.1333275704510227
MLH1_dirichlet_train_fold1	0.4306007722283267	5.53e-322	0.3992922004593412	0.07691819613139267	0.09318883118093946
MLH1_dirichlet_train_fold1.1	0.09854941867472994	1.754e-321	0.6485818638875609	0.04828873156772627	0.20457998586998288
MSH6_dirichlet_train_fold1.10	0.00429969926368395	0.030608988205767244	0.7725852398881441	0.11919264677796991	0.07331342586443479
MSH6_dirichlet_train_fold1.11	2.015764291523309e-86	0.009636323499397977	0.6931848532334925	0.06286935440169765	0.23430946886541182
MSH6_dirichlet_train_fold1.12	3.1453494671661535e-37	0.07039923074812277	0.7875925375635677	0.08561909624970826	0.056389135438601086
PMS1_dirichlet_train_fold1.7	0.18581193267334156	0.14383904421362642	0.17207875815063428	0.409152134717786	0.08911813024461172
PMS2_dirichlet_train_fold1.5	0.5636628375234578	3.46e-322	0.3449615170631158	0.0913756454134265	4.7e-322
PMS2_dirichlet_train_fold1.6	0.6894802647102733	2.7e-322	0.30712847995333087	0.003391255336395912	3.85e-322
MSH2_dirichlet_train_fold1.1	0.00409880424986008	0.0230251593415106	0.781622730130384	0.07747001448748307	0.11378329179076245
MSH2_dirichlet_train_fold1.2	0.029074059886632243	2.93e-321	0.7143296999606413	0.10954978494765483	0.1470464552050716
PMS2_dirichlet_train_fold1.7	0.7271378442282668	0.025265579167947774	0.2475965766037856	3.4e-322	1.18e-321
MSH6_dirichlet_train_fold1.13	0.031560705947091414	3.66e-322	0.7165011853117516	0.09614175515524831	0.15579635358590868
MSH6_dirichlet_train_fold1.14	0.13868387664520787	0.020513372765935532	0.7457251265686078	0.017168152963146617	0.07790947105710203
MLH1_dirichlet_train_fold1.2	0.014261229828136202	0.10094911744664735	0.678166339985531	0.013884158688467792	0.19273915405121766
PMS1_dirichlet_train_fold1.8	0.058156864793425994	0.16268905223604008	0.21893808840113071	0.4602135980202189	0.10000239654918422
MLH1_dirichlet_train_fold1.3	0.16973763537858846	0.015087297049941186	0.6112076589444544	0.06324039283947328	0.1407270157875427
MSH2_dirichlet_train_fold1.3	0.09714835804349868	0.0007015405054680406	0.5706825969149769	0.08455563701045626	0.24691186752560024
MLH1_dirichlet_train_fold1.4	0.025337416625671745	0.0032205161210579446	0.6951992587372422	1.55e-321	0.27624280851602806
PMS1_dirichlet_train_fold1.9	2.757e-321	0.11548033634179578	0.20127668806199692	0.3455498214805408	0.3376931541156664
MLH1_dirichlet_train_fold1.5	0.06917390807964063	0.011467609824962978	0.661466262506395	0.02973005265435059	0.2281621669346508
MSH6_dirichlet_train_fold1.15	0.06670000834604999	0.022132902799673677	0.8766361347673433	7.16e-322	0.034530954086933144
MSH6_dirichlet_train_fold1.16	0.3720537370402037	0.002842301790418787	0.5414374294045143	0.0784685036964506	0.005198028068412546
PMS1_dirichlet_train_fold1.10	0.08650051912990182	0.13733444644380524	0.18212916770972762	0.4232640052611004	0.1707718614554649
PMS1_dirichlet_train_fold1.11	1.136e-321	0.2231024484553654	0.252126402347928	0.32196261462607434	0.20280853457063236
MSH6_dirichlet_train_fold1.17	0.23052619047681602	0.07002620587997704	0.5353386446871093	0.08303743528105002	0.08107152367504747
MSH6_dirichlet_train_fold1.18	3.24e-321	0.008850653188887244	0.8025377839174899	2.61e-321	0.18861156289362283
PMS2_dirichlet_train_fold1.8	0.6727178748690419	2.5e-322	0.30374615321803605	0.023535971912921904	0.0
MSH6_dirichlet_train_fold1.19	0.020594931785078575	0.0024108881700153767	0.8644370381473115	0.049124902805717574	0.06343223909187695
PMS2_dirichlet_train_fold1.9	0.5930620963190634	2.6e-322	0.4069379036809366	3.2e-322	0.0
MLH1_dirichlet_train_fold1.6	0.0672689274802719	3.167e-321	0.6306767827755289	0.08154103056200747	0.2205132591821917
MSH6_dirichlet_train_fold1.20	0.09268592404745347	0.028675326788032425	0.8100160162035706	2.11e-321	0.06862273296094361
PMS2_dirichlet_train_fold1.10	0.6630047401036192	3.1e-322	0.33699525989638074	2.026e-321	4.1e-322
MSH6_dirichlet_train_fold1.21	0.2257721457189713	0.04588169106308748	0.6319818217246361	0.010316400036580487	0.08604794145672448
PMS1_dirichlet_train_fold1.12	0.17753816564560682	0.21747608169842225	0.19489955645582419	0.21608247358715635	0.1940037226129903
MSH6_dirichlet_train_fold1.22	0.19178270764873465	7.506289436151498e-159	0.6259834027175231	0.04669889073840567	0.13553499889533666
MSH2_dirichlet_train_fold1.4	1.99e-321	0.01824406384594251	0.5704001597638235	0.050811355603817165	0.36054442078641685
MSH6_dirichlet_train_fold1.23	0.1408033051305713	0.0	0.6226654671097336	3.4e-322	0.23653122775969518
PMS2_dirichlet_train_fold1.11	0.5241245544592188	0.01518261950281015	0.460692826037971	4.7e-322	4.3e-322
PMS1_dirichlet_train_fold1.13	0.043427001253532285	0.2835604219587662	0.2235833972960377	0.24374145442879513	0.20568772506286853
PMS1_dirichlet_train_fold1.14	1.96e-321	0.20445523378679617	0.06052559451489211	0.49987322358126285	0.23514594811704875
MSH6_dirichlet_train_fold1.24	0.1860656457196349	4.2e-322	0.6220049364615579	4.802924533022237e-107	0.19192941781880726
PMS1_dirichlet_train_fold1.15	0.051389272461623704	0.1470713115250138	0.19006726552024203	0.46236691823768594	0.14910523225543443
MSH6_dirichlet_train_fold1.25	0.09910367938780315	1.73e-321	0.7479910074359364	0.10822950443525203	0.04467580874100854
MSH6_dirichlet_train_fold1.26	3.404e-321	0.06765282338978468	0.8111338305326079	3.211599567112776e-07	0.12121302491765071
MSH2_dirichlet_train_fold1.5	0.05888731956633037	0.0037624194604505743	0.6664851773232072	0.039880513244689476	0.2309845704053222
PMS2_dirichlet_train_fold1.12	0.701833371895624	0.0	0.2981666281043759	3.06e-322	6.57e-322
PMS2_dirichlet_train_fold1.13	0.6489203265009841	0.022591506397682568	0.32362319339247003	0.004864973708863266	9.12326891323306e-270
MSH6_dirichlet_train_fold1.27	0.04694485788437375	0.0636064084970123	0.8746095013786286	1.027496541149752e-09	0.014839231212488766
MSH6_dirichlet_train_fold1.28	1.487e-321	0.06397761739613879	0.7749919329172779	0.031826074524181625	0.12920437516240169
MSH6_dirichlet_train_fold1.29	0.11896743874536639	0.017889905279171333	0.6395570389540647	0.1389884906505151	0.08459712637088251
PMS1_dirichlet_train_fold1.16	3.72e-321	0.3082471230708358	0.16051174448516772	0.3533592491998878	0.1778818832441087
MSH6_dirichlet_train_fold1.30	0.007117573675504008	0.09054850098519254	0.8086901464597003	0.07661794996789742	0.01702582891170585
PMS2_dirichlet_train_fold1.14	0.6067874879123634	1.793e-321	0.3932125120876367	1.34e-321	8.6e-322
MSH6_dirichlet_train_fold1.31	0.1758635606104677	0.02131818957420184	0.5395832658544801	0.14763431283016465	0.11560067113068583
MSH6_dirichlet_train_fold1.32	1.5598735310017572e-296	0.0186192376479811	0.7031749590003229	0.08033083228521541	0.19787497106648053
MSH6_dirichlet_train_fold1.33	2.75e-321	0.014844253475817542	0.866973117582925	0.08287539578297988	0.035307233158277614
MLH1_dirichlet_train_fold1.7	5.395768849920734e-17	0.009766022666993753	0.7276771065213339	0.08062547902624037	0.1819313917854321
PMS1_dirichlet_train_fold1.17	0.21011068525937368	0.09002859921582054	0.243088724481384	0.31827100467848357	0.1385009863649382
MSH6_dirichlet_train_fold1.34	0.02861579635323427	0.03323752614040495	0.9010652126409738	1.58e-321	0.03708146486538682
MSH2_dirichlet_train_fold1.6	0.13963114073218333	1.304e-321	0.6166183645782559	0.10161356712025019	0.14213692756931057
MSH6_dirichlet_train_fold1.35	0.062426566256898804	0.013952687425886484	0.7187226276804419	0.07298699904742392	0.13191111958934887
MLH1_dirichlet_train_fold1.8	0.0740322805263275	0.00675894977921847	0.6902731450214805	0.05495580699395406	0.1739798176790195
MLH1_dirichlet_train_fold1.9	0.17743835856835732	0.005570625577007407	0.5945885857639319	0.05345743370540985	0.16894499638529353
PMS1_dirichlet_train_fold1.18	4.854053359839612e-11	0.14348262305842271	0.256839424294251	0.5334980307618274	0.06617992183695832
MSH2_dirichlet_train_fold1.7	0.09648361378251508	1.04e-321	0.7204736807001177	0.02822502600774559	0.1548176795096216
MLH1_dirichlet_train_fold1.10	0.13786332232196696	4.15e-322	0.6448424005379981	0.008658120866422656	0.2086361562736123
MSH6_dirichlet_train_fold1.36	0.1693737415776556	2.233e-321	0.5606999889826142	0.13703249270767143	0.13289377673205885
MSH6_dirichlet_train_fold1.37	0.049290938079869645	0.010890920098697354	0.6647445121343987	0.15445192332270213	0.12062170636433218
PMS2_dirichlet_train_fold1.15	0.6187169810965665	9.5e-322	0.379601095441537	0.0016819234618965062	3.85e-322
MSH6_dirichlet_train_fold1.38	0.07293507351554253	4.5e-322	0.782583024782206	0.02414932223058666	0.12033257947166484
MSH6_dirichlet_train_fold1.39	0.17789921388824972	0.012581684730217223	0.5939639640362806	0.02831531065998476	0.18723982668526773
OGG1_dirichlet_train_fold1	0.23373993100843904	0.6627054944037158	1.9e-321	0.034631382116838416	0.06892319247100655
UNG_dirichlet_train_fold1	0.055441155479562854	0.08357976513598014	0.022232902486877617	0.26009746137000195	0.5786487155275776
OGG1_dirichlet_train_fold1.1	0.12115834231083922	0.571029032006679	0.12493731470552871	0.17674650007363873	0.006128810903314331
OGG1_dirichlet_train_fold1.2	0.24606478013166935	0.5536199241809902	0.034797614368085185	0.14385449584580792	0.02166318547344735
OGG1_dirichlet_train_fold1.3	0.13022909818743808	0.6146132279621499	0.08548196885694057	0.13030060782493713	0.039375097168534184
OGG1_dirichlet_train_fold1.4	0.05660977029697581	0.8030360445229234	0.018009874873933962	0.04641487824727369	0.07592943205889315
UNG_dirichlet_train_fold1.1	0.07145787126817155	0.1474304737107002	0.12135480911438387	0.08359469949449756	0.5761621464122468
UNG_dirichlet_train_fold1.2	0.03565617236729186	0.11188386786058815	0.1392818682801348	0.28801316690812084	0.42516492458386435
OGG1_dirichlet_train_fold1.5	0.15472446176017163	0.7099507390298391	0.02456936685891691	0.045484198690083744	0.06527123366098883
UNG_dirichlet_train_fold1.3	0.06512658008867002	0.042472464206412444	0.07650026264128718	0.2232080613932951	0.5926926316703353
UNG_dirichlet_train_fold1.4	0.14041131849329822	0.08418113448740401	0.1526303785727618	0.13318297673923632	0.4895941917072997
OGG1_dirichlet_train_fold1.6	2.46e-321	0.7557658037854255	0.05970890419022497	0.14288447945373633	0.04164081257061311
OGG1_dirichlet_train_fold1.7	2.21e-321	0.9058224066088518	0.08207383367578368	0.012103759715364508	6.112948569745873e-144
OGG1_dirichlet_train_fold1.8	0.08484025288070995	0.6061384835094372	3.22e-321	0.2498578247808257	0.05916343882902732
OGG1_dirichlet_train_fold1.9	0.1574889778133738	0.5354286574000886	4.76e-321	0.30708236478653755	3.617723192678255e-34
UNG_dirichlet_train_fold1.5	0.09946064322432929	0.1000961049551806	0.018560607742794076	0.1157579222759784	0.6661247218017177
UNG_dirichlet_train_fold1.6	4.181376072938509e-195	0.0333111479162904	1.24e-321	0.07380150844299829	0.8928873436407113
UNG_dirichlet_train_fold1.7	2.34e-321	0.0653879553923849	0.07105365359800468	0.16110759922492374	0.7024507917846867
UNG_dirichlet_train_fold1.8	4.35e-321	0.02142421672506546	0.08065074197479198	0.20689597289729678	0.691029068402846
UNG_dirichlet_train_fold1.9	0.028736734592757926	0.17685510540136992	0.0037880438598342473	0.12243688219661725	0.6681832339494206
UNG_dirichlet_train_fold1.10	0.255868111272385	0.08150843480055228	0.09210451130842023	0.1686310107013099	0.40188793191733263
UNG_dirichlet_train_fold1.11	0.030024815844228513	0.21123984036919358	0.0847483286221229	0.22776836812601114	0.44621864703844394
UNG_dirichlet_train_fold1.12	1.44e-321	0.25686441830123274	0.02130884859087625	0.13976476272084065	0.5820619703870503
UNG_dirichlet_train_fold1.13	1.93e-321	0.05781816861369525	0.01909723779818701	0.26173482074950194	0.6613497728386156
UNG_dirichlet_train_fold1.14	0.014650812431462268	0.0944967351468892	7.230002677759312e-152	0.19635100988899748	0.6945014425326511
OGG1_dirichlet_train_fold1.10	0.19849667760610282	0.5776216653440779	1.586e-321	0.16089636517683015	0.06298529187298918
UNG_dirichlet_train_fold1.15	0.09753542325370443	0.27436527388537285	0.028185949384680702	0.009874989711822059	0.5900383637644199
UNG_dirichlet_train_fold1.16	0.08222221972800169	0.10158175443908625	0.10357711619772687	0.19135192614155874	0.5212669834936264
UNG_dirichlet_train_fold1.17	0.17357143357345842	0.1463595457062439	0.07856229936193929	0.05999336536920289	0.5415133559891555
OGG1_dirichlet_train_fold1.11	0.11735521731570837	0.5361629509527998	0.1561633011899698	0.19031853054152212	1.566e-321
UNG_dirichlet_train_fold1.18	0.03689474586583183	0.07829373929317414	0.12793097717672794	0.0882996343975861	0.6685809032666798
UNG_dirichlet_train_fold1.19	0.15607536495283128	0.10583377711397773	0.02065478544451859	0.09600572582942135	0.6214303466592509
OGG1_dirichlet_train_fold1.12	0.1230623887360866	0.6373228361645005	0.03646376094492928	0.15481851129132942	0.04833250286315407
UNG_dirichlet_train_fold1.20	0.082103979784221	0.11195797235623171	9.933809126099335e-290	0.21148575981206838	0.5944522880474787
OGG1_dirichlet_train_fold1.13	2.29e-321	0.8710045488468511	0.012836147875563595	0.11615930327758518	8.45505646022424e-308
UNG_dirichlet_train_fold1.21	0.178612626990375	0.045268109051946843	0.02026167565960698	0.24012432713432796	0.5157332611637433
UNG_dirichlet_train_fold1.22	2.194e-321	0.10694100190535928	0.010333854787414085	0.44104625100659134	0.4416788923006354
UNG_dirichlet_train_fold1.23	0.04846350493641221	0.09548412525241216	0.04187694132716124	0.18900017190767984	0.6251752565763348
OGG1_dirichlet_train_fold1.14	0.19207901858174933	0.6484291967856284	0.010442157414382088	0.05896022531452103	0.09008940190371917
UNG_dirichlet_train_fold1.24	0.13231417482712443	0.11047493778587165	0.02295157210652397	0.16986096797371872	0.5643983473067611
OGG1_dirichlet_train_fold1.15	0.27841905093563774	0.5653143518537874	0.014771994844112171	0.1414946023664626	6e-322
OGG1_dirichlet_train_fold1.16	0.2409204818214	0.509245482522157	0.055724519762248674	0.13231996613101063	0.06178954976318373
UNG_dirichlet_train_fold1.25	0.25621372664970105	0.14943689776090543	0.06793445403008416	0.02039627485790981	0.5060186467013995
UNG_dirichlet_train_fold1.26	8.1e-322	0.06670152079684286	0.27803564495534516	0.18523273987983127	0.4700300943679807
UNG_dirichlet_train_fold1.27	0.22508279105702114	0.0006900667747353383	0.09682714812736598	0.24266495954261028	0.4347350344982672
UNG_dirichlet_train_fold1.28	0.15277081354986877	0.14919002109167342	1.6676169489508611e-301	0.2518475433202268	0.4461916220382308
UNG_dirichlet_train_fold1.29	0.08265882646444647	0.255473346504825	6.2e-322	0.029112108808119867	0.6327557182226087
OGG1_dirichlet_train_fold1.17	2.579386609754161e-102	0.7826107970232514	2.7234606731393182e-155	0.05318615201566883	0.16420305096107973
OGG1_dirichlet_train_fold1.18	0.17077307988189944	0.4639061752527821	0.09668705643410726	0.25410706220182155	0.014526626229389784
OGG1_dirichlet_train_fold1.19	0.07585994423674061	0.7132754091471174	1.61703221e-315	0.1465542245828933	0.06431042203324874
OGG1_dirichlet_train_fold1.20	0.05996151336781226	0.5890375820820923	0.1552960297733616	0.19389860099665454	0.0018062737800794127
UNG_dirichlet_train_fold1.30	0.09426028200334768	0.08706497403901964	2.82e-321	0.26021958154391456	0.5584551624137182
UNG_dirichlet_train_fold1.31	0.16943148427582116	0.24432840162098712	2.6567259501037384e-53	0.0626479912311504	0.5235921228720412
OGG1_dirichlet_train_fold1.21	0.06780680116116666	0.6067000732181096	0.08165733367723714	0.21400283201797832	0.029832959925508152
OGG1_dirichlet_train_fold1.22	0.05522884729972415	0.4731383678996953	0.08251775951962144	0.2949730840609679	0.09414194121999107
OGG1_dirichlet_train_fold1.23	0.2131981146593655	0.5208301962335411	8.122644462738101e-305	0.26059765061677087	0.005374038490322674
OGG1_dirichlet_train_fold1.24	4.763529052097571e-146	0.7034044785924244	0.0011055841980299463	0.27446148474200177	0.021028452467543837
UNG_dirichlet_train_fold1.32	0.015399819890777551	0.033283305862894554	1.56e-321	0.25859887767112444	0.6927179965752034
UNG_dirichlet_train_fold1.33	0.10557816649344692	0.05002883220060818	0.05277047399595667	0.08228355695677592	0.7093389703532123
UNG_dirichlet_train_fold1.34	1.0368031271165279e-225	0.05715313594034624	0.08290035763763497	0.13053019920362902	0.7294163072183899
OGG1_dirichlet_train_fold1.25	0.21427009494794028	0.7238356390140314	8.9e-322	0.004585881883888777	0.05730838415413949
UNG_dirichlet_train_fold1.35	0.08923258827512406	0.078785753545242	0.13993637751232055	0.0750130470941143	0.6170322335731991
OGG1_dirichlet_train_fold1.26	4.9093765859562954e-265	0.892664239935994	0.07612148285716815	0.026797657098059462	0.0044166201087783834
UNG_dirichlet_train_fold1.36	0.042898002466047136	0.10069931142025601	0.09983880503106514	0.14176111175464057	0.6148027693279913
OGG1_dirichlet_train_fold1.27	0.13149784921413696	0.6926275838913681	1.8861113498290568e-132	0.1358181429063475	0.04005642398814733
OGG1_dirichlet_train_fold1.28	1.81e-321	0.6561433485028558	0.05327835810891747	0.21044035072134068	0.08013794266688594
OGG1_dirichlet_train_fold1.29	0.01940512253788324	0.5944798690782078	0.07338380733403521	0.31273120104987373	1.245e-321
OGG1_dirichlet_train_fold1.30	0.3850874161348806	0.5493418996188585	2.35e-321	0.0655706842462608	2.747e-321
OGG1_dirichlet_train_fold1.31	0.11313496136517356	0.7429067441184469	0.07147575549358412	0.062239241511753945	0.010243297511041409
UNG_dirichlet_train_fold1.37	1.176e-321	0.09386638470553921	1.4345407646580877e-284	0.12416448978579797	0.7819691255086627
UNG_dirichlet_train_fold1.38	0.10749778733738188	0.03360374958615547	0.08684887247603938	0.10379082702236019	0.6682587635780632
OGG1_dirichlet_train_fold1.32	0.17444151986244552	0.5604927772593555	0.11372064420520654	0.15134505867299233	6e-322
OGG1_dirichlet_train_fold1.33	3.6009825245857776e-225	0.907445831784202	0.08631240981250932	0.006241758403288662	1.7843469569653484e-166
OGG1_dirichlet_train_fold1.34	0.06381691111200122	0.6948267856406228	0.061041862023764236	0.1507284546825837	0.029585986541027978
OGG1_dirichlet_train_fold1.35	0.09022104753245505	0.8935199766325763	0.009950691187315203	7.993130350098813e-183	0.006308284647653607
UNG_dirichlet_train_fold1.39	0.12858859237467102	0.03107275931827096	0.044499603787639966	0.13152553856383647	0.6643135059555816
UNG_dirichlet_train_fold1.40	0.1422141638402241	0.021964991049726365	9.313582966183024e-236	0.18170137131806935	0.6541194737919802
UNG_dirichlet_train_fold1.41	0.163267297589302	0.11035384982395365	0.09199769722185269	0.03716579778192809	0.5972153575829636
UNG_dirichlet_train_fold1.42	0.1163380461268419	0.09296144224950324	0.042395417223297704	0.09741996206599873	0.6508851323343585
UNG_dirichlet_train_fold1.43	0.12435681717480056	0.10638724806494508	0.062401867327250296	0.1409484979731906	0.5659055694598136
OGG1_dirichlet_train_fold1.36	7.753597134041148e-25	0.7034179238570324	4.056019466813509e-81	0.22250639553235044	0.07407568061061716
OGG1_dirichlet_train_fold1.37	0.2510467140161873	0.513971952442233	4.037e-321	0.16498477721642063	0.06999655632515911
UNG_dirichlet_train_fold1.44	0.04485185798149483	0.12832894249609	0.040013471748343646	0.06709556656011818	0.7197101612139535
UNG_dirichlet_train_fold1.45	1.6310207358817905e-145	0.23230470027746347	6.025738724876301e-37	0.05242847113092611	0.7152668285916104
UNG_dirichlet_train_fold1.46	0.18030564501799434	0.05532660554352318	1.527e-321	0.1759894877931739	0.5883782616453085
OGG1_dirichlet_train_fold1.38	0.09106978138697747	0.7417369736205195	3.1593181088975603e-31	0.02245951360318499	0.14473373138931803
OGG1_dirichlet_train_fold1.39	0.06768018524409646	0.6557911758318387	8.84e-322	0.22009668026076956	0.056431958663295125
UNG_dirichlet_train_fold1.47	8.267833543229293e-69	0.18837695210685754	0.15867895207742075	0.1700833185371534	0.48286077727856835
UNG_dirichlet_train_fold1.48	0.16346519969525636	0.12977120572447529	5.24e-322	0.11384189385929301	0.5929217007209753
UNG_dirichlet_train_fold1.49	0.09367273503662896	0.028550612838002573	0.040502995496691736	0.15482321405989777	0.682450442568779
OGG1_dirichlet_train_fold1.40	0.17719668848064707	0.6891579598685992	0.03723579979635475	0.08087019884248797	0.015539353011911006
UNG_dirichlet_train_fold1.50	0.2221244832901411	0.08656840288513193	0.04043702827084205	0.0637845921191779	0.587085493434707
UNG_dirichlet_train_fold1.51	4.94e-322	0.06554559528817838	1.2105292489762112e-47	0.22474946887473038	0.7097049358370914
UNG_dirichlet_train_fold1.52	2.317e-321	0.17760727106094254	0.05926448589315437	0.31060786200227636	0.4525203810436266
OGG1_dirichlet_train_fold1.41	0.08924111444334457	0.7402143524118076	0.06827527165399362	0.10226926149085426	1.02e-321
OGG1_dirichlet_train_fold1.42	0.14648131410525617	0.5368670748333109	2.115e-321	0.316651611061433	1.635e-321
UNG_dirichlet_train_fold1.53	1.1987330467586713e-294	0.10250656155129215	0.05434800765024551	0.22647016244692034	0.6166752683515422
UNG_dirichlet_train_fold1.54	0.13724246836023593	0.17981366750950162	0.02470045696619719	0.17438177154737838	0.48386163561668705
RNF168_dirichlet_train_fold1	0.6002215699915654	0.08434136106645934	3.147e-321	0.045342387609389564	0.27009468133258574
RNF168_dirichlet_train_fold1.1	0.5607584698264321	0.055671265943592674	0.09078112697603212	4.374478295e-315	0.29278913725394323
RNF168_dirichlet_train_fold1.2	0.5637011569942008	0.06968279820263254	0.09388240095479201	0.13321676278521974	0.13951688106315485
RNF168_dirichlet_train_fold1.3	0.651825393249263	0.020784611866778296	0.08021714140149955	0.09109547780595098	0.15607737567650817
RNF168_dirichlet_train_fold1.4	0.6037146192182399	0.013254428259322874	4.945622610368151e-10	0.0221782880940963	0.36085266393377863
RNF168_dirichlet_train_fold1.5	0.332834641224919	0.11731816295020853	0.3624347530574079	0.015055124531483619	0.172357318235981
RNF168_dirichlet_train_fold1.6	0.5197682756528852	0.08351726507984783	0.1563025325427782	0.08141862389121997	0.15899330283326885
RNF168_dirichlet_train_fold1.7	0.5774651921576202	0.04034262833590284	0.16309726946558673	0.1382153929528532	0.08087951708803716
RNF168_dirichlet_train_fold1.8	0.5002324005896173	0.05200901961221652	0.08915247327041177	0.17399569701431472	0.18461040951343985
RNF168_dirichlet_train_fold1.9	0.3968910275674786	0.01938015360882068	0.25036301601704175	0.043668852216957696	0.2896969505897012
RNF168_dirichlet_train_fold1.10	0.5538894691344507	5.834740822973542e-25	0.19721112368133212	0.20350049334212028	0.0453989138420971
RNF168_dirichlet_train_fold1.11	0.6831698124973425	0.016441999025845522	0.23136812719102498	0.06229708984358681	0.00672297144220027
RNF168_dirichlet_train_fold1.12	0.5893694317619806	0.14661442194310964	0.1108053832961833	0.058497306190831405	0.09471345680789513
RNF168_dirichlet_train_fold1.13	0.7026411948269192	0.054259135801991654	0.01686430308149928	0.10998851953134746	0.11624684675824232
RNF168_dirichlet_train_fold1.14	0.5707182757214465	0.019585364723787406	0.026233281978984686	0.22231424732635918	0.1611488302494223
RNF168_dirichlet_train_fold1.15	0.3135122231821881	3.284938886036486e-219	0.0223746047695858	0.23314863900860205	0.430964533039624
RNF168_dirichlet_train_fold1.16	0.7227713424517319	0.011839223919284506	0.0381457208460082	0.09238953782806326	0.13485417495491217
RNF168_dirichlet_train_fold1.17	0.5659568038187917	0.028985076601310816	0.07284802237537943	0.10822774710994751	0.22398235009457054
RNF168_dirichlet_train_fold1.18	0.46582901921733777	0.06404009166340258	0.17394643663069023	0.13187748471848748	0.16430696777008194
RNF168_dirichlet_train_fold1.19	0.3227040347109036	0.10503464464170716	0.10114254282260762	0.18723246968577928	0.28388630813900234
RNF168_dirichlet_train_fold1.20	0.3012660853353253	0.03870368713122795	0.17529926650373578	0.23200324959020707	0.2527277114395039
