Samples	SBS96A	SBS96B	SBS96C	SBS96D	SBS96E
ATP2B4_real_train_fold1	2.5100006539971948e-222	0.0933737641576864	0.731971636720188	3.6283872668399878e-149	0.17465459912212555
ATP2B4_real_train_fold1.1	2.7203050182837614e-10	0.04780725672563787	0.6505525274970939	0.08915532347671526	0.21248489202852228
EXO1_real_train_fold1	0.8224695689747233	0.04721820861171987	0.044738924157885086	0.04028545937544423	0.04528783888022746
MLH1_real_train_fold1	2.3379115447931373e-109	0.8805440464980767	1.362613522678555e-235	0.11467707991266657	0.004778873589256867
MSH2_real_train_fold1	1.764e-321	0.8795518198321535	1.5960293389169868e-15	0.10798261101095138	0.012465569156893572
MSH6_real_train_fold1	5.3439328520422895e-210	0.9729524966130267	2.070348120295915e-180	0.014199657192794127	0.012847846194179151
MSH6_real_train_fold1.1	2.505e-321	0.9022018992920419	0.044821389915846575	0.04846413374400879	0.004512577048102914
OGG1_real_train_fold1	1.8148991735034516e-215	0.02720477397116813	0.1288510633527523	0.0882222211854212	0.7557219414906583
PMS1_real_train_fold1	2.19e-321	0.2117623999005903	0.6664569164758237	0.11686163174627993	0.004919051877305933
PMS2_real_train_fold1	0.4621197623871943	0.5212139912814185	2.1e-321	2.96e-322	0.016666246331387004
RNF168_real_train_fold1	0.7536298573425251	2.94e-321	0.0761695635482182	0.12861704306603355	0.041583536043223235
UNG_real_train_fold1	6.0335771545389005e-90	0.09211616649039973	0.000818341753249976	0.8414228000682759	0.06564269168807438
ATP2B4_dirichlet_train_fold1	1.9301564870569653e-277	0.07619166605638111	0.42664663828130545	0.18842165493920235	0.3087400407231111
ATP2B4_dirichlet_train_fold1.1	0.17326438463367083	7.397493611307991e-147	0.5382896611228656	0.021672162047220125	0.2667737921962435
ATP2B4_dirichlet_train_fold1.2	0.001184724877489393	0.08217777901248854	0.650802287330981	0.10882689212302904	0.15700831665601173
ATP2B4_dirichlet_train_fold1.3	4.6419576138623464e-204	4.247090318968341e-124	0.4296885727548177	0.11265194234761974	0.45765948489756236
ATP2B4_dirichlet_train_fold1.4	1.52e-321	0.07032772444676445	0.6446446412898258	2.5866200609387897e-228	0.28502763426340966
ATP2B4_dirichlet_train_fold1.5	0.1167732005767206	0.09543678805983728	0.24288818641980628	1.107e-321	0.544901824943636
ATP2B4_dirichlet_train_fold1.6	2.2847172170498152e-88	0.06030985050018038	0.6580493912814146	0.006854038458198048	0.274786719760207
ATP2B4_dirichlet_train_fold1.7	1.304e-321	0.04490903180333632	0.8885595000836459	1.6293600096502918e-34	0.06653146811301774
ATP2B4_dirichlet_train_fold1.8	3.0735454921490836e-143	2.82e-321	0.800498367326629	4.003765746750123e-293	0.199501632673371
ATP2B4_dirichlet_train_fold1.9	6.531676976182779e-128	3.178091792563114e-269	0.3916972127610986	0.33514875727106397	0.27315402996783755
ATP2B4_dirichlet_train_fold1.10	1.2592900503370716e-125	0.08689769653181241	0.2161326803765051	0.2859719178300064	0.4109977052616759
ATP2B4_dirichlet_train_fold1.11	5.4247862856691e-287	0.10940112080083998	0.8905959941212265	3.5279580040067174e-39	2.8850779335931827e-06
ATP2B4_dirichlet_train_fold1.12	0.1260667646216769	0.07834872812700734	0.6607082890286547	0.040145027603535645	0.09473119061912537
ATP2B4_dirichlet_train_fold1.13	0.20311756510058035	0.12170279836289254	5.989685065914339e-27	0.01201874202636718	0.6631608945101599
ATP2B4_dirichlet_train_fold1.14	2.2021028507003335e-49	0.10744584417876321	0.5500405295011926	0.08780744358138177	0.2547061827386623
ATP2B4_dirichlet_train_fold1.15	0.06570511562230362	0.23867415787966656	0.4802300002720963	7.6e-322	0.21539072622593364
ATP2B4_dirichlet_train_fold1.16	0.17132766599834168	0.09114739394482511	0.4566895145393316	0.12279487324637672	0.1580405522711249
ATP2B4_dirichlet_train_fold1.17	0.12619726550638524	0.027392429608539305	0.7786539304601493	2.8153931218776066e-251	0.0677563744249261
ATP2B4_dirichlet_train_fold1.18	0.03337529593927587	4.371782913342056e-32	0.8045789750962187	6.8e-322	0.16204572896450536
ATP2B4_dirichlet_train_fold1.19	1.655e-321	0.04444266004060299	0.22137748732847398	0.38416014268101106	0.35001970994991205
ATP2B4_dirichlet_train_fold1.20	0.025781001508009514	0.05681655025397915	0.7537835425004481	7.453149316306126e-222	0.16361890573756316
ATP2B4_dirichlet_train_fold1.21	0.12879990701512714	0.10081279049815095	0.3212414837574069	0.04183191260185361	0.40731390612746143
ATP2B4_dirichlet_train_fold1.22	0.01978611875359517	0.1762672648204654	0.37391379062528574	0.15031481371361397	0.2797180120870396
ATP2B4_dirichlet_train_fold1.23	8.2e-322	0.09053662074173265	0.5292684858747094	1.03e-321	0.3801948933835579
ATP2B4_dirichlet_train_fold1.24	0.05874643777228699	0.23762142255194327	0.4802005803716417	1.4946553066585655e-117	0.22343155930412814
ATP2B4_dirichlet_train_fold1.25	0.01440152273610109	0.07932958373508044	0.5946342629456939	1.754e-321	0.3116346305831245
ATP2B4_dirichlet_train_fold1.26	0.05488818800919362	0.11759737525069691	0.24861325671288953	0.000152389182535215	0.5787487908446847
ATP2B4_dirichlet_train_fold1.27	0.005419784787824582	0.11765405431672485	0.7089003271569022	0.09480304900388314	0.0732227847346654
ATP2B4_dirichlet_train_fold1.28	0.0603266582145119	3.72e-321	0.37849364388133455	0.15862325258203172	0.40255644532212187
ATP2B4_dirichlet_train_fold1.29	5.2399682677901485e-294	0.1496505055305605	0.5288018527474513	1.01e-321	0.32154764172198835
ATP2B4_dirichlet_train_fold1.30	0.21034212214269646	0.10574857996792937	0.3732662992276302	1.2572154308841684e-38	0.310642998661744
ATP2B4_dirichlet_train_fold1.31	0.44838875440213743	0.09463453256401973	0.36407153698535216	3.478867821811621e-235	0.09290517604849065
ATP2B4_dirichlet_train_fold1.32	1.273894600918909e-228	0.025668534710457366	0.23131525649185333	0.5726332168268647	0.1703829919708246
ATP2B4_dirichlet_train_fold1.33	0.014983311139433752	0.04448873842064073	0.8474779635494663	4.887335063829718e-283	0.09304998689045944
ATP2B4_dirichlet_train_fold1.34	0.17801636407733623	0.049277017341708446	0.600600263131291	0.031889467809411265	0.1402168876402531
ATP2B4_dirichlet_train_fold1.35	4.631112369317107e-119	7.26e-322	1.0	1.393e-321	4.7e-322
ATP2B4_dirichlet_train_fold1.36	3.6919769477432306e-214	2.1396482135417039e-249	0.8444517783616248	1.03e-321	0.15554822163837517
ATP2B4_dirichlet_train_fold1.37	1.45e-321	1.3105220805053435e-90	0.9813064652575602	0.01869353474243974	9.4e-323
ATP2B4_dirichlet_train_fold1.38	0.04823701017023517	3.305e-321	0.3752965746526855	0.2765458929822129	0.2999205221948663
ATP2B4_dirichlet_train_fold1.39	6.94531279505937e-189	0.006828877006574348	0.6695236434769607	0.07984636944444824	0.24380111007201677
ATP2B4_dirichlet_train_fold1.40	4.28648875472658e-99	0.12368013068758996	0.6786495462614045	0.027229780634923564	0.1704405424160819
ATP2B4_dirichlet_train_fold1.41	0.19025920657655987	3.69e-321	0.23076123836425827	0.2076165444887967	0.3713630105703851
ATP2B4_dirichlet_train_fold1.42	0.04390924141385068	0.2080906175593189	0.12140120093287081	0.17551834021138576	0.451080599882574
ATP2B4_dirichlet_train_fold1.43	0.09864996955604584	0.05474504733095605	0.06475745792775421	0.2815110830800962	0.5003364421051476
ATP2B4_dirichlet_train_fold1.44	1.635e-321	3.12e-321	0.8205117394332513	0.06123161243081571	0.11825664813593317
ATP2B4_dirichlet_train_fold1.45	0.44274358087770804	1.43e-321	0.34937064625250164	1.245e-321	0.20788577286979043
ATP2B4_dirichlet_train_fold1.46	0.055191025996001855	1.166e-321	0.5921771665434442	0.004772480907206931	0.3478593265533468
ATP2B4_dirichlet_train_fold1.47	0.2007794098885232	0.08970195716548945	0.4279689309008572	0.08276565198353346	0.19878405006159683
ATP2B4_dirichlet_train_fold1.48	2.765800247935028e-54	0.1587798142679714	0.5659540094538019	2.8859907250046803e-170	0.27526617627822664
ATP2B4_dirichlet_train_fold1.49	0.030257580304963057	2.95e-321	0.42663065731697614	0.22890627973328376	0.31420548264477693
ATP2B4_dirichlet_train_fold1.50	1.3e-321	0.2174471995394259	0.45189505670896934	0.09267847957629763	0.23797926417530707
ATP2B4_dirichlet_train_fold1.51	0.3731027681878556	1.94e-321	0.27804035830224577	0.06282677761992352	0.2860300958899752
ATP2B4_dirichlet_train_fold1.52	0.04551614755540182	0.08036139770251614	0.6519980926276567	0.018739583633599566	0.2033847784808258
ATP2B4_dirichlet_train_fold1.53	0.007088605863464562	1.1e-321	0.865310444943223	0.010995508724303356	0.1166054404690091
ATP2B4_dirichlet_train_fold1.54	0.026052396916388137	1.067e-321	0.6629437049442869	0.12075624998500355	0.19024764815432152
ATP2B4_dirichlet_train_fold1.55	1.616e-321	0.17740427329950964	0.8225957267004904	1.17e-321	1.24e-322
ATP2B4_dirichlet_train_fold1.56	0.17070291447391453	4.831446169154096e-155	0.33030824023153893	0.1659891681454903	0.33299967714905643
ATP2B4_dirichlet_train_fold1.57	1.625e-321	0.008773965385002594	0.7902749672034911	4.983989996965892e-303	0.20095106741150628
ATP2B4_dirichlet_train_fold1.58	7.76e-322	1.206e-321	0.9787511167145163	4.1e-322	0.021248883285483845
ATP2B4_dirichlet_train_fold1.59	1.76e-321	5.6056903471402066e-120	0.8795155504648462	0.1204844495351538	2.1e-322
ATP2B4_dirichlet_train_fold1.60	6.47e-322	8e-322	0.9999999999999999	6.8e-322	1.8730703770635824e-123
ATP2B4_dirichlet_train_fold1.61	1.13e-321	0.03439046209541301	0.8431838369244804	6.777668157920375e-104	0.12242570098010659
ATP2B4_dirichlet_train_fold1.62	0.3325683017559993	0.010230499596943507	0.2943271833138322	0.1304794076674715	0.23239460766575354
ATP2B4_dirichlet_train_fold1.63	1.03e-321	0.07802797084349565	0.8676034653096903	9.93e-322	0.054368563846813996
ATP2B4_dirichlet_train_fold1.64	0.00012759199947338327	0.14158645067019857	0.15592365082391496	0.25323774530743076	0.44912456119898214
ATP2B4_dirichlet_train_fold1.65	1.176e-321	0.11513742872260542	0.8848625712773946	4.890626998563488e-145	1.53e-322
ATP2B4_dirichlet_train_fold1.66	9.088795949477084e-92	0.06680699967316618	0.8878275594950453	1.6042724603667034e-302	0.04536544083178866
ATP2B4_dirichlet_train_fold1.67	0.1966661605513609	1.1185071526252407e-08	0.5115564047582162	0.016081617749511157	0.2756958057558402
ATP2B4_dirichlet_train_fold1.68	0.1280361757978352	1.186e-321	0.4524114752743864	6.390281296981032e-305	0.4195523489277784
ATP2B4_dirichlet_train_fold1.69	3.2165107817590955e-261	2.62e-321	0.9306670689933562	8.15e-322	0.06933293100664384
ATP2B4_dirichlet_train_fold1.70	0.03068405220126217	0.02992178457342084	0.6568576996264458	0.19437048856316966	0.08816597503570162
ATP2B4_dirichlet_train_fold1.71	8.994195204148352e-203	1.8747658182608754e-19	0.7933684519400602	0.0870067577570426	0.11962479030289706
ATP2B4_dirichlet_train_fold1.72	0.016816227335783696	0.20057280634517702	0.47667983713637396	0.033693554638410186	0.2722375745442552
ATP2B4_dirichlet_train_fold1.73	1.9e-321	1.176e-321	0.6855173245707845	0.030582787641857477	0.28389988778735786
ATP2B4_dirichlet_train_fold1.74	1.71e-321	0.1773436999668854	0.26471119195489384	0.3271010625322003	0.23084404554602056
ATP2B4_dirichlet_train_fold1.75	2.767485926858606e-174	0.10689492340707162	0.8914721244053329	0.0016329521875954782	2.4e-322
ATP2B4_dirichlet_train_fold1.76	0.03973185653608539	1.7255506777182972e-202	0.5941669365491277	0.07800959142622503	0.28809161548856194
ATP2B4_dirichlet_train_fold1.77	2.0936712341901017e-290	3.079812692313739e-71	0.8546130235949976	0.1077619904892016	0.03762498591580092
ATP2B4_dirichlet_train_fold1.78	1.2887045022378634e-77	0.05419325637391996	0.33939106576035205	0.2708503964128214	0.3355652814529067
ATP2B4_dirichlet_train_fold1.79	1.927e-321	0.25544843008077683	0.4332835887581139	5.190022356284482e-297	0.3112679811611091
ATP2B4_dirichlet_train_fold1.80	0.015056651899626823	0.15835951995525188	0.48899670968082	1.8436058790890079e-174	0.33758711846430134
ATP2B4_dirichlet_train_fold1.81	0.09848711982625794	0.09303452512714988	0.6301176487111365	4.54323288765909e-164	0.17836070633545575
ATP2B4_dirichlet_train_fold1.82	1.58e-321	0.3074227580565983	0.6842207174128143	6e-322	0.00835652453058732
ATP2B4_dirichlet_train_fold1.83	1.9504564493136535e-273	0.23268094959536129	7.125597422619995e-245	0.2582624669457411	0.5090565834588976
ATP2B4_dirichlet_train_fold1.84	7.899237657977704e-162	0.1337412322354427	0.04511509630170215	0.411676301232929	0.4094673702299262
ATP2B4_dirichlet_train_fold1.85	0.4608360258117583	0.05617459115150794	0.18116414795074803	1.5911684169878389e-28	0.3018252350859856
ATP2B4_dirichlet_train_fold1.86	0.18771602236911683	8.033911789561069e-182	0.6705243147821474	1.6993632907946931e-127	0.14175966284873565
ATP2B4_dirichlet_train_fold1.87	0.08435242045330676	0.05834571094380549	0.4981782022099328	0.09384082189653042	0.26528284449642453
ATP2B4_dirichlet_train_fold1.88	0.3808848680173031	9.5e-322	0.44060490434095323	9.2e-322	0.17851022764174368
ATP2B4_dirichlet_train_fold1.89	1.72e-321	0.055033074014609724	0.9449669259853902	1.253201160084426e-153	2.5e-322
ATP2B4_dirichlet_train_fold1.90	0.39882513732579716	2.96e-321	0.24115192062162022	0.07738106796205871	0.28264187409052394
ATP2B4_dirichlet_train_fold1.91	1.823e-321	1.136e-321	0.8677949038881894	0.05739587229325488	0.07480922381855576
ATP2B4_dirichlet_train_fold1.92	0.14844691623257086	0.084609761570711	0.7669433221967181	9.832576793935327e-55	6.37e-322
ATP2B4_dirichlet_train_fold1.93	2.01e-321	1.467e-321	0.8590420735831075	8.35e-322	0.14095792641689264
ATP2B4_dirichlet_train_fold1.94	0.1244198148939959	1.69e-321	0.30479659583673224	0.2202765379288243	0.35050705134044746
ATP2B4_dirichlet_train_fold1.95	0.02211965171845034	0.023898440230281634	0.9444780823309502	0.009503825720317978	2.87e-322
ATP2B4_dirichlet_train_fold1.96	2.34108535887734e-22	0.044349327491690224	0.9556506725083097	6.3e-322	2.580742301878548e-146
ATP2B4_dirichlet_train_fold1.97	1.83e-321	0.06687362692305825	0.6756711655019567	0.14628317736870747	0.11117203020627753
RNF168_dirichlet_train_fold1	0.8617556105228605	6.87e-322	3.1428448978169723e-191	0.024616797554854755	0.11362759192228483
RNF168_dirichlet_train_fold1.1	0.7941767018491389	7.4e-322	1.202271554310353e-145	0.1724964260983437	0.0333268720525173
RNF168_dirichlet_train_fold1.2	0.9290675626665528	0.01596872567579266	2.09e-321	1.9162122788642497e-21	0.054963711657654624
RNF168_dirichlet_train_fold1.3	0.4490912195021268	8.87399794009399e-242	0.21674123625987052	0.31120774356489495	0.022959800673107662
RNF168_dirichlet_train_fold1.4	0.9121971703855785	1.047e-321	0.08780282961442148	1.07e-321	3.7e-322
RNF168_dirichlet_train_fold1.5	0.6158997429636128	8.55e-322	0.0688081259237499	0.22130919593757525	0.09398293517506198
RNF168_dirichlet_train_fold1.6	0.699152390465233	1.7e-321	9.6e-322	0.24909587780207593	0.051751731732690875
EXO1_dirichlet_train_fold1	0.8368708205582459	0.03738186918117163	1.0546804565094524e-182	1.887e-321	0.12574731026058245
EXO1_dirichlet_train_fold1.1	0.7028118179364304	0.26426481397467083	0.013087484378480035	3.259225229717116e-08	0.019835851118166492
EXO1_dirichlet_train_fold1.2	0.8195592189719331	0.07505566721810186	0.10538511380996521	3.822393595201789e-262	8e-322
RNF168_dirichlet_train_fold1.7	0.9252972216797474	1.443e-321	4.703590852916163e-56	0.03437045024893819	0.04033232807131435
EXO1_dirichlet_train_fold1.3	0.8050969469481436	0.1338797547676039	1.675e-321	2.11e-321	0.06102329828425248
RNF168_dirichlet_train_fold1.8	0.6875967868565565	3.46e-322	0.21293281552590973	0.09947039761753382	2.052792567864038e-80
EXO1_dirichlet_train_fold1.4	0.6366992269257802	0.16925785980576877	0.17748910329898887	0.016553809969462173	1.86e-321
EXO1_dirichlet_train_fold1.5	0.7846142624437611	0.12405292970772988	1.383e-321	0.0913328078485091	1.37e-321
EXO1_dirichlet_train_fold1.6	0.6604784330155821	0.1821199277132782	0.005687707317450025	1.2660992189217707e-89	0.15171393195368973
EXO1_dirichlet_train_fold1.7	0.9273198443355912	0.05500503101698753	8.2e-322	9.5e-322	0.017675124647421308
RNF168_dirichlet_train_fold1.9	0.6435946024852872	2.164646170351781e-204	0.35640539751471284	2.9647855537287915e-197	1.9085833846216604e-166
RNF168_dirichlet_train_fold1.10	0.8500530857770809	9.83e-322	2.512953725093779e-235	1.695e-321	0.14994691422291903
EXO1_dirichlet_train_fold1.8	0.8383759692034408	0.0340607887030157	0.08526874125213674	0.042294500841406825	7.1e-322
EXO1_dirichlet_train_fold1.9	0.8468121320049339	0.04573220084206584	4.290186298944386e-230	5.629875556091093e-119	0.10745566715300028
RNF168_dirichlet_train_fold1.11	0.7380974291220536	1.07e-321	0.007528603722051808	0.2543739671558945	2.1254299742873365e-63
EXO1_dirichlet_train_fold1.10	0.9113435302785093	1.98e-321	0.08293569998847239	6.96343832213454e-58	0.005720769733018444
EXO1_dirichlet_train_fold1.11	0.9056104809668126	6.37585526159768e-176	0.09153304632020379	0.002856472712983506	4.4e-322
EXO1_dirichlet_train_fold1.12	0.9048029280182269	0.04540839440870559	0.04978867757306736	2.283e-321	2.03e-321
RNF168_dirichlet_train_fold1.12	0.4477906509971006	5.958552965886437e-225	0.20836192488418787	0.34384742411871155	1.3e-322
RNF168_dirichlet_train_fold1.13	0.5314453648864257	1.5667913140967697e-300	0.06737050384164188	0.30493010359886685	0.09625402767306569
EXO1_dirichlet_train_fold1.13	0.7746859889395646	3.725e-321	0.18888388108431206	0.0364301299761232	3.46e-322
EXO1_dirichlet_train_fold1.14	0.7276455844517928	0.07003452671328123	6.080714617884749e-85	1.2485026564561868e-206	0.20231988883492577
EXO1_dirichlet_train_fold1.15	0.8792821446094469	3.256e-321	0.09575179942758748	0.024966055962965635	4.25e-322
EXO1_dirichlet_train_fold1.16	0.8733290639337874	4.6859569462233804e-181	2.707964504794847e-290	0.12667093606621266	5.43e-322
RNF168_dirichlet_train_fold1.14	0.8548990068162231	0.020683603844054557	3.9541056872830507e-280	0.026831499470103652	0.09758588986961869
RNF168_dirichlet_train_fold1.15	0.5642714592922485	0.1305178082780987	0.18313931586638882	0.06103187890778328	0.06103953765548077
RNF168_dirichlet_train_fold1.16	0.698726556320192	2.994e-321	0.07120015766209853	0.23007328601770938	1.8e-322
RNF168_dirichlet_train_fold1.17	0.7813407828974366	0.06911052547950441	0.09422105108267616	9.813346763215271e-58	0.055327640540382875
RNF168_dirichlet_train_fold1.18	0.8211418224402613	1.09e-321	0.0914779797596797	0.008317989238338203	0.07906220856172072
EXO1_dirichlet_train_fold1.17	0.6600217383647891	0.2689103169142416	0.03130265249991595	1.443e-321	0.03976529222105345
EXO1_dirichlet_train_fold1.18	0.5659624254277742	0.039647479282655385	0.39439009528957025	9.148803621520253e-282	3.46e-322
RNF168_dirichlet_train_fold1.19	0.6505882826348568	1.70278057598263e-50	0.26810363936455195	0.011279625934345087	0.0700284520662462
EXO1_dirichlet_train_fold1.19	0.6518793846170999	0.19518347985381054	1.665e-321	0.06678916304125894	0.08614797248783071
EXO1_dirichlet_train_fold1.20	0.8404745948860348	7.709525591112641e-209	1.5e-321	0.0533309348739089	0.10619447024005611
EXO1_dirichlet_train_fold1.21	0.844307950650334	0.09738485959231839	0.058307189757347576	1.304e-321	5.04e-322
RNF168_dirichlet_train_fold1.20	0.8580056274587815	1.29e-321	0.043724550824831475	0.09826982171638696	1.93e-322
EXO1_dirichlet_train_fold1.22	0.8930534864909181	0.05226585917564354	2.0126385660674387e-36	7.6e-322	0.0546806543334383
EXO1_dirichlet_train_fold1.23	0.6336352211226566	1.2746853775709646e-184	5.63e-322	0.32744437031441215	0.038920408562931316
RNF168_dirichlet_train_fold1.21	0.7052801527643084	1.196e-321	0.26453668311212997	2.544e-321	0.03018316412356153
RNF168_dirichlet_train_fold1.22	0.7366320921752918	0.07220402295322106	0.15585550836021606	2.3154251467017434e-80	0.035308376511271146
RNF168_dirichlet_train_fold1.23	0.797035606541142	0.033405830098478924	0.13599864656391034	1.186e-321	0.03355991679646874
EXO1_dirichlet_train_fold1.24	0.5878031139377843	0.20710543515966373	0.205091450902551	8.94e-322	1.0745132081332482e-15
RNF168_dirichlet_train_fold1.24	0.7725263296031818	2.123947183693804e-277	0.03807035690834607	0.18940331348847228	8.05e-322
EXO1_dirichlet_train_fold1.25	0.6769927465938972	0.11712202185086588	7.66e-322	0.009658053480352969	0.196227178074884
RNF168_dirichlet_train_fold1.25	0.7964444567980655	2.564e-321	0.0993285731713667	0.10422697003056776	2.0148091880695172e-58
EXO1_dirichlet_train_fold1.26	0.5135185139213342	0.13020196795774958	0.05084401985119842	0.17580533787990088	0.12963016038981695
RNF168_dirichlet_train_fold1.26	0.8348125776054995	1.2217083846631596e-50	0.1651874223945006	1.78e-321	4.7e-322
EXO1_dirichlet_train_fold1.27	0.6855741775457518	0.19447358174986346	0.005013713800489931	0.11493852690389489	2.8e-322
RNF168_dirichlet_train_fold1.27	0.9161009985037205	1.042e-321	0.0283775200763449	0.007719236316946897	0.04780224510298776
RNF168_dirichlet_train_fold1.28	0.6737363990349683	4.491128471951371e-163	0.05150185324009541	0.25797483212129557	0.016786915603640692
RNF168_dirichlet_train_fold1.29	0.6918262225862228	7.16e-322	7.534652107608728e-133	0.27757107499464323	0.030602702419133918
EXO1_dirichlet_train_fold1.28	0.9138196129371374	0.022305966196305024	2.283e-321	0.06387442086655751	1.08e-321
RNF168_dirichlet_train_fold1.30	0.5470537702822731	1.887e-321	0.06846104795669274	0.2870879663621569	0.09739721539887725
RNF168_dirichlet_train_fold1.31	0.8557132728098094	1.21e-321	5.2985942709090364e-114	2.51e-321	0.14428672719019067
EXO1_dirichlet_train_fold1.29	0.7350962148866291	0.036847617906251434	1.15e-321	0.14663579104289018	0.0814203761642293
EXO1_dirichlet_train_fold1.30	0.47019168721177673	0.15319716916821027	0.20146641881799762	0.17514472480201523	2.77e-322
RNF168_dirichlet_train_fold1.32	0.7565438808720366	1.042e-321	1.576e-321	0.23158115450882183	0.011874964619141379
RNF168_dirichlet_train_fold1.33	0.8609927613484061	1.215e-321	0.101873339751033	1.764e-321	0.03713389890056097
RNF168_dirichlet_train_fold1.34	0.45525773697986066	0.0160081501123592	0.05292456589570643	0.47580954701207356	1.186e-321
RNF168_dirichlet_train_fold1.35	0.4574278011718451	0.19470319896277946	1.2004866770600302e-297	0.2351405075540331	0.11272849231134222
EXO1_dirichlet_train_fold1.31	0.770390296949749	0.012708618894519744	0.20070566511994717	0.016195419035784135	3.1978396990409202e-229
RNF168_dirichlet_train_fold1.36	0.6499839814501054	0.01287467320247743	0.16739743300287757	0.16974391234453967	1.3802819703152023e-282
RNF168_dirichlet_train_fold1.37	0.6383811027430415	2.21e-321	0.1268265932816497	0.12317723092274088	0.1116150730525679
RNF168_dirichlet_train_fold1.38	0.787731578875094	1.2e-321	0.13588896361714445	3.0828341813302924e-159	0.07637945750776133
RNF168_dirichlet_train_fold1.39	0.7140089773098371	0.03688769036365912	3.2247400165598716e-284	0.1882334015153694	0.06086993081113421
EXO1_dirichlet_train_fold1.32	0.9056787911741824	0.03509424724953396	2.52e-321	0.0390990771379318	0.020127884438352006
RNF168_dirichlet_train_fold1.40	0.6588290456708092	0.13201280015320918	2.7170506403519174e-115	0.13585627761660052	0.07330187655938106
RNF168_dirichlet_train_fold1.41	0.9143987756349566	2.39e-321	3.6664428271546235e-230	0.047478779659951835	0.03812244470509153
RNF168_dirichlet_train_fold1.42	0.7868298908254012	1.07402245784241e-262	0.051232264883195947	0.10927504234133266	0.05266280195007015
EXO1_dirichlet_train_fold1.33	0.48529470273966346	0.0983664359096412	0.41599815725649986	0.00034070409419543893	2.37e-322
EXO1_dirichlet_train_fold1.34	0.5209162782257968	0.315462346239895	5.793237528721747e-204	0.0961818126845907	0.06743956284971751
RNF168_dirichlet_train_fold1.43	0.6823210569415227	3.345e-321	4.98036995665e-313	0.15473481514225232	0.16294412791622498
RNF168_dirichlet_train_fold1.44	0.9833912188047469	1.877e-321	1.042e-321	0.016608781195253084	6.5e-322
RNF168_dirichlet_train_fold1.45	0.7845823551289408	0.09050000360734922	1.275e-321	0.10853538834513524	0.016382252918574664
EXO1_dirichlet_train_fold1.35	0.9140922307693712	0.03683439098732189	9.629354363557705e-146	1.5587183853813964e-46	0.04907337824330695
EXO1_dirichlet_train_fold1.36	0.7108324308597495	1.146e-321	1.21e-321	0.27567972202861607	0.013487847111634563
RNF168_dirichlet_train_fold1.46	0.7676220577088027	0.04018070922862845	7.4e-322	0.06958011323522365	0.12261711982734519
RNF168_dirichlet_train_fold1.47	0.8140287905097646	2.124e-321	2.785058335447351e-192	0.09756971503666023	0.08840149445357502
RNF168_dirichlet_train_fold1.48	0.6484092750875582	0.04572695442457487	7.769992589492278e-17	0.183444618973996	0.12241915151387099
EXO1_dirichlet_train_fold1.37	0.851398415193747	0.043935073508352844	6.698053119644587e-151	1.35e-321	0.10466651129789997
EXO1_dirichlet_train_fold1.38	0.8614129691487459	0.055597486249281784	1.37e-321	2.78e-321	0.08298954460197235
RNF168_dirichlet_train_fold1.49	0.9000730831524397	6.27e-322	1.3236059677946444e-16	0.06219631644901116	0.037730600398548926
RNF168_dirichlet_train_fold1.50	0.7830992386519681	0.048978896387217495	1.245e-321	0.0050833016124413564	0.1628385633483731
RNF168_dirichlet_train_fold1.51	0.5829522467619289	6.980569572577897e-63	0.4011022888693787	3.417773551515063e-43	0.01594546436869236
RNF168_dirichlet_train_fold1.52	0.8844388453042433	0.03557009781410874	2.4116898282283656e-163	0.019417271138540575	0.06057378574310745
EXO1_dirichlet_train_fold1.39	0.7448775471168922	8.293883749110592e-241	0.03159771877992654	0.12663265485586356	0.09689207924731781
EXO1_dirichlet_train_fold1.40	0.7073331473834181	0.05443537918837841	0.1445394858837577	0.016345234984263997	0.07734675256018164
EXO1_dirichlet_train_fold1.41	0.7650183279282605	0.17814515731064812	0.0554696990031322	0.0013668157579593443	1.714e-321
RNF168_dirichlet_train_fold1.53	0.8116495136877372	3.62e-321	2.767246194762758e-137	0.1277845757779825	0.06056591053428032
EXO1_dirichlet_train_fold1.42	0.9035878673932266	0.06206884388401649	1.35e-321	4.8000263430597284e-89	0.034343288722756916
EXO1_dirichlet_train_fold1.43	0.844856962810318	0.06262479008533783	3.432380747404546e-38	0.03615971906954362	0.056358528034800445
PMS1_dirichlet_train_fold1	1.047e-321	0.28236262234138576	0.6920757323987381	0.02556164525987607	3.3e-322
MSH2_dirichlet_train_fold1	4.42985880288418e-193	0.7475636431495962	0.03104044044792546	0.2213959164024783	2.7e-322
MSH2_dirichlet_train_fold1.1	2.112642549775134e-241	0.6412431756873358	4.845241732020896e-100	0.35541014672696775	0.0033466775856966485
PMS1_dirichlet_train_fold1.1	5.313868680045285e-262	0.2570216010982042	0.4951034946740147	0.0941329688009168	0.15374193542686426
MSH2_dirichlet_train_fold1.2	8.8e-322	0.8623618795276533	8.84e-322	0.11885471542149122	0.01878340505085547
MSH6_dirichlet_train_fold1	4.857227819645142e-135	0.9882999133684002	2.63e-321	1.7549218815743154e-109	0.011700086631599953
MSH6_dirichlet_train_fold1.1	4.3653162281642674e-58	0.9992736859011176	2.5e-321	1.467e-321	0.0007263140988824628
PMS2_dirichlet_train_fold1	0.6577892530975888	0.3192605313581846	1.58e-321	6.77e-322	0.022950215544226486
MSH6_dirichlet_train_fold1.2	0.23412253531995586	0.6894112632651177	9.34e-322	0.0764662014149265	3.95e-322
MSH6_dirichlet_train_fold1.3	9.04e-322	0.9999999999999999	2.77e-322	4.3e-322	4.5e-322
MSH6_dirichlet_train_fold1.4	1.136e-321	0.9447135184224483	2.47e-322	0.05528648157755165	3.7e-322
MSH2_dirichlet_train_fold1.3	1.19e-321	0.9704702577483123	1.206e-321	6.37e-322	0.0295297422516878
PMS2_dirichlet_train_fold1.1	0.5276882210579528	0.4677335128403134	7.5e-322	3.6e-322	0.004578266101733798
PMS2_dirichlet_train_fold1.2	0.4304094892846485	0.5386406746746654	1.21e-321	3.1e-322	0.030949836040686286
PMS2_dirichlet_train_fold1.3	0.4250116391351419	0.5507200410648521	0.024268319800006023	9.54e-322	1.11e-321
MSH6_dirichlet_train_fold1.5	1.94e-321	1.0	8.94e-322	7e-322	9.63e-322
MLH1_dirichlet_train_fold1	0.12322888789755337	0.7639020372954279	0.11286907480701874	2.0546012207014923e-60	1.11e-321
MSH6_dirichlet_train_fold1.6	1.78e-321	0.96915713017983	2.283e-321	1.51e-321	0.030842869820169913
MSH2_dirichlet_train_fold1.4	0.23620684099550945	0.6082106948950013	5.23039920644019e-44	0.14250245288940233	0.013080011220086932
MSH6_dirichlet_train_fold1.7	0.04954775300663527	0.8233384056675582	0.07548904735450915	3.50352074e-315	0.051624793971297364
PMS1_dirichlet_train_fold1.2	0.048609255675434934	6.247956377918508e-167	0.38879047457952626	0.4228630962862563	0.13973717345878256
PMS2_dirichlet_train_fold1.4	0.6633596591088502	0.318386286086855	8.6e-322	3.06e-322	0.018254054804294848
PMS2_dirichlet_train_fold1.5	0.3206903712591226	0.6660761962908425	1.734e-321	6.4e-322	0.013233432450035009
PMS2_dirichlet_train_fold1.6	0.5448045689421257	0.3891986253201419	0.06599680573773249	5.2e-322	2.37e-322
PMS1_dirichlet_train_fold1.3	5.047083639222417e-132	0.018928715836098436	0.6610082325688387	0.2711362250862878	0.048926826508775154
PMS1_dirichlet_train_fold1.4	1.6471193190965338e-40	0.18917506021851582	0.7256276642673986	0.08519727551408551	3.4449522798583716e-228
MLH1_dirichlet_train_fold1.1	3.295e-321	0.9081710724143722	9.14e-322	0.09182892758562777	8.94e-322
MSH2_dirichlet_train_fold1.5	8.2e-322	0.8141761873380673	1.88e-321	0.18582381266193268	1.695e-321
PMS2_dirichlet_train_fold1.7	0.46373467535054713	0.5362653246494529	7.16e-322	3.3e-322	2.52e-321
PMS2_dirichlet_train_fold1.8	0.3715173322547825	0.6026625017575977	2.144e-321	6.03e-322	0.025820165987619735
MLH1_dirichlet_train_fold1.2	3.171843000944817e-85	0.9771116375678149	3.004e-321	2.866e-321	0.022888362432185123
MSH2_dirichlet_train_fold1.6	2.8707531713596575e-275	0.7714852097215009	0.047012253002509226	0.18150253727598997	2.7e-322
MSH2_dirichlet_train_fold1.7	8.1e-322	0.852824580417533	0.0006205543524832138	0.12112574717404279	0.02542911805594111
MSH6_dirichlet_train_fold1.8	0.18857721853724638	0.6103472006675263	1.07e-321	0.17943954674395124	0.021636034051275888
MSH6_dirichlet_train_fold1.9	0.2108990903468519	0.7508402363694424	1.0678512808119217e-99	0.03782035991588398	0.00044031336782175966
MSH6_dirichlet_train_fold1.10	1.23e-321	0.8983749610324213	5.1e-322	0.10162503896757878	7.3e-322
MSH6_dirichlet_train_fold1.11	0.11097705556765991	0.8678829091943004	1.057e-321	0.021140035238039603	5.04e-322
MSH2_dirichlet_train_fold1.8	1.2067585529217127e-178	0.8878917019462221	1.35e-321	0.11210829805377796	1.54e-321
PMS1_dirichlet_train_fold1.5	2.288e-321	0.3564333915365813	0.6307019920627486	8.564359356444215e-31	0.012864616400670251
MLH1_dirichlet_train_fold1.3	2.12e-321	0.8542909469876933	8.35e-322	0.14570905301230674	7.8e-322
PMS1_dirichlet_train_fold1.6	1.72e-321	0.28087544216543336	0.5151118446033881	0.2040127132311785	8.4e-322
MSH6_dirichlet_train_fold1.12	1.3282748482711202e-32	0.9143415126757912	1.18e-321	0.08565848732420887	1.734e-321
MSH6_dirichlet_train_fold1.13	2.5721827677606467e-254	0.7471973305361308	1e-321	0.25280266946386915	4.3365731984459906e-159
MLH1_dirichlet_train_fold1.4	5.628542246318348e-164	0.957944353457056	7.76e-322	0.04205564654294414	6e-322
MSH6_dirichlet_train_fold1.14	0.010232475908816058	0.7967609510591075	0.06441764839737439	0.1269809390523319	0.0016079855823701878
MSH6_dirichlet_train_fold1.15	2.2155204098511305e-119	0.8534705734535493	0.027865272399628174	0.09809582546710316	0.02056832867971951
MSH2_dirichlet_train_fold1.9	1.69e-321	0.9047272116691745	0.06775825104180604	0.02751453728901948	9.2e-322
MSH6_dirichlet_train_fold1.16	0.05086477084993581	0.879334238018537	0.06980099113152706	1.624830927673959e-86	1.294e-321
PMS1_dirichlet_train_fold1.7	6.487666078134638e-82	0.20919641935557584	0.5257600749574719	0.22116124798933556	0.04388225769761653
PMS1_dirichlet_train_fold1.8	9.2e-322	0.3464690652554427	0.4968140847175673	0.0737418956611287	0.08297495436586141
PMS1_dirichlet_train_fold1.9	2.717e-321	0.29172406046416094	0.3115672168988708	0.24389284298247382	0.15281587965449445
PMS2_dirichlet_train_fold1.9	0.46762724503076175	0.5310319960965693	1.097e-321	3.4e-322	0.0013407588726690534
PMS2_dirichlet_train_fold1.10	0.5702691621201944	0.4297308378798055	7.2e-322	3.46e-322	1.196e-321
MSH2_dirichlet_train_fold1.10	2.39e-321	0.70078714036718	9.73e-322	0.27245336159724376	0.026759498035576198
PMS1_dirichlet_train_fold1.10	1.450757733361481e-277	0.21819399475181217	0.48563258769058026	0.20453677829969805	0.09163663925790952
MSH2_dirichlet_train_fold1.11	1.917e-321	0.9243636859420973	0.026422620450599583	2.1362450970551386e-116	0.049213693607303134
PMS2_dirichlet_train_fold1.11	0.42900759357576196	0.5709924064242382	8.1e-322	3.7e-322	9.63e-322
PMS1_dirichlet_train_fold1.11	0.16960703884228862	0.09720879181612499	0.39764136055403854	0.23584653719835538	0.0996962715891925
MSH6_dirichlet_train_fold1.17	5e-322	0.7975557195891692	1.3908584063232052e-159	0.20244428041083085	2.47e-322
PMS2_dirichlet_train_fold1.12	0.4350057002445351	0.4340034869037047	0.13099081285176023	5.4e-322	2.17e-322
MSH6_dirichlet_train_fold1.18	3.01e-321	0.8903794855757088	0.017710790627968025	0.09190972379632321	2.04e-321
MSH6_dirichlet_train_fold1.19	2.974e-321	0.8091560771162536	0.1754087270922609	2.4781037346327958e-167	0.015435195791485471
MSH6_dirichlet_train_fold1.20	7.225236165525789e-230	0.941142647618755	0.05885735238124497	3.615289261336051e-109	1.71e-321
MSH6_dirichlet_train_fold1.21	2.31e-321	0.8753828627483691	0.11811699554842121	0.006500141703209855	2.47e-322
MSH6_dirichlet_train_fold1.22	0.057990078985608075	0.8312912840449672	4.8542878128763886e-126	0.10646901397730499	0.004249622992119744
MSH2_dirichlet_train_fold1.12	1.0772817048361677e-187	0.9078118454432837	0.09218815455671621	1.7e-321	7.76e-322
MSH2_dirichlet_train_fold1.13	1.245e-321	1.0	8.6e-322	2.01e-321	1.39e-321
PMS2_dirichlet_train_fold1.13	0.5766768714982805	0.41107627925339624	2.8e-322	2.87e-322	0.012246849248323116
MLH1_dirichlet_train_fold1.5	0.022161120719215815	0.8818391132204529	2.96e-322	0.09599976606033131	0.0
MLH1_dirichlet_train_fold1.6	8.65e-322	0.7554089394313288	2.08e-322	0.24459106056867122	0.0
MSH2_dirichlet_train_fold1.14	8.8e-322	0.8365139211873679	0.05907697462455165	0.10440910418808037	2.47e-322
MLH1_dirichlet_train_fold1.7	6.383892302482675e-280	1.0	3.07e-321	1.33e-321	3.483008702617138e-228
MSH2_dirichlet_train_fold1.15	8e-322	0.8287189052212574	8.3e-322	0.1712810947787425	2.8e-322
MSH6_dirichlet_train_fold1.23	1.79e-321	0.9651371790281369	1.586e-321	0.03486282097186314	9.8e-322
PMS2_dirichlet_train_fold1.14	0.6213877858771775	0.37861221412282264	6.27e-322	3.06e-322	3.4e-322
MLH1_dirichlet_train_fold1.8	1.37e-321	0.729335200835382	7.26e-322	0.27066479916461816	9.34e-322
MSH6_dirichlet_train_fold1.24	3.063e-321	0.8569367921183784	3e-322	0.1430632078816218	4.25e-322
MLH1_dirichlet_train_fold1.9	0.0419013187064681	0.7444120155482901	5.6e-322	0.08275037555880659	0.13093629018643535
MSH2_dirichlet_train_fold1.16	9.93e-322	0.766685984036158	1.21e-321	0.23283358036743526	0.00048043559640676434
PMS1_dirichlet_train_fold1.12	0.1466236835462892	0.29794438662397715	0.4236584526472372	1.5753255918695886e-15	0.131773477182495
PMS2_dirichlet_train_fold1.15	0.3907050280934757	0.5866955451953411	8.800138784821647e-301	5.93e-322	0.022599426711183285
MSH6_dirichlet_train_fold1.25	2.204e-321	0.707606979997766	0.04027101841397391	0.24502190280509903	0.007100098783161118
MSH6_dirichlet_train_fold1.26	2.866e-321	0.9301099549849995	0.028354840232537464	1.754e-321	0.041535204782463205
PMS2_dirichlet_train_fold1.16	0.5534280457172107	0.42562369456306	1.28e-321	3.3e-322	0.02094825971972937
MSH6_dirichlet_train_fold1.27	4.6538681301196154e-80	0.8296594584947137	0.027856790394416134	0.14248375111087014	3.36e-322
PMS2_dirichlet_train_fold1.17	0.4003908550277887	0.4648603686543038	8.74e-322	2.9e-322	0.1347487763179074
MSH6_dirichlet_train_fold1.28	0.009910861896761703	0.902825500599442	1.616e-321	0.08726363750379623	4.7e-322
PMS2_dirichlet_train_fold1.18	0.5827697488105787	0.3955037744066802	1.813e-321	3.1e-322	0.021726476782741085
PMS2_dirichlet_train_fold1.19	0.2482952288054354	0.5948916901062941	0.04731137831714397	1.744e-321	0.10950170277112664
PMS1_dirichlet_train_fold1.13	7.599165591523316e-222	0.3852399007554771	0.3086215969540539	0.18564356454973607	0.12049493774073282
MSH6_dirichlet_train_fold1.29	2.8e-321	0.9277561438135946	1.107e-321	1.126e-321	0.07224385618640525
MSH6_dirichlet_train_fold1.30	1.28e-321	0.9621026177834586	5.63e-322	0.03789738221654123	2.174e-321
MSH6_dirichlet_train_fold1.31	0.1527317916880115	0.8472682083119887	9.93e-322	1.09e-321	4.7e-322
MSH6_dirichlet_train_fold1.32	0.15176816530018072	0.818401029020043	1.4958630530712226e-186	0.025357559325850758	0.004473246353925384
OGG1_dirichlet_train_fold1	0.0037999563615511906	1.616450742164145e-29	0.04053527280445809	0.22011041933620162	0.7355543514977891
UNG_dirichlet_train_fold1	5.1228966229542463e-284	0.0391261236177834	0.15234382936513996	0.7249361790798333	0.0835938679372433
UNG_dirichlet_train_fold1.1	0.2267112934881159	0.08283901379247784	0.3745287291388353	0.31592096358057103	3.8e-322
OGG1_dirichlet_train_fold1.1	0.2681790568799768	1.507e-321	0.09748125126229695	0.08029358495504955	0.5540461069026767
OGG1_dirichlet_train_fold1.2	1.1671166950412837e-246	0.10227609512444706	0.3092157474122582	4.8435531594463426e-101	0.5885081574632948
UNG_dirichlet_train_fold1.2	0.23561550404297435	2.115e-321	9.69077585852864e-42	0.7643844959570256	5.3e-322
UNG_dirichlet_train_fold1.3	0.038969756872354544	0.20807541107483393	7.86e-322	0.6640614188134604	0.08889341323935102
UNG_dirichlet_train_fold1.4	0.0452872916491692	3.2891851510999535e-64	2.7555672764233246e-96	0.9134789120824454	0.04123379626838528
OGG1_dirichlet_train_fold1.3	0.04979927837652318	0.015404262165185503	0.03385944697776427	0.14369844694110678	0.7572385655394204
OGG1_dirichlet_train_fold1.4	0.02607339400825906	0.015611665337973313	1.4188650931359103e-249	0.007092875864253503	0.9512220647895142
OGG1_dirichlet_train_fold1.5	0.062014125797277525	0.06772360513222332	1.3628759534511623e-118	8.513684847606474e-67	0.8702622690704991
UNG_dirichlet_train_fold1.5	0.07656337364404636	0.002813768547727137	1.655e-321	0.9206228578082263	4.019951639040909e-137
UNG_dirichlet_train_fold1.6	1.0428829959242854e-214	0.04200589013003591	0.08998405088058747	0.8354554833562869	0.032554575633089854
UNG_dirichlet_train_fold1.7	0.05410725788829697	0.028654888431768034	8.35e-322	0.7659563889444095	0.15128146473552564
UNG_dirichlet_train_fold1.8	0.02158883664074227	0.10127205399004022	0.44206149645221693	0.4350776129170006	5.9e-322
OGG1_dirichlet_train_fold1.6	8.399706424852302e-176	0.15217627150330518	0.030593311803487594	2.5935312859764465e-148	0.8172304166932072
UNG_dirichlet_train_fold1.9	0.01036264976019211	1.566735013174734e-79	1.664558869138146e-230	0.8971163060136089	0.09252104422619911
OGG1_dirichlet_train_fold1.7	1.0179030022206512e-57	0.09299684932193612	0.017334849477393634	8.763862403233692e-62	0.8896683012006702
OGG1_dirichlet_train_fold1.8	3.699182337672234e-215	0.08503521725940659	1.6366977837759147e-186	0.10793604210740985	0.8070287406331836
UNG_dirichlet_train_fold1.10	0.10491917026267271	1.497e-321	0.19991542095519022	0.6951654087821372	2.066544394e-315
UNG_dirichlet_train_fold1.11	2.5013686021928427e-180	0.09878827360453661	1.34e-321	0.8709978505446856	0.030213875850777686
UNG_dirichlet_train_fold1.12	1.566e-321	0.12550976970797736	7.4e-322	0.842579583419709	0.03191064687231362
OGG1_dirichlet_train_fold1.9	1.1796257995765878e-29	0.03454379254672655	0.31206075841676567	1.7913988117251935e-71	0.6533954490365078
OGG1_dirichlet_train_fold1.10	5.63e-322	0.11194741280947008	0.06323332534336366	0.02581698531929632	0.79900227652787
OGG1_dirichlet_train_fold1.11	1.95e-321	2.164e-321	0.4090710161863531	0.11350678513883725	0.4774221986748096
UNG_dirichlet_train_fold1.13	1.14e-321	0.1539605674654266	0.1493377938731288	0.6967016386614445	1.93e-322
OGG1_dirichlet_train_fold1.12	1.038277422109919e-179	0.022284945255116376	0.26443568460675454	5.1617716431448575e-08	0.7132793185204126
OGG1_dirichlet_train_fold1.13	1.11e-321	0.14675452161070499	0.3988871224954577	1.0342118364507106e-205	0.45435835589383744
OGG1_dirichlet_train_fold1.14	0.010810917181545848	0.15886870095418057	1.3420060062162643e-74	0.08990943831783742	0.7404109435464362
