Samples	SBS96A	SBS96B	SBS96C	SBS96D	SBS96E
EXO1_0_real_train1	0.9118127612508758	0.01694202027372808	3.3044618272576734e-110	0.07124521847539611	1.0312018671987769e-83
OGG1_0_real_train1	2.706004757337823e-29	0.05514005488914432	1.5236204987730184e-15	0.0554690786859976	0.8893908664248565
RNF168_0_real_train1	0.8797165664719345	4.812689740791882e-136	0.05590358089495414	0.03954240986644362	0.02483744276666779
UNG_0_real_train1	0.059949325719657796	4.0720223146133464e-08	2.4871587907934945e-53	0.9400506335601192	1.6079871374977786e-40
ATP2B4_0_real_train1	0.16117709776062797	1.814858231020814e-29	0.6525741978551964	0.14788490026291462	0.038363804121261044
ATP2B4_1_real_train1	1.145990556760699e-160	0.06456428846171787	0.8912074203352706	1.826684512346379e-213	0.04422829120301166
MLH1_0_real_train1	6.6936e-320	1.0	1.937e-321	2.4302338561127036e-149	7.765840302613301e-94
MSH2_0_real_train1	3.015775402116417e-273	0.9456819722967365	2.7197701392930447e-105	0.05060748791086524	0.003710539792398407
MSH6_0_real_train1	1.62364926083433e-264	0.986258751040865	1.3432262518487353e-235	4.665835281542376e-275	0.013741248959135087
MSH6_1_real_train1	3.053e-321	0.9797101098174259	2.016e-321	1.107e-321	0.020289890182574086
PMS1_0_real_train1	1.446303562612701e-221	0.12604576763938974	0.4556369338646564	0.4183172984959537	3.6699822817549164e-21
PMS2_0_real_train1	0.46293601915678306	0.5370639808432168	1.59e-321	6.2e-322	8.214777374209127e-155
EXO1_0_multinomial_train1	0.9497271392357088	0.011037533155267235	1.0291841908858519e-169	0.022906516664907322	0.016328810944116725
RNF168_0_multinomial_train1	0.8199846176552296	4.753516718903112e-156	0.18001538234477052	1.570255495708601e-39	4.5705764377784284e-201
RNF168_0_multinomial_train1.1	0.8165927975387384	1.235e-321	0.17493997014571164	1.24732352868969e-139	0.008467232315550048
EXO1_0_multinomial_train1.1	0.8866017766473362	0.09120819558534345	3.3563802061279297e-180	3.47785822935118e-76	0.022190027767320288
RNF168_0_multinomial_train1.2	0.8280743023454278	6.070661359092126e-09	0.16947576082773794	3.238516281275715e-294	0.0024499307561729926
RNF168_0_multinomial_train1.3	0.8076924542018776	0.014468702597222834	0.06646951079126796	0.09316188761901444	0.018207444790617002
RNF168_0_multinomial_train1.4	0.8004326246305978	0.01906682079767923	0.15855791837876052	2.6687772459701332e-67	0.021942636192962453
RNF168_0_multinomial_train1.5	0.8701139743633135	1.92e-321	5.974385223663766e-36	0.12988602563668653	8.65e-322
RNF168_0_multinomial_train1.6	0.79418465299088	4.841978785854266e-291	4.143573304634051e-149	0.16603215526405912	0.039783191745060995
RNF168_0_multinomial_train1.7	0.9043824336799604	0.004023994063792499	1.7046379356132618e-153	0.0896303263452744	0.001963245910972613
RNF168_0_multinomial_train1.8	0.9088716055503789	7.069857669512161e-193	3.31666273319128e-21	4.2300628835767296e-119	0.09112839444962122
EXO1_0_multinomial_train1.2	0.9075531303576229	0.006486757441521144	3.0862778978095e-204	0.08596011220085602	8.15e-322
EXO1_0_multinomial_train1.3	0.9484202045919591	0.027395235583570394	2.347e-321	3.113e-321	0.0241845598244707
RNF168_0_multinomial_train1.9	0.9168893482006468	2.03e-321	0.08311065179935317	9.945929712304462e-52	2.1679738994931403e-30
EXO1_0_multinomial_train1.4	0.9180545469471895	1.475423543319359e-40	4.951470452490649e-228	0.0819454530528104	2.055e-321
EXO1_0_multinomial_train1.5	0.8948243171202741	0.029991387469579155	1.293943741261629e-109	0.07227748860584961	0.002906806804297185
EXO1_0_multinomial_train1.6	0.9177892937658522	2.816637523549094e-97	3.098620201734531e-299	0.08221070623414796	1.7e-321
EXO1_0_multinomial_train1.7	0.9024747799118727	0.033288122581194776	1.6177738367859733e-255	0.06423709749117687	1.5755611106195995e-11
EXO1_0_multinomial_train1.8	0.8177672336391949	0.021417364981654	1.785381068409701e-257	0.16081540137915115	1.714e-321
RNF168_0_multinomial_train1.10	0.7989206696182388	2.4009912378557596e-197	1.9541123205958236e-173	0.09492321836689754	0.10615611201486366
EXO1_0_multinomial_train1.9	0.9551929650296223	0.044807034970377774	1.324e-321	2.707e-321	1.16e-321
RNF168_0_multinomial_train1.11	0.871366228154546	5.6997859462957425e-39	0.0019127445337601024	0.1267210273116939	3.771525154480288e-308
RNF168_0_multinomial_train1.12	0.8789622372438113	0.026978074763249912	0.06676867183455604	6.749914283468818e-90	0.02729101615838296
EXO1_0_multinomial_train1.10	0.9159704898729887	0.04221186074161791	1.65e-321	0.041817649385393355	9.6e-322
EXO1_0_multinomial_train1.11	0.8609232751440563	0.04590134103293622	2.602889455553002e-191	0.0931753838230074	6.7567901802712054e-102
RNF168_0_multinomial_train1.13	0.8252826106082091	0.14074565612540343	4.546104190826518e-193	1.275e-321	0.03397173326638762
RNF168_0_multinomial_train1.14	0.8413909735161343	0.006363302226231064	0.14995893204064795	0.0022867922169866727	6.093200470286619e-47
RNF168_0_multinomial_train1.15	0.8941980760171173	0.025556312924107743	8.421267709692567e-167	0.06632834489845871	0.013917266160316166
RNF168_0_multinomial_train1.16	0.8321349632641901	4.422554934085867e-26	0.05689251206219907	0.06469955355143443	0.046272971122176536
EXO1_0_multinomial_train1.12	0.9261850361888655	2.8862992721578604e-132	4.758669574207718e-150	0.04303147329330324	0.030783490517831406
RNF168_0_multinomial_train1.17	0.7876998531385797	0.0026056746860403197	0.061183565723982765	0.1407767071535911	0.007734199297806066
EXO1_0_multinomial_train1.13	0.9095816759065971	7.518738294659763e-97	2.6505828270348835e-112	0.0687034816855272	0.021714842407875606
RNF168_0_multinomial_train1.18	0.808281622660015	2.16e-321	0.16275348388989538	0.00016047446439510613	0.028804418985694552
EXO1_0_multinomial_train1.14	0.9042514929742701	0.017918765657922043	1.3393448471218443e-200	0.07484345872513234	0.0029862826426756512
RNF168_0_multinomial_train1.19	0.9691653288273606	1.0591067016579779e-117	1.9540275974860215e-196	5.020906992630229e-293	0.030834671172639286
RNF168_0_multinomial_train1.20	0.9459436234317344	2.611684969557489e-65	1.38e-321	0.05405637656826551	3.95e-322
EXO1_0_multinomial_train1.15	0.8963511145945865	0.01749486856538721	1.450620931989944e-174	0.08615401684002644	5.889608695064875e-156
RNF168_0_multinomial_train1.21	0.8137514605652254	2.828596779767763e-14	1.6608902873351484e-164	0.11144491508876454	0.07480362434598176
RNF168_0_multinomial_train1.22	0.7019720183653024	0.01946843311076976	4.999226501248957e-06	0.2254428000137223	0.05311174928370427
EXO1_0_multinomial_train1.16	0.8637140328380944	0.03738590721482068	1.86e-321	0.09890005994708484	6.87e-322
EXO1_0_multinomial_train1.17	0.9337574429533918	0.030302150334966946	1.5681043896672403e-235	0.03594040671164123	1.6e-321
RNF168_0_multinomial_train1.23	0.9650617314229105	1.9741929653714153e-135	1.5147118472458301e-229	2.1095633337185576e-39	0.03493826857708959
EXO1_0_multinomial_train1.18	0.8263194069262101	0.03987642215054773	8.14709382219013e-251	0.13380417092324212	1.364e-321
RNF168_0_multinomial_train1.24	0.929196291362481	7.79031314e-315	0.07080370863751888	3.0676321785325422e-201	1.1986334909813237e-170
RNF168_0_multinomial_train1.25	0.895408431259368	4.920976858304591e-228	0.08855447768648023	0.016037091054151676	4.803650858617609e-200
RNF168_0_multinomial_train1.26	0.9397661702421961	2.233e-321	0.011589862247948618	0.048643967509855154	1.0044696653517869e-75
RNF168_0_multinomial_train1.27	0.7177853462442273	2.5540505954653988e-135	0.281903219470543	0.0003114342852296078	3.6275954577083064e-36
RNF168_0_multinomial_train1.28	0.9373174462235404	0.004766793333823338	0.052441828647262136	0.005473931795374102	4.033019254610021e-76
EXO1_0_multinomial_train1.19	0.8654184607105909	0.05810789494972029	2.7031113610522744e-135	0.07647364433968874	1.616e-321
RNF168_0_multinomial_train1.29	0.9050927720431937	0.00041427700529838175	0.0036979050556717303	0.09079504589583622	4.480331358735991e-68
EXO1_0_multinomial_train1.20	0.8822100609664633	0.0197033937452444	1.530285632809815e-23	0.09669177868077479	0.0013947666075173806
RNF168_0_multinomial_train1.30	0.8759746546873387	6.319668413623745e-192	0.12402534531266132	1.1419826637072807e-100	2.545636747577632e-22
RNF168_0_multinomial_train1.31	0.878500476197159	4.974749591451753e-05	0.0929408276894227	0.02850894861750399	1.16385697500254e-167
RNF168_0_multinomial_train1.32	0.949104362146831	1.870570369699196e-151	8.591946585001482e-21	0.0048621412216513235	0.04603349663151772
RNF168_0_multinomial_train1.33	0.7796106250508524	9e-322	0.10198400692995188	0.11840536801919559	6.561818966167116e-304
EXO1_0_multinomial_train1.21	0.9160022869397066	4.366993201677629e-69	2.22e-321	0.08399771306029326	1.66e-321
RNF168_0_multinomial_train1.34	0.9700502746126333	6.47e-322	4.1581110943793e-311	1.927e-321	0.02994972538736668
EXO1_0_multinomial_train1.22	0.946740572256071	0.027266348902239057	6.818158042990439e-147	0.020282953246113636	0.005710125595576292
EXO1_0_multinomial_train1.23	0.8954015374993292	9.490795829344147e-75	3.0349525557686993e-121	0.10459846250067069	2.288744567116499e-175
RNF168_0_multinomial_train1.35	0.8098485912012319	1.0228676903767908e-174	5.926323273000007e-71	0.16685611264922084	0.023295296149547274
RNF168_0_multinomial_train1.36	0.8367084188525561	2.8405680902916805e-201	0.16329158114744388	1.2287454035770761e-29	4.237066425488621e-185
EXO1_0_multinomial_train1.24	0.9445627482643939	2.1458229838054098e-32	0.055437251735606055	4.793495743196625e-25	3.0980712659312207e-30
RNF168_0_multinomial_train1.37	0.8926169372938786	3.266e-321	0.06670347793667575	0.0406795847694457	1.0032428887486696e-239
EXO1_0_multinomial_train1.25	0.8638605099737214	0.041566266808061705	0.015959564703824265	0.065239899434612	0.013373759079780487
RNF168_0_multinomial_train1.38	0.9012351815348857	1.206e-321	0.06458900395392346	1.86e-321	0.03417581451119089
EXO1_0_multinomial_train1.26	0.9579332618266153	0.03162695813584265	8.694637711299614e-149	0.010439780037541866	1.695e-321
EXO1_0_multinomial_train1.27	0.9286695509567342	4.807147533585141e-80	1.1978294841864824e-145	0.07133044904326578	1.7e-321
EXO1_0_multinomial_train1.28	0.9244648668519255	1.7513247213113066e-42	2.0776686221589056e-210	0.07553513314807446	1.61e-321
EXO1_0_multinomial_train1.29	0.9234359422859927	6.041608593847493e-87	1.0845571543410274e-17	0.07471586490611791	0.0018481928078892334
EXO1_0_multinomial_train1.30	0.9076090103086938	6.722613179260909e-61	2.2e-321	0.09239098969130627	8.35e-322
RNF168_0_multinomial_train1.39	0.8893507886710041	2.7083992154394404e-53	1.097e-321	0.08255306611092054	0.028096145218075283
RNF168_0_multinomial_train1.40	0.7830196115411793	1.78e-321	0.17338982502654754	4.3087290613200745e-237	0.04359056343227331
EXO1_0_multinomial_train1.31	0.8631116158585925	0.05419656000418608	4.363481193997731e-265	0.08269182413722136	1.576e-321
EXO1_0_multinomial_train1.32	0.9119985060744772	0.035750599029156956	2.7729731888241678e-130	0.04017153528571442	0.012079359610651404
EXO1_0_multinomial_train1.33	0.9349926862164597	0.020266888541080757	2.632640767027792e-189	0.037538714012818344	0.007201711229641198
RNF168_0_multinomial_train1.41	0.9163530037173206	1.235e-321	0.048096329276286175	6.688738741444851e-151	0.03555066700639324
RNF168_0_multinomial_train1.42	0.9312534951137122	2.856e-321	0.03351683383320119	3.767514022471447e-14	0.035229671053048965
EXO1_0_multinomial_train1.34	0.9068371377843726	0.016570136631335736	2.0946681253719945e-167	0.07659272558429152	1.0582784294687426e-58
RNF168_0_multinomial_train1.43	0.8170213530775855	1.76e-321	0.12931981456754568	0.0504503927421554	0.00320843961271329
EXO1_0_multinomial_train1.35	0.8739805243281841	6.693644216033902e-122	0.004650622206484765	0.10951076351359963	0.011858089951731546
EXO1_0_multinomial_train1.36	0.8922299624959178	0.012652321805408288	7.215067078945157e-306	0.09511771569867401	1.36e-321
RNF168_0_multinomial_train1.44	0.8456903297230989	1.937e-321	0.10071802963367146	0.020918313749540573	0.03267332689368923
EXO1_0_multinomial_train1.37	0.9177179109038541	0.02383994398219109	2.68e-321	0.05844214511395471	1.102278217414515e-163
RNF168_0_multinomial_train1.45	0.8348308438800247	2.41e-321	0.15523163332410636	0.009937522795868936	4.132952046202626e-178
RNF168_0_multinomial_train1.46	0.9455101976375351	3.137e-321	7.260082243088658e-76	0.004829092059418793	0.04966071030304602
RNF168_0_multinomial_train1.47	0.9195177629803608	1.1593895949425201e-156	0.04274622257676319	0.03773601444287604	1.186e-321
RNF168_0_multinomial_train1.48	0.8541252635242719	1.59e-321	0.03970327812929455	0.10617145834643367	7.86e-322
RNF168_0_multinomial_train1.49	0.8394867328737688	1.7310151964532584e-05	0.04202391545810263	0.08574288064212296	0.03272916087404124
RNF168_0_multinomial_train1.50	0.8412103977084688	0.01767500151107516	5.133922323503142e-139	0.12674954690419987	0.01436505387625629
EXO1_0_multinomial_train1.38	0.9587644035358811	1.6273345186822736e-100	8.712932204721e-66	0.011185951790678708	0.030049644673440085
RNF168_0_multinomial_train1.51	0.8752492377890188	6.472198525399816e-127	0.0767235484716809	0.04802721373930026	1.1433724104696405e-201
RNF168_0_multinomial_train1.52	0.8605893798275027	0.07566648626040347	1.547641880379607e-37	0.01824607998676128	0.04549805392533245
EXO1_0_multinomial_train1.39	0.8448604730603856	0.059950410235105576	6.22476187648889e-180	0.08057809959326045	0.014611017111248221
EXO1_0_multinomial_train1.40	0.8683196035501195	0.04290436974125576	1.1239704957617756e-206	0.07534437453079887	0.013431652177825786
RNF168_0_multinomial_train1.53	0.8412116793861236	5.341398351954334e-204	0.1359203920168719	6.478523235325174e-136	0.022867928597004438
EXO1_0_multinomial_train1.41	0.8827457801297588	0.06985966499257917	4.382503449824969e-300	0.047394554877661865	6.6e-322
EXO1_0_multinomial_train1.42	0.9112329248948708	3.4866523508419706e-73	8.989755448571158e-102	0.08876707510512916	1.52e-321
RNF168_0_multinomial_train1.54	0.7538727326673919	1.235e-321	0.17100222106427995	0.05012920479770155	0.024995841470626702
OGG1_0_multinomial_train1	1.3169226097142997e-83	0.00389212580555808	0.09868907004052721	0.05564638367688077	0.8417724204770338
UNG_0_multinomial_train1	3.313760941961054e-287	0.10709008983015104	8.55e-322	0.8929099101698491	7.1e-322
UNG_0_multinomial_train1.1	0.002870189068873692	0.03344549467799597	0.016791501145941225	0.8937108662916194	0.053181948815569834
UNG_0_multinomial_train1.2	0.07541553934225645	1.6061873928452245e-181	2.360015930063175e-71	0.9084462572184854	0.016138203439258307
OGG1_0_multinomial_train1.1	2.244766887837536e-60	0.11147125150755623	3.9581575721395144e-05	0.015125034391053232	0.8733641325256691
UNG_0_multinomial_train1.3	0.16486816877026006	0.0542994566383254	1.0004758917449164e-31	0.7468780943411719	0.033954280250242545
OGG1_0_multinomial_train1.2	6.39861831918651e-169	0.09818736879311765	4.851041140303881e-182	3.4819789438637535e-173	0.9018126312068824
OGG1_0_multinomial_train1.3	4.076183584200716e-38	0.050854501046820336	1.011666887950177e-57	3.7404377175550506e-64	0.9491454989531797
UNG_0_multinomial_train1.4	7.178178307068413e-80	5.477029869188542e-223	0.0283397491339187	0.9716602508660814	4.437357348865651e-134
UNG_0_multinomial_train1.5	0.05070741481276752	2.416e-321	1.013e-321	0.9492925851872325	5.2e-322
OGG1_0_multinomial_train1.4	1.1855959455685063e-297	0.03860036203683171	3.97338255288958e-125	1.4263042832156434e-215	0.9613996379631682
OGG1_0_multinomial_train1.5	2.1679432867171368e-201	0.10066367913028422	1.2165278077340833e-177	3.544255261622449e-227	0.8993363208697158
UNG_0_multinomial_train1.6	0.02771049572757878	0.09308260109402863	4.35e-322	0.8792069031783925	4.84e-322
UNG_0_multinomial_train1.7	0.001605301462054317	0.11814061061519346	4.48481077875551e-70	0.7343631834916682	0.14589090443108402
UNG_0_multinomial_train1.8	1.3312343511579912e-287	1.95e-321	1.3226776778510205e-297	1.0	3.7e-322
OGG1_0_multinomial_train1.6	6.092651216727313e-143	0.0843333512688824	4.145541603923054e-79	0.009916992929843835	0.9057496558012736
UNG_0_multinomial_train1.9	0.0823795608209453	0.032035090284553314	7.929271762831998e-139	0.8855853488945015	3.258206768648946e-257
OGG1_0_multinomial_train1.7	2.237266366765654e-72	0.04613497580597509	8.502180723110782e-08	0.04025323070312322	0.9136117084690945
UNG_0_multinomial_train1.10	0.03844089544413831	1.21e-321	0.02033593848807972	0.941223166067782	6.3e-322
OGG1_0_multinomial_train1.8	0.055535770488931574	2.92e-321	2.6466914035588944e-122	0.1292097753603124	0.8152544541507559
UNG_0_multinomial_train1.11	0.04469403358546306	9.739686687584852e-154	0.09317520071597715	0.8621307656985596	4.271392673098671e-292
OGG1_0_multinomial_train1.9	1.9130104547751442e-81	0.05368776088105499	0.0688877630306253	4.365891247303018e-35	0.8774244760883199
OGG1_0_multinomial_train1.10	1.0485382339227653e-216	0.0335952345171996	0.14522782763673653	2.7523902981763172e-59	0.8211769378460638
OGG1_0_multinomial_train1.11	1.2479579573560817e-187	0.0696015463474862	8.549236327373489e-87	2.2032788255730926e-212	0.9303984536525138
UNG_0_multinomial_train1.12	0.1384805699905808	1.4208815859852823e-169	7.26e-322	0.8615194300094193	2e-322
UNG_0_multinomial_train1.13	0.03222007802459656	2.920592439563786e-129	7.735147329246215e-62	0.9677799219754034	1.1019328120756704e-163
UNG_0_multinomial_train1.14	0.09675369599597923	0.023161304986442168	7.3e-322	0.8800849990175786	3e-322
OGG1_0_multinomial_train1.12	1.5817173826843362e-159	0.06434611080125645	7.13418022749391e-155	3.8533958695531384e-153	0.9356538891987436
OGG1_0_multinomial_train1.13	9.429032473187583e-168	0.018314269019542074	5.182932901104774e-38	0.13380324902067814	0.8478824819597799
UNG_0_multinomial_train1.15	7.988872655583922e-211	0.004826504028162717	0.039060991964625896	0.9561125037675258	2.396857014486597e-10
UNG_0_multinomial_train1.16	0.0415986010776464	2.232928597428023e-174	1.3501125806807434e-18	0.9015323333142595	0.056869065608094044
UNG_0_multinomial_train1.17	0.027445876814189838	3.6089516789110036e-303	9.2982394510691e-163	0.9545755466590995	0.01797857652671066
OGG1_0_multinomial_train1.14	3.097008149053133e-137	0.02316988468682382	0.12177409052549268	8.68741329567833e-137	0.8550560247876834
UNG_0_multinomial_train1.18	2.437907356034439e-174	2.339123271286813e-113	0.03305021733202585	0.9669497826679742	6.2e-322
OGG1_0_multinomial_train1.15	0.026707110284021573	0.056957880426438484	0.05286844277972249	0.0339450799419627	0.8295214865678548
UNG_0_multinomial_train1.19	0.014437639855049636	0.05488034083311791	0.07949029170788337	0.8511917276039491	1.442598847319628e-114
OGG1_0_multinomial_train1.16	9.61543088436502e-19	0.048098413417195576	8.190407492983645e-16	0.0742331221273325	0.8776684644554713
UNG_0_multinomial_train1.20	3.3170600879478466e-39	0.0332437650531201	3.181737257690343e-92	0.9667562349468798	2.3504232799358223e-105
UNG_0_multinomial_train1.21	0.07420305052871966	0.09431513310353848	6.780480532905989e-98	0.8106364760143149	0.02084534035342698
OGG1_0_multinomial_train1.17	2.1148510047540266e-161	0.08379543539758849	9.035896444107395e-87	1.934753895891798e-99	0.9162045646024115
UNG_0_multinomial_train1.22	3.616278001294693e-198	5.2039817376237643e-73	1.8596468323531863e-223	0.9999999999999999	3.5e-322
UNG_0_multinomial_train1.23	8.227866394053105e-70	0.025843281900667738	0.0036273834036263213	0.970529334695706	3.4e-322
UNG_0_multinomial_train1.24	0.04668197485275977	0.011200162174771681	5.023474556166248e-25	0.9251592969563696	0.016958566016098946
OGG1_0_multinomial_train1.18	4.951181753090804e-05	0.0049383291269668025	0.10411878378753281	0.08171645765388583	0.8091769176140837
UNG_0_multinomial_train1.25	0.07647321758085672	9.8e-322	0.14236595030036145	0.7805064573539052	0.0006543747648765256
OGG1_0_multinomial_train1.19	9.984306030267826e-16	0.10782924984385178	1.2224702705742027e-22	0.0004022791526172919	0.89176847100353
UNG_0_multinomial_train1.26	4.742054659278455e-307	0.15031051684436397	7.574613410860425e-197	0.8496894831556361	6.27e-322
OGG1_0_multinomial_train1.20	0.021299631527254104	0.06367071920326482	0.1140745251473822	7.907394891776685e-22	0.8009551241220989
UNG_0_multinomial_train1.27	0.08438594597061791	1.95e-321	0.0988009155389784	0.8168131384904036	9.7e-322
OGG1_0_multinomial_train1.21	8.352737275499831e-167	0.03720424094377306	0.31550571146978096	4.161004675679505e-34	0.6472900475864458
OGG1_0_multinomial_train1.22	0.015139855381410336	7.652573512075669e-79	0.03388194497444302	0.07556540814386549	0.875412791500281
UNG_0_multinomial_train1.28	0.021431075692507497	3.2336044972819524e-140	6.57e-322	0.9785689243074926	4.25e-322
UNG_0_multinomial_train1.29	5.425225291299055e-129	0.009993949266099917	0.035363736808028345	0.9453340075228807	0.009308306402991118
OGG1_0_multinomial_train1.23	7.2085750370244374e-155	0.06096216438453965	6.689898468634468e-27	4.800739171857973e-78	0.9390378356154605
OGG1_0_multinomial_train1.24	1.932876463585942e-265	0.10221422182728089	6.762597602689987e-24	5.197592774484368e-145	0.897785778172719
OGG1_0_multinomial_train1.25	0.0474291488969132	2.5660623522254483e-05	0.15121666648902085	0.05595501472760937	0.7453735092629343
OGG1_0_multinomial_train1.26	2.0455365931452197e-223	4.3697213747070654e-60	0.16550102466570404	1.034776021640458e-74	0.8344989753342958
UNG_0_multinomial_train1.30	1.0170635703948415e-210	0.007945414055742868	1.293204455910662e-94	0.975085745015825	0.01696884092843217
OGG1_0_multinomial_train1.27	4.80586921680479e-120	0.06678131043997629	0.04866630994646463	4.820727762950782e-77	0.8845523796135593
OGG1_0_multinomial_train1.28	0.00713932526395964	0.050824428135664595	1.6056840625820287e-17	0.08570111333275887	0.8563351332676168
UNG_0_multinomial_train1.31	0.01522967126340501	0.005207687702109927	0.1424411229502801	0.837121518084205	7.07e-322
UNG_0_multinomial_train1.32	1.195181128111456e-53	0.010393640872613472	2.2644977337144517e-261	0.9809799918920308	0.008626367235355701
UNG_0_multinomial_train1.33	0.0463477456317561	2.544e-321	3.1988447403254726e-279	0.953652254368244	4.9e-322
OGG1_0_multinomial_train1.29	4.7556465624910586e-39	0.001956838959134279	0.1444232278544424	0.08620133980718632	0.767418593379237
OGG1_0_multinomial_train1.30	5.4319612924680784e-185	0.0854183319263982	0.08758343933868283	2.4100114882030472e-14	0.8269982287348947
UNG_0_multinomial_train1.34	2.690814762742006e-06	0.06516039823584252	7.944992257064281e-143	0.9091049289015857	0.025731982047809045
OGG1_0_multinomial_train1.31	3.307065337413498e-100	0.07862934521688834	0.04414092562665553	0.02026386719995991	0.8569658619564964
UNG_0_multinomial_train1.35	0.13051237763812112	0.09422040552258777	8.986270075977467e-256	0.7706850746472143	0.004582142192076786
UNG_0_multinomial_train1.36	0.01845212530043184	1.754e-321	6.623554316830079e-16	0.9815478746995676	4.810007743186e-311
UNG_0_multinomial_train1.37	0.043931648398676075	0.029834676078628386	5.34e-322	0.9262336755226955	2.17e-322
OGG1_0_multinomial_train1.32	0.013535183755441521	0.08632270739986615	9.189890143680695e-88	0.04099075125747412	0.8591513575872183
UNG_0_multinomial_train1.38	0.12221057462896315	0.009213282848821858	0.019578186061551893	0.848997956460663	2.577194199148768e-74
OGG1_0_multinomial_train1.33	9.541014064135269e-41	0.013085928686605415	0.08384528982835011	0.12000027893078091	0.7830685025542635
OGG1_0_multinomial_train1.34	1.3362469963736152e-14	0.031345090301674636	3.893084429688494e-34	0.10423357246381876	0.8644213372344933
OGG1_0_multinomial_train1.35	1.571744063826072e-61	0.07115359248818401	0.03845145347721096	0.038806417062704386	0.8515885369719005
OGG1_0_multinomial_train1.36	6.329768138417477e-33	0.04394678609434362	8.526716748886826e-52	1.2584956017455039e-11	0.9560532138930714
OGG1_0_multinomial_train1.37	1.0161215228563537e-96	9.350273593172996e-55	0.14253944948942338	0.014519806384205067	0.8429407441263717
OGG1_0_multinomial_train1.38	8.074164052910675e-144	0.0746550978832838	4.561751335908819e-16	0.001962914020760826	0.9233819880959548
UNG_0_multinomial_train1.39	8.631285343139409e-235	0.05082798833060336	9.65566203332158e-292	0.9491720116693966	4.84e-322
OGG1_0_multinomial_train1.39	2.9793244746359316e-82	0.11913906718505111	0.06194189491055367	0.02059730471195259	0.7983217331924426
UNG_0_multinomial_train1.40	0.08057704759126849	0.05573522986868081	6.57e-322	0.8636877225400508	2.17e-322
OGG1_0_multinomial_train1.40	5.066127314284451e-162	0.059732834942247626	0.12328170080409181	2.1168328912151643e-90	0.8169854642536607
OGG1_0_multinomial_train1.41	0.023253143338788418	0.031123138387224882	1.8915943725367845e-97	5.8331904843550285e-30	0.9456237182739867
UNG_0_multinomial_train1.41	0.21014540539370213	2.4411919096959097e-49	1.8958220076414713e-278	0.7898545946062978	6.77e-322
OGG1_0_multinomial_train1.42	3.497617928245553e-38	0.02063118178703067	0.0034922974098764614	0.07064903491502941	0.9052274858880635
UNG_0_multinomial_train1.42	0.10855851669501716	2.9155592129056656e-32	8.25e-322	0.891441483304983	1.93e-322
OGG1_0_multinomial_train1.43	0.010915640882118577	0.04520334653113446	0.050613871871306886	3.1361818090843806e-38	0.8932671407154401
OGG1_0_multinomial_train1.44	0.043996786960779265	1.0281332374007175e-11	0.0018171513971445932	0.11995819006872974	0.8342278715630651
OGG1_0_multinomial_train1.45	1.8647709198201144e-119	0.006669257007527767	0.19712209319797006	2.445438081859201e-36	0.7962086497945021
OGG1_0_multinomial_train1.46	5.244194178064369e-58	2.3673310931594713e-17	0.09768768386302563	0.11968949248927936	0.7826228236476951
UNG_0_multinomial_train1.43	2.038095e-318	0.053330595641697794	9.400372558686492e-92	0.9102912282196084	0.03637817613869385
OGG1_0_multinomial_train1.47	0.036785426308109666	0.029157112344608774	0.05021735889691905	0.03842619983055973	0.8454139026198028
OGG1_0_multinomial_train1.48	5.145557617167894e-169	0.05208417326997351	0.02943664641489095	0.09436901698158945	0.8241101633335461
OGG1_0_multinomial_train1.49	0.005235290594338	0.03925642328461844	0.12987882704301681	0.007513590980964972	0.8181158680970619
OGG1_0_multinomial_train1.50	3.7409011540524935e-142	0.10331202363728591	1.1542891127499979e-43	1.1296935754778963e-25	0.8966879763627141
UNG_0_multinomial_train1.44	0.07851026682847774	0.07472445282664156	8.676831465836262e-202	0.8028294059213616	0.043935874423519206
OGG1_0_multinomial_train1.51	0.03625298375657084	0.09500227841313955	3.07773140333101e-131	5.432950389242214e-20	0.8687447378302897
OGG1_0_multinomial_train1.52	7.57494831893712e-30	0.06383993022052581	4.704797565333202e-48	3.8765368694538417e-16	0.9361600697794737
ATP2B4_0_multinomial_train1	0.10626720162220737	0.1253615756585039	0.5582827082918376	0.10257742723173477	0.10751108719571632
ATP2B4_1_multinomial_train1	1.9520727874717368e-69	0.10084676028965375	0.8919308676495232	0.00722237206082302	6.570555527123082e-51
ATP2B4_0_multinomial_train1.1	0.19014212223582994	2.680433158787223e-171	0.7057260901444684	0.10413178761970159	1.165138563282515e-58
ATP2B4_1_multinomial_train1.1	5.920050290800742e-56	1.4431229472237727e-06	0.949457649057809	1.1032766421375116e-185	0.05054090781924375
ATP2B4_1_multinomial_train1.2	5.973144997586461e-66	0.03686989445846542	0.8135579541957672	4.789359423154394e-291	0.14957215134576748
ATP2B4_1_multinomial_train1.3	0.04073283301246268	0.04381976282334383	0.856649420336679	0.05879798382751451	3.7e-322
ATP2B4_0_multinomial_train1.2	0.20920490817491785	1.06e-321	0.49269778157486255	0.22205180652466552	0.07604550372555398
ATP2B4_1_multinomial_train1.4	1.235e-321	0.05839716867887539	0.7784878867646696	1.1822559528596162e-203	0.16311494455645498
ATP2B4_0_multinomial_train1.3	0.21162358037118437	1.166e-321	0.6026071638428322	0.18576925578598333	1.0210713150222533e-71
ATP2B4_0_multinomial_train1.4	0.07381431818206362	0.009600346879361229	0.6620820483646636	0.2545032865739117	4.188189545267696e-92
ATP2B4_0_multinomial_train1.5	0.06276804198159583	0.014929012812429086	0.5911800723624812	0.2753992473154195	0.055723625528074465
ATP2B4_0_multinomial_train1.6	0.16357314088455183	5.7488647066659825e-126	0.6303000307573096	0.19897095718884306	0.0071558711692955275
ATP2B4_1_multinomial_train1.5	1.5564879236346015e-39	0.09004165832074248	0.6198035974653598	3.6008677301190235e-268	0.2901547442138977
ATP2B4_0_multinomial_train1.7	0.05155993254176797	0.06537538211862026	0.5147098063639705	0.1997435220866053	0.16861135688903595
ATP2B4_1_multinomial_train1.6	1.92e-321	0.07555737903333268	0.6686911978965774	8.74e-322	0.25575142307008997
ATP2B4_1_multinomial_train1.7	1.261718314709118e-289	0.10113819997793214	0.7661632632268045	4.864557664601541e-127	0.1326985367952633
ATP2B4_1_multinomial_train1.8	6.82293948479484e-213	0.156694748188651	0.843305251811349	1.1736712440239954e-193	6.876255430820113e-172
ATP2B4_1_multinomial_train1.9	0.011588199056735518	0.057872353857298574	0.7705413588127611	3.581584765716625e-240	0.1599980882732048
ATP2B4_1_multinomial_train1.10	0.03316612582309881	0.12738887028040607	0.6815286819434907	7.121461559565994e-203	0.1579163219530045
ATP2B4_1_multinomial_train1.11	2.165787148641361e-297	0.061608955311310616	0.9383910446886894	8.77130493793165e-230	1.6911900247718554e-68
ATP2B4_1_multinomial_train1.12	2.8457738329121344e-210	0.06024848747661018	0.9268715642917678	2.4937684219738096e-164	0.012879948231622022
ATP2B4_1_multinomial_train1.13	1.7620115838907112e-108	0.0016928829273307072	0.9287467802094928	8.611900858542876e-207	0.06956033686317663
ATP2B4_0_multinomial_train1.8	0.25058184662701916	0.014549850800161605	0.690566037615044	0.044302157033822585	1.079239526982373e-07
ATP2B4_1_multinomial_train1.14	7.648313458920866e-174	0.1249332396116967	0.6460959461358129	7.805619769632784e-47	0.2289708142524904
ATP2B4_1_multinomial_train1.15	0.0005540939037809356	0.08768209701850889	0.8185985591122348	3.462531807331554e-249	0.09316524996547532
ATP2B4_0_multinomial_train1.9	0.147042376506854	0.04771055577053489	0.4041894370124455	0.25549080275678016	0.14556682795338555
ATP2B4_0_multinomial_train1.10	0.10846486391701977	1.02e-321	0.7237409065726809	0.16779422951029924	2.560207312392372e-187
ATP2B4_0_multinomial_train1.11	0.1424063747472111	0.05682978761206061	0.7160875095042991	0.0846763281364292	2.5836583437419717e-161
ATP2B4_1_multinomial_train1.16	1.82e-321	0.12702059902154225	0.6805025798790201	1.4890448052719298e-110	0.1924768210994376
ATP2B4_0_multinomial_train1.12	0.3030801469077896	4.829434753273429e-102	0.5293378128209363	0.12906239083992602	0.038519649431347974
ATP2B4_0_multinomial_train1.13	0.28686566459623797	2.09e-321	0.5661272278884506	0.1470071075153115	3.241041224232523e-98
ATP2B4_0_multinomial_train1.14	0.06861037988175339	0.09527116045234973	0.8361184596658968	6.683509398171246e-66	2.356774421401646e-22
ATP2B4_0_multinomial_train1.15	0.1469435581460309	3.247020891148056e-292	0.7166255563111261	0.12847330526708267	0.00795758027576036
ATP2B4_1_multinomial_train1.17	4.0654061504378675e-236	0.07685144151970591	0.9231485584802942	1.0468002744394194e-193	2.623410730393403e-87
ATP2B4_1_multinomial_train1.18	5.418820797112299e-195	0.05210663225231944	0.7557074608014304	8.739141403256399e-164	0.19218590694625018
ATP2B4_1_multinomial_train1.19	0.08125905421188723	0.08437439253844906	0.5709545260141112	9.377702239865148e-40	0.26341202723555246
ATP2B4_1_multinomial_train1.20	1.0723719814790123e-154	0.09732817930771158	0.8337202098978774	0.011520374948206891	0.05743123584620408
ATP2B4_0_multinomial_train1.16	0.24225716947466897	8.723750469997294e-245	0.44010832124681776	0.19109794275740047	0.1265365665211127
ATP2B4_1_multinomial_train1.21	1.6274595970132023e-62	0.07604755198420879	0.8690878672442915	1.136e-321	0.0548645807714997
ATP2B4_1_multinomial_train1.22	0.11479246022033605	0.022152681856170756	0.7614874957925619	2.0704259458386432e-219	0.10156736213093112
ATP2B4_0_multinomial_train1.17	0.06034984829872979	1.3468529407952113e-44	0.6795302301082884	0.26011992159227004	7.118442819425792e-13
ATP2B4_0_multinomial_train1.18	0.15984256081321455	0.06209027604360707	0.5776617486048048	0.03493569269252588	0.16546972184584766
ATP2B4_1_multinomial_train1.23	4.2340071972605835e-234	0.11758684013055022	0.6123007438161081	7.807111312400983e-134	0.27011241605334163
ATP2B4_1_multinomial_train1.24	1.4991703403063695e-18	0.05596783655027799	0.944032163449722	5.916864222509253e-34	2.794393226864996e-77
ATP2B4_0_multinomial_train1.19	0.12228407581986993	0.025155303561625507	0.6013271237772452	0.15024524455554394	0.10098825228571542
ATP2B4_1_multinomial_train1.25	2.401476660350053e-113	0.11367182548842321	0.8863281745115766	8.553103052996746e-224	2.119107625339753e-64
ATP2B4_0_multinomial_train1.20	0.07400958288213366	0.029380087205680323	0.7009588577626739	0.15087255143016629	0.04477892071934587
ATP2B4_0_multinomial_train1.21	0.18802182747597326	0.047626703368599345	0.38037144832426795	0.11152034055566698	0.27245968027549267
ATP2B4_0_multinomial_train1.22	0.2366976839852709	1.8642107720266304e-180	0.3663566543819661	0.20477113961852503	0.1921745220142379
ATP2B4_0_multinomial_train1.23	0.2467196611839281	0.017550778146776174	0.6265070971260189	0.07074708410766282	0.03847537943561387
ATP2B4_0_multinomial_train1.24	0.20113063342168874	9.448847779043867e-62	0.7462888749383007	0.052580491640010725	4.5130060148552545e-138
ATP2B4_1_multinomial_train1.26	0.012406725078447868	0.0005885698201002051	0.9870047051014518	3.854460641472089e-164	3.16e-322
ATP2B4_0_multinomial_train1.25	0.11407798155297591	0.044898568702491023	0.7564789622227905	1.1225821591065465e-88	0.08454448752174257
ATP2B4_1_multinomial_train1.27	0.054216337382425005	0.011544220507214068	0.8258243055287344	1.818351769096781e-256	0.10841513658162646
ATP2B4_0_multinomial_train1.26	0.24448135424691567	7.07e-322	0.45676179757840885	0.26480183547338376	0.03395501270129165
ATP2B4_1_multinomial_train1.28	2.6441145927898092e-278	0.08529966569431496	0.880252901246801	5.275752249629011e-288	0.03444743305888402
ATP2B4_0_multinomial_train1.27	0.21086439532702514	0.06934895275442593	0.5699167352833701	0.119967825902375	0.029902090732803872
ATP2B4_1_multinomial_train1.29	2.9258784325205653e-123	0.1296336248730511	0.8703663751269489	1.1901553273667264e-243	4.673628148755488e-96
ATP2B4_0_multinomial_train1.28	0.18159040394502304	2.6608615937696403e-21	0.4246049284853247	0.286172088582093	0.10763257898755924
ATP2B4_0_multinomial_train1.29	0.1858468253621989	2.122677935558274e-101	0.5879674462609675	0.0983162917344181	0.12786943664241548
ATP2B4_0_multinomial_train1.30	0.20176868377036292	0.021944195011085094	0.46584596320385696	0.11159778829917666	0.19884336971551836
ATP2B4_0_multinomial_train1.31	0.18025905407859538	0.043413267182960034	0.5180339854845335	0.258293693253911	3.1984023963379545e-257
ATP2B4_1_multinomial_train1.30	0.09790566531388718	0.029972230099789943	0.8721221045863228	7.269113574254715e-150	6.516442693554151e-92
ATP2B4_1_multinomial_train1.31	1.0868415341329001e-254	0.026605189014985764	0.9198038019074333	2.3009859045532678e-302	0.05359100907758102
ATP2B4_1_multinomial_train1.32	0.0333267636273623	0.0018286551790776002	0.9648445811935337	3.592424047593108e-157	2.6425172975989e-14
ATP2B4_0_multinomial_train1.32	0.30894366164875925	2.115e-321	0.5053621853750511	0.10569745530577036	0.07999669767041945
ATP2B4_0_multinomial_train1.33	0.11419771094622844	0.0033155514571830413	0.8214260468047673	0.06106069078721166	4.609591337381998e-12
ATP2B4_0_multinomial_train1.34	0.14256165741496665	0.008889788021433207	0.5815998316194515	0.2116811222750134	0.05526760066913519
ATP2B4_0_multinomial_train1.35	0.26728164490751405	0.021729576193065644	0.6061598979179957	0.10482888098142457	4.6963042565287564e-203
ATP2B4_1_multinomial_train1.33	0.0005731252289451281	0.047939952220215354	0.8880991832252059	0.031175493800505216	0.03221224552512861
ATP2B4_1_multinomial_train1.34	0.12432501533792492	0.09066165178494474	0.6639996848763124	1.5514652005753764e-161	0.12101364800081785
ATP2B4_1_multinomial_train1.35	1.660295709182587e-185	0.12163819799131818	0.7710320677260596	7.491734166037195e-202	0.10732973428262237
ATP2B4_1_multinomial_train1.36	4.6509982376523985e-269	0.13958885101878943	0.8149372422107508	2.152682919657824e-218	0.04547390677045983
ATP2B4_0_multinomial_train1.36	0.2159136978281802	1.635e-321	0.36423470489731224	0.22463933553717427	0.19521226173733325
ATP2B4_0_multinomial_train1.37	0.3461308069721209	9.882589467425342e-191	0.611969362905847	0.04189983012203196	5.305172586396873e-68
ATP2B4_1_multinomial_train1.37	1.19e-321	0.11171024866226671	0.7127536851288723	2.1994987140229953e-265	0.17553606620886086
ATP2B4_1_multinomial_train1.38	3.98157052500182e-242	0.12165157350368236	0.8783484264963176	1.3212120543916815e-172	3.6e-322
ATP2B4_1_multinomial_train1.39	5.706830216753329e-90	0.13578932252902112	0.7586362375079055	2.122982419569688e-204	0.1055744399630732
ATP2B4_1_multinomial_train1.40	6.367974416363116e-68	0.031486864681399544	0.7921282185047773	2.970390678480836e-254	0.17638491681382312
ATP2B4_1_multinomial_train1.41	4.653258510677008e-46	0.08656989943846378	0.8101918617407085	7.91479295809662e-137	0.1032382388208277
ATP2B4_1_multinomial_train1.42	5.453658879464519e-50	0.07076260930141831	0.705609547317044	1.1232278804501764e-301	0.22362784338153774
ATP2B4_0_multinomial_train1.38	0.05887267999040718	0.037923420761559294	0.6591290645995074	0.244074834648526	3.9129979463084e-311
ATP2B4_0_multinomial_train1.39	0.20173195902338065	0.016931033098636177	0.5039473845561967	0.20792096705130447	0.0694686562704819
ATP2B4_0_multinomial_train1.40	0.07213859230688129	0.018032979135063004	0.655489275878679	0.14005816046543657	0.11428099221394028
ATP2B4_1_multinomial_train1.43	8.813674259669205e-209	0.10905957043025746	0.7592641712227295	1.6170395815249904e-113	0.13167625834701296
ATP2B4_0_multinomial_train1.41	0.1872403611507798	1.065201433393711e-08	0.729318499944243	0.08344112825296292	8.66168538471538e-245
ATP2B4_0_multinomial_train1.42	0.22453185733279213	2.847752885489321e-264	0.5268348352014545	0.11425245724859018	0.13438085021716326
ATP2B4_0_multinomial_train1.43	0.11235099735277158	1.966e-321	0.7217530532126375	0.16589594943459093	5.659297309852367e-60
ATP2B4_0_multinomial_train1.44	0.3537333853539936	0.014488711714248216	0.4674911729699789	0.12261525617912103	0.041671473782658126
ATP2B4_1_multinomial_train1.44	0.011429087234957676	1.8974351684696322e-119	0.9194326647763631	4.4447045923512776e-170	0.0691382479886792
ATP2B4_0_multinomial_train1.45	0.22470495093795442	0.02399817583261364	0.5815306873140769	0.0729587617462784	0.09680742416907667
ATP2B4_1_multinomial_train1.45	0.09890516265211242	0.03524841481675826	0.7088616238462125	3.260898373043221e-207	0.15698479868491674
ATP2B4_0_multinomial_train1.46	0.1477599450981265	0.03235448034759462	0.7987857068392673	0.021099867715011603	2.347443533456947e-283
ATP2B4_0_multinomial_train1.47	0.1394656048645024	0.042450938378219054	0.7006243033529251	0.11745915340435355	3.0222716304221817e-80
ATP2B4_0_multinomial_train1.48	0.1208512518002123	1.4051986635922915e-50	0.7056278667576504	0.17352088144213715	2.3297908595371968e-95
ATP2B4_1_multinomial_train1.46	0.03248902018459775	0.03347394342134047	0.8994519430199509	0.03458509337411097	3.7e-322
ATP2B4_1_multinomial_train1.47	1.9778212424378954e-104	0.07416909719821031	0.9258309028017898	2.006771519062956e-123	3.610654310939582e-162
ATP2B4_1_multinomial_train1.48	0.03485448609043646	0.11998503117395974	0.6739071500134285	2.807509055638199e-43	0.17125333272217516
PMS1_0_multinomial_train1	9.070619392384644e-45	0.22861989427738155	0.40994239912810415	0.3414236084742363	0.02001409812027795
MSH6_1_multinomial_train1	7.730753020505992e-190	0.978823796862142	2.5174322265729075e-221	1.354e-321	0.021176203137857896
MSH6_0_multinomial_train1	2.269699859720824e-283	0.9855705150877342	4.78291133612088e-103	1.286772853979523e-203	0.014429484912265898
MSH2_0_multinomial_train1	1.3290144560739863e-190	0.9348010914221138	5.395300256738433e-66	0.06519890857788609	4.36436982264086e-21
