Samples	SBS96A	SBS96B	SBS96C	SBS96D	SBS96E	SBS96F
EXO1_0_real_train1	2.707e-321	1.0	3.982753191416916e-39	3.573116018525281e-172	1.616e-321	2.903198079800804e-153
OGG1_0_real_train1	0.08402229565628322	6.176195471862049e-43	4.634636761070627e-44	0.8668120292984829	0.044793362206244296	0.004372312838989765
RNF168_0_real_train1	9.04e-322	0.9573178145791794	1.7891152313679058e-275	0.04268218542082048	1.49e-321	1.0257099052080947e-154
UNG_0_real_train1	0.03287964270792744	1.7501739577091558e-133	0.09338900482355152	6.498071732441304e-222	3.1081356481452527e-308	0.8737313524685211
ATP2B4_0_real_train1	1.08e-321	0.12713198117533542	0.08804007674329817	0.21483606003207903	0.21562408961747656	0.3543677924318108
ATP2B4_1_real_train1	1.84e-321	3.1360556563504407e-56	0.12244989251061489	0.2540963049417452	0.45841903674915174	0.16503476579848822
MLH1_0_real_train1	0.9848667309637255	5.864882975108182e-284	4.2424090442966777e-131	0.0006912934898783826	0.01444197554639616	2.095e-321
MSH2_0_real_train1	0.9372364352946861	9.618318312124221e-216	9.049802879808333e-75	2.6730980314540915e-263	0.06276356469913197	6.181760589027559e-12
MSH6_0_real_train1	0.8685741560801002	8.714893e-318	0.10540507615717458	0.016075878833712486	0.009944888929012708	1.6077617285229088e-247
MSH6_1_real_train1	0.8496797801421596	1.655e-321	0.12369277877444798	0.026627441083392475	1.625e-321	1.83e-321
PMS1_0_real_train1	0.16287267804794076	3.00838612916722e-98	5.708305058922916e-85	5.14e-322	0.8371273219520592	5.910454988224953e-51
PMS2_0_real_train1	6.8e-322	2.6e-321	0.9692144904678923	0.030785509532107846	3.7120640545545003e-253	2.57e-321
EXO1_0_multinomial_train1	2.367e-321	0.9706362410305354	0.019424658879174658	0.009939100090289898	1.36e-321	8.74836755934774e-185
EXO1_0_multinomial_train1.1	3.11e-321	0.9481802574329645	0.03280482974799846	9.5e-322	1.64e-321	0.019014912819037118
EXO1_0_multinomial_train1.2	2.317e-321	0.985090102172134	0.014909897827866034	1.413e-321	1.36e-321	2.5792511748499926e-265
EXO1_0_multinomial_train1.3	2.2e-321	0.9737480388496653	8.887228472939715e-177	1.8094441583670016e-17	1.744e-321	0.02625196115033471
EXO1_0_multinomial_train1.4	1.635e-321	1.0	4.056e-321	1.47e-321	1.13e-321	2.647016663814997e-236
EXO1_0_multinomial_train1.5	1.853e-321	0.9943306000236315	4.1e-321	8.84e-322	2.05e-321	0.005669399976368457
EXO1_0_multinomial_train1.6	4.05e-321	0.9363696113777927	0.044174996350386894	0.019455392271820332	1.1e-321	2.485e-321
EXO1_0_multinomial_train1.7	3.76e-321	1.0	7.229785301470857e-156	1.507e-321	1.453e-321	1.2079946885447682e-202
EXO1_0_multinomial_train1.8	2.213e-321	0.9523655213864246	0.04763447861357537	2.095e-321	1.334e-321	1.0506404034475325e-226
EXO1_0_multinomial_train1.9	2.233e-321	1.0	9.429049841918543e-271	6.7e-322	7.8e-322	2.584e-321
EXO1_0_multinomial_train1.10	3.004e-321	0.9907551889752865	1.349336379611204e-48	1.910786629097432e-142	2.075e-321	0.009244811024713554
EXO1_0_multinomial_train1.11	2.367e-321	0.9773495390288764	5.20486491907816e-245	0.005350576104368677	8.683633820657536e-118	0.017299884866754912
EXO1_0_multinomial_train1.12	2.806e-321	0.9824860304323201	3.592173770070078e-56	0.017513969567679775	2.5454554570672628e-300	1.6704267814427554e-221
EXO1_0_multinomial_train1.13	1.99e-321	0.8784275397014509	0.0849715766418826	2e-321	2.02e-321	0.036600883656666486
EXO1_0_multinomial_train1.14	2.816e-321	0.9954213713709219	0.004578628629077933	1.705e-321	1.69e-321	8.519934911426718e-188
EXO1_0_multinomial_train1.15	7.934104532678471e-298	0.9630603956385937	0.03693960436140631	1.196e-321	1.374e-321	5.737406634892623e-65
EXO1_0_multinomial_train1.16	2.317e-321	0.976355383392351	0.023644616607649004	3.014621252532244e-241	1.097e-321	1.8111170061385706e-265
EXO1_0_multinomial_train1.17	4.631020709064051e-216	0.9478082586744029	0.0521917413255971	9.54e-322	1.09e-321	5.350057638763772e-114
EXO1_0_multinomial_train1.18	2.036e-321	0.976758128100387	3.4999566453446374e-22	0.023241871899612986	2.124e-321	5.837869552575978e-214
EXO1_0_multinomial_train1.19	2.64e-321	1.0	8.587428709119717e-130	2.062824279267675e-281	1.047e-321	2.9e-321
EXO1_0_multinomial_train1.20	3.137e-321	0.9979900789178849	2.4467900293207542e-170	0.0020099210821150405	1.625e-321	2.912388165658246e-179
EXO1_0_multinomial_train1.21	6.4029936427514736e-142	1.0	1.4820493879505763e-19	1.74e-321	1.15e-321	2.23e-321
EXO1_0_multinomial_train1.22	2.49e-321	0.9916171860789391	2.5642295004234957e-199	0.00020269010239980773	1.1955239493692947e-187	0.008180123818661173
EXO1_0_multinomial_train1.23	2.96e-321	0.9432293459692488	7.454919964068071e-75	9.6e-322	1.976e-321	0.05677065403075136
EXO1_0_multinomial_train1.24	3.74e-321	0.9923063784029919	0.007693621597008287	1.1051948380726e-311	1.047e-321	7.769555867486917e-168
EXO1_0_multinomial_train1.25	2.663e-321	0.9711736237242429	0.02882637627575729	1.176e-321	1.897e-321	6.715035598117068e-78
EXO1_0_multinomial_train1.26	2.204e-321	0.9758099470501063	0.024190052949893705	1.36e-321	1.56e-321	2.7687417927637407e-26
EXO1_0_multinomial_train1.27	1.7230058508742535e-175	0.9981938401755659	0.001806159824434083	1e-321	1.15e-321	1.9619293444224166e-79
EXO1_0_multinomial_train1.28	3.5393312494840125e-242	0.9620205726746813	0.036180676782121654	8.5e-322	1.96e-321	0.0017987505431970015
EXO1_0_multinomial_train1.29	2.27e-321	0.9854133240544724	0.014586675945527676	4.6e-322	1.067e-321	2.35e-321
EXO1_0_multinomial_train1.30	1.5755652585539356e-298	0.9892190403321003	0.007785042005991608	0.0029959176619082546	1.4e-321	2.79e-321
EXO1_0_multinomial_train1.31	2.396e-321	0.9863228326074013	0.013677167392598864	1.46e-321	1.12e-321	2.4690170647289137e-242
EXO1_0_multinomial_train1.32	1.897e-321	1.0	8.150296519932222e-92	1.6e-321	7.95e-322	3.748672569672997e-197
EXO1_0_multinomial_train1.33	2.82e-321	0.9981491670539825	6.601725969282593e-05	0.0017848156863247342	1.46e-321	2.17e-321
EXO1_0_multinomial_train1.34	2.28e-321	0.9853027764133624	1.2862533432173734e-263	2.1855877249100384e-189	2.09e-321	0.014697223586637618
EXO1_0_multinomial_train1.35	3.953e-321	0.958967373292361	0.017050083773764702	0.004333683577882259	2.71e-321	0.019648859355992115
EXO1_0_multinomial_train1.36	2.01e-321	1.0	2.7743326911176013e-109	1.246389381655857e-215	1.675e-321	2.787e-321
EXO1_0_multinomial_train1.37	5.40735e-319	0.9720280217365936	0.009177642109969186	0.01879433615343729	2.9804383892432517e-299	4.016631695926364e-67
EXO1_0_multinomial_train1.38	1.477e-321	0.978080786016438	0.021919213983562003	1.364e-321	1.047e-321	2.604e-321
EXO1_0_multinomial_train1.39	1.566e-321	0.9975838369736459	0.002416163026354196	5.859090819356559e-298	1.37e-321	7.883995841274831e-252
EXO1_0_multinomial_train1.40	1.136e-321	0.9714779360654492	1.251616122297871e-158	7.390505937477884e-160	4.837324113926772e-295	0.028522063934550854
EXO1_0_multinomial_train1.41	2.505e-321	0.9664897935776006	1.1044726053723358e-46	6.3875413735671126e-245	1.976e-321	0.033510206422399394
EXO1_0_multinomial_train1.42	1.45e-321	1.0	9.951672937648872e-258	1.928458882947184e-168	2.27e-321	6.72435954784195e-79
EXO1_0_multinomial_train1.43	3.216e-321	0.9539780523235786	0.04602194767642128	1.01e-321	8.7e-322	1.606e-321
EXO1_0_multinomial_train1.44	3.004e-321	0.9762943747002469	0.023705625299752932	1.853e-321	1.596e-321	1.354968098994882e-59
EXO1_0_multinomial_train1.45	2.1913486e-316	0.9667750763151575	0.022229777509934923	0.010995146174907603	1.57e-321	2.633e-321
EXO1_0_multinomial_train1.46	3.053e-321	0.9704892166795898	0.021054827400057274	0.008455955920353	1.32e-321	2.35e-321
EXO1_0_multinomial_train1.47	1.15e-321	1.0	1.1530539145606457e-96	1.3185060112035583e-174	1.87e-321	6.762160903627804e-221
EXO1_0_multinomial_train1.48	6.9190587654818365e-133	0.941926195101259	0.058073804898741116	7.074785996878118e-278	1.033e-321	1.8901952958507247e-193
EXO1_0_multinomial_train1.49	1.17e-321	0.970773531544281	2.584e-321	0.02519577538797958	2.8466214334097927e-230	0.0040306930677394045
EXO1_0_multinomial_train1.50	2.37e-321	1.0	1.2820031314165356e-153	1.2514895096121553e-261	1.374e-321	2.531507464609135e-104
EXO1_0_multinomial_train1.51	2.386e-321	0.9984668949763635	0.001533105023636609	1.244240665209975e-263	1.107e-321	2.8015696100442865e-158
EXO1_0_multinomial_train1.52	1.57e-321	0.9712009389344982	0.0287990610655017	1.3430305023301987e-104	1.685e-321	3.3257952718520777e-178
EXO1_0_multinomial_train1.53	1.097e-321	1.0	3.626e-321	1.754e-321	1.78e-321	5.995677361729597e-236
EXO1_0_multinomial_train1.54	2e-321	0.9791872493052252	1.008769166087849e-99	0.02081275069477477	1.576e-321	1.1373347293450345e-153
EXO1_0_multinomial_train1.55	1.0538386173341693e-270	0.9951747509435154	0.004825249056484507	2.5216941994852925e-198	1.596e-321	3.1874407688861104e-225
EXO1_0_multinomial_train1.56	1.061693389263217e-174	0.9828612093526539	0.017138790647346133	7.26e-322	8.35e-322	3.083e-321
EXO1_0_multinomial_train1.57	3.246e-321	0.9954059632863479	1.397639603412374e-65	0.004594036707119379	9.090149695e-314	6.532692511162046e-12
EXO1_0_multinomial_train1.58	2.456e-321	0.9506351613406425	0.04936483865935755	6.6e-322	1.27e-321	4.3568258437281234e-98
EXO1_0_multinomial_train1.59	1.47e-321	1.0	2.2829097302951644e-121	8.84e-322	1.537e-321	3.698280252680915e-94
EXO1_0_multinomial_train1.60	2.317e-321	0.9878928018070424	0.0020855183217689194	0.010021679871188788	2.09e-321	4.239030216935962e-134
EXO1_0_multinomial_train1.61	2.37e-321	0.9872242296280761	0.012775770371923983	2.2018205545766742e-70	1.947e-321	4.3383613828580383e-39
EXO1_0_multinomial_train1.62	2.367e-321	0.9776406382449009	0.022359361755099207	2.184e-321	1.68e-321	5.178525096183928e-244
EXO1_0_multinomial_train1.63	1.55e-321	0.9971566123017369	2.99e-321	0.0028433876982631523	1.6e-321	4.155594771634317e-103
EXO1_0_multinomial_train1.64	2.3e-321	0.9909694485530738	0.005229226952863092	0.0038013244940630344	1.59e-321	1.8189754926141528e-29
EXO1_0_multinomial_train1.65	2.357e-321	0.98355061010602	3.762525971313283e-54	0.0164493898939799	1.823e-321	6.402586841554456e-229
EXO1_0_multinomial_train1.66	2.66e-321	0.999999999993865	6.134936606962002e-12	1.37e-321	1.32e-321	1.7091930085811446e-41
EXO1_0_multinomial_train1.67	1.685e-321	0.9830857427908721	1.6264171406525975e-298	0.003577439246222425	2.297e-321	0.013336817962905438
EXO1_0_multinomial_train1.68	1.0676357434377687e-298	0.9762324416677861	1.2064705761801725e-221	0.006835422688147767	2.223e-321	0.016932135644066263
EXO1_0_multinomial_train1.69	2.6106838728606648e-74	0.9837004924008179	0.01629950759918204	4.84e-322	1.12e-321	1.0611851591112502e-242
EXO1_0_multinomial_train1.70	1.7e-321	0.9801021622642204	2.071883670016908e-173	0.01989783773577953	1.393e-321	1.6722280019043082e-172
EXO1_0_multinomial_train1.71	2.9e-321	1.0	1.9234029785289322e-58	1.96e-321	1.01e-321	2.233e-321
EXO1_0_multinomial_train1.72	1.95e-321	0.9884654183032611	4.5731594108214464e-94	0.011534581696739021	1.84e-321	2.1262056596133963e-142
EXO1_0_multinomial_train1.73	4.350416340211351e-191	1.0	7.213027542986073e-40	8.591607257069208e-50	6.539e-320	1.4452538844022656e-62
EXO1_0_multinomial_train1.74	2.7e-321	0.9937156150031702	0.006284384996829836	6.97e-322	8.05e-322	2.386e-321
EXO1_0_multinomial_train1.75	2.717e-321	0.9510881336247621	0.007208708615121167	9.04e-322	1.843e-321	0.041703157760116814
EXO1_0_multinomial_train1.76	1.186e-321	1.0	2.3509753389280177e-304	1.0612358594973055e-260	2.204e-321	5.543831405204299e-116
EXO1_0_multinomial_train1.77	1.423e-321	0.9740062269418353	0.018796658781512335	0.007197114276652382	1.724e-321	2.1721945960191473e-196
EXO1_0_multinomial_train1.78	1.48e-321	0.9999999999999781	7.28513293e-316	2.1914641716420457e-14	1.8e-321	2.351066739289498e-148
EXO1_0_multinomial_train1.79	1.52e-321	0.9761479655134757	0.012945561325788665	0.004297468040442206	2.37e-321	0.006609005120293549
EXO1_0_multinomial_train1.80	2.27e-321	0.9726492713397588	0.0273507286602412	1.166e-321	1.077e-321	5.8349962523831705e-68
EXO1_0_multinomial_train1.81	3.21e-321	0.9643996853364893	0.013925448656152034	0.02167486600735861	1.596e-321	4.3680563767992e-282
EXO1_0_multinomial_train1.82	1.92e-321	0.9975339849709939	3.9829791299632585e-94	0.00246601502900604	1.334e-321	1.525572391840591e-258
EXO1_0_multinomial_train1.83	1.49e-321	0.9998852784146547	3.295e-321	0.0001147215853453631	6.113376697869166e-210	4.732635649123172e-36
EXO1_0_multinomial_train1.84	2.29e-321	0.9955449452128506	3.8572071173394396e-07	0.0044546690664377326	1.576e-321	5.585740118262199e-284
EXO1_0_multinomial_train1.85	2.05e-321	0.996657328187763	0.003342671812237156	7.4e-322	1.43e-321	2.846e-321
EXO1_0_multinomial_train1.86	1.46e-321	0.9999999999999999	1.5927255206501721e-69	1.98e-321	1.784e-321	5.169189709793292e-241
EXO1_0_multinomial_train1.87	1.93e-321	1.0	2.774053348553243e-270	4.768877900657205e-203	1.34e-321	1.2356619475509705e-53
EXO1_0_multinomial_train1.88	3.276e-321	0.982253350904815	4.3290118925996736e-44	0.017746649095185026	1.625e-321	1.4144764737713366e-262
EXO1_0_multinomial_train1.89	2.396e-321	0.9909607613998828	3.7781130065895404e-23	0.00903923860011724	1.625e-321	6.514011923074659e-155
EXO1_0_multinomial_train1.90	3.3e-321	0.9400712361259527	0.04513567434624427	9.04e-322	1.84e-321	0.014793089527803043
EXO1_0_multinomial_train1.91	2.74e-321	0.9399083567730285	0.060091643226971345	3.97161857896178e-201	1.43e-321	2.53e-321
EXO1_0_multinomial_train1.92	2.544e-321	0.9831064827348188	0.013875023258084169	0.003017861473916088	1.4892769870578622e-157	6.325331809647836e-07
EXO1_0_multinomial_train1.93	2.21e-321	1.0	4.348595988513922e-239	1.596e-321	9.24e-322	1.4951768877489306e-226
EXO1_0_multinomial_train1.94	2.026e-321	0.9885755450969624	7.7558950192862314e-295	1.5780784393230097e-259	1.2352141430149292e-299	0.011424454903037479
EXO1_0_multinomial_train1.95	1.56e-321	0.9999999999999999	9.20532264750941e-145	1.403e-321	1.9e-321	1.8419468533664283e-270
EXO1_0_multinomial_train1.96	2e-321	0.9224385372822045	0.07756146271779558	6.5e-322	7.4e-322	1.09e-321
EXO1_0_multinomial_train1.97	1.215e-321	0.9726290727023014	3.137e-321	0.009846216874210164	1.538126835586379e-241	0.017524710423488347
EXO1_0_multinomial_train1.98	3.54e-321	0.9860619128179742	3.4294120411039774e-191	0.01393808718202582	6.949792381977949e-236	7.816998968580326e-74
OGG1_0_multinomial_train1	4.133368454117972e-16	9.541876059064092e-84	0.006446639582799682	0.8197856893902343	0.0896153397960854	0.08415233123088021
OGG1_0_multinomial_train1.1	0.11782668838895718	1.4400870201879663e-110	4.277207163089037e-177	0.8748764098209043	4.073964079459748e-43	0.007296901790138558
OGG1_0_multinomial_train1.2	0.029273207686923576	0.033577757819450306	0.0274066481204803	0.7871160281488973	0.12262635822424872	1.4869138957770676e-20
OGG1_0_multinomial_train1.3	0.05540940275559557	1.9880577769335263e-123	3.4462399578225134e-296	0.9445905972444044	2.6176287478087834e-94	3.957854493841092e-78
OGG1_0_multinomial_train1.4	0.06421035943856895	1.27e-321	2.24e-321	0.9357896405614312	8.327509299306122e-245	4.2032363e-317
OGG1_0_multinomial_train1.5	0.08272382210658451	8.034108201658503e-112	1.472119232367298e-125	0.8501011193471607	0.03611177835390047	0.031063280192354395
OGG1_0_multinomial_train1.6	1.4114341005032406e-66	3.7148475343474584e-34	0.013905239809215809	0.748587501257799	0.20150626705928618	0.03600099187369895
OGG1_0_multinomial_train1.7	0.07977478343036294	0.021020946782285437	9.761453970473269e-42	0.8992042697873516	1.5429300611346565e-51	2.1647224009638895e-51
OGG1_0_multinomial_train1.8	0.0665886173018668	1.413e-321	4.560341916320618e-113	0.9334113826981333	2.6569004907961697e-250	7.16e-322
OGG1_0_multinomial_train1.9	0.06371193804231494	8.707017563824072e-262	2.4625094667323166e-293	0.9362880619576851	2.3321517296191716e-241	9.340230082129841e-280
OGG1_0_multinomial_train1.10	0.096954401695191	6.675731140081982e-146	7.018021414322768e-23	0.903045598304809	1.7716318974296682e-55	1.76166679578572e-25
OGG1_0_multinomial_train1.11	0.08504977246737572	1.2545844776577903e-249	1.269601491476065e-197	0.9149502275326244	9.687033695355017e-157	9.138353787727081e-238
OGG1_0_multinomial_train1.12	0.11300398340464923	2.1748422624395812e-05	1.7532865040313273e-90	0.8137126785380809	0.05915324738802574	0.014108342246619826
OGG1_0_multinomial_train1.13	0.06349371503790463	4.633417772174429e-100	4.553540366574007e-209	0.8903784050456229	2.8950505106163055e-12	0.0461278799135774
OGG1_0_multinomial_train1.14	0.020597841365534195	0.014367811757196008	1.5333617906865725e-179	0.8170264077285342	0.11674607959284383	0.03126185955589173
OGG1_0_multinomial_train1.15	0.11789370859719038	1.9035372774616832e-169	4.6497580211102875e-181	0.8821062914028096	4.578120723629247e-23	1.7238685313803924e-57
OGG1_0_multinomial_train1.16	0.08604484227826126	5.6175764867739706e-70	1.2417286204913934e-57	0.9139551577217387	5.680170412431114e-45	4.122300124791581e-85
OGG1_0_multinomial_train1.17	0.07759791212136043	1.207598726318332e-59	5.363022147569702e-79	0.8669467447956641	0.004344980054051763	0.05111036302892352
OGG1_0_multinomial_train1.18	0.0539273901409801	1.2015653841382641e-130	8.942557191659255e-180	0.8748734460930226	0.07119916376599716	1.1183656779607736e-47
OGG1_0_multinomial_train1.19	0.0841252541600123	1.2069884705436639e-77	0.02114737902413407	0.8729174639867774	2.2191907481350693e-46	0.021809902829076234
OGG1_0_multinomial_train1.20	0.09915813534666028	5.33725173713546e-153	2.900667268913478e-242	0.9008418646533397	1.1426104378076532e-110	2.6867573591212038e-96
OGG1_0_multinomial_train1.21	0.06328118710002656	5.071873375464691e-67	6.2718740996431265e-46	0.8270407949874445	0.10819124471378672	0.001486773198742283
OGG1_0_multinomial_train1.22	0.12133349545302713	1.0207450356534821e-138	3.113e-321	0.8786665043631057	1.8386724736396423e-10	1.8154739629143376e-39
OGG1_0_multinomial_train1.23	0.018057241233828576	2.1444776679126102e-100	0.004206730883407006	0.8168265530067695	0.10649815659715504	0.05441131827884005
OGG1_0_multinomial_train1.24	0.006703981492346541	0.0343662627756711	0.027257194329112642	0.7042467300488663	0.19750828567645132	0.02991754567755202
OGG1_0_multinomial_train1.25	0.01135876400931276	8.820170462866066e-113	2.1010440792971284e-11	0.9001184794513114	5.970682211939697e-42	0.08852275651836537
OGG1_0_multinomial_train1.26	0.07236216658163996	2.2098851603116903e-14	3.6908660060692524e-63	0.8590961460868212	0.06854168733151675	1.0067067256165056e-27
OGG1_0_multinomial_train1.27	0.09991674459620893	2.4095779519114762e-208	2.97e-321	0.9000832554037911	6.083472854577215e-107	3.286143597254461e-73
OGG1_0_multinomial_train1.28	0.041632407520435566	1.5739321210224376e-55	0.011240814106276226	0.8742418982471053	0.07288488012618294	2.3309859135606678e-33
OGG1_0_multinomial_train1.29	0.1151493176403551	1.9630496367691567e-85	2.3489817760254566e-125	0.8848506823596448	2.5915672119873974e-52	3.7487201974406215e-81
OGG1_0_multinomial_train1.30	0.10481112138387658	3.0594983693417193e-57	1.667065645109455e-50	0.8951888786161233	1.799912133606044e-18	2.843842471943425e-78
OGG1_0_multinomial_train1.31	0.05734919235923325	6.607484087272194e-93	3.8833157030687225e-49	0.7741329883054267	0.1685178193353401	2.127955574890705e-76
OGG1_0_multinomial_train1.32	0.04525230906329233	7.609927915809874e-12	0.03891299564502764	0.8283651735889821	0.08746952169507884	9.182330765654459e-15
OGG1_0_multinomial_train1.33	0.0708034291179751	1.43e-321	1.2287773800628434e-159	0.9291965708820248	1.5586725185189609e-242	6.4e-322
OGG1_0_multinomial_train1.34	0.11670131129929905	3.615729108699327e-89	5.590269756942176e-61	0.854693460337118	0.0021533662675586583	0.0264518620960241
OGG1_0_multinomial_train1.35	0.06846475569887484	6.380745458448738e-22	1.5768725607415293e-32	0.9315352443011249	3.050262978388904e-70	3.2223178614544416e-16
OGG1_0_multinomial_train1.36	0.06693338807031747	4.2909490064258123e-51	5.847425720375018e-186	0.8981422821139408	1.0560410354137235e-24	0.03492432981574173
OGG1_0_multinomial_train1.37	0.08866423413015052	3.534045345309033e-30	0.023309255638343605	0.8655382960085504	0.019630973814079838	0.002857240408875642
OGG1_0_multinomial_train1.38	1.820839967816086e-82	0.13727871263895666	0.014268650662991609	0.7593915777345165	0.0698549093093666	0.019206149654168638
OGG1_0_multinomial_train1.39	0.05778118315934574	0.010995124100305096	0.032717299866388334	0.8856549129966311	2.111985744023865e-06	0.012849367891585469
OGG1_0_multinomial_train1.40	0.1187613152717222	1.53e-321	1.893340472183922e-256	0.8812386847282778	2.3191636752993684e-250	7e-322
OGG1_0_multinomial_train1.41	0.05663248434216431	5.295709091369368e-244	3.921608521472623e-149	0.9433675156578358	1.3618904713069418e-169	5.488591919503743e-217
OGG1_0_multinomial_train1.42	0.04356223262629723	1.8830279986369943e-30	0.020670420808661598	0.7025014589050881	0.23326588765995301	5.488691567223624e-28
OGG1_0_multinomial_train1.43	0.125996698409028	2.0397879146200488e-112	3.636e-321	0.8740033015909721	1.0323872795671655e-77	2.767319544739923e-38
OGG1_0_multinomial_train1.44	0.031445771644786645	2.0291425487844446e-40	0.030204263818058047	0.9383499645371552	4.670779395997979e-44	7.515254056726073e-25
OGG1_0_multinomial_train1.45	0.05997626789184916	1.5915377515058968e-95	2.5433743686025213e-95	0.81777519028904	0.09422311126434114	0.028025430554769675
OGG1_0_multinomial_train1.46	0.09843538189080528	0.00447289777948856	2.2410129442729023e-195	0.8970917203297062	7.219469486165697e-36	1.1708148958451836e-154
OGG1_0_multinomial_train1.47	0.05717043176428314	1.456083141857607e-77	2.711137336517356e-16	0.8160308979059029	0.09755648531181366	0.029242185018000112
OGG1_0_multinomial_train1.48	0.05800373576964586	7.872304418851277e-65	3.231328217436168e-42	0.8312833713806285	0.07204539352611344	0.03866749932361207
OGG1_0_multinomial_train1.49	0.06971763122010445	1.10569062077383e-73	0.013500624088256256	0.7970028939312117	0.07861979790383186	0.04115905285659568
OGG1_0_multinomial_train1.50	0.05060869311808186	1.440923625522342e-24	0.03776970099542711	0.7961995347168044	0.11542207116968661	5.041288711367937e-131
OGG1_0_multinomial_train1.51	0.11561891886646061	1.7153250269112288e-123	2.4009378296333723e-307	0.8188715463406715	0.05592632671270517	0.00958320808016265
OGG1_0_multinomial_train1.52	0.08525416643821845	1.0598664619111387e-85	2.4903785699683434e-177	0.9147458334915246	7.025682668200466e-11	1.570328988811538e-66
OGG1_0_multinomial_train1.53	0.08242956982501583	2.1485156447611524e-134	1.8978831695169198e-191	0.9175704301749841	1.0248327543891808e-127	2.151512347853156e-79
OGG1_0_multinomial_train1.54	0.05396504779548907	8.0117024193e-314	6.483543083584282e-90	0.9460349522045111	1.0598785090684111e-228	8.6e-322
OGG1_0_multinomial_train1.55	0.04760549806488457	2.2016321811381512e-14	0.03155550557520852	0.715442001969873	0.20539699439001186	1.5003239891001163e-76
OGG1_0_multinomial_train1.56	0.009853721612288275	1.880492277599915e-28	0.043325238412089496	0.704687867833304	0.16780512216477025	0.07432804997754791
OGG1_0_multinomial_train1.57	0.09967370786309045	0.02091875989407128	3.567e-321	0.8794053899683876	2.142274450615407e-06	7.866723383207509e-35
OGG1_0_multinomial_train1.58	0.02225201076584046	2.9974755531194965e-103	0.03401188607177773	0.7596426766501463	0.17485946497408006	0.00923396153815527
OGG1_0_multinomial_train1.59	5.7252330691094235e-40	7.185253831895158e-07	0.05909830962109317	0.747495361280644	0.15986240313118819	0.033543207441691446
OGG1_0_multinomial_train1.60	0.02338947629143504	0.06541620659884796	0.036181058359719236	0.7466186639068222	0.08752350994522218	0.04087108489795328
OGG1_0_multinomial_train1.61	0.06530413045189253	1.2718759524345575e-86	0.027436094685295787	0.784809253415907	0.07240780219132689	0.05004271925557771
OGG1_0_multinomial_train1.62	0.07116549950611975	3.8851204417849605e-77	2.5752554942854873e-05	0.8924883672613374	0.03632038067760007	1.473105155573096e-94
OGG1_0_multinomial_train1.63	0.09463496965132467	2.57032155503145e-55	0.011933215696608537	0.8871742096144726	0.006257605037594283	5.3748414508363184e-163
OGG1_0_multinomial_train1.64	0.05557178360834521	0.04149932719506782	0.004010129682755909	0.8622249021206182	0.03669345356808437	4.0382512844626634e-07
OGG1_0_multinomial_train1.65	0.034522864455536095	0.044666322184996686	5.5073682068364395e-126	0.7697897686708121	0.07155352131539836	0.07946752337325663
OGG1_0_multinomial_train1.66	0.0362894929678591	0.088749879136483	1.277130747791683e-97	0.8313617485386364	0.04359887935702153	4.4885956225643996e-27
OGG1_0_multinomial_train1.67	0.02150373079351714	5.679871690395665e-30	0.03757620923547743	0.7499738995812755	0.0918882026924897	0.09905795769724013
OGG1_0_multinomial_train1.68	0.04449885296345959	8.48082977324619e-59	2.0211174200355532e-238	0.8906147198631249	0.009567420929495281	0.05531900624392029
OGG1_0_multinomial_train1.69	0.07763072070530644	2.2955437091887314e-108	5.163834385793449e-118	0.8187465777603171	0.10362270153437653	3.165825158212594e-17
OGG1_0_multinomial_train1.70	0.06480834862157649	1.0954440977357296e-121	3.325e-321	0.8939628847637663	4.4876606894599096e-51	0.04122876661465735
OGG1_0_multinomial_train1.71	2.468723862142206e-09	2.5758354882093302e-51	0.023536565233067956	0.9465559111888309	6.484955355792043e-11	0.02990752104452769
OGG1_0_multinomial_train1.72	0.09373310225151554	1.0939639126723309e-29	2.7920711321025084e-09	0.88903505031656	0.017231844639853142	2.7594384430608153e-38
OGG1_0_multinomial_train1.73	0.08183440199719304	7.395111012248164e-66	0.018207556355350596	0.8874633506764207	0.012494690971035742	4.884242394871301e-73
OGG1_0_multinomial_train1.74	6.408478784552997e-31	0.08762061606145422	4.320123833391945e-99	0.8710792151370103	0.0413001688015355	4.345550039914216e-43
OGG1_0_multinomial_train1.75	0.079248415898056	1.7239565866846961e-251	2.568258785769937e-235	0.920751584101944	5.979075045505223e-240	2.34648859679546e-277
OGG1_0_multinomial_train1.76	0.05857950707593244	7.967306084030243e-163	2.7764528139235818e-73	0.8420533654029889	0.08441795945009836	0.014949168070980385
OGG1_0_multinomial_train1.77	0.07302658962907464	6.717560902173891e-106	6.363666315441739e-126	0.9269734103709255	2.133062090620543e-30	1.4021855517257874e-107
OGG1_0_multinomial_train1.78	5.240489988302246e-40	0.09170455761834946	0.00587095597662665	0.8452746757399864	5.553691670794536e-08	0.05714975512812076
OGG1_0_multinomial_train1.79	0.023605180447188713	2.4766175974686105e-228	1.2116278615929416e-190	0.9763948195528113	1.1907923476120095e-94	1.767435620577708e-36
OGG1_0_multinomial_train1.80	0.10641616606486869	6.941961499436112e-143	5.9028569983059175e-86	0.8935838339351313	2.903756382793291e-111	3.0199592853961476e-47
OGG1_0_multinomial_train1.81	0.051930355152068536	9.242589234314215e-262	2.9999398971534244e-241	0.9480696448479314	3.2780142549433667e-152	7.684812082600782e-191
OGG1_0_multinomial_train1.82	0.046842864023447096	0.006745394386613563	9.249129972910772e-168	0.9059444904014269	0.013210268373425052	0.027256982815087236
OGG1_0_multinomial_train1.83	0.08568128747811435	8.960038201087285e-162	3.226e-321	0.8462315445602773	0.06808716796160841	3.830102379156825e-23
OGG1_0_multinomial_train1.84	0.010007988968767619	0.008932197686913326	0.033167311059658505	0.8257777763369951	0.054961007274545504	0.06715371867312006
OGG1_0_multinomial_train1.85	0.05456086390769042	1.083650977218388e-146	0.0129435417522929	0.8315115439437513	3.0843416337703326e-12	0.10098405039318095
OGG1_0_multinomial_train1.86	0.052104602694902656	5.831981483753647e-69	1.1540085199665138e-30	0.8535590978863531	0.03580658384614122	0.05852971557260312
OGG1_0_multinomial_train1.87	0.10051850389626879	8.702375328188665e-31	0.0128615900501341	0.8842175294550824	0.00023098580195051775	0.002171390796564398
OGG1_0_multinomial_train1.88	0.07128693352918329	6.32259052472253e-85	0.014196859634427898	0.7534245476371998	0.16109165919918894	9.162639786345201e-56
OGG1_0_multinomial_train1.89	6.366496500347778e-05	3.694071419067228e-76	0.05409769450054037	0.8040742881321935	0.08312792594856076	0.05863642645370184
OGG1_0_multinomial_train1.90	0.10269842092883835	0.04344811992660084	5.281846616148668e-125	0.8512167229135781	2.878105265073283e-33	0.0026367362309828056
OGG1_0_multinomial_train1.91	0.03989938958472353	7.977331837249118e-64	0.039893640469962924	0.7881175101660927	0.1273481943272018	0.004741265452019081
OGG1_0_multinomial_train1.92	0.05175863009710951	3.16909645033775e-14	0.011816185534524007	0.7600337367909076	0.15238200321093012	0.024009444366497174
OGG1_0_multinomial_train1.93	0.07719017862404833	2.0142699778891742e-07	2.0844523587266186e-102	0.9228096199489539	1.231316052374571e-19	4.080070630941468e-79
OGG1_0_multinomial_train1.94	0.11836887673558845	1.472174411469273e-80	8.459330273985606e-252	0.87718503307152	9.866907907412503e-05	0.004347421113817372
OGG1_0_multinomial_train1.95	0.028089112265802862	0.03852239609881709	3.893e-321	0.9025889526103732	1.0505866641832734e-53	0.030799539025006727
OGG1_0_multinomial_train1.96	0.08236107757047142	3.6945159250746725e-43	5.89864198270077e-33	0.9176389224295285	2.8778838880826273e-58	4.018890420138019e-96
OGG1_0_multinomial_train1.97	0.052181896005163216	1.615647594640781e-48	0.03185565449795375	0.9159624494968831	1.1304405896875007e-47	2.762583174065506e-90
OGG1_0_multinomial_train1.98	0.02518390807934325	2.6081221634048484e-129	0.008801911920931488	0.8223900579415262	0.11324789745079028	0.03037622460740889
RNF168_0_multinomial_train1	1.013e-321	0.9348869435584616	3.496712563105244e-55	0.06511305644153838	1.97e-321	2.0692935296736846e-262
RNF168_0_multinomial_train1.1	1.04e-321	0.9250861737354846	1.0456876026736914e-254	0.07491378777200712	1.566e-321	3.8492508311302986e-08
RNF168_0_multinomial_train1.2	2.816e-321	0.9481090435640642	3.2432854106390054e-125	0.05189095643593572	5.63e-322	6.57e-322
RNF168_0_multinomial_train1.3	8.65e-322	0.9618441118553053	0.0062067993136353024	0.03194908883105938	7.36e-322	5.6743865205328625e-264
RNF168_0_multinomial_train1.4	9.44e-322	0.8572445810663437	2.0735066526834898e-244	0.026701122102114408	1.87e-321	0.11605429683154175
RNF168_0_multinomial_train1.5	8.25e-322	0.9847988782498013	1.823e-321	0.01520112175019879	7.3e-322	1.0391374475567083e-307
RNF168_0_multinomial_train1.6	9.4e-322	0.8586485496646439	0.06992280805249104	0.07142864228286501	1.14e-321	1.4801433945120496e-277
RNF168_0_multinomial_train1.7	9.6e-322	0.9685125665607118	0.01556653133285472	0.015920902106433422	8.6e-322	1.69e-321
RNF168_0_multinomial_train1.8	5.63e-322	0.9782829654473327	1.546e-321	0.0217170345526672	1.097e-321	1.033e-321
RNF168_0_multinomial_train1.9	1.275e-321	0.9722182478446283	1.754e-321	0.027781752155371625	8.15e-322	1.166e-321
RNF168_0_multinomial_train1.10	1.15e-321	0.953743831005608	7.418905162913026e-175	0.046256168994391895	1.23e-321	3.5848116117277464e-34
RNF168_0_multinomial_train1.11	9.7e-322	0.9583102648998965	0.019991893700481916	0.02169784139962154	1.07e-321	1.453e-321
RNF168_0_multinomial_train1.12	5.93e-322	0.9112633191015487	1.314e-321	0.047763076566656064	2.03547095259724e-310	0.04097360433179533
RNF168_0_multinomial_train1.13	6.27e-322	0.9999999999999999	2.075e-321	7.5e-322	1.304e-321	1.8140730579036574e-17
RNF168_0_multinomial_train1.14	6.13e-322	0.9396853850232605	2.8237371235174565e-307	0.06031461497673949	9.04e-322	8.390409773232745e-213
RNF168_0_multinomial_train1.15	6.1e-322	0.9291132451115361	1.7084339242127552e-135	0.004476418957363345	0.017395565026202695	0.04901477090489781
RNF168_0_multinomial_train1.16	8.55e-322	0.8733678325882205	0.011040267774249681	0.11559189963752967	1.47e-321	5.82772878485442e-283
RNF168_0_multinomial_train1.17	4.84e-322	0.9755413244536927	1.334e-321	0.024458675546307252	6.952869199220305e-249	4.751042689897804e-97
RNF168_0_multinomial_train1.18	9.24e-322	0.9494950300466651	2.943104322363003e-200	1.413e-321	2.557886499786e-312	0.05050496995333486
RNF168_0_multinomial_train1.19	1.275e-321	0.8784989605680109	5.113243094325138e-119	0.06544074229134547	8.94e-322	0.05606029714064367
RNF168_0_multinomial_train1.20	8.74e-322	0.9657080502547758	2.885e-321	0.03429194974522433	1.2907299831245105e-262	6.649771025723546e-73
RNF168_0_multinomial_train1.21	5.7e-322	0.8622822380648896	9.73e-322	9.04e-322	3.44275413441194e-300	0.13771776193511046
RNF168_0_multinomial_train1.22	8.84e-322	0.9618582899268986	7.310731186929503e-120	0.03814171007310141	1.107e-321	1.5358742672993402e-94
RNF168_0_multinomial_train1.23	8.05e-322	0.948260535251932	0.0039910834565367	0.04774838129153153	1.1528824047262076e-286	2.360467985620717e-156
RNF168_0_multinomial_train1.24	6.57e-322	0.9109986969778487	2.144e-321	0.08900130302215126	7.1e-322	1.705e-321
RNF168_0_multinomial_train1.25	5.53e-322	0.9779943888001176	2.46e-321	0.008344951186273132	1.12e-321	0.013660660013609207
RNF168_0_multinomial_train1.26	6.4e-322	0.8753558973785708	1.3335192737006189e-297	0.07336092254642894	1.057e-321	0.05128318007500042
RNF168_0_multinomial_train1.27	9.3e-322	0.8254484536164839	1.2435948590701949e-61	0.07132460101793735	1.324e-321	0.10322694536557878
RNF168_0_multinomial_train1.28	1.13e-321	0.9069477857379096	1.877e-321	0.05642795935874456	1.1929464416593937e-190	0.036624254903345775
RNF168_0_multinomial_train1.29	9.63e-322	0.9376272625394962	1.764e-321	0.04958352287332591	1.4601935373689586e-57	0.012789214587177846
RNF168_0_multinomial_train1.30	8.35e-322	0.9743472513391808	4.083306009582323e-114	0.025652748660819194	7.2e-322	1.02e-321
RNF168_0_multinomial_train1.31	5.6e-322	0.9983835827848463	9.3e-322	0.0016164172151537314	2.1474406743389304e-198	6.466011880753054e-111
RNF168_0_multinomial_train1.32	5.93e-322	0.9468496802795378	2.915e-321	0.053150319720462365	1.24e-321	1.44e-321
RNF168_0_multinomial_train1.33	5.9e-322	1.0	1.616e-321	1.23e-321	6.13e-322	4.188355543610075e-282
RNF168_0_multinomial_train1.34	9.24e-322	0.9211912164555743	3.414e-321	0.043160880478663635	1.3e-321	0.035647903065762064
RNF168_0_multinomial_train1.35	6.47e-322	0.9013427434173309	5.691100474126771e-163	0.09865725658266913	8.65e-322	1.863e-321
RNF168_0_multinomial_train1.36	8.25e-322	0.8649392337825961	1.556e-321	9.125184053570853e-250	1.4557388068644276e-258	0.13506076621740393
RNF168_0_multinomial_train1.37	1.003e-321	0.9440725146033121	3.3668415604391263e-07	0.05592714871253188	1.2169448029579385e-127	1.0847325071663017e-24
RNF168_0_multinomial_train1.38	1.146e-321	1.0	4.4475010438672146e-86	6.9e-322	4e-322	1.324e-321
RNF168_0_multinomial_train1.39	1.47e-321	0.9592848680038611	3.23e-321	0.0407151319961389	5.5e-322	8.4e-322
RNF168_0_multinomial_train1.40	9.54e-322	0.8939708093923036	0.03247117181228096	0.0735580187954154	7.4e-322	8.74e-322
RNF168_0_multinomial_train1.41	6.27e-322	0.9630515302896533	4.791726523943181e-101	0.036948469710346724	5.9e-322	1.35e-321
RNF168_0_multinomial_train1.42	1.61e-321	0.8292564992899193	0.04690733964118177	0.06406056534774501	6.96806624960719e-107	0.05977559572115392
RNF168_0_multinomial_train1.43	6e-322	0.9612930076050306	1.635e-321	0.038706992394969525	9.3e-322	2.0652831443733674e-304
RNF168_0_multinomial_train1.44	1.55e-321	0.9084895306058212	0.017052059057633087	0.0744584103365459	3.1247743251559787e-308	1.7107542538165887e-138
RNF168_0_multinomial_train1.45	8.6e-322	0.9405139368687009	1.887e-321	0.0594860631312991	8.45e-322	9.124352041730489e-240
RNF168_0_multinomial_train1.46	8.7e-322	0.8893260131755576	1.596e-321	0.09030472906565919	2.6037526540507967e-194	0.020369257758783208
RNF168_0_multinomial_train1.47	7.07e-322	0.9463544693315289	1.18e-321	1.3457724252883612e-267	2.323103657739812e-90	0.05364553066847097
RNF168_0_multinomial_train1.48	2.0031272934999286e-286	0.7985580026046833	0.061017943198683776	0.14042405419663273	7.46e-322	1.843e-321
RNF168_0_multinomial_train1.49	8.5e-322	0.8947128096978322	6.757695032939171e-100	0.03761247051614255	1.35e-321	0.06767471978602538
RNF168_0_multinomial_train1.50	5.53e-322	0.9616713402034651	1.22e-321	0.03236258539281251	0.0022243596848892104	0.003741714718833042
RNF168_0_multinomial_train1.51	5.93e-322	0.9485230629909183	2.570645031377252e-114	0.051476937009081646	8.94e-322	2.2134442030930292e-113
RNF168_0_multinomial_train1.52	0.06924273175292435	0.8120778866986722	0.0751122046635745	0.04356717688482885	3.3044030845026536e-105	1.743738333550636e-66
RNF168_0_multinomial_train1.53	1.86e-321	0.8361484916950526	0.10501844795084053	0.058833060354107077	1.196e-321	8.806334773465928e-172
RNF168_0_multinomial_train1.54	9.34e-322	0.9858888291960668	0.00022587036810419264	0.01388530043582903	8.3e-322	9.34e-322
RNF168_0_multinomial_train1.55	1.196e-321	0.9858090517314458	2.643e-321	0.01419094826855414	1.403e-321	5.871648095554277e-274
RNF168_0_multinomial_train1.56	6.23e-322	0.9106765660847138	1.364e-321	0.0893234339152862	8.044e-320	4.4310857320569435e-196
RNF168_0_multinomial_train1.57	2.3492170654804214e-274	0.9013915815355298	3.5693062874024607e-153	0.09860841846447023	7.26e-322	8.880432068180352e-270
RNF168_0_multinomial_train1.58	9e-322	0.8108182206416125	0.07961243634419848	0.017465812384293355	9.9e-322	0.09210353062989572
RNF168_0_multinomial_train1.59	2.816e-321	0.8574000582861462	0.07487454515372553	0.06772539656012841	1.077e-321	1.51e-321
RNF168_0_multinomial_train1.60	8.74e-322	0.9789685279226898	2.26e-321	0.02103147207731021	1.344e-321	1.294e-321
RNF168_0_multinomial_train1.61	5.34e-322	0.9886168489963483	1.17e-321	0.011383151003651686	7.9797155440547645e-84	7.871232666540805e-72
RNF168_0_multinomial_train1.62	6.1e-322	0.9175670987520077	4.765655698893072e-264	0.08243290124799231	2.83062227153e-312	1.6256279669897594e-129
RNF168_0_multinomial_train1.63	6.87e-322	0.9332708632516717	1.887e-321	0.06672913674832814	7.95e-322	9.34e-322
RNF168_0_multinomial_train1.64	6.4e-322	0.9086395260317588	7.16e-322	0.023839454459987523	3.451435269375832e-247	0.06752101950825361
RNF168_0_multinomial_train1.65	5.8e-322	0.9176097344414424	2.564e-321	0.04456699958721724	1.215e-321	0.03782326597134018
RNF168_0_multinomial_train1.66	1.433e-321	0.965862976938959	2.2605815414581373e-105	0.034137023061041036	1.45e-321	1.655e-321
RNF168_0_multinomial_train1.67	1.31e-321	0.9138309433536966	0.053927762689499587	0.03224129395680363	1.08e-321	7.883814001904559e-62
RNF168_0_multinomial_train1.68	8.15e-322	0.9429649429187152	1.5e-321	0.04043248479030095	4.629419555784782e-187	0.016602572290983816
RNF168_0_multinomial_train1.69	6.37e-322	0.8639294754715379	2.164e-321	0.01640576355467015	7.478989637149556e-29	0.11966476097379196
RNF168_0_multinomial_train1.70	2.36e-321	0.9826829014233794	1.433942714043101e-154	0.017317098576620685	8.9e-322	1.754e-321
RNF168_0_multinomial_train1.71	9.14e-322	0.8530892822372445	2.77e-321	7.762203969577665e-118	2.2893178016497777e-254	0.14691071776275552
RNF168_0_multinomial_train1.72	6.5e-322	0.9482247240642014	1.443e-321	0.028213475400492176	1.443e-321	0.023561800535306442
RNF168_0_multinomial_train1.73	1.15e-321	1.0	1.6140756687469984e-133	1.8e-322	6.03e-322	6.67e-322
RNF168_0_multinomial_train1.74	1.047e-321	0.8907883465244905	4.8609025128916595e-117	0.10921165347550958	7.3e-322	2.536197777272156e-222
RNF168_0_multinomial_train1.75	1.03e-321	0.9486087466293616	1.8724781721755678e-83	0.051391253370638296	6.23e-322	1.196e-321
RNF168_0_multinomial_train1.76	9.1e-322	0.9103194078703456	0.07080915458631756	0.018871437543336884	8.45e-322	7.16e-322
RNF168_0_multinomial_train1.77	6.23e-322	0.955759110245126	2.055e-321	0.044240889754873954	1.15008940147051e-218	2.56622403066952e-178
RNF168_0_multinomial_train1.78	6.67e-322	0.9300230446791314	2.194e-321	0.06997695532086869	5.73e-322	1.12e-321
RNF168_0_multinomial_train1.79	1.25e-321	0.9141042328711774	8.783590535933859e-189	0.04178897769584824	2.8783318727610485e-188	0.04410678943297426
RNF168_0_multinomial_train1.80	6.03e-322	0.9014779310190012	1.9802715188517108e-234	0.0604805492738776	0.010664839391050162	0.027376680316071246
RNF168_0_multinomial_train1.81	9.9e-322	0.9805195891660353	2.53e-321	0.019480410833964776	8.65e-322	1.95e-321
