Samples	SBS96A	SBS96B	SBS96C	SBS96D	SBS96E
ATP2B4_real_train_fold1	0.05249136668003444	0.03024756269381751	0.7894944140995812	1.829104164161802e-129	0.1277666565265669
ATP2B4_real_train_fold1.1	0.06803163690472604	2.4e-321	0.585299214485417	0.18317045928347128	0.16349868932638564
MLH1_real_train_fold1	7.986578594204576e-109	0.9058984378501774	1.0429121472271224e-229	0.09259308097332566	0.0015084811764969719
MSH6_real_train_fold1	2.24e-321	0.9720295292978455	1.477e-321	1.1601375581652448e-161	0.027970470702154384
MSH6_real_train_fold1.1	2.856e-321	0.9798000388268026	2.273e-321	1.3829002362027634e-09	0.0201999597902973
OGG1_real_train_fold1	1.109729497569382e-34	3.3770357590282717e-167	0.1995588214397407	0.05324371975969681	0.7471974588005624
PMS1_real_train_fold1	4.0336505395308636e-255	0.25085725203211867	0.6019530232970017	0.09521056810526315	0.05197915656561646
PMS2_real_train_fold1	0.48282456252803474	0.5091120921595729	1.507e-321	6.13e-322	0.008063345312392525
RNF168_real_train_fold1	0.8783645470260463	0.06279687739250694	0.03399783929941535	7.287458231293867e-101	0.02484073628203143
UNG_real_train_fold1	0.06613638580665279	3.114982032071043e-31	0.148575795996524	0.7407479093904383	0.04453990880638503
ATP2B4_dirichlet_train_fold1	0.25269319425630427	0.06840145459448647	0.5110964770524473	4.009195119257314e-70	0.1678088740967619
ATP2B4_dirichlet_train_fold1.1	0.08959624586562216	5.7e-322	0.7295772015045363	0.18082655262984135	3.75e-322
ATP2B4_dirichlet_train_fold1.2	0.217084065298331	2.307e-321	0.393581326988664	0.22638982301554408	0.16294478469746096
ATP2B4_dirichlet_train_fold1.3	0.29024768279718266	0.0007099570365507633	0.3469961363730404	0.021428268014173166	0.34061795577905296
ATP2B4_dirichlet_train_fold1.4	1.6606466347887558e-30	3.646e-321	0.33700417414457984	0.3150785030693839	0.3479173227860364
ATP2B4_dirichlet_train_fold1.5	1.443e-321	1.2711787589755577e-15	0.40318483961292584	0.27721466117316657	0.3196004992139063
ATP2B4_dirichlet_train_fold1.6	0.18035723687663754	1.275e-321	0.2609037584427615	0.22520109658180543	0.33353790809879547
ATP2B4_dirichlet_train_fold1.7	3.957647992532431e-55	0.0462142276280529	0.36179372731525017	0.3543422396788297	0.23764980537786717
ATP2B4_dirichlet_train_fold1.8	3.6582275182280594e-46	1.047e-321	0.40368403779412165	0.22982853152964855	0.3664874306762297
ATP2B4_dirichlet_train_fold1.9	0.08361002621760992	1.166e-321	0.6668390389243817	4.8772214025927345e-163	0.24955093485800825
ATP2B4_dirichlet_train_fold1.10	0.02766629824182786	8.2e-322	0.7041656051973824	0.2681680965607886	1.1072171983002966e-15
ATP2B4_dirichlet_train_fold1.11	0.12182316901189891	8.9e-322	0.8781768309881012	8.336339452559896e-207	3.9e-322
ATP2B4_dirichlet_train_fold1.12	0.11756173918116786	0.164511559733811	0.5429117524112497	1.2734222236559896e-244	0.1750149486737715
ATP2B4_dirichlet_train_fold1.13	0.1331738066659816	0.22905128820135742	0.6377749051326609	1.897748009202921e-120	6.902836502787132e-252
ATP2B4_dirichlet_train_fold1.14	0.13275803977772116	0.11440454967036276	0.5006323983821278	0.06869233792140546	0.18351267424838275
ATP2B4_dirichlet_train_fold1.15	0.024850888212800328	0.05934273208958289	0.5992125790135433	1.8568926926786412e-130	0.3165938006840736
ATP2B4_dirichlet_train_fold1.16	0.09349730887864072	0.09312876938550269	0.7133043730731342	3.932761510977e-312	0.10006954866272234
ATP2B4_dirichlet_train_fold1.17	0.046217354286514946	0.17542962274554716	0.33068380701669153	0.05077634069111194	0.3968928752601344
ATP2B4_dirichlet_train_fold1.18	0.06610797475922489	0.046892745153003054	0.4775336868328294	0.06011818118188678	0.3493474120730558
ATP2B4_dirichlet_train_fold1.19	0.09056597790472955	1.566e-321	0.5362461466266832	0.209070115695551	0.16411775977303622
ATP2B4_dirichlet_train_fold1.20	0.12734100390851105	2.826231750899782e-290	0.6320592849146671	1.26e-321	0.24059971117682175
ATP2B4_dirichlet_train_fold1.21	0.05554435057485232	1.7e-321	0.4578494644352231	0.21785297670289622	0.2687532082870283
ATP2B4_dirichlet_train_fold1.22	1.186475329079089e-68	2.2e-321	0.3257065116641801	0.38954874829546204	0.2847447400403578
ATP2B4_dirichlet_train_fold1.23	0.3618086390691871	1.7469810254255636e-122	0.3761928361306144	0.12520703891960008	0.13679148588059853
ATP2B4_dirichlet_train_fold1.24	6.850059331479033e-114	0.1326380431076654	0.8673619568923346	9.04e-322	3.7629148528946975e-295
ATP2B4_dirichlet_train_fold1.25	0.25746066636503634	2.36e-321	0.2207056011140102	0.13816481816408582	0.3836689143568677
ATP2B4_dirichlet_train_fold1.26	0.28540070033049303	0.023824653520094434	0.16276551547266807	0.12907840399164242	0.3989307266851021
ATP2B4_dirichlet_train_fold1.27	6.325623303610014e-61	6.21856601722245e-74	0.8853502472158845	0.07543055274479656	0.039219200039318926
ATP2B4_dirichlet_train_fold1.28	0.07705459157990026	1.67e-321	0.7060808418101412	0.21686456660995862	1.9e-322
ATP2B4_dirichlet_train_fold1.29	0.15360921801797103	0.037901271516214155	0.7144573774684985	8.1e-322	0.09403213299731643
ATP2B4_dirichlet_train_fold1.30	7.261228359499691e-68	2.77e-322	0.49223346742860796	0.2444127167345591	0.26335381583683287
ATP2B4_dirichlet_train_fold1.31	2.57e-321	0.17972637287758939	0.6032505886737193	1.2523332866650488e-96	0.21702303844869125
ATP2B4_dirichlet_train_fold1.32	0.03461582175634511	0.007769229619897642	0.3772656932035573	0.33427845646333565	0.24607079895686426
ATP2B4_dirichlet_train_fold1.33	0.024356770637030997	0.143580711359103	0.7299487814424582	4.4e-322	0.10211373656140758
ATP2B4_dirichlet_train_fold1.34	4.112592268654933e-32	0.03890078774944087	0.6266131408451762	0.13731592288144923	0.19717014852393372
ATP2B4_dirichlet_train_fold1.35	0.05029622593863325	5.5e-322	0.4726575134280713	0.3333604710304232	0.14368578960287226
ATP2B4_dirichlet_train_fold1.36	1.0780699840626007e-204	0.02073953672909469	0.5611448876704284	1.537e-321	0.418115575600477
ATP2B4_dirichlet_train_fold1.37	0.06842543470019707	1.3e-321	0.5551222886447955	0.3190835428621812	0.05736873379282619
ATP2B4_dirichlet_train_fold1.38	2.288e-321	0.08639981396885964	0.4934477942460982	0.2556980584701891	0.16445433331485293
ATP2B4_dirichlet_train_fold1.39	0.10666221798442277	0.1935731304266034	0.6647443344581276	2.8393077520655962e-120	0.03502031713084614
ATP2B4_dirichlet_train_fold1.40	1.34425817e-315	0.17181083200007904	0.6582038797180918	1.54e-321	0.1699852882818293
ATP2B4_dirichlet_train_fold1.41	0.13945235571382525	5.53e-322	0.46165190406282575	0.09651150012338001	0.3023842400999689
ATP2B4_dirichlet_train_fold1.42	0.13345554736994156	0.020205712623320684	0.5939386770894077	0.007704559130572565	0.24469550378675742
ATP2B4_dirichlet_train_fold1.43	3.6581380110819916e-255	0.23035195298085626	0.4121302881220582	0.23960245106914313	0.11791530782794234
ATP2B4_dirichlet_train_fold1.44	1.0583041005052153e-48	1.41e-321	0.7698689493807672	2.0979806220227903e-192	0.23013105061923267
ATP2B4_dirichlet_train_fold1.45	0.21740802290883035	0.045146682779302665	0.6314560523099348	0.052131529517306985	0.05385771248462524
ATP2B4_dirichlet_train_fold1.46	0.0521597942606282	1.06e-321	0.7548185324761292	0.19302167326324254	2.27e-322
ATP2B4_dirichlet_train_fold1.47	0.18186013747079394	0.11400520898789622	0.414088517336093	0.01723787177879082	0.272808264426426
ATP2B4_dirichlet_train_fold1.48	6.418276019248595e-112	2.03e-321	0.8975541356624709	1.21e-321	0.10244586433752902
ATP2B4_dirichlet_train_fold1.49	0.17681958290359126	1.705e-321	0.07142083279798124	0.34701116286872297	0.4047484214297046
ATP2B4_dirichlet_train_fold1.50	0.1655263868979184	0.11962243760444338	0.588693183589139	1.457e-321	0.12615799190849905
ATP2B4_dirichlet_train_fold1.51	0.2784966273475298	1.9e-321	0.6489628203783288	0.07007999426540758	0.00246055800873387
ATP2B4_dirichlet_train_fold1.52	1.9974077925420188e-228	9.6e-322	0.502440920166543	0.19190106524306122	0.3056580145903958
ATP2B4_dirichlet_train_fold1.53	0.11273591207091234	1.56e-321	0.6035808142623426	0.03892202409955699	0.24476124956718787
ATP2B4_dirichlet_train_fold1.54	0.028823539230512712	1.48e-321	0.884488932351103	1.4083304166618058e-125	0.08668752841838426
ATP2B4_dirichlet_train_fold1.55	0.06588714782906696	0.0011364556607740884	0.6800273007050833	0.0403721101337123	0.2125769856713634
ATP2B4_dirichlet_train_fold1.56	0.10625758407626301	8.201259332925666e-123	0.5093495310166902	0.25227126403478467	0.13212162087226215
ATP2B4_dirichlet_train_fold1.57	0.1679476813561118	0.0047701462052403285	0.8244753029148266	1.5664078298643486e-279	0.002806869523821099
ATP2B4_dirichlet_train_fold1.58	1.8319253218011458e-305	0.14432923907555087	0.5546975495971279	0.1630734167314526	0.13789979459586865
ATP2B4_dirichlet_train_fold1.59	0.11492800658386333	8.35e-322	0.8850719934161366	1.215e-321	3.324504947112204e-106
ATP2B4_dirichlet_train_fold1.60	0.013205537289376084	5.6e-322	0.4402220720865879	0.33185422225285116	0.21471816837118485
ATP2B4_dirichlet_train_fold1.61	0.34764016423171124	2.0159016960132535e-155	0.5308252983759034	9.44e-322	0.1215345373923855
ATP2B4_dirichlet_train_fold1.62	1.2804479303597777e-147	5.43e-322	0.5443273207147215	0.17208531712064307	0.28358736216463537
ATP2B4_dirichlet_train_fold1.63	3.651180073558448e-103	0.04097792101581926	0.854888433974483	1.033e-321	0.10413364500969785
ATP2B4_dirichlet_train_fold1.64	0.10301472991802219	4.168809508654253e-284	0.6130638091042546	0.28392146097772325	4.2789019549512205e-27
ATP2B4_dirichlet_train_fold1.65	0.1811079048350663	0.025887334452105504	0.7796710978271009	5.8e-322	0.013333662885727217
ATP2B4_dirichlet_train_fold1.66	0.2503975451886998	0.006010907407460051	0.7435915474038401	7.008869962360362e-141	3.2e-322
ATP2B4_dirichlet_train_fold1.67	0.025594926232585306	0.011151262795936126	0.4641386665041234	0.0909827383694761	0.4081324060978791
ATP2B4_dirichlet_train_fold1.68	0.25654313458612504	2.436e-321	0.4273882960402535	8.012704743456507e-130	0.3160685693736213
ATP2B4_dirichlet_train_fold1.69	6.754642429328427e-249	1.22e-321	0.9262684336558247	5.53e-322	0.07373156634417533
ATP2B4_dirichlet_train_fold1.70	0.32824268690737257	2.317e-321	0.42198543011877343	6.847593694803914e-20	0.24977188297385391
ATP2B4_dirichlet_train_fold1.71	2.7032322391646013e-26	7.4e-322	0.26844449627344785	0.507630238248062	0.22392526547849007
ATP2B4_dirichlet_train_fold1.72	0.08957890952308001	0.06540212573643435	0.2955257973646363	0.15424009741411449	0.3952530699617349
ATP2B4_dirichlet_train_fold1.73	0.022874675470536853	4.489375217408134e-47	0.9442972880537894	6.13e-322	0.032828036475673665
ATP2B4_dirichlet_train_fold1.74	0.23253673541346592	4.125e-321	0.5237467243161711	1.18e-321	0.243716540270363
ATP2B4_dirichlet_train_fold1.75	0.0017472058312988858	0.12673799334134547	0.6191829123955737	0.19268788609529636	0.059644002336485716
ATP2B4_dirichlet_train_fold1.76	0.23077068120641617	1.774e-321	0.4912859921282533	0.1444974999780983	0.13344582668723232
ATP2B4_dirichlet_train_fold1.77	0.2721952866364556	9.83e-322	0.4728118218091957	0.1490792692539773	0.1059136223003716
ATP2B4_dirichlet_train_fold1.78	0.02932744006277567	0.041009926878481914	0.7205943555089548	0.10563242533846624	0.10343585221132136
ATP2B4_dirichlet_train_fold1.79	7.104407736302583e-190	0.12911964361877357	0.3246112049848872	0.2021590461332648	0.3441101052630744
ATP2B4_dirichlet_train_fold1.80	0.16350130287513107	1.576e-321	0.43656688902912455	0.17488665685296612	0.22504515124277819
ATP2B4_dirichlet_train_fold1.81	2.3733830582987692e-178	9.763100577207529e-78	0.8468170633368481	0.13125801058286019	0.021924926080291698
ATP2B4_dirichlet_train_fold1.82	0.11359233248035383	0.011326023353227067	0.607871212832445	0.025882970099305954	0.241327461234668
ATP2B4_dirichlet_train_fold1.83	0.14965708347023265	5.7e-322	0.556988243534614	0.11531684213892181	0.17803783085623168
ATP2B4_dirichlet_train_fold1.84	0.32733037165509304	1.374e-321	0.36517566005024105	0.11446190468094454	0.19303206361372133
ATP2B4_dirichlet_train_fold1.85	4.400249711216727e-108	1.68e-321	0.8375521654390774	0.1624478345609226	2.3852838947011082e-200
ATP2B4_dirichlet_train_fold1.86	8.800886825562567e-05	6.6e-322	0.5851557404826511	0.3475673006664218	0.06718894998267147
ATP2B4_dirichlet_train_fold1.87	0.19149596823758142	2.059685458346406e-293	0.7433926616602187	0.06511137010220001	2.3e-322
ATP2B4_dirichlet_train_fold1.88	0.1605043628909456	2.055e-321	0.2606221757596312	0.23565385321496185	0.3432196081344614
ATP2B4_dirichlet_train_fold1.89	1.1775961259242944e-52	0.10004847146313592	0.6042268380470196	0.04616419422430061	0.24956049626554383
ATP2B4_dirichlet_train_fold1.90	0.317440866843512	1.042e-321	0.21981712183113555	0.10546769221552128	0.3572743191098311
ATP2B4_dirichlet_train_fold1.91	1.0784873352252564e-10	8.84e-322	0.7809198746433205	0.163308364130202	0.05577176111862879
ATP2B4_dirichlet_train_fold1.92	0.034287973862083064	5.298254861150146e-203	0.965712026137917	8.74e-322	3.3e-322
ATP2B4_dirichlet_train_fold1.93	0.22159283646924505	0.08963302709789844	0.38742584594192575	1.0058860548182425e-107	0.3013482904909308
ATP2B4_dirichlet_train_fold1.94	0.08717451175912946	5.8e-322	0.4618263346081215	0.26863391909666073	0.1823652345360884
ATP2B4_dirichlet_train_fold1.95	2.794825941149216e-69	2.767e-321	1.0	1.136e-321	1.6e-322
ATP2B4_dirichlet_train_fold1.96	0.25158982167436356	7.07e-322	0.5750526310609962	3.2682565182634513e-84	0.17335754726464012
ATP2B4_dirichlet_train_fold1.97	0.10973535216044805	1.077e-321	0.6965229730814956	0.19259534319604824	0.0011463315620080974
PMS1_dirichlet_train_fold1	1.29e-321	0.469363895000952	0.29981165507612373	0.16742596466262313	0.06339848526030108
MSH6_dirichlet_train_fold1	4.949916085618046e-166	0.7449433196121762	6.3e-322	0.19816161967923468	0.056895060708589226
MSH6_dirichlet_train_fold1.1	0.15836834215124815	0.8105248572106853	0.021749060209167826	5.452054e-318	0.009357740428898613
MLH1_dirichlet_train_fold1	0.01622997097619294	0.8523684600080927	2.77e-322	0.13140156901571415	3.6e-322
MLH1_dirichlet_train_fold1.1	0.08494934295996541	0.8454449302037828	1.91e-321	0.06562475643788276	0.003980970398369185
PMS2_dirichlet_train_fold1	0.4919736070652529	0.5080263929347473	1.013e-321	3.36e-322	2.213e-321
MLH1_dirichlet_train_fold1.2	0.06327104952153416	0.8762741671849226	9.6e-322	0.0403825387224781	0.020072244571065018
MSH6_dirichlet_train_fold1.2	1.5060722513360813e-170	0.9716514118703982	2.075e-321	6.219214324288059e-100	0.02834858812960188
PMS1_dirichlet_train_fold1.1	1.423e-321	0.2794067573635952	0.15856626248391817	0.3301844476146466	0.23184253253784
MSH6_dirichlet_train_fold1.3	1.013e-321	0.9999999999999999	5.83e-322	1.675e-321	3.79e-321
PMS1_dirichlet_train_fold1.2	1.033e-321	0.26165191758635314	0.3146955995970824	0.2553778446593855	0.16827463815717889
PMS2_dirichlet_train_fold1.1	0.5930105077726817	0.33935935200571066	0.06763014022160754	1.45e-321	2.3e-322
PMS1_dirichlet_train_fold1.3	0.06053804861869509	0.2840101205343664	0.1389093242415971	0.453821674952385	0.0627208316529565
MLH1_dirichlet_train_fold1.3	3.455085479676487e-193	0.9824836717017849	7.66e-322	1.5173768219741998e-110	0.017516328298215075
MSH6_dirichlet_train_fold1.4	3.49350989807658e-29	0.9826101676156807	1.675e-321	3.2272982312694905e-208	0.01738983238431946
MSH6_dirichlet_train_fold1.5	9.7e-322	0.9358993917960189	6.6e-322	9.04e-322	0.06410060820398125
MSH6_dirichlet_train_fold1.6	1.793e-321	0.9376157916596771	0.06238420834032275	1.487e-321	3.901683843491637e-266
MSH6_dirichlet_train_fold1.7	0.011433429332896474	0.9299636005385157	0.05860297012858784	1.586e-321	8.05e-322
MSH6_dirichlet_train_fold1.8	9.228830636922796e-78	0.9168005802643434	1.1e-321	1.186e-321	0.08319941973565659
MSH6_dirichlet_train_fold1.9	2.36e-321	0.9121867544946916	2.67e-322	0.08781324550530843	6.6380146881087586e-211
MSH6_dirichlet_train_fold1.10	0.05626714479197411	0.9282992501856867	1.3397246763970661e-76	2.78e-321	0.015433605022339182
MSH6_dirichlet_train_fold1.11	2.2935e-320	0.9405674540748272	0.007255499098147011	0.0521770468270258	1.556e-321
PMS2_dirichlet_train_fold1.2	0.5935506314324647	0.3628010445406431	0.043648324026892324	5.7e-322	2.47e-322
PMS2_dirichlet_train_fold1.3	0.7143059929366985	0.2856940070633014	2.9e-322	3.06e-322	0.0
MSH6_dirichlet_train_fold1.12	2.04e-321	0.9632470798916911	0.036752920108308905	9.5e-322	3.4e-322
PMS1_dirichlet_train_fold1.4	0.03400306654076365	0.33428161539642653	0.3382796456579412	0.2615333890363767	0.0319022833684918
MLH1_dirichlet_train_fold1.4	2.34e-321	0.8777142777380111	7.6e-322	0.11698280268570964	0.005302919576279256
PMS1_dirichlet_train_fold1.5	0.08279014969157783	0.06865467146456335	0.21331888739720434	0.32879370500269345	0.3064425864439611
PMS2_dirichlet_train_fold1.4	0.49353423050749035	0.44746174401411454	0.05900402547839512	6.03e-322	8.975415839468379e-262
PMS1_dirichlet_train_fold1.6	3e-321	0.26790442668805	0.2750160328799812	0.32365781155717965	0.13342172887478929
MLH1_dirichlet_train_fold1.5	2.702319586116434e-182	0.8089599328556096	5.6e-322	0.1910400671443904	0.0
MSH6_dirichlet_train_fold1.13	6.118806060839313e-178	0.9644918360110418	3.44590586494625e-184	3.85e-322	0.035508163988958064
PMS2_dirichlet_train_fold1.5	0.6111151469493323	0.38888485305066756	2.77e-322	2.87e-322	2.87e-322
PMS1_dirichlet_train_fold1.7	0.30208520522022153	0.09777671288309692	0.2788121062282073	0.13484681515567354	0.18647916051280083
MLH1_dirichlet_train_fold1.6	0.074619056444608	0.9094813108638197	7e-322	0.015899632691572508	9.5e-322
MSH6_dirichlet_train_fold1.14	1.457e-321	0.9150295611110886	5.8e-322	0.0849704388889113	1.18e-321
MSH6_dirichlet_train_fold1.15	0.00852215174992923	0.8934984960907538	5.8480280762e-313	0.09345875478519754	0.004520597374119478
PMS1_dirichlet_train_fold1.8	0.08036711481873864	0.34222327523749135	0.09615488503529201	0.136724167970007	0.344530556938471
PMS2_dirichlet_train_fold1.6	0.4297863502644669	0.4626674136269536	0.10754623610857943	2.96e-322	7.2e-322
PMS1_dirichlet_train_fold1.9	1.556e-321	0.15101195141316393	0.661504352960171	0.14238289207885468	0.045100803547810354
MLH1_dirichlet_train_fold1.7	2.974e-321	0.7718710070828828	1.83e-321	0.22812899291711708	3.26e-322
MLH1_dirichlet_train_fold1.8	0.06868183024546128	0.9194173309823396	1.146e-321	2.5e-322	0.011900838772199057
MSH6_dirichlet_train_fold1.16	1.186e-321	0.9807966637225989	1.42e-321	8.4e-322	0.01920333627740108
PMS1_dirichlet_train_fold1.10	2.49e-321	0.39010373301690693	0.3712174266974869	0.10869077940942251	0.1299880608761837
MSH6_dirichlet_train_fold1.17	1.26e-321	0.9496181633377487	2.5071263399993106e-169	0.03093617925796011	0.01944565740429114
PMS2_dirichlet_train_fold1.7	0.4917163343675802	0.4997817606260063	1e-321	1.35e-321	0.0085019050064135
PMS2_dirichlet_train_fold1.8	0.4738023096256698	0.5261976903743302	3.5e-322	3.46e-322	7.8e-322
MLH1_dirichlet_train_fold1.9	0.0012203209222352307	0.8617892257594203	7.07e-322	0.13699045331834447	9.3e-322
PMS1_dirichlet_train_fold1.11	2.9704643295191336e-299	0.34572493680855515	0.4058422232279636	0.09953616168053814	0.14889667828294306
PMS1_dirichlet_train_fold1.12	0.018202322514079394	0.21953180199214736	0.6226233365756731	0.05503583209009391	0.08460670682800617
MSH6_dirichlet_train_fold1.18	6.2e-322	0.9125370527307513	4.9e-322	0.0874629472692489	6.57e-322
PMS1_dirichlet_train_fold1.13	6.5125856517740705e-183	0.26612874395945935	0.6220368529116619	0.11183440312887882	2.954578053786762e-120
PMS2_dirichlet_train_fold1.9	0.36080779068258595	0.639192209317414	8.65e-322	8.1e-322	2.425922189490041e-299
MSH6_dirichlet_train_fold1.19	1.1248024733968257e-189	0.894578873803136	5.1e-322	0.10542112619686386	1.023e-321
PMS1_dirichlet_train_fold1.14	3.385360358834736e-49	0.1721238324977505	0.6926926707552351	0.1351834967470145	4.55e-322
MLH1_dirichlet_train_fold1.10	1.4682701892678157e-144	0.8057189716086424	2.424500780328031e-196	0.1942810283913576	3.9612810388517472e-78
PMS1_dirichlet_train_fold1.15	0.18037334945914082	0.2064544668798958	0.22552568601451625	0.23569400220842185	0.15195249543802514
MSH6_dirichlet_train_fold1.20	0.25634799621923443	0.7213276615825149	0.02232434219825078	8.94e-322	8.2e-322
PMS1_dirichlet_train_fold1.16	7.07e-322	0.244751004393363	0.06793908029909389	0.541795076281058	0.14551483902648507
PMS2_dirichlet_train_fold1.10	0.5638832664005422	0.43611673359945785	1.675e-321	8.5e-322	6.943011410745219e-81
MSH6_dirichlet_train_fold1.21	3.23e-321	0.9153497058166473	7.6e-322	0.03996651017174634	0.044683784011606324
MSH6_dirichlet_train_fold1.22	2.796e-321	0.9397378305112878	1.2118398583811135e-251	1.2594327355024604e-202	0.060262169488712214
MLH1_dirichlet_train_fold1.11	2.875e-321	0.770858141942869	4.45e-322	0.22914185805713108	8.4e-322
MLH1_dirichlet_train_fold1.12	1.94e-321	0.8555772529075737	8.8e-322	0.14442274709242628	1.52e-321
MLH1_dirichlet_train_fold1.13	3.539501540708849e-174	0.8246130326082033	0.06932639554702172	0.10606057184477496	8.05e-322
MLH1_dirichlet_train_fold1.14	0.19146847300999434	0.8032096375379261	1.04100268256208e-169	0.0005346761323189064	0.004787213319760564
MSH6_dirichlet_train_fold1.23	0.1615448756567867	0.821405994240846	1.72e-321	0.0066964479036575745	0.010352682198709802
PMS1_dirichlet_train_fold1.17	9.44e-322	0.12715994716964996	0.6358700339239314	0.2369700189064187	1.24e-322
PMS1_dirichlet_train_fold1.18	0.1582242652493024	0.4258144227910382	0.0073858109525083504	0.25947081088986257	0.14910469011728866
PMS2_dirichlet_train_fold1.11	0.44283813356472324	0.5296898613861237	3e-322	3.2e-322	0.027472005049152995
MSH6_dirichlet_train_fold1.24	0.18622059134344437	0.8137794086565557	2.394797290384186e-186	7.332353929115077e-187	3.66e-322
PMS1_dirichlet_train_fold1.19	1.764e-321	0.17158869364306167	0.8284113063569383	1.64e-321	8.746042345523858e-18
MSH6_dirichlet_train_fold1.25	3.29e-321	0.9751434834408035	5.73e-322	1.803e-321	0.024856516559196518
MLH1_dirichlet_train_fold1.15	0.1501946706957081	0.7475366018281335	7.95e-322	0.10226872747615823	2.4e-322
PMS2_dirichlet_train_fold1.12	0.5104114370926498	0.48958856290735026	3e-322	3e-322	3.26e-322
MLH1_dirichlet_train_fold1.16	1.24e-321	0.8304967167376747	2.3e-322	0.1695032832623255	0.0
MLH1_dirichlet_train_fold1.17	1.5456468323681369e-28	0.8450576430716896	2.78e-321	0.15494235692831038	2.01e-321
MSH6_dirichlet_train_fold1.26	2.121647133726476e-148	0.9129108274054047	2.883507787470652e-162	0.08708917259459524	1.1270679777155938e-80
MSH6_dirichlet_train_fold1.27	8.15e-322	1.0	4.7e-322	3.85e-322	6.77e-322
MSH6_dirichlet_train_fold1.28	0.19999095892214275	0.8000090410778573	5.34e-322	1.18e-321	3.4e-322
MLH1_dirichlet_train_fold1.18	0.10534136347070326	0.8946586365292967	1.13e-321	1.61e-321	1.02e-321
PMS2_dirichlet_train_fold1.13	0.24339822070934358	0.7426897639538116	8.298610069897477e-103	3.56e-322	0.013912015336844774
MSH6_dirichlet_train_fold1.29	2.6e-321	0.7594271740427231	5.24e-322	0.11360094839747213	0.1269718775598047
MLH1_dirichlet_train_fold1.19	0.1729397884524311	0.8013609122129393	6.2e-322	0.025699299334629673	1.956e-321
MSH6_dirichlet_train_fold1.30	8.6e-322	0.8989165836531056	1.354e-321	0.10108341634689443	3e-322
MSH6_dirichlet_train_fold1.31	2.337e-321	0.8551544649677121	0.050019687170081026	0.0034043893163307705	0.09142145854587608
MSH6_dirichlet_train_fold1.32	4.964310383398744e-264	0.9933026810564417	3.0086134119097075e-60	1.097e-321	0.006697318943558228
MSH6_dirichlet_train_fold1.33	6.919911558825524e-141	1.0	5.73e-322	1.18e-321	8.3e-322
PMS2_dirichlet_train_fold1.14	0.36230879187942744	0.6208326252657587	2.3e-321	3.26e-322	0.01685858285481387
PMS2_dirichlet_train_fold1.15	0.6428090115292795	0.35719098847072067	2.6e-322	2.77e-322	8e-322
MLH1_dirichlet_train_fold1.20	0.09687679690244881	0.862000161772963	8.74e-322	0.041123041324588126	3.85e-322
PMS1_dirichlet_train_fold1.20	0.03908665303170228	0.29772305580277836	0.4854524134050566	0.07971719025324614	0.09802068750721672
PMS1_dirichlet_train_fold1.21	0.11682960118163944	0.2072875780447058	0.37685427606278843	0.157880520964288	0.1411480237465783
MSH6_dirichlet_train_fold1.34	6.932251006737368e-290	0.9476842074518638	8.94e-322	8.450613353141502e-263	0.052315792548136376
MLH1_dirichlet_train_fold1.21	1.215e-321	0.8815817614638405	2.3e-322	0.11841823853615947	3.1e-322
UNG_dirichlet_train_fold1	0.13654699232092682	1.46e-321	0.2392797450654304	0.6241732626136429	1.14e-322
UNG_dirichlet_train_fold1.1	0.2529591716429243	6.23e-322	1.185470647591868e-177	0.6662733514342635	0.08076747692281223
UNG_dirichlet_train_fold1.2	0.15371757629704855	1.625e-321	0.3646516436303869	0.48163078007256455	1.1423172069728695e-289
UNG_dirichlet_train_fold1.3	0.02628591962465127	4.0444129020603673e-237	0.3499835416409802	0.6237305387343686	1.9e-322
OGG1_dirichlet_train_fold1	1.44e-321	2.59e-321	0.34900760893739013	6.9602768840479085e-292	0.6509923910626099
OGG1_dirichlet_train_fold1.1	3.7176742411534797e-216	0.02290102188456204	0.14503116409881947	0.029342878059949274	0.8027249359566692
UNG_dirichlet_train_fold1.4	0.14105974916101577	1.986e-321	0.15259450973561206	0.7012232868529498	0.005122454250422339
OGG1_dirichlet_train_fold1.2	0.0198423284216011	1.166e-321	0.1303462238127831	0.10756049307881564	0.7422509546868002
OGG1_dirichlet_train_fold1.3	1.1262066932633467e-243	0.12823202151661928	3.0162462719805368e-86	0.0261089707361373	0.8456590077472435
OGG1_dirichlet_train_fold1.4	0.0015775714672495674	8.493907017750656e-169	1.0660350543280743e-36	0.0987804761688979	0.8996419523638526
OGG1_dirichlet_train_fold1.5	0.023681865898766138	0.033578529821082635	0.3440906173892911	0.02182611088867581	0.5768228760021844
UNG_dirichlet_train_fold1.5	1.097e-321	4.84e-322	0.020892429876729585	0.8608434945929183	0.11826407553035219
OGG1_dirichlet_train_fold1.6	0.048642479580056214	3.503292785952924e-143	4.695986471807808e-08	0.04355696731194617	0.907800506148133
UNG_dirichlet_train_fold1.6	0.08505259896301287	7.903135644447209e-40	0.06523151802966363	0.8497158830073236	4.05e-322
UNG_dirichlet_train_fold1.7	0.08159922677902998	8.924995305296709e-219	2.034639326920036e-68	0.8430912484685553	0.07530952475241481
OGG1_dirichlet_train_fold1.7	1.9584977740083528e-64	2.46e-321	0.025590740930222323	0.1312409261992698	0.843168332870508
UNG_dirichlet_train_fold1.8	0.19774554903272115	0.006290413865444279	0.05536419486669232	0.7405998422351421	1.33e-322
OGG1_dirichlet_train_fold1.8	0.16378510742683597	7.861504635606212e-114	0.050760124129179116	5.337050505341774e-68	0.7854547684439849
UNG_dirichlet_train_fold1.9	0.1043768213404278	0.014157711400229723	0.13008434750913883	0.6801081699254337	0.07127294982477005
OGG1_dirichlet_train_fold1.9	3.549177596968051e-192	0.12911041905253287	8.290253479684057e-66	5.508074015990837e-280	0.8708895809474672
OGG1_dirichlet_train_fold1.10	0.305262359198542	1.27e-321	2.2479368531563238e-118	0.10191801578137376	0.5928196250200843
UNG_dirichlet_train_fold1.10	9.73e-322	4.3e-322	0.08827707749704619	0.8315854662412913	0.08013745626166252
OGG1_dirichlet_train_fold1.11	0.17877151502065705	1.3e-321	1.3280283390718954e-59	0.01784618366407461	0.8033823013152683
OGG1_dirichlet_train_fold1.12	1.21e-321	2.194e-321	0.2536533579685737	0.06676406187558118	0.6795825801558452
OGG1_dirichlet_train_fold1.13	2.8899766746154333e-59	2.22e-321	0.2122902012465863	5.132550643625173e-06	0.78770466620277
UNG_dirichlet_train_fold1.11	3.28e-321	0.09886110322171901	2.6020508870986635e-266	0.8399870851553024	0.061151811622978634
OGG1_dirichlet_train_fold1.14	0.04922336594054706	1.5580295620249635e-249	1.6252595342175777e-221	0.08950816976143185	0.8612684642980211
UNG_dirichlet_train_fold1.12	0.1940889871705466	1.517e-321	1.03e-321	0.8059110128294534	3.5385656106850684e-240
UNG_dirichlet_train_fold1.13	0.21491560608625	1.225e-321	1.546e-321	0.7667662360465759	0.018318157867174212
OGG1_dirichlet_train_fold1.15	0.12514278750100247	1.29e-321	0.0007584736500558868	0.04089922300389622	0.8331995158450453
OGG1_dirichlet_train_fold1.16	9.066499133004181e-72	7.9e-322	0.14961549884366396	0.06883506097347068	0.7815494401828653
UNG_dirichlet_train_fold1.14	1.5e-321	0.15719302043120484	1.013e-321	0.6319439208805603	0.21086305868823496
OGG1_dirichlet_train_fold1.17	0.025472858076107833	0.05107279322007882	1.8935018451962257e-257	0.04387522585802752	0.8795791228457859
UNG_dirichlet_train_fold1.15	0.07933871997183402	1.6e-321	0.01369848751914365	0.8086826015773285	0.09828019093169388
OGG1_dirichlet_train_fold1.18	0.00491568465032795	0.08510803454525961	0.14558364403223442	0.021535506346549785	0.7428571304256281
UNG_dirichlet_train_fold1.16	0.155813902618775	0.07668193880928757	0.18261331781652723	0.5848908407554103	3.75e-322
OGG1_dirichlet_train_fold1.19	1.3702163274204748e-25	0.01475327460089406	0.21531567775335947	0.06975357205833821	0.7001774755874083
OGG1_dirichlet_train_fold1.20	0.036016181829330245	0.13985447936468673	0.30037947686351596	1.0064950372445275e-46	0.5237498619424672
UNG_dirichlet_train_fold1.17	0.048742438480435885	0.12752076097683743	0.24810069741687948	0.5756361031258473	3.7e-322
UNG_dirichlet_train_fold1.18	0.09111567093682005	0.11469276667563474	1.08e-321	0.6304066132901565	0.16378494909738864
OGG1_dirichlet_train_fold1.21	7.315623103843464e-290	6.3e-322	0.3386102201191425	3.470773745891427e-167	0.6613897798808577
UNG_dirichlet_train_fold1.19	0.20350984579717044	0.02956765153922396	0.15506662931207402	0.5566100570400543	0.055245816311477174
UNG_dirichlet_train_fold1.20	0.15376805298451263	2.54e-321	0.024469563092324714	0.8217623839231626	1.14e-321
OGG1_dirichlet_train_fold1.22	1.1998725112646887e-10	1.176e-321	0.29342010979214345	0.02451076409678425	0.6820691259910852
UNG_dirichlet_train_fold1.21	0.0776543336139116	2.026e-321	1.5312487933052545e-45	0.7930517630358942	0.12929390335019408
UNG_dirichlet_train_fold1.22	0.1083995546442735	2.323813460608194e-186	0.19130914563705934	0.6300523991364757	0.07023890058219154
OGG1_dirichlet_train_fold1.23	1.0728488589636062e-302	7.489649429291834e-141	0.7431173124880277	8.45e-322	0.2568826875119723
UNG_dirichlet_train_fold1.23	1.823e-321	0.13122743538684192	0.029638678211666488	0.6808205852909595	0.1583133011105321
UNG_dirichlet_train_fold1.24	0.27484953624227765	7.95e-322	7.7e-322	0.5588336152952493	0.16631684846247316
OGG1_dirichlet_train_fold1.24	0.10474867472083131	1.9e-321	0.187729965601959	0.06460026248519724	0.6429210971920124
OGG1_dirichlet_train_fold1.25	1.234087555981891e-226	0.02941875807455389	0.3934263883956165	9.064306120718278e-28	0.5771548535298298
OGG1_dirichlet_train_fold1.26	0.14617766512122515	1.437911186837064e-147	0.2319178875692441	0.021042633283611778	0.600861814025919
UNG_dirichlet_train_fold1.25	0.280689308403041	0.08468102731694542	0.27222061399296704	0.3624090502870466	7.16e-322
OGG1_dirichlet_train_fold1.27	0.08751071819290052	0.03295277891812472	1.624588251447945e-61	0.08121515672451866	0.7983213461644562
UNG_dirichlet_train_fold1.26	0.09533354783893068	0.03188752972250005	5.93e-322	0.70970415211126	0.16307477032730933
OGG1_dirichlet_train_fold1.28	0.07575202093684273	0.036995279554092174	0.20978286734047785	0.013294323227213545	0.6641755089413737
UNG_dirichlet_train_fold1.27	0.1116018290840356	7.76e-322	0.1452430611873491	0.7431551097286152	4.64e-322
UNG_dirichlet_train_fold1.28	0.37407621420960274	1.903458445854373e-230	1.27e-321	0.5748079646819213	0.051115821108476005
OGG1_dirichlet_train_fold1.29	1.4245794684129721e-70	0.07638352638145719	1.479518721310281e-40	0.08320387501298797	0.8404125986055547
UNG_dirichlet_train_fold1.29	0.14035967671003724	7.2e-322	0.3411391538763649	0.5185011694135977	5.73e-322
OGG1_dirichlet_train_fold1.30	5.272097557838008e-205	0.09225237894076814	0.013456052795520076	2.2622872600747442e-68	0.8942915682637118
UNG_dirichlet_train_fold1.30	0.24361345968944575	5.467003841763982e-191	0.10823338775715811	0.5574806273628597	0.09067252519053638
OGG1_dirichlet_train_fold1.31	0.21862620059965	3.5039599348546127e-239	2.3243516997772414e-138	0.049287455640592434	0.7320863437597577
OGG1_dirichlet_train_fold1.32	0.13744375013119745	0.09505400421283142	0.07983843643555227	0.02424752021003113	0.6634162890103877
UNG_dirichlet_train_fold1.31	0.04768911456811708	0.19308332561291164	1.43e-321	0.5821064208904929	0.17712113892847842
UNG_dirichlet_train_fold1.32	0.0018706489948243697	0.060730523647036794	0.048540802698538846	0.8888580246596	3.6764012991209796e-45
OGG1_dirichlet_train_fold1.33	4.488982954787112e-278	1.843e-321	0.21076366882583497	3.0498488575459974e-81	0.789236331174165
OGG1_dirichlet_train_fold1.34	0.021468944633021902	1.833e-321	4.309831814496444e-220	0.06548973783366183	0.9130413175333163
UNG_dirichlet_train_fold1.33	0.14760912051364689	2.056400207546e-312	0.26640797091009727	0.585982908576256	2e-322
UNG_dirichlet_train_fold1.34	8.161264704870496e-278	0.03242555767182118	0.031764130108927306	0.8474217021862408	0.08838861003301071
UNG_dirichlet_train_fold1.35	0.15037004943604296	1.314e-321	0.15637018544089298	0.693259765123064	1.0898659519791409e-141
UNG_dirichlet_train_fold1.36	0.31991792376167905	1.546e-321	5.1411309616929074e-197	0.5541808784664244	0.12590119777189662
OGG1_dirichlet_train_fold1.35	0.03754918960352275	1.833e-321	1.1103714541032668e-34	0.13814157817947742	0.8243092322169998
UNG_dirichlet_train_fold1.37	0.15573067130796753	4.707578460306747e-48	0.17042839431410636	0.6461655784822486	0.027675355895677402
UNG_dirichlet_train_fold1.38	0.009241521072895846	0.04807097303785964	9.63e-322	0.7582630547433773	0.18442445114586717
UNG_dirichlet_train_fold1.39	1.853e-321	0.08305830432156683	0.47269606595658953	0.4442456297218436	2.2e-322
OGG1_dirichlet_train_fold1.36	0.13915478374855694	0.004417949442325637	0.09085941172839763	0.04972570586205976	0.7158421492186601
UNG_dirichlet_train_fold1.40	9.415292247269684e-163	0.07286142563648335	1.0426274964368007e-142	0.6326108533144936	0.29452772104902303
UNG_dirichlet_train_fold1.41	0.29477073494351136	1.31e-321	0.2184345497909962	0.48679471526549234	2.1e-322
UNG_dirichlet_train_fold1.42	4.9962066426550864e-74	8.1e-322	7.16e-322	0.8757817879314281	0.12421821206857186
UNG_dirichlet_train_fold1.43	0.22676317446638122	0.047394218136458	1.15e-321	0.5508205522191297	0.17502205517803113
OGG1_dirichlet_train_fold1.37	0.002924310099782171	0.0496262678815716	0.29608155963878124	6.278640637700375e-123	0.6513678623798648
UNG_dirichlet_train_fold1.44	0.09966722900866369	0.10000974287472597	0.39624511185475697	0.4040779162618534	9e-323
OGG1_dirichlet_train_fold1.38	0.06956649802104763	1.401868177167e-311	0.05250833989028848	0.11364511173012053	0.7642800503585434
OGG1_dirichlet_train_fold1.39	0.1349122754110393	1.53e-321	0.02915613549966614	0.12294165710409516	0.7129899319851993
OGG1_dirichlet_train_fold1.40	0.08651951331073786	7.163545535578645e-187	6.507480973934517e-38	0.026751146297132284	0.8867293403921299
UNG_dirichlet_train_fold1.45	0.36931531436814047	1.705e-321	8.30821333705382e-64	0.6095218499867758	0.021162835645083585
OGG1_dirichlet_train_fold1.41	1.59e-321	9.72508128673552e-147	0.21826870488166003	0.006164770632496956	0.7755665244858428
OGG1_dirichlet_train_fold1.42	0.20261687147919835	1.8e-321	1.1208437415627481e-104	0.05124788233723957	0.7461352461835622
OGG1_dirichlet_train_fold1.43	0.18810740610189272	2.787e-321	0.20314152598217833	0.06841598997091361	0.5403350779450155
UNG_dirichlet_train_fold1.46	1.4488964676523678e-172	0.06572440526780636	0.14857672764841978	0.6978253820507714	0.08787348503300234
OGG1_dirichlet_train_fold1.44	1.196e-321	5.34e-322	0.6793671284650706	5.63e-322	0.3206328715349293
UNG_dirichlet_train_fold1.47	0.04812583360631522	0.14954971117924415	1.17e-321	0.6831501643551026	0.11917429085933787
OGG1_dirichlet_train_fold1.45	0.11972005630409431	9.237393676567305e-171	6.8e-322	0.03199976598717874	0.848280177708727
OGG1_dirichlet_train_fold1.46	0.12370903880659158	1.265e-321	0.4157760449057744	0.010413037137004377	0.4501018791506296
OGG1_dirichlet_train_fold1.47	7.071100217505559e-25	4.0973240264211954e-182	0.061484053788207926	0.09557326493476395	0.8429426812770283
OGG1_dirichlet_train_fold1.48	5.98361292771385e-269	3.29e-321	0.323078052088053	0.011798925852019504	0.6651230220599276
UNG_dirichlet_train_fold1.48	0.22181290245815422	0.21672773537400394	0.04245500107472558	0.5190043610931163	2.5291859504376533e-159
RNF168_dirichlet_train_fold1	0.9739848969427777	3.043e-321	0.02258005580720461	0.0034350472500178962	4.407781133638981e-52
RNF168_dirichlet_train_fold1.1	0.875350479933422	2.174e-321	0.09351896322709034	1.927e-321	0.031130556839487677
RNF168_dirichlet_train_fold1.2	0.7586576736007238	0.07116845726414825	0.17017386913512803	2.461867305346985e-242	2.1762465151071414e-70
RNF168_dirichlet_train_fold1.3	0.56612250844278	2.43e-321	0.2743897628001248	0.1594877287570952	6.093846650924033e-95
RNF168_dirichlet_train_fold1.4	0.8034297377374082	0.03120359514733497	0.14060925848728603	1.9206618445253081e-252	0.0247574086279707
RNF168_dirichlet_train_fold1.5	0.9682981734118556	0.02451832462442495	2.2606484148899964e-138	6.7e-322	0.0071835019637193215
RNF168_dirichlet_train_fold1.6	0.7083952345235435	0.17335832654973685	0.06079222218575327	5.8e-322	0.05745421674096652
RNF168_dirichlet_train_fold1.7	0.946556951618272	2.86822177865599e-106	3.268623324306976e-260	5.445060118706791e-58	0.05344304838172809
RNF168_dirichlet_train_fold1.8	0.727239055514491	0.15636987415442813	3.4934373917784457e-259	9.83060314070238e-133	0.11639107033108075
RNF168_dirichlet_train_fold1.9	0.5974933456307647	0.0452675222177424	0.008260215594564801	0.34897891655692803	6.690212341026716e-169
RNF168_dirichlet_train_fold1.10	0.9627319146875531	0.00379313980222981	1.15e-321	0.026880423396689525	0.006594522113527501
RNF168_dirichlet_train_fold1.11	0.7194637912091354	0.1417190862341887	4.7474711072742805e-98	0.12647452339126952	0.01234259916540623
RNF168_dirichlet_train_fold1.12	0.8404531007557877	0.11496791808764559	5.9e-322	5.04e-322	0.04457898115656672
RNF168_dirichlet_train_fold1.13	0.8164396355448029	0.053683411083533895	0.07566261563090203	1.457e-321	0.05421433774076113
RNF168_dirichlet_train_fold1.14	0.9932544034813086	1.803e-321	2.829708363284467e-88	0.0067455965186914504	1.58e-321
RNF168_dirichlet_train_fold1.15	0.9704469363180895	6.579870854737381e-230	6.778292237788596e-264	0.020886148692708748	0.008666914989201673
RNF168_dirichlet_train_fold1.16	0.8986766252426714	6.77e-322	2.4284580773439905e-213	0.03850797968298755	0.06281539507434102
RNF168_dirichlet_train_fold1.17	0.6264511380724805	0.19956610510999465	0.17398275681752484	7.3e-322	3.06e-322
RNF168_dirichlet_train_fold1.18	0.6894054911726527	0.3105945088273473	5.14e-322	2.8927763628936744e-57	2.5e-322
RNF168_dirichlet_train_fold1.19	0.9653535191503375	2.13e-321	0.034646480849662466	1.616e-321	5.6e-322
RNF168_dirichlet_train_fold1.20	0.9503569788275609	0.04964302117243909	4.45e-322	7.86e-322	0.0
RNF168_dirichlet_train_fold1.21	0.5597861173890613	0.2329441805708248	0.0775366285729163	0.06438981918360369	0.06534325428359404
RNF168_dirichlet_train_fold1.22	0.7905265374956526	1.937e-321	0.2094734625043474	4.7e-322	2.6729681642e-313
RNF168_dirichlet_train_fold1.23	0.7392178198307653	0.22936793685526566	0.031414243313968984	7.170645194139395e-218	7.9e-322
RNF168_dirichlet_train_fold1.24	0.9949410914178807	2.09e-321	2.1e-322	5.24e-322	0.005058908582119442
RNF168_dirichlet_train_fold1.25	0.7393600167946004	0.2606399832053997	1.03e-321	8.35e-322	7.56e-322
RNF168_dirichlet_train_fold1.26	0.9999999999999999	1.996e-321	6.27e-322	1.26e-321	1.9e-322
RNF168_dirichlet_train_fold1.27	0.7841689994517056	0.10064471013502299	1.423e-321	1.33e-321	0.11518629041327154
RNF168_dirichlet_train_fold1.28	0.7712585636077721	0.09241409498470494	0.08212597437399469	0.0007710983514341141	0.05343026868209413
RNF168_dirichlet_train_fold1.29	0.8738906630252941	0.1261093369747059	8.84e-322	3.034e-321	8.25e-322
RNF168_dirichlet_train_fold1.30	0.8488516550663625	1.067e-321	7.36e-322	0.15114834493363763	1.73e-322
RNF168_dirichlet_train_fold1.31	0.8042322685480137	0.18106911279530047	5.5e-322	0.01469861865668598	2.6e-322
