Samples	SBS96A	SBS96B	SBS96C	SBS96D	SBS96E
EXO1_0_real_train1	0.0603274386762097	0.5862430097352105	0.09689020574238426	0.025551898520795455	0.23098744732540002
OGG1_0_real_train1	0.8230135995700845	0.011335660781020353	0.0835597312037018	0.06047398115573883	0.02161702728945471
RNF168_0_real_train1	0.08885320609022292	0.5788415125018105	0.14428471109904312	0.007698803221512793	0.18032176708741074
UNG_0_real_train1	0.11825577900908948	0.08353249171932496	0.25973174578331515	6.92323082238639e-223	0.5384799834882704
ATP2B4_0_real_train1	0.2682336956517474	0.15782814552333171	0.4062250992089864	0.01098599046064384	0.1567270691552908
ATP2B4_1_real_train1	0.3316407660751066	0.032333543907025857	0.5151088081572409	0.1209168818606267	1.147224457549468e-94
MLH1_0_real_train1	0.0060482633828210135	2.7608270574358155e-214	1.4800251322179928e-138	0.8074495082605014	0.18650222835667757
MSH2_0_real_train1	0.001247439126245637	4.13e-321	0.06090237013000703	0.7623882939886754	0.17546189675507187
MSH6_0_real_train1	0.011429308037270703	0.009204406744998176	0.02791455308926062	0.8194147822133472	0.13203694991512346
MSH6_1_real_train1	0.027290569749986945	0.020411324321528177	0.00052530265006698	0.8334123765874205	0.11836042669099742
PMS1_0_real_train1	0.1706677573253315	2.238852084499306e-299	0.4929114803524979	0.160388798678314	0.17603196364385648
PMS2_0_real_train1	0.027886008144547274	0.5138124365456156	0.0250027981902694	0.4332987571195678	1.22e-321
EXO1_0_multinomial_train1	0.08397038626163562	0.6170742772711364	0.05053089108995846	0.011810663230998754	0.2366137821462707
RNF168_0_multinomial_train1	0.08760096309471282	0.5421820131245337	0.20524759308387877	0.0052242623850806795	0.15974516831179422
RNF168_0_multinomial_train1.1	0.09814051923589297	0.5817166434321412	0.20569758437583746	1.4e-321	0.1144452529561282
EXO1_0_multinomial_train1.1	0.0760862416763783	0.5772370946428961	0.0648325909588103	0.08985345007247378	0.19199062264944133
RNF168_0_multinomial_train1.2	0.08656869042318607	0.5660949584509238	0.22045947283645745	0.05816988716228667	0.06870699112714591
RNF168_0_multinomial_train1.3	0.0922894028629977	0.5061672193043314	0.1514034456968903	0.03384919356103339	0.2162907385747472
RNF168_0_multinomial_train1.4	0.10880062414654403	0.5287459736328313	0.1811894239086514	0.04394373813293717	0.13732024017903607
RNF168_0_multinomial_train1.5	0.01834447014602994	0.5654430724433676	0.2217554542684417	2.18e-321	0.19445700314216094
RNF168_0_multinomial_train1.6	0.10275745390916705	0.5304745162794	0.11647370263632467	1.642217450591177e-287	0.2502943271751082
RNF168_0_multinomial_train1.7	0.06363459521729792	0.5909217706797482	0.1062599006416621	0.01970051683964202	0.21948321662164957
RNF168_0_multinomial_train1.8	0.13128584723276235	0.6114423353709181	0.10492192253897849	0.00862469245777139	0.1437252023995697
EXO1_0_multinomial_train1.2	0.02874215880327596	0.5792744731983968	0.1573991377475528	0.01100478634056228	0.2235794439102123
EXO1_0_multinomial_train1.3	0.09524707561202751	0.6384745213339953	0.024244760159005493	0.048020054335460645	0.19401358855951106
RNF168_0_multinomial_train1.9	0.07283940372360745	0.6095313574132747	0.14514608436534127	3.014e-321	0.1724831544977766
EXO1_0_multinomial_train1.4	0.0551039862498461	0.5902137385857802	0.10322192930116596	0.0028277250940034896	0.24863262076920425
EXO1_0_multinomial_train1.5	0.06708901990045413	0.5810671763672761	0.08560943598215337	0.033566740647352725	0.23266762710276356
EXO1_0_multinomial_train1.6	0.05745860558441462	0.5916415318822131	0.0923088956397924	4.936213700149475e-91	0.25859096689357997
EXO1_0_multinomial_train1.7	0.07286643924895932	0.589480314179343	0.05229992957906023	0.028857447990363817	0.2564958690022737
EXO1_0_multinomial_train1.8	0.05499370093525788	0.5243220500795424	0.128058343319997	0.02540393900088958	0.2672219666643131
RNF168_0_multinomial_train1.10	0.1666092428006596	0.5211397676233973	0.06593872183284705	2.8914435603013463e-206	0.24631226774309598
EXO1_0_multinomial_train1.9	0.04578929096752341	0.6479868899740894	0.06917401831878404	0.057026407440258754	0.18002339329934453
RNF168_0_multinomial_train1.11	0.04125102798173053	0.5553178451902864	0.1734485692577419	0.014696897171239846	0.21528566039900132
RNF168_0_multinomial_train1.12	0.08316119846112584	0.5721377775597298	0.1590664989829212	0.05799639761125435	0.12763812738496869
EXO1_0_multinomial_train1.10	0.041408551512618824	0.5978498672110832	0.08903455359083973	0.028924719817176838	0.2427823078682814
EXO1_0_multinomial_train1.11	0.0661790094519678	0.5604625933713173	0.07650945819030755	0.03766217607417829	0.25918676291222914
RNF168_0_multinomial_train1.13	0.08155030382175402	0.5729963110877104	0.07003428700904558	0.16263064855777984	0.11278844952371009
RNF168_0_multinomial_train1.14	0.08899086201636933	0.5513544901153067	0.1724029278943648	0.026300963689767965	0.16095075628419125
RNF168_0_multinomial_train1.15	0.08018223634707856	0.5807854297301189	0.07166946784183155	0.027874819676505187	0.23948804640446578
RNF168_0_multinomial_train1.16	0.10585324209058909	0.5452438367259083	0.15994712696411167	0.021034219359721464	0.16792157485966952
EXO1_0_multinomial_train1.12	0.08896752760580405	0.6070290484903385	0.0885153965558967	0.003911967109152456	0.21157606023880843
RNF168_0_multinomial_train1.17	0.07329376400660688	0.5108617605207678	0.19337270076858729	0.03110988983867908	0.19136188486535877
EXO1_0_multinomial_train1.13	0.08557965074107927	0.5823200915767861	0.08836068855250917	0.0063631272507285366	0.23737644187889698
RNF168_0_multinomial_train1.18	0.11405987610005448	0.5454472388162854	0.2016781307403993	4.974878903019688e-307	0.13881475434326065
EXO1_0_multinomial_train1.14	0.07432537918328362	0.5832171441409062	0.06719054811996074	0.022733296934908668	0.2525336316209408
RNF168_0_multinomial_train1.19	0.08696341288074344	0.655967050053007	0.07774010031289201	0.022213148854140285	0.1571162878992173
RNF168_0_multinomial_train1.20	0.025724151219338603	0.5983043255243312	0.12776750542387302	2.2065093788175447e-119	0.24820401783245716
EXO1_0_multinomial_train1.15	0.06096333550596516	0.5746059556076374	0.09576092419033969	0.023033228631220416	0.24563655606483747
RNF168_0_multinomial_train1.21	0.12854257141761574	0.5514891377595522	0.10096161726834887	0.00921351462296825	0.2097931589315149
RNF168_0_multinomial_train1.22	0.09896993207302114	0.46963400836678315	0.18650157974602702	0.04086318409922346	0.20403129571494527
EXO1_0_multinomial_train1.16	0.043821035618644415	0.5554091834881787	0.10295146581067388	0.020056296651906873	0.2777620184305961
EXO1_0_multinomial_train1.17	0.04631678125653159	0.6050540938276023	0.09802371670806377	0.02695152879156128	0.2236538794162409
RNF168_0_multinomial_train1.23	0.09240377665354194	0.6403700680902061	0.06900217372083876	3.292197589888964e-05	0.19819105955951444
EXO1_0_multinomial_train1.18	0.049607399302950946	0.5327571413935768	0.11879547822485827	0.031310757175317956	0.26752922390329614
RNF168_0_multinomial_train1.24	0.05690252666438464	0.6396853556757006	0.1699046769581826	0.0002163797600507098	0.1332910609416814
RNF168_0_multinomial_train1.25	0.05562048353878911	0.5846179613906854	0.20141505133141396	0.006198178029927337	0.15214832570918424
RNF168_0_multinomial_train1.26	0.05616502146837825	0.6137058057259882	0.1235710181211205	2.82e-321	0.2065581546845131
RNF168_0_multinomial_train1.27	0.1311005887146178	0.47629045681255855	0.21524246903665617	0.0018272418276144293	0.17553924360855314
RNF168_0_multinomial_train1.28	0.060781162981329934	0.6050945662091242	0.13863734171653141	0.02423941536711938	0.17124751372589503
EXO1_0_multinomial_train1.19	0.040397038567366386	0.550791793402263	0.12826012512993543	0.055294138760706685	0.22525690413972854
RNF168_0_multinomial_train1.29	0.05287564527318583	0.5849913875425885	0.13787351624301827	0.020899742075739722	0.20335970886546784
EXO1_0_multinomial_train1.20	0.06358395212308701	0.5685536409243873	0.10582149235209146	0.026171883295835238	0.23586903130459913
RNF168_0_multinomial_train1.30	0.08584502217653357	0.5908680869198148	0.15428095995369115	0.004252192616368973	0.16475373833359144
RNF168_0_multinomial_train1.31	0.06662239404995363	0.5608729771828552	0.17753503042020682	0.023224790657916203	0.17174480768906827
RNF168_0_multinomial_train1.32	0.08347958316750277	0.6223151827699156	0.13465149625457892	0.014493676965273055	0.1450600608427296
RNF168_0_multinomial_train1.33	0.05831535569719768	0.5198880928666939	0.23948200164015024	1.023e-321	0.18231454979595804
EXO1_0_multinomial_train1.21	0.064807695439892	0.595182556709349	0.06321320080792532	1.9593956622880886e-179	0.27679654704283363
RNF168_0_multinomial_train1.34	0.08511662745945231	0.6961127507997407	0.08149944148967372	7.26e-322	0.13727118025113336
EXO1_0_multinomial_train1.22	0.06545283502623062	0.6116150740870144	0.07639429836369582	0.03459816875838925	0.21193962376466982
EXO1_0_multinomial_train1.23	0.058855958172785404	0.5786200093860732	0.11507218739241065	0.0053031986672585005	0.24214864638147224
RNF168_0_multinomial_train1.35	0.08993649564753102	0.5346282534284693	0.116080020542909	1.6811120730205572e-135	0.2593552303810905
RNF168_0_multinomial_train1.36	0.08292876624241655	0.5554194994042597	0.20181144358654182	0.002366141581028539	0.15747414918575336
EXO1_0_multinomial_train1.24	0.06433690668044478	0.6141001146391379	0.13381866355154926	0.020980069233325623	0.16676424589554242
RNF168_0_multinomial_train1.37	0.06220195868047972	0.573624297887841	0.1586012025612673	8.788225638978405e-268	0.2055725408704119
EXO1_0_multinomial_train1.25	0.07410374705973378	0.5495114117498245	0.11019554856059761	0.049427014736024386	0.2167622778938197
RNF168_0_multinomial_train1.38	0.09453840123334083	0.6444450641345315	0.1530646952714774	4.646269309e-313	0.10795183936065042
EXO1_0_multinomial_train1.26	0.03986434632964143	0.6132705500128797	0.10936942469685955	0.03374374242764812	0.20375193653297133
EXO1_0_multinomial_train1.27	0.046279527760005365	0.6026799701042843	0.12563066751429197	0.0021972511696580713	0.22321258345176032
EXO1_0_multinomial_train1.28	0.04846874442680131	0.5964853511555575	0.11708742331047388	0.004118526823333962	0.23383995428383356
EXO1_0_multinomial_train1.29	0.06116044588186291	0.5986847051206744	0.11231314556022887	0.007923057812273156	0.21991864562496072
EXO1_0_multinomial_train1.30	0.033654117037465854	0.588811105476411	0.14175996039523284	7.904716960863937e-49	0.23577481709089004
RNF168_0_multinomial_train1.39	0.11554707811166916	0.5751001396670319	2.06e-321	6.169254240866704e-266	0.3093527822212989
RNF168_0_multinomial_train1.40	0.13710495844929144	0.5528126698516267	0.18732020688645568	1.4898685657411261e-304	0.12276216481262603
EXO1_0_multinomial_train1.31	0.048317142338071224	0.5618872283364097	0.10442143035722798	0.045517354332757075	0.23985684463553403
EXO1_0_multinomial_train1.32	0.07218121590516573	0.5874975373094858	0.08026356287099194	0.04141741341285402	0.2186402705015026
EXO1_0_multinomial_train1.33	0.0740187576595156	0.6033954254833234	0.06288402285010283	0.026333500397808837	0.23336829360924935
RNF168_0_multinomial_train1.41	0.08968257740404467	0.6270237486177026	0.14887840344694855	2.095e-321	0.13441527053130423
RNF168_0_multinomial_train1.42	0.08259580855541372	0.6272755803338922	0.1467884194347314	7.947916009984592e-62	0.14334019167596257
EXO1_0_multinomial_train1.34	0.06525268190899043	0.5878415232270595	0.08298081581995859	0.021340420660326695	0.2425845583836647
RNF168_0_multinomial_train1.43	0.09401198165188872	0.5487075777760801	0.1662401970148727	1.947e-321	0.19104024355715843
EXO1_0_multinomial_train1.35	0.0725635099668284	0.5671615099350287	0.1260573585963139	0.005590493707817561	0.22862712779401143
EXO1_0_multinomial_train1.36	0.05422863771383517	0.5760732299147536	0.09380081635352144	0.005669449224833549	0.27022786679305616
RNF168_0_multinomial_train1.44	0.1012015595814008	0.5777321329997158	0.1754070589425773	2.895e-321	0.14565924847630624
EXO1_0_multinomial_train1.37	0.07220260907948584	0.5998840638785261	0.04340129268390244	0.015109189411890787	0.2694028449461947
RNF168_0_multinomial_train1.45	0.08084952742487672	0.5614529193853235	0.19913188420295908	2.68e-321	0.15856566898684074
RNF168_0_multinomial_train1.46	0.09672854424808552	0.6241505797838227	0.10268670879662167	8.055623749261848e-172	0.17643416717147
RNF168_0_multinomial_train1.47	0.03148790212851545	0.5972820475754473	0.21140498063991695	0.013338162090969375	0.1464869075651509
RNF168_0_multinomial_train1.48	0.02240901546956761	0.5696702391653232	0.2535907338962574	2.2e-321	0.15433001146885172
RNF168_0_multinomial_train1.49	0.09919080882101175	0.5381158357976005	0.13530349294044067	0.019217666289157487	0.2081721961517897
RNF168_0_multinomial_train1.50	0.07808749854218795	0.5467666352629018	0.10637075931066246	0.027034805432068067	0.24174030145217962
EXO1_0_multinomial_train1.38	0.08672044832493228	0.6168349095698783	0.08281507740988635	0.005578484311711718	0.2080510803835914
RNF168_0_multinomial_train1.51	0.052339962310626695	0.575626465327709	0.20706290655141144	0.018489643674931742	0.14648102213532113
RNF168_0_multinomial_train1.52	0.0927065867491	0.536324961374781	0.0928379818186619	0.0811888671796612	0.19694160287779583
EXO1_0_multinomial_train1.39	0.08330819966424272	0.5408066631035026	0.06301758840106082	0.05363235566424684	0.25923519316694704
EXO1_0_multinomial_train1.40	0.07785850095954376	0.5721678392860305	0.07573306852562561	0.04325749152502427	0.2309830997037758
RNF168_0_multinomial_train1.53	0.10937344200064952	0.5723387342862432	0.16144621424892852	0.005050538482591852	0.15179107098158692
EXO1_0_multinomial_train1.41	0.020172232899576415	0.5703366749231371	0.14455128708750278	0.0572433993676645	0.20769640572211912
EXO1_0_multinomial_train1.42	0.04232626077614122	0.5882605804903512	0.14134137749711415	0.0023586016704047583	0.2257131795659885
RNF168_0_multinomial_train1.54	0.11969203381915493	0.5154195026870818	0.19556236680521058	1.37e-321	0.1693260966885528
OGG1_0_multinomial_train1	0.8202029647136837	3.7338755043091205e-84	0.12647244305584698	0.02262374405856595	0.030700848171903383
UNG_0_multinomial_train1	0.11395551009737857	0.01311451125073192	0.19927739545344458	0.04971327808777959	0.6239393051106652
UNG_0_multinomial_train1.1	0.15435442670708677	0.06628824429977001	0.28603242765545606	0.01481586443858779	0.4785090368990992
UNG_0_multinomial_train1.2	0.13725928739623308	0.08516815842784801	0.2355492658534292	1.784e-321	0.5420232883224899
OGG1_0_multinomial_train1.1	0.8077164135176854	0.0028544567229634027	0.07113127103122104	0.1040882707133268	0.014209588014803255
UNG_0_multinomial_train1.3	0.1391570123500402	0.14984778269982732	0.20331810167070266	0.01981086346689701	0.48786623981253285
OGG1_0_multinomial_train1.2	0.851800842260058	0.01081113427862441	4.474669992864261e-272	0.10180795176461617	0.035580071696701354
OGG1_0_multinomial_train1.3	0.8825285169419878	0.026090933667823227	0.01652461909508719	0.054418745854669284	0.020437184440432406
UNG_0_multinomial_train1.4	0.10708066840388655	0.025266204436251792	0.3462726772269551	1.81e-321	0.5213804499329067
UNG_0_multinomial_train1.5	0.09410936785086314	0.09433688889558303	0.24802304032568756	8.35e-322	0.5635307029278663
OGG1_0_multinomial_train1.4	0.9232744338177321	3.617e-321	1.1917007421480055e-122	0.07528769878466855	0.0014378673975992253
OGG1_0_multinomial_train1.5	0.8590747970959649	0.016159381392590665	1.0367643305911503e-159	0.12476582151144427	3.4883603397726e-76
UNG_0_multinomial_train1.6	0.1268811853704095	0.12016987054975305	0.0799850895819393	2.4007046499098495e-168	0.6729638544978981
UNG_0_multinomial_train1.7	0.23830058923619582	0.05010310652598033	0.16334805543581685	0.06250060791296984	0.4857476408890371
UNG_0_multinomial_train1.8	0.08218076479073211	1.4963287535975275e-183	0.3370330904918221	1.12e-321	0.5807861447174458
OGG1_0_multinomial_train1.6	0.8571182978663505	5.346201136510639e-170	0.010293934268505436	0.07583589767843042	0.05675187018671354
UNG_0_multinomial_train1.9	0.10288162918839305	0.10447846120965523	0.25688108382902197	9.34765542245433e-14	0.5357588257728363
OGG1_0_multinomial_train1.7	0.8465724349822954	2.758602820320275e-09	0.08904194241940379	0.05878761062076456	0.005598009218933547
UNG_0_multinomial_train1.10	0.07267738140457615	0.0686245077068174	0.3812607130010772	5.43e-322	0.47743739788752915
OGG1_0_multinomial_train1.8	0.7666909355811932	0.09031820619789818	0.05011742135273786	2.757e-321	0.0928734368681707
UNG_0_multinomial_train1.11	0.10731037910444328	0.051314560405892155	0.3543931644738763	1.92e-321	0.48698189601578834
OGG1_0_multinomial_train1.9	0.8384879310293106	1.8930609709075028e-101	0.09119841182593144	0.06444439533526922	0.0058692618094885836
OGG1_0_multinomial_train1.10	0.8128596870053715	2.243e-321	0.13134617549757857	0.05579413749705	2.3036754157349285e-77
OGG1_0_multinomial_train1.11	0.8957098136945786	0.002549602270258819	2.2036546585118776e-22	0.10174058403516266	4.0712458153181936e-26
UNG_0_multinomial_train1.12	0.05564305881790572	0.12839071072011846	0.2753350103700014	7.76e-322	0.5406312200919743
UNG_0_multinomial_train1.13	0.11286698926091518	0.0672383847325647	0.2700590966269917	1.596e-321	0.5498355293795284
UNG_0_multinomial_train1.14	0.059715705400377926	0.11155010614752732	0.2814132453553924	2.124e-321	0.5473209430967023
OGG1_0_multinomial_train1.12	0.8845099078195914	0.01206121575370083	8.429800387668294e-205	0.07542980838336133	0.027999068043346478
OGG1_0_multinomial_train1.13	0.8040565746860205	5.445e-321	0.09892013207756686	0.03752836301417496	0.059494930222237764
UNG_0_multinomial_train1.15	0.11567588199293426	2.681452358405377e-43	0.36039050516578286	0.01802866008265793	0.505904952758625
UNG_0_multinomial_train1.16	0.1702093545204922	0.07233703623363526	0.23652565348062943	2.204e-321	0.5209279557652431
UNG_0_multinomial_train1.17	0.15594199501855738	0.0680954666644978	0.19147483998736808	1.107e-321	0.5844876983295768
OGG1_0_multinomial_train1.14	0.8337149080217476	2.86053418460755e-89	0.11605428535848884	0.05023080661976341	1.714e-321
UNG_0_multinomial_train1.18	0.0726444694048814	0.0029014379685467473	0.4271265610528451	5.066638254221313e-187	0.4973275315737268
OGG1_0_multinomial_train1.15	0.7748484742759384	0.03835588260024702	0.12220539137910688	0.06459025174470784	3.0311585608155316e-58
UNG_0_multinomial_train1.19	0.1184102434451916	0.04678214946463462	0.3101901861602277	0.026937527337441827	0.4976798935925042
OGG1_0_multinomial_train1.16	0.8182411374907007	0.010453203501473609	0.06954271864892314	0.04743345485555107	0.05432948550335141
UNG_0_multinomial_train1.20	0.1196634946594899	0.05959488548998646	0.25354358871604943	1.3948052915239656e-29	0.5671980311344742
UNG_0_multinomial_train1.21	0.13094929638212885	0.10339754228271732	0.20749779864067253	0.05157835351417754	0.5065770091803038
OGG1_0_multinomial_train1.17	0.8742149092447626	1.7202255252504402e-56	0.008379411891145461	0.09692538352748994	0.020480295336602002
UNG_0_multinomial_train1.22	0.06520112676414887	3.082944181706841e-172	0.3798018782591401	3.295091873e-315	0.5549969949767111
UNG_0_multinomial_train1.23	0.037244627243237446	0.011097448082052102	0.45588536180753675	0.008155644632412248	0.4876169182347616
UNG_0_multinomial_train1.24	0.13424110568405742	0.07434068739078427	0.25223735832862654	2.732966500592306e-97	0.5391808485965317
OGG1_0_multinomial_train1.18	0.7842696414174084	0.01588371102767232	0.14306996818749299	0.023157945665939806	0.033618733701486415
UNG_0_multinomial_train1.25	0.13329952770578565	0.09932931544194346	0.34059440074315755	8.45e-322	0.42677675610911336
OGG1_0_multinomial_train1.19	0.8210957951352565	0.014158339564256531	0.050981624292488786	0.0957991027985604	0.01796513820943782
UNG_0_multinomial_train1.26	0.08577041695373804	1.8978179470461402e-190	0.2661053152461229	0.0990851749477033	0.5490390928524358
OGG1_0_multinomial_train1.20	0.7638016700703739	0.04008010359431065	0.13100579306761617	0.06511243326769929	9.31070084088189e-224
UNG_0_multinomial_train1.27	0.09934160467352234	0.10150044413697422	0.35718417379594075	1.245e-321	0.4419737773935626
OGG1_0_multinomial_train1.21	0.7041264676284306	5.13e-321	0.23286091843918733	0.06301261393238207	5.397377604530454e-128
OGG1_0_multinomial_train1.22	0.8196884591966582	0.034565630330769356	0.10349062841252323	0.004852684416403721	0.0374025976436455
UNG_0_multinomial_train1.28	0.11157644486795902	0.08534922110306552	0.1772618795902437	8.4e-322	0.6258124544387318
UNG_0_multinomial_train1.29	0.1426340720913807	0.015254896130249806	0.2790732792910641	3.423259775608299e-50	0.5630377524873054
OGG1_0_multinomial_train1.23	0.8733177323214087	4.827e-321	0.05187296159497571	0.07480930608361556	1.9353629159957754e-282
OGG1_0_multinomial_train1.24	0.8355928283348467	2.11e-321	0.05081784343048014	0.11358932823467324	2.055e-321
OGG1_0_multinomial_train1.25	0.7290444940247149	0.051043705256172266	0.19312844854789407	0.026783352171218903	1.2466524101828746e-171
OGG1_0_multinomial_train1.26	0.8297947850469779	2.643e-321	0.14459904595168985	0.025606169001332245	2.974e-321
UNG_0_multinomial_train1.30	0.15182620593567506	0.00040788857654141007	0.24319087016102853	5.626324949023999e-52	0.6045750353267552
OGG1_0_multinomial_train1.27	0.8363798176936756	1.9481098489221696e-147	0.08456011357756725	0.07906006872875727	2.4453474414956446e-239
OGG1_0_multinomial_train1.28	0.7897210277669066	0.02296608944358616	0.10705724015229759	0.06037117921971138	0.019884463417498405
UNG_0_multinomial_train1.31	0.1074225352176098	0.04568119000596599	0.396618286030033	3.7045126185401e-73	0.45027798874639124
UNG_0_multinomial_train1.32	0.15913118896050607	0.055223574812230856	0.16203008352626833	2.465e-321	0.6236151527009948
UNG_0_multinomial_train1.33	0.08859285122562847	0.07655313444560354	0.2793853452047236	8.1e-322	0.5554686691240444
OGG1_0_multinomial_train1.29	0.7572978318277575	0.013777737675104746	0.19170879180698466	0.03227375909591072	0.004941879594242509
OGG1_0_multinomial_train1.30	0.7902166166926865	2.643e-321	0.11878375680203206	0.09099962650528148	6.44815939881288e-66
UNG_0_multinomial_train1.34	0.15001634556443905	0.06469951822188694	0.2041177439203184	0.019964847310996407	0.5612015449823591
OGG1_0_multinomial_train1.31	0.7973564346729466	5.887862427268915e-201	0.12008477161410816	0.08255879371294533	3.103e-321
UNG_0_multinomial_train1.35	0.1309921172305682	0.1566212843445661	0.13892158795100706	0.03664744100930861	0.53681756946455
UNG_0_multinomial_train1.36	0.09029118115386149	0.05516114705129809	0.33446589276471494	1.12e-321	0.5200817790301256
UNG_0_multinomial_train1.37	0.07884995606529255	0.10569057508848753	0.19432424053666217	1.09e-321	0.6211352283095577
OGG1_0_multinomial_train1.32	0.8008276066208025	0.04062074357389692	0.029866131956142628	0.07421335784722938	0.054472160001928505
UNG_0_multinomial_train1.38	0.1030961340749238	0.12602351838289444	0.29433265077526694	1.3278981329315749e-30	0.47654769676691466
OGG1_0_multinomial_train1.33	0.754503340230672	0.009841569235293742	0.17687475616079912	0.04041544637245678	0.018364888000778245
OGG1_0_multinomial_train1.34	0.8009858946252394	0.0226361306933096	0.09745069314010328	0.04223130681928386	0.03669597472206381
OGG1_0_multinomial_train1.35	0.7956064379300346	1.2555567174679374e-55	0.12301695698344864	0.08137660508651667	1.9540627434093614e-203
OGG1_0_multinomial_train1.36	0.8886528774216663	0.01767625519764286	0.015671841634732387	0.03967271187422559	0.03832631387173291
OGG1_0_multinomial_train1.37	0.8308496570417283	4.733629158162937e-141	0.13726149924138986	0.015697162472911107	0.016191681243970697
OGG1_0_multinomial_train1.38	0.8556865173451641	3.99e-321	0.058541373011469514	0.07434816428954087	0.011423945353825628
UNG_0_multinomial_train1.39	0.08315847775213105	0.012200051365726251	0.3211026779945687	0.0247577093559808	0.5587810835315934
OGG1_0_multinomial_train1.39	0.7583771692856177	2.5191828478784885e-169	0.11394354060021669	0.11657125524215527	0.011108034872010421
UNG_0_multinomial_train1.40	0.0470848517080867	0.12326192039835779	0.2818799029516028	2.0755650651394136e-200	0.5477733249419526
OGG1_0_multinomial_train1.40	0.7929202031246145	1.545989891777086e-293	0.13150787811363937	0.07557191876174613	1.803e-321
OGG1_0_multinomial_train1.41	0.8755154967672097	0.05350897461640535	1.1702452152104792e-37	0.02664847115443455	0.044327057461950314
UNG_0_multinomial_train1.41	0.0953866450737115	0.17337192509196583	0.21999396125047144	1.78e-321	0.5112474685838512
OGG1_0_multinomial_train1.42	0.8429604501679724	0.0020663141169781647	0.09379944520943978	0.03386492306127296	0.02730886744433662
UNG_0_multinomial_train1.42	0.03950220082045773	0.10460718932369459	0.33104612821699275	1.29e-321	0.5248444816388549
OGG1_0_multinomial_train1.43	0.8329015730210914	0.025876554406135698	0.0886722221080226	0.052549650464750214	4.1136607972551874e-182
OGG1_0_multinomial_train1.44	0.7708468084134033	0.050464955448701276	0.1293554000592218	0.02000726640556523	0.029325569673108377
OGG1_0_multinomial_train1.45	0.8056905000598775	2.747103317224349e-293	0.1611304183759055	0.033179081562204844	2.012013954596593e-12
OGG1_0_multinomial_train1.46	0.7595497443215384	0.007688598926751626	0.19393924951263347	0.033487730701013387	0.005334676538063087
UNG_0_multinomial_train1.43	0.15333124323208405	4.64e-321	0.25816881390546814	0.04130143486473548	0.5471985079977122
OGG1_0_multinomial_train1.47	0.7880238890213174	0.03956182484043646	0.1280331697078658	0.044381116430380396	3.3618360690966625e-139
OGG1_0_multinomial_train1.48	0.777631342512317	2.81e-321	0.1269281329609762	0.06612832641735637	0.02931219810935048
OGG1_0_multinomial_train1.49	0.7888765762813468	0.02951336610901966	0.1315827664827141	0.04458186758747517	0.005445423539444303
OGG1_0_multinomial_train1.50	0.8366509121316045	5.77e-321	0.04895489569165801	0.10311982071401363	0.011274371462724083
UNG_0_multinomial_train1.44	0.1597394604119453	0.12309089087186484	0.17021028628789706	0.030151861654274182	0.5168075007740187
OGG1_0_multinomial_train1.51	0.8040401584465174	0.06882763833438602	2.1980900434894545e-53	0.07391556440655014	0.05321663881254642
OGG1_0_multinomial_train1.52	0.8661056186392616	0.02199875908514405	0.025087649570110063	0.05847958300885572	0.028328389696628455
ATP2B4_0_multinomial_train1	0.3016360230805478	0.11078405688634331	0.3181947878116974	0.1023730139901019	0.16701211823130943
ATP2B4_1_multinomial_train1	0.2819329642824834	0.021562739217752185	0.5090632157975218	0.10924594790064658	0.07819513280159622
ATP2B4_0_multinomial_train1.1	0.23469795707420743	0.18773681417480792	0.4504328796836803	5.951814076228903e-22	0.12713234906730445
ATP2B4_1_multinomial_train1.1	0.35592965063919063	0.06369031252714201	0.5183137403839579	0.053202506268672345	0.008863790181037027
ATP2B4_1_multinomial_train1.2	0.4034951628913478	0.07015408321027854	0.4386484311942037	0.08770232270416994	4.636156940012564e-295
ATP2B4_1_multinomial_train1.3	0.20404542477074394	0.061709283281326535	0.6626351599016699	0.06483333806673777	0.006776793979521993
ATP2B4_0_multinomial_train1.2	0.2508927037453498	0.2019727138566137	0.39733259610018024	9.34e-322	0.14980198629785624
ATP2B4_1_multinomial_train1.4	0.4123547954839171	1.813e-321	0.4663504800677558	0.12129472444832702	4.916546256911377e-212
ATP2B4_0_multinomial_train1.3	0.20146030453970282	0.20892344945713626	0.4526765101546404	1.36e-321	0.13693973584852048
ATP2B4_0_multinomial_train1.4	0.2285073934447888	0.10430548200240077	0.46095122213593753	0.015396321348954432	0.19083958106791835
ATP2B4_0_multinomial_train1.5	0.26510347322496713	0.10607840148046623	0.4281727350064165	0.026429190135639876	0.1742162001525103
ATP2B4_0_multinomial_train1.6	0.24161558111881332	0.15841595563501168	0.40066680606094274	1.485698083854251e-62	0.19930165718523235
ATP2B4_1_multinomial_train1.5	0.4725779352752957	0.05947228524870768	0.3450692065575531	0.12288057291844369	3.0499557170962966e-163
ATP2B4_0_multinomial_train1.7	0.33775124211515345	0.09285321777224481	0.36357248198335224	0.06346909175265965	0.1423539663765898
ATP2B4_1_multinomial_train1.6	0.4623153374649298	1.1407684268751371e-80	0.4011894031363508	0.13649525939871923	8.35e-322
ATP2B4_1_multinomial_train1.7	0.378838987338183	4.21e-321	0.45807593763333987	0.14618608977558945	0.01689898525288773
ATP2B4_1_multinomial_train1.8	0.24959854073906398	3.301227743358742e-06	0.5457320283975557	0.19170304748479067	0.012963082150846286
ATP2B4_1_multinomial_train1.9	0.400159643275188	0.08505801313573874	0.41238484115269436	0.0924527451960828	0.00994475724029602
ATP2B4_1_multinomial_train1.10	0.35762559099226376	0.09116958020701452	0.402792211037996	0.14841261776272577	1.47246759566353e-248
ATP2B4_1_multinomial_train1.11	0.3031315957235551	7.603855674141593e-41	0.5673392748624264	0.12952905001868908	7.939532950452539e-08
ATP2B4_1_multinomial_train1.12	0.3070315952166362	0.01631032041268063	0.5578492015226413	0.11880888284804197	8.516649706968586e-306
ATP2B4_1_multinomial_train1.13	0.3630826129530108	0.060591979505798414	0.5188047173258217	0.05752069021536907	1.0487341035899813e-221
ATP2B4_0_multinomial_train1.8	0.23016422653446578	0.21007995725070158	0.42963166173087153	0.03575574903414787	0.09436840544981323
ATP2B4_1_multinomial_train1.14	0.4376436281391245	0.0018203259471668387	0.35599780871798165	0.13050956951298684	0.07402866768274018
ATP2B4_1_multinomial_train1.15	0.3531923980173428	0.0827887119025865	0.42916009878980077	0.11541814062746154	0.019440650662808326
ATP2B4_0_multinomial_train1.9	0.298952397592279	0.1285678540274906	0.3223840395740505	0.045845919429657045	0.20424978937652288
ATP2B4_0_multinomial_train1.10	0.21481298700108972	0.146475058817099	0.5295177726623614	1.196e-321	0.10919418151944983
ATP2B4_0_multinomial_train1.11	0.2129916216821612	0.1358472517653525	0.49126251020838674	0.06876020790879783	0.09113840843530167
ATP2B4_1_multinomial_train1.16	0.4037588525774762	2.273e-321	0.42459042432491323	0.16296411899015653	0.008686604107454097
ATP2B4_0_multinomial_train1.12	0.2352760006906504	0.24202673738704197	0.3506754338767195	0.0018885697333259305	0.17013325831226211
ATP2B4_0_multinomial_train1.13	0.19892665368504123	0.22821598615529812	0.40376314846925476	2.72e-321	0.16909421169040598
ATP2B4_0_multinomial_train1.14	0.26674968218725176	0.1058330604169658	0.46084904463241816	0.10125875773096452	0.06530945503239982
ATP2B4_0_multinomial_train1.15	0.2514669184362247	0.16862014188290952	0.45487443433200736	1.253177138803158e-171	0.12503850534885838
ATP2B4_1_multinomial_train1.17	0.2925388530876573	1.1274808939945919e-39	0.5625452978875978	0.1337034868571207	0.011212362167624149
ATP2B4_1_multinomial_train1.18	0.43979841480823456	0.010512358745345077	0.42341322018021627	0.09721030925370484	0.02906569701249934
ATP2B4_1_multinomial_train1.19	0.429237235451537	0.1037904484724127	0.32707515486019006	0.0866703403832585	0.053226820832601704
ATP2B4_1_multinomial_train1.20	0.33393255954302514	0.004379047281547722	0.45688899450586584	0.10613272451683292	0.09866667415272845
ATP2B4_0_multinomial_train1.16	0.283794583147045	0.21213585730862447	0.34883219555605227	3.967653671207083e-80	0.1552373639882782
ATP2B4_1_multinomial_train1.21	0.3284804215962839	0.07182202488905691	0.4746667762546458	0.1250307772600134	2.01e-321
ATP2B4_1_multinomial_train1.22	0.34380096661824355	0.152710671844774	0.42216768865715837	0.06353150313504324	0.01778916974478078
ATP2B4_0_multinomial_train1.17	0.24323544608557918	0.09764485559668522	0.46034472944988725	0.012460635268619976	0.1863143335992284
ATP2B4_0_multinomial_train1.18	0.35951743969945094	0.1622142299489091	0.2888720454370584	0.041876584659643876	0.14751970025493757
ATP2B4_1_multinomial_train1.23	0.46534034442836836	4.97164782935303e-219	0.35509474500842486	0.14655252749831396	0.03301238306489279
ATP2B4_1_multinomial_train1.24	0.2981930926258015	0.04889023893144859	0.5010180848277818	0.05684822547245248	0.09505035814251556
ATP2B4_0_multinomial_train1.19	0.3140577770001359	0.1151195777356917	0.3679742257028772	0.027041867915648776	0.1758065516456465
ATP2B4_1_multinomial_train1.25	0.26350230707889366	0.04894277900376118	0.5394782771074302	0.14807663680991498	1.55e-321
ATP2B4_0_multinomial_train1.20	0.29141437929399205	0.09518332525355146	0.4083266635462267	0.03082197363373223	0.17425365827249753
ATP2B4_0_multinomial_train1.21	0.40887806013093664	0.1490816417186962	0.22095450591749452	0.031214695877334084	0.18987109635553864
ATP2B4_0_multinomial_train1.22	0.3275214840762073	0.20016560335667585	0.2879559922928454	1.072651016658116e-170	0.18435692027427145
ATP2B4_0_multinomial_train1.23	0.2563932322514419	0.2122844212828128	0.37225233239966116	0.024986700986289103	0.13408331307979507
ATP2B4_0_multinomial_train1.24	0.2327453612060293	0.2002908899178651	0.4595915567325972	0.001905600361416351	0.10546659178209188
ATP2B4_1_multinomial_train1.26	0.23236213959399935	0.0729374502650412	0.6723904389155078	0.02230997122545164	7.5e-322
ATP2B4_0_multinomial_train1.25	0.32414103084369933	0.12436004356789168	0.43282454324318953	0.07414720718564703	0.04452717515957245
ATP2B4_1_multinomial_train1.27	0.37208975374365494	0.12553247963886904	0.4349265533949538	0.054787418466928445	0.01266379475559373
ATP2B4_0_multinomial_train1.26	0.21386765557797155	0.21404054669902747	0.36762163264138814	5.4e-322	0.20447016508161284
ATP2B4_1_multinomial_train1.28	0.3166449236630176	0.0003641854432931068	0.5308805078350509	0.15211038305863844	1.166e-321
ATP2B4_0_multinomial_train1.27	0.23054032886120662	0.1714318166577369	0.37796577936656195	0.07657162053609534	0.14349045457839926
ATP2B4_1_multinomial_train1.29	0.2620529939707566	0.04856878719281845	0.5260739820032869	0.16330423683313788	3.3271957677403358e-239
ATP2B4_0_multinomial_train1.28	0.27385894853501386	0.17901356724336762	0.3312032647515506	0.0036288421632756024	0.2122953773067922
ATP2B4_0_multinomial_train1.29	0.32516920491352014	0.18092918177287376	0.363507878167199	0.0026891641571812645	0.127704570989226
ATP2B4_0_multinomial_train1.30	0.36131326118649576	0.1738669788806619	0.28180037517577966	0.019571863481729762	0.16344752127533274
ATP2B4_0_multinomial_train1.31	0.15878142889634997	0.15381456283068465	0.47560806143501355	0.05308133457531505	0.15871461226263692
ATP2B4_1_multinomial_train1.30	0.2574846172451734	0.14166844309840265	0.5332171523649134	0.06762978729151067	2.0462022081325173e-136
ATP2B4_1_multinomial_train1.31	0.34869834035864805	0.007956046079394366	0.5425561629963113	0.10078945056564632	1.003e-321
ATP2B4_1_multinomial_train1.32	0.3027066843205111	0.0934788109831181	0.5481261164348913	0.05568838826147948	2.0519395749952196e-48
ATP2B4_0_multinomial_train1.32	0.26518184761729324	0.24494533577716315	0.3320612701874692	2.41e-321	0.15781154641807427
ATP2B4_0_multinomial_train1.33	0.26603300542986846	0.14827856852112095	0.47601237228697957	0.02053942343093794	0.08913663033109318
ATP2B4_0_multinomial_train1.34	0.2696670485274313	0.1436765308571183	0.3793316039447052	0.01349735471008742	0.19382746196065792
ATP2B4_0_multinomial_train1.35	0.1875373459834598	0.23350679495916904	0.4278697461921612	0.023797520871602723	0.12728859199360723
ATP2B4_1_multinomial_train1.33	0.3083246839882279	0.06262086177356835	0.5174986419968575	0.07115670654597364	0.04039910569537257
ATP2B4_1_multinomial_train1.34	0.3246608569080261	0.13089995395241008	0.4103714951957672	0.12346035611677267	0.010607337827023878
ATP2B4_1_multinomial_train1.35	0.3658242294711838	0.00915620090003734	0.42239809473911816	0.1578119410212657	0.04480953386839501
ATP2B4_1_multinomial_train1.36	0.31953675261318615	0.00013778569708980203	0.4633824643593173	0.18369132758795487	0.03325166974245189
ATP2B4_0_multinomial_train1.36	0.3266498897506076	0.1932935309619317	0.31473069799824827	1.55e-321	0.16532588128921238
ATP2B4_0_multinomial_train1.37	0.20493855007124578	0.27799962571157594	0.40338443040677907	0.0008477156451866726	0.11282967816521242
ATP2B4_1_multinomial_train1.37	0.4126655901351921	1.29e-321	0.4060318408772983	0.16448780288024717	0.01681476610726237
ATP2B4_1_multinomial_train1.38	0.22107064414350544	7.862281051618661e-196	0.6287364723598377	0.15019288349665696	1.66e-321
ATP2B4_1_multinomial_train1.39	0.3404253053802844	0.04905813258069963	0.44319812557604277	0.167318436456011	6.962131979254276e-12
ATP2B4_1_multinomial_train1.40	0.42460519730329566	0.06184143769701971	0.4316404934759386	0.08191287152374599	1.257985779966015e-118
ATP2B4_1_multinomial_train1.41	0.35720388605967546	0.04383027705303135	0.4588488280832024	0.11631884976248978	0.023798159041600965
ATP2B4_1_multinomial_train1.42	0.4262819365480034	0.07165932093332447	0.3969580654329692	0.10510067708570282	1.235e-321
ATP2B4_0_multinomial_train1.38	0.18742312814514303	0.07902072073934739	0.5444430865323981	0.04414641957033349	0.14496664501277784
ATP2B4_0_multinomial_train1.39	0.2582009960127123	0.17276694347169783	0.35273883035317477	0.02379568341669172	0.1924975467457234
ATP2B4_0_multinomial_train1.40	0.33183932413411116	0.10935487182167816	0.3994543851307586	0.025458780451140212	0.13389263846231186
ATP2B4_1_multinomial_train1.43	0.3756333464119062	0.0032482214055407632	0.45044867428502555	0.14816550761131547	0.022504250286211943
ATP2B4_0_multinomial_train1.41	0.22854948246488302	0.15896845346477925	0.4480184756900849	6.038014134220603e-78	0.1644635883802528
ATP2B4_0_multinomial_train1.42	0.32046896870228136	0.1917490559259502	0.3300449867246189	2.130981732794414e-253	0.1577369886471495
ATP2B4_0_multinomial_train1.43	0.24906968837763688	0.12799199468888678	0.4471395848193098	1.94e-321	0.17579873211416658
ATP2B4_0_multinomial_train1.44	0.21454661680458378	0.27380495137818983	0.33413203135778924	0.029461875264565552	0.1480545251948717
ATP2B4_1_multinomial_train1.44	0.3570210557064019	0.0921077864613362	0.5133012043013145	0.037569953530916855	3.056042054619222e-14
ATP2B4_0_multinomial_train1.45	0.29955139743292136	0.1962510931468663	0.33027213478308304	0.023358400110207355	0.1505669745269219
ATP2B4_1_multinomial_train1.45	0.37031419144792405	0.1547930618949739	0.40377139929315664	0.07112134736394529	5.321701657931053e-65
ATP2B4_0_multinomial_train1.46	0.22196623637012064	0.13700197553225155	0.5227417786886717	0.03148893405359277	0.0868010753553633
ATP2B4_0_multinomial_train1.47	0.22511444989508317	0.14386790466650767	0.461758710303113	0.053666993891118814	0.11559194124417749
ATP2B4_0_multinomial_train1.48	0.23337911189057786	0.13904930548744399	0.4708105413202286	0.007592571487876048	0.1491684698138735
ATP2B4_1_multinomial_train1.46	0.20167395166817295	0.051327845114132464	0.6954964227202911	0.05150178049740359	8.323946021013932e-24
ATP2B4_1_multinomial_train1.47	0.2560090556923509	0.026205931831643076	0.6092621700389531	0.10852284243705279	1.675e-321
ATP2B4_1_multinomial_train1.48	0.37284374968619144	0.08088976387406156	0.3797896453493843	0.11674354008933678	0.04973330100102612
PMS1_0_multinomial_train1	0.15681882057613794	0.025614575083393286	0.4648910597127863	0.2467502780821541	0.10592526654552842
MSH6_1_multinomial_train1	0.02061101677309782	0.04614342556089174	0.021802311476863314	0.8111986308020678	0.1002446153870794
MSH6_0_multinomial_train1	0.004448192260389518	3.336150565919434e-110	0.05179145001880134	0.8217610696803336	0.1219992880404754
MSH2_0_multinomial_train1	2.67e-321	1.2965350160607046e-175	0.07480104944363376	0.7584487735747842	0.16675017698158184
MSH6_0_multinomial_train1.1	0.020575603583376945	6.593933750611577e-50	0.011637136328680157	0.8275075150206951	0.14027974506724777
MLH1_0_multinomial_train1	0.0021924085784941548	0.006443449163684207	1.1745875801568449e-165	0.7768956370572866	0.21446850520053506
MSH6_1_multinomial_train1.1	0.03223779365866193	6.4486273459102815e-34	0.01059053709170521	0.8410948855457481	0.11607678370388472
MLH1_0_multinomial_train1.1	0.0179967286272905	1.7808377572666115e-292	2.194e-321	0.7913531131602481	0.19065015821246145
PMS1_0_multinomial_train1.1	0.13830235816228453	0.0426009388493053	0.4946946992816865	0.14697458032975796	0.17742742337696574
