Samples	SBS96A	SBS96B	SBS96C	SBS96D	SBS96E
EXO1_0_real_train1	0.8963241361707605	0.011333950299902085	1.4632024273592277e-139	0.0923419135293374	4.4785654257901014e-153
OGG1_0_real_train1	3.4729022344779934e-44	0.04568225991713088	6.354780187040494e-16	0.08153598831296774	0.8727817517699008
RNF168_0_real_train1	0.8606579712943828	1.5470019601434968e-188	0.05359420610946341	0.06267534108493986	0.023072481511213726
UNG_0_real_train1	0.0445620790135976	4.2418300540825303e-109	0.012946801154410057	0.9275547093619848	0.014936410470007504
ATP2B4_0_real_train1	0.15467957954546427	4.2947296162546404e-54	0.6468516505403492	0.15555546288110428	0.04291330703308229
ATP2B4_1_real_train1	1.8573470850151803e-150	0.06957427838370125	0.8816556888812833	5.080093522518228e-237	0.04877003273501542
MLH1_0_real_train1	2.747e-321	1.0	1.35e-321	4.817119174179449e-130	2.288e-321
MSH2_0_real_train1	1.1242959599527736e-305	0.9423343557369145	3.3652397663262345e-145	0.05766564426308549	5.757289034430041e-44
MSH6_0_real_train1	1.5310827737157093e-266	0.990219877965288	1.9264297588757236e-243	4.854938412017429e-225	0.009780122034711985
MSH6_1_real_train1	3.36e-321	0.9835663026367685	1.764e-321	1.537e-321	0.016433697363231473
PMS1_0_real_train1	2.34093615184242e-180	0.1735716869169899	0.5407594254738797	0.2856688876091305	2.127027085577726e-101
PMS2_0_real_train1	0.46956056623496295	0.5304394337650371	1.245e-321	3e-322	3.09e-321
EXO1_0_multinomial_train1	0.9306006255217091	0.0004200342433879866	6.030380517993847e-192	0.057896633134295425	0.011082707100607499
RNF168_0_multinomial_train1	0.8087024916581839	2.565757467736858e-176	0.17698722584828688	0.01431028249352914	9.714935724740748e-221
RNF168_0_multinomial_train1.1	0.8094893287554259	1.23e-321	0.18867517712041962	3.929796878899699e-93	0.0018354941241545356
EXO1_0_multinomial_train1.1	0.8808804002882079	0.09016183087095854	2.2833646491423432e-156	0.008822635604290264	0.02013513323654323
RNF168_0_multinomial_train1.2	0.8249865025230814	9.206480352314589e-06	0.17500429099656528	3.327290736139572e-287	8.379438767279015e-16
RNF168_0_multinomial_train1.3	0.7928496973304284	0.0036518186223400725	0.05404988862799234	0.1292119721922989	0.020236623226940434
RNF168_0_multinomial_train1.4	0.7944525676128955	0.018402740499251887	0.17176431523662591	1.687552819725951e-06	0.01537868909840692
RNF168_0_multinomial_train1.5	0.8531366196272339	1.586e-321	5.933992976548595e-08	0.1468633210328363	8.65e-322
RNF168_0_multinomial_train1.6	0.7749211987957502	2.44e-321	1.6916800740112386e-139	0.18485080755459057	0.04022799364965922
RNF168_0_multinomial_train1.7	0.8876330462065193	6.88603795835461e-32	1.6988352559508377e-152	0.111954709133939	0.0004122446595416734
RNF168_0_multinomial_train1.8	0.905283824621904	2.0167957855640727e-191	0.009169759237619595	1.0070600908824463e-39	0.08554641614047623
EXO1_0_multinomial_train1.2	0.8917592014252266	0.0005081374973387241	4.1793673653646527e-222	0.10773266107743461	6.1e-322
EXO1_0_multinomial_train1.3	0.9488949010818921	0.027572567281282042	2.024671e-317	4.356401720214361e-203	0.023532531636825824
RNF168_0_multinomial_train1.9	0.9076202169662857	2.02e-321	0.08236571050751113	0.01001407252620327	7.873675744938602e-69
EXO1_0_multinomial_train1.4	0.8959919762399786	8.763467477348718e-90	2.647885356427257e-249	0.10400802376002127	1.81e-321
EXO1_0_multinomial_train1.5	0.8823652891341762	0.024397443144153225	8.132886813912493e-100	0.09201740808249018	0.0012198596391803317
EXO1_0_multinomial_train1.6	0.8949572954007522	9.265490320224428e-148	2.47e-321	0.1050427045992477	1.47e-321
EXO1_0_multinomial_train1.7	0.8836028324944086	0.02634826630928931	2.0985731e-316	0.09004890119630196	3.52076656654347e-117
EXO1_0_multinomial_train1.8	0.8058854771297465	0.014614842226559777	5.180092685311962e-231	0.1794996806436938	1.93e-321
RNF168_0_multinomial_train1.10	0.7680699603671742	1.0147415059576649e-292	7.445709927410986e-192	0.1297378393998462	0.1021922002329796
EXO1_0_multinomial_train1.9	0.9543705250986552	0.04562947490134478	1.33e-321	3.3355300498040476e-239	1.15e-321
RNF168_0_multinomial_train1.11	0.8535048969406984	8.509441127309358e-82	0.0046100487886167945	0.14188505427068468	1.75e-321
RNF168_0_multinomial_train1.12	0.8722438528270232	0.026036040329199525	0.08204826566395959	2.1771018447046934e-15	0.019671841179815453
EXO1_0_multinomial_train1.10	0.8995041841150005	0.03850647276072933	1.64e-321	0.06198934312427006	7.1e-322
EXO1_0_multinomial_train1.11	0.842610762046966	0.03794836341718717	1.6085774330345836e-240	0.11944087453584663	4.527639913942142e-187
RNF168_0_multinomial_train1.13	0.827338939440102	0.14003192175904933	3.665080446360302e-170	1.576e-321	0.03262913880084866
RNF168_0_multinomial_train1.14	0.8293476491776627	1.2534385227858676e-06	0.14087666987729425	0.02977442750652049	1.6252868917673109e-52
RNF168_0_multinomial_train1.15	0.8753490937526891	0.014232855057373291	3.8952183079383e-189	0.10067416784581601	0.009743883344121728
RNF168_0_multinomial_train1.16	0.8178089200621088	7.048136362747668e-56	0.06550786449817095	0.07509535719551493	0.04158785824420525
EXO1_0_multinomial_train1.12	0.9071747619720719	2.1975286539932292e-178	6.594438788668371e-147	0.06460693857815987	0.02821829944976805
RNF168_0_multinomial_train1.17	0.7760673430796078	1.5836291211362626e-13	0.07431008104041796	0.14567400644193992	0.003948569437875963
EXO1_0_multinomial_train1.13	0.889662026983538	1.1256541229260935e-145	7.960673393086451e-110	0.09041881791195437	0.019919155104507567
RNF168_0_multinomial_train1.18	0.7989450962268132	2.144e-321	0.17576757120617797	0.003187829038797533	0.02209950352821137
EXO1_0_multinomial_train1.14	0.88927040319097	0.010388654295141648	7.458227749800716e-202	0.09970838152384225	0.0006325609900461099
RNF168_0_multinomial_train1.19	0.9698300691652745	5.321942109376682e-114	6.265530934202504e-157	2.2994144900188605e-179	0.03016993083472549
RNF168_0_multinomial_train1.20	0.9168216272315042	1.4681867966544406e-124	1.136e-321	0.08317837276849586	3.9e-322
EXO1_0_multinomial_train1.15	0.8794440361950376	0.010862349330946588	6.530616617300941e-206	0.10969361447401592	7.627119862619191e-225
RNF168_0_multinomial_train1.21	0.7921045972876342	8.960956656926836e-88	5.234898372995616e-168	0.1350546400864501	0.07284076262591564
RNF168_0_multinomial_train1.22	0.6940895697513849	0.01843615248855911	0.029551460695126153	0.21231307850738837	0.04560973855754152
EXO1_0_multinomial_train1.16	0.8413477655873157	0.027938273623131102	1.58e-321	0.1307139607895532	6.77e-322
EXO1_0_multinomial_train1.17	0.9165553000751144	0.02558108150890056	1.450751080134234e-286	0.05786361841598506	1.126e-321
RNF168_0_multinomial_train1.23	0.9471024930064943	3.6082488633314103e-183	7.037546012170834e-232	0.021516744204686914	0.031380762788818656
EXO1_0_multinomial_train1.18	0.810062548164961	0.031780563287970326	6.653978772857809e-265	0.15815688854706864	1.13e-321
RNF168_0_multinomial_train1.24	0.9263071993899639	1.973379597681086e-304	0.07369280061003619	3.056292177117332e-135	1.169826701894888e-224
RNF168_0_multinomial_train1.25	0.883488791939822	1.5624399143112732e-237	0.0872698452763629	0.029241362783814933	3.5315241365979415e-231
RNF168_0_multinomial_train1.26	0.920745327804539	1.897e-321	0.008183429359554002	0.0710712428359071	2.7155374327777177e-101
RNF168_0_multinomial_train1.27	0.6991799240440454	1.2543725378483493e-188	0.27233431675552555	0.028485759200429183	2.2995110792182957e-28
RNF168_0_multinomial_train1.28	0.9207990712382821	3.597241308548343e-30	0.04240346507794783	0.03679746368377009	4.6980907348542295e-81
EXO1_0_multinomial_train1.19	0.8492206382966765	0.0524818330849972	6.346848384695898e-168	0.09829752861832616	1.37e-321
RNF168_0_multinomial_train1.29	0.8852838561161993	2.3807115662702376e-58	0.0014394786080248719	0.11327666527577596	8.371500776941385e-72
EXO1_0_multinomial_train1.20	0.8675071935013061	0.01166583741037234	5.831041302481382e-32	0.12082696908832165	1.633986474286699e-20
RNF168_0_multinomial_train1.30	0.8673937490799762	1.7586030879779007e-217	0.12240099801310399	0.01020525290691992	8.659200452218814e-49
RNF168_0_multinomial_train1.31	0.8629847373832151	2.359542369966378e-36	0.08954509221981849	0.04747017039696641	3.771743618794366e-186
RNF168_0_multinomial_train1.32	0.9331930015306261	8.0952161025249e-186	7.937450262344555e-15	0.02408423512942725	0.04272276333993861
RNF168_0_multinomial_train1.33	0.76345187793654	8.9e-322	0.10587473674352053	0.1306733853199395	1.275e-321
EXO1_0_multinomial_train1.21	0.8876083366782118	9.52074834868537e-138	1.927e-321	0.11239166332178804	1.41e-321
RNF168_0_multinomial_train1.34	0.9707059919061106	6.47e-322	1.1541463111100343e-268	2.24e-321	0.029294008093889327
EXO1_0_multinomial_train1.22	0.9320263497441801	0.02099841608362451	4.982762016796794e-151	0.04486614997660002	0.002109084195595421
EXO1_0_multinomial_train1.23	0.877380079133018	4.069585538382277e-118	1.0770461049293036e-113	0.12261992086698212	8.289291775120083e-186
RNF168_0_multinomial_train1.35	0.7865991611541723	1.845394149129064e-248	1.6071854285224785e-69	0.19000163243405901	0.02339920641176871
RNF168_0_multinomial_train1.36	0.8247650489257554	1.69805565421535e-222	0.1598730012552686	0.01536194981897599	1.437752364277567e-205
EXO1_0_multinomial_train1.24	0.9332901485695015	4.552768166886389e-49	0.052984707474785855	0.013725143955712523	4.45249779016662e-65
RNF168_0_multinomial_train1.37	0.8660675942959538	2.58e-321	0.0565203556106058	0.07741205009344053	8.293008123608527e-228
EXO1_0_multinomial_train1.25	0.8508265440002177	0.03669188279719782	0.021045007897287294	0.08186803747809776	0.009568527827199249
RNF168_0_multinomial_train1.38	0.894519936070283	1.196e-321	0.0782143694122672	2.984e-321	0.027265694517449604
EXO1_0_multinomial_train1.26	0.9397670697152832	0.027474437609466357	3.8241344692065503e-215	0.032758492675250564	1.19e-321
EXO1_0_multinomial_train1.27	0.9081442826110303	9.812431340239938e-126	5.460736336366327e-165	0.09185571738896971	1.477e-321
EXO1_0_multinomial_train1.28	0.9051499331895764	1.9202875266325596e-83	1.051555970656336e-220	0.0948500668104236	1.6e-321
EXO1_0_multinomial_train1.29	0.9044642174503915	1.2640958650287573e-136	3.74133948379117e-12	0.0950331780418172	0.0005026045040498989
EXO1_0_multinomial_train1.30	0.8865051141024692	9.911030870761866e-109	2.2e-321	0.11349488589753089	6.23e-322
RNF168_0_multinomial_train1.39	0.8534153446006312	3.1691827825623064e-160	8.74e-322	0.12242493146999853	0.02415972392937024
RNF168_0_multinomial_train1.40	0.7772695896697671	1.764e-321	0.18508296173759972	6.983286753377362e-216	0.03764744859263299
EXO1_0_multinomial_train1.31	0.8464435469849886	0.04786994618803951	3.5900432388126727e-302	0.10568650682697202	1.334e-321
EXO1_0_multinomial_train1.32	0.8976833563038763	0.02914050361586724	2.9591810134212448e-133	0.06427130666627628	0.008904833413979995
EXO1_0_multinomial_train1.33	0.9186833626248185	0.011987894588175037	2.3441632462085647e-199	0.06593475939976903	0.0033939833872375542
RNF168_0_multinomial_train1.41	0.9075444284280514	1.23e-321	0.06544309778954209	3.990935679855487e-90	0.02701247378240661
RNF168_0_multinomial_train1.42	0.918178146445486	2.55e-321	0.04364682176296408	0.009526912101695439	0.028648119689854545
EXO1_0_multinomial_train1.34	0.89019620978772	0.009997238563694855	2.106539687272468e-205	0.09980655164858533	4.218280426031926e-133
RNF168_0_multinomial_train1.43	0.7997200429430253	1.74e-321	0.1312573402517669	0.06823753349438709	0.0007850833108206318
EXO1_0_multinomial_train1.35	0.8581368302096261	3.206692912118335e-149	0.018200629886153556	0.11671868045776627	0.0069438594464541455
EXO1_0_multinomial_train1.36	0.871794795026066	0.003796027315734628	2.357e-321	0.12440917765819934	1.117e-321
RNF168_0_multinomial_train1.44	0.831852863950192	1.917e-321	0.10775182144031044	0.032702396261584665	0.02769291834791289
EXO1_0_multinomial_train1.37	0.8943016842810814	0.014721405270771268	1.853e-321	0.09097691044814744	1.980403806e-314
RNF168_0_multinomial_train1.45	0.8193120765780542	2.045e-321	0.15024439541377288	0.030443528008173022	1.524924876241825e-194
RNF168_0_multinomial_train1.46	0.926140039439103	2.75e-321	1.2913845322380522e-76	0.028071234917054513	0.04578872564384254
RNF168_0_multinomial_train1.47	0.9059654623786288	2.632926152415215e-179	0.0421690823509994	0.05186545527037188	1.03e-321
RNF168_0_multinomial_train1.48	0.8475874677956219	1.59e-321	0.0501744432895043	0.1022380889148738	7.8e-322
RNF168_0_multinomial_train1.49	0.8203905048286827	2.1936226630454875e-56	0.04260250950951906	0.10587479266510265	0.031132192996695722
RNF168_0_multinomial_train1.50	0.8254350983635563	0.007280137452681441	4.6996209026527055e-147	0.1548360874947849	0.012448676688977367
EXO1_0_multinomial_train1.38	0.9342841546899698	2.3020642993845323e-164	4.473810671769307e-78	0.039878252421737766	0.02583759288829226
RNF168_0_multinomial_train1.51	0.8681322328402946	7.573777791703636e-119	0.08097930280424027	0.050888464355465096	1.5979177685850897e-250
RNF168_0_multinomial_train1.52	0.8427092409856349	0.06695703627090621	5.609207526533196e-57	0.05011375931978722	0.04021996342367157
EXO1_0_multinomial_train1.39	0.8275108577232215	0.05054425810079535	1.3464881792358959e-192	0.11061162392489161	0.011333260251091364
EXO1_0_multinomial_train1.40	0.8562159759291781	0.036927145499870334	3.009631750755181e-200	0.09529036851688792	0.011566510054063717
RNF168_0_multinomial_train1.53	0.8343338627463907	5.574691307315386e-209	0.14934289375809448	3.436173267327573e-64	0.016323243495514683
EXO1_0_multinomial_train1.41	0.8640371587050061	0.06442200026201864	2.27e-321	0.07154084103297527	6.57e-322
EXO1_0_multinomial_train1.42	0.8915546762694119	3.422633917435288e-119	3.273775640176783e-108	0.10844532373058816	1.3e-321
RNF168_0_multinomial_train1.54	0.7339475742804565	1.22e-321	0.16368054195649526	0.077025771970276	0.025346111792772283
OGG1_0_multinomial_train1	5.829182870348387e-106	3.429117651409765e-52	0.09636193463338073	0.0780410020847711	0.8255970632818481
UNG_0_multinomial_train1	1.4753913086179734e-301	0.07176969287383919	5.724879206736359e-279	0.9282303071261607	9.520974130571514e-197
UNG_0_multinomial_train1.1	3.887646225894703e-16	0.020332374407281324	0.06887210430985748	0.8580825019519185	0.052713019330942315
UNG_0_multinomial_train1.2	0.06226045172535445	9.487694563211419e-269	2.8909903844378227e-27	0.9002030217897603	0.03753652648488521
OGG1_0_multinomial_train1.1	1.2751898765425e-82	0.09856106277717379	4.1627920213680965e-10	0.04778590983372365	0.8536530269728233
UNG_0_multinomial_train1.3	0.1542987218209486	0.034730626553724504	6.235915557301268e-13	0.7639266199418231	0.04704403168288042
OGG1_0_multinomial_train1.2	5.540703314372128e-144	0.10412794725008165	4.278023991186914e-167	1.8294020281393465e-84	0.8958720527499182
OGG1_0_multinomial_train1.3	4.4514363764791246e-24	0.05247467145838533	1.3312226958367133e-46	0.008393635340094227	0.9391316932015206
UNG_0_multinomial_train1.4	1.479458701393209e-131	4.0856746559170056e-306	0.0901749604700332	0.9098250395299667	3.1069875962186835e-138
UNG_0_multinomial_train1.5	0.028606082086415102	1.294e-321	5.965028377141548e-202	0.9713939179135848	3.220168376459397e-308
OGG1_0_multinomial_train1.4	1.6627024976014723e-272	0.044816469030315394	1.0754441469684347e-109	2.823458763419241e-142	0.9551835309696846
OGG1_0_multinomial_train1.5	8.784731142088135e-173	0.10720103028707527	3.484174677114565e-164	1.238269956224094e-162	0.8927989697129247
UNG_0_multinomial_train1.6	0.01129408829484403	0.05390863141603548	5.93e-322	0.9347972802891205	7.5e-322
UNG_0_multinomial_train1.7	3.290215285785863e-31	0.09377848833187646	1.1681854890114482e-63	0.7507891439584296	0.15543236770969399
UNG_0_multinomial_train1.8	2.59e-321	1.16e-321	1.8458954018868376e-64	1.0	1.22597e-319
OGG1_0_multinomial_train1.6	4.0755205327148783e-169	0.07054443533198329	3.6131184430777677e-85	0.04462990724559324	0.8848256574224236
UNG_0_multinomial_train1.9	0.0841734377911448	0.002823900460961619	0.009632325964332937	0.9033703357835606	1.8436128183034638e-19
OGG1_0_multinomial_train1.7	5.26071812298403e-91	0.034149659009417035	6.852105070034597e-11	0.07088698960398535	0.8949633513180765
UNG_0_multinomial_train1.10	0.017848913477506896	9.63e-322	0.08144848147323104	0.900702605049262	6.37e-322
OGG1_0_multinomial_train1.8	0.04192488091931574	2.47e-321	4.3158703806277176e-119	0.1532613890771158	0.8048137300035685
UNG_0_multinomial_train1.11	0.023830819428106245	4.595444105856862e-215	0.1469560495524356	0.8292131310194581	5.071836760305069e-294
OGG1_0_multinomial_train1.9	1.742502378346369e-89	0.048786771847625685	0.07649390283523869	0.01457259018466016	0.8601467351324754
OGG1_0_multinomial_train1.10	7.049678518388602e-219	0.033436104961405505	0.16340421560509805	1.0112202699305334e-23	0.8031596794334965
OGG1_0_multinomial_train1.11	1.9732906152212974e-159	0.07543798844214372	6.020902382520863e-72	1.0380149706777698e-130	0.9245620115578561
UNG_0_multinomial_train1.12	0.10230696877808164	1.94e-321	9.83e-322	0.8976930312219183	3.1e-322
UNG_0_multinomial_train1.13	0.012285911992052954	2.176365310368805e-238	0.04317949610847031	0.9445345918994769	1.2227302143153624e-58
UNG_0_multinomial_train1.14	0.08359864671028762	2.3933716645717418e-77	1.126e-321	0.9164013532897123	3.16e-322
OGG1_0_multinomial_train1.12	8.288709290591244e-134	0.07044655288372119	9.76240269115712e-140	3.8074999595112225e-71	0.9295534471162789
OGG1_0_multinomial_train1.13	2.088555409157707e-177	0.010756993285829866	6.174847754015617e-33	0.15342099829741065	0.8358220084167595
UNG_0_multinomial_train1.15	3.666232953828959e-237	2.0521824392765526e-24	0.10339742375704508	0.896602576242955	1.9256970678955647e-21
UNG_0_multinomial_train1.16	0.023639138442153585	6.043419646341016e-258	0.03186076925136412	0.879429609782247	0.06507048252423535
UNG_0_multinomial_train1.17	0.0072336358420291985	2.036e-321	2.1076331075419493e-126	0.9533635890955618	0.03940277506240892
OGG1_0_multinomial_train1.14	5.65645405326443e-136	0.02355484739483513	0.13951756709826701	1.0990757374117486e-110	0.8369275855068977
UNG_0_multinomial_train1.18	2.6879977370650196e-225	8.422929415960338e-189	0.09647222532433757	0.9035277746756625	5.3e-322
OGG1_0_multinomial_train1.15	0.02047287100107814	0.05332348997874252	0.06077361433155521	0.0513295533985973	0.8141004712900268
UNG_0_multinomial_train1.19	0.001891039784183275	0.04198561769244602	0.12688855045168942	0.8292347920716814	2.7560013534985434e-107
OGG1_0_multinomial_train1.16	6.295811001609855e-40	0.03603783768079062	1.2466095967132367e-17	0.10358339012773911	0.8603787721914702
UNG_0_multinomial_train1.20	7.083324014086397e-39	0.007972801390378195	3.267124015835609e-08	0.9784733896912478	0.013553776247133779
UNG_0_multinomial_train1.21	0.06832366093919774	0.07638825090392634	1.1715243862804252e-68	0.8186959391845943	0.036592148972281566
OGG1_0_multinomial_train1.17	1.37212145078634e-139	0.09003881359039977	1.2949061313866988e-70	4.673898606396691e-19	0.9099611864096001
UNG_0_multinomial_train1.22	1.2078039028202388e-232	4.400094482942854e-270	0.005388701702348041	0.994611298297652	7.36e-322
UNG_0_multinomial_train1.23	5.010907581646245e-104	0.008911053066135564	0.05950675252224344	0.9315821944116209	3.4e-322
UNG_0_multinomial_train1.24	0.03393444746524468	1.0945570681848082e-42	0.012907043217960074	0.9211585542614659	0.03199995505532945
OGG1_0_multinomial_train1.18	6.922484796168536e-18	1.4663861881476823e-14	0.11121353580250502	0.09550197143152292	0.7932844927659572
UNG_0_multinomial_train1.25	0.06448155360977965	9.73e-322	0.19797254690568372	0.7375458994842412	2.9538684549809326e-13
OGG1_0_multinomial_train1.19	9.092679165341603e-35	0.09609747987931709	1.3494267856569287e-27	0.03204685523009941	0.8718556648905836
UNG_0_multinomial_train1.26	4.45658608998e-312	0.11876019319521389	9.295569081429314e-40	0.8812398068047861	3.2072292556790706e-239
OGG1_0_multinomial_train1.20	0.01882210624727461	0.06339059786397784	0.1284788203468498	0.00537562508454595	0.7839328504573518
UNG_0_multinomial_train1.27	0.06701319002104267	1.665e-321	0.1518917412937825	0.7810950686851748	8.74e-322
OGG1_0_multinomial_train1.21	8.185423959813174e-171	0.03825213664781025	0.3279186734705774	1.0625035154311508e-13	0.6338291898815063
OGG1_0_multinomial_train1.22	0.0002297149389798812	2.7451612535416123e-144	0.03402086076794482	0.1033595462870512	0.862389878006024
UNG_0_multinomial_train1.28	2.0126726036160513e-27	2.14e-321	9.3e-322	1.0	7.86e-322
UNG_0_multinomial_train1.29	6.8815938358636e-179	5.2195697456892604e-61	0.0785235854535326	0.9084109712862438	0.01306544326022364
OGG1_0_multinomial_train1.23	2.7764299964638775e-133	0.06751035433319613	6.381297888983822e-11	4.670531598422797e-11	0.9324896455562857
OGG1_0_multinomial_train1.24	4.5360881647788883e-243	0.10893111369964928	7.3375107176411226e-09	5.6809240983504906e-86	0.89106887896284
OGG1_0_multinomial_train1.25	0.04188343616603508	8.813303907497252e-18	0.16363515728970676	0.06353079052412276	0.7309506160201353
OGG1_0_multinomial_train1.26	9.13117867134847e-227	7.104059302670226e-57	0.1836023001830443	1.8813084569755765e-43	0.8163976998169558
UNG_0_multinomial_train1.30	9.373116832569871e-257	2.1847378411519057e-91	5.613408516490545e-60	0.9620849247844838	0.03791507521551629
OGG1_0_multinomial_train1.27	7.054345298958026e-120	0.06602085033151865	0.06917255020695992	8.284230567255885e-25	0.8648065994615215
OGG1_0_multinomial_train1.28	0.0021261515192242237	0.045349749010474644	4.3135138656873474e-14	0.10808439448711575	0.8444397049831422
UNG_0_multinomial_train1.31	0.00041556183316914273	8.85314569790709e-35	0.19387285250952466	0.8057115856573063	7.07e-322
UNG_0_multinomial_train1.32	7.0428957625564244e-102	1.4312689322581528e-94	1.6300777708757045e-233	0.9710337637076101	0.028966236292389796
UNG_0_multinomial_train1.33	0.024662990652685485	1.47e-321	7.382878658754023e-76	0.9753370093473144	1.3209275536789582e-254
OGG1_0_multinomial_train1.29	1.639119186235335e-46	0.00031258978586949795	0.16264119248181308	0.08670012957761067	0.7503460881547068
OGG1_0_multinomial_train1.30	2.6465966346594144e-198	0.07755697967206766	0.0833120606300557	0.026358072768110384	0.8127728869297663
UNG_0_multinomial_train1.34	8.132751926775666e-21	0.04383693937097173	5.762534987800329e-113	0.912668027445729	0.04349503318329937
OGG1_0_multinomial_train1.31	3.0913589071403376e-111	0.07461051121026391	0.052867815245004945	0.03374594961740927	0.8387757239273219
UNG_0_multinomial_train1.35	0.11787677739471969	0.07214663687112632	7.091906560428103e-242	0.7923087644099499	0.017667821324203917
UNG_0_multinomial_train1.36	3.3981050083996065e-05	1.497e-321	0.06065053086864973	0.9393154880812664	8.970540464050297e-302
UNG_0_multinomial_train1.37	0.02128848636556919	9.575079511056331e-72	5.43e-322	0.9787115136344308	2.27e-322
OGG1_0_multinomial_train1.32	0.005981911196079747	0.08110331115897838	1.0229513911898404e-86	0.06688313353184398	0.846031644113098
UNG_0_multinomial_train1.38	0.10911201473685049	5.0178608876273433e-23	0.06925949955636246	0.8216284857067871	3.4176712345591928e-71
OGG1_0_multinomial_train1.33	3.070090140588053e-48	0.010899247012252944	0.10432777180273545	0.11924589295863933	0.7655270882263724
OGG1_0_multinomial_train1.34	2.1321404802928365e-26	0.02203628357297288	4.445461427653789e-33	0.12794192131458768	0.8500217951124396
OGG1_0_multinomial_train1.35	5.929900055753036e-72	0.06646410662570065	0.04732000112278731	0.05249017001459397	0.8337257222369181
OGG1_0_multinomial_train1.36	1.975597355216709e-53	0.03231971357917824	2.145328672620137e-55	0.03211188796224582	0.935568398458576
OGG1_0_multinomial_train1.37	2.4301455562038123e-136	1.6287397782566879e-180	0.12095562142525532	0.05105839700860352	0.8279859815661412
OGG1_0_multinomial_train1.38	4.3587869873224766e-163	0.06503802722732611	1.8027087652299632e-18	0.03073270775675357	0.9042292650159204
UNG_0_multinomial_train1.39	1.6358140082886006e-199	0.02496421809176214	6.051712124445922e-63	0.9750357819082378	1.699117910740059e-225
OGG1_0_multinomial_train1.39	7.475750214971202e-98	0.10919657161204825	0.05331880736146816	0.05240374920296003	0.7850808718235236
UNG_0_multinomial_train1.40	0.07688671745709626	0.022144479769027264	8.05e-322	0.9009688027738764	3.4e-322
OGG1_0_multinomial_train1.40	7.728756045803985e-165	0.06079013353247162	0.1403974384868599	2.7231229697483104e-79	0.7988124279806685
OGG1_0_multinomial_train1.41	0.018686519649688198	0.025518423446012233	8.04693367972172e-95	0.02481743152000761	0.9309776253842921
UNG_0_multinomial_train1.41	0.18611561356180895	2.1234048795692765e-243	6.544694438300027e-109	0.813884386438191	5.279501452196929e-150
OGG1_0_multinomial_train1.42	1.4275863159358923e-54	0.010614546109291327	0.0028106963043898494	0.09756077390861084	0.889013983677708
UNG_0_multinomial_train1.42	0.08509638499774348	1.1656815873812216e-235	1.0299098691456971e-267	0.9149036150022566	3.06e-322
OGG1_0_multinomial_train1.43	0.008884558641162093	0.04388194551944653	0.06722439725598374	0.005521280059817214	0.8744878185235905
OGG1_0_multinomial_train1.44	0.03278311818221988	1.511605535579933e-58	0.01260616008059875	0.13511203245180994	0.8194986892853714
OGG1_0_multinomial_train1.45	1.2264972347431136e-124	0.0051298455378827315	0.20993483332826124	0.004894361979352316	0.7800409591545037
OGG1_0_multinomial_train1.46	2.341892116816898e-60	1.4617941370835163e-06	0.12763659053902865	0.10902692298635579	0.7633350246804784
UNG_0_multinomial_train1.43	2.43e-321	0.041123012158807204	1.509781774119589e-43	0.9016269750577522	0.057250012783440614
OGG1_0_multinomial_train1.47	0.029549648156170526	0.022454608927721283	0.050404712902308524	0.06539323924568051	0.8321977907681191
OGG1_0_multinomial_train1.48	1.776192980373194e-182	0.04612680770428023	0.03999791237141429	0.10672931085649266	0.8071459690678127
OGG1_0_multinomial_train1.49	3.210132474612638e-07	0.03119845416141326	0.12186756112578516	0.040356995647832336	0.8065766680517219
OGG1_0_multinomial_train1.50	9.15077702765508e-149	0.09884709219507745	4.730649166433191e-40	0.019489415337449963	0.8816634924674724
UNG_0_multinomial_train1.44	0.07405660630534285	0.05801778400300289	2.474402503883931e-172	0.8082075047358418	0.05971810495581258
OGG1_0_multinomial_train1.51	0.030148137906912214	0.09016504626039598	7.391545535021894e-129	0.024998188567888935	0.8546886272648028
OGG1_0_multinomial_train1.52	4.423403899716842e-49	0.05165758083177427	2.0085040009368222e-53	0.03233584199780322	0.9160065771704227
ATP2B4_0_multinomial_train1	0.09789262049025911	0.11316756648971985	0.5239413341136974	0.14764612623861606	0.11735235266770756
ATP2B4_1_multinomial_train1	1.0479780868715373e-74	0.10363730739988575	0.8911145782415674	0.005248114358546849	6.196034945638544e-44
ATP2B4_0_multinomial_train1.1	0.18549826684032789	1.7442703377385158e-177	0.710009890997254	0.10449184216241811	1.625788322634542e-52
ATP2B4_1_multinomial_train1.1	2.5456081246248194e-44	0.004644485442573121	0.9402719878678684	2.8167457015924687e-212	0.055083526689558654
ATP2B4_1_multinomial_train1.2	2.1468585801613966e-49	0.041395061058120255	0.806467814020205	1.787362725900202e-303	0.15213712492167472
ATP2B4_1_multinomial_train1.3	0.04337213953926923	0.05508073659353858	0.8727396350747422	0.02880748879244989	3.66e-322
ATP2B4_0_multinomial_train1.2	0.20750941556105568	1.047e-321	0.5186244530725772	0.20236296218713198	0.07150316917923501
ATP2B4_1_multinomial_train1.4	1.245e-321	0.06239866057822249	0.7735003526170263	1.8026980650916428e-216	0.16410098680475121
ATP2B4_0_multinomial_train1.3	0.20791735642245288	1.146e-321	0.6154029252503898	0.17667971832715743	7.129107432806276e-72
ATP2B4_0_multinomial_train1.4	0.06957485342061956	0.0061099787667456655	0.6751111535272389	0.24920401428539593	2.5311290618271363e-83
ATP2B4_0_multinomial_train1.5	0.06252242251776913	0.01434050835581094	0.6068924798644939	0.26003687086261446	0.056207718399311664
ATP2B4_0_multinomial_train1.6	0.1539040647686787	3.244123157390243e-160	0.6245643976149492	0.2084398995312004	0.01309163808517164
ATP2B4_1_multinomial_train1.5	1.0713536180565167e-26	0.09374676930042526	0.6179762522982755	4.2042874724240385e-264	0.2882769784012991
ATP2B4_0_multinomial_train1.7	0.04967249896056637	0.06391242733169104	0.5231040795793358	0.19564650183837476	0.16766449229003227
ATP2B4_1_multinomial_train1.6	3.412550038103e-312	0.08019039916639242	0.6643270966507733	8.25e-322	0.25548250418283436
ATP2B4_1_multinomial_train1.7	6.879236824706016e-290	0.10554425633488546	0.7605801411986386	2.6248597805292067e-144	0.13387560246647573
ATP2B4_1_multinomial_train1.8	5.350636895596457e-213	0.15907602817034663	0.8409239718296535	2.223174407416175e-199	2.5046537155046076e-162
ATP2B4_1_multinomial_train1.9	0.018140386004838117	0.06022161304780596	0.7596497663062851	1.2344796297285516e-252	0.16198823464107068
ATP2B4_1_multinomial_train1.10	0.03830688402706532	0.12989642601530424	0.6735598874615338	1.1630303933995042e-228	0.15823680249609676
ATP2B4_1_multinomial_train1.11	5.064311843846864e-295	0.06394564188810505	0.9360543581118949	3.238157022989921e-255	1.112885039497317e-57
ATP2B4_1_multinomial_train1.12	4.9333740313443266e-203	0.06568234664499766	0.9162922415273573	2.2023464188298287e-208	0.01802541182764511
ATP2B4_1_multinomial_train1.13	4.7692519739985917e-98	0.00701271837022385	0.9191418995591487	2.1419907935194946e-243	0.07384538207062738
ATP2B4_0_multinomial_train1.8	0.24782490882580271	0.013332081932699281	0.6857994837752935	0.051098435095996035	0.0019450903702084277
ATP2B4_1_multinomial_train1.14	1.1009285581168452e-178	0.12811226607372897	0.6459372426626644	3.3686714240120595e-43	0.22595049126360672
ATP2B4_1_multinomial_train1.15	0.007425341736603044	0.08944446298666264	0.806645047024042	8.487748088051279e-243	0.09648514825269242
ATP2B4_0_multinomial_train1.9	0.1411213806818324	0.04330384541527767	0.4110302536350263	0.258468910815455	0.14607560945240874
ATP2B4_0_multinomial_train1.10	0.10649828053498359	1.01e-321	0.7366041415290983	0.15689757793591835	1.3622888346765907e-188
ATP2B4_0_multinomial_train1.11	0.1369612632116468	0.05237483708111926	0.7143637164496066	0.0963001832576273	1.9948767058904355e-149
ATP2B4_1_multinomial_train1.16	1.645e-321	0.1310495007275899	0.6776168674524559	7.77150535151587e-130	0.19133363181995428
ATP2B4_0_multinomial_train1.12	0.294368064330599	2.1386931009401723e-125	0.5261256299778501	0.13814707108956217	0.04135923460198881
ATP2B4_0_multinomial_train1.13	0.27339475037641675	1.8e-321	0.5691990133300419	0.15740623629354145	5.211522324062715e-87
ATP2B4_0_multinomial_train1.14	0.06966552200003413	0.09651811036201065	0.833816367637538	5.944940544300653e-56	4.1716848380733626e-13
ATP2B4_0_multinomial_train1.15	0.149210717408357	4.5027268652365036e-265	0.7293185304429451	0.11419149005853903	0.007279262090158781
ATP2B4_1_multinomial_train1.17	4.928664885311454e-237	0.07969886762936494	0.9203011323706352	1.650503041208116e-227	1.7437974164425351e-75
ATP2B4_1_multinomial_train1.18	1.2683550861613182e-189	0.05530811402654655	0.7524096187187687	1.5495343070432828e-152	0.19228226725468478
ATP2B4_1_multinomial_train1.19	0.0809152124220961	0.08678496377097798	0.573062843669615	1.1145022850815482e-27	0.2592369801373108
ATP2B4_1_multinomial_train1.20	3.2987766900009205e-163	0.0954636030328837	0.8143375972225438	0.027079583224365766	0.06311921652020673
ATP2B4_0_multinomial_train1.16	0.23591805644820896	1.138408614862429e-252	0.4506627968432927	0.18835551131015643	0.12506363539834173
ATP2B4_1_multinomial_train1.21	1.970594275401669e-42	0.08163307956573425	0.8580407354308841	1.077e-321	0.06032618500338173
ATP2B4_1_multinomial_train1.22	0.11992202196454824	0.023820377578490537	0.7527367932924225	3.3369609496688785e-223	0.10352080716453864
ATP2B4_0_multinomial_train1.17	0.058096118241205835	2.2638776404259776e-47	0.6967902241003936	0.24511355123446538	1.0642393502120047e-07
ATP2B4_0_multinomial_train1.18	0.15285849291520148	0.052318983538888336	0.5476089870136824	0.07518993907332656	0.17202359745890117
ATP2B4_1_multinomial_train1.23	1.9285615990886052e-234	0.12100474758405987	0.6121481983167767	8.596779373612016e-138	0.2668470540991636
ATP2B4_1_multinomial_train1.24	2.238409494458689e-22	0.05404602955276266	0.9395496535324289	0.006404316914808507	4.328593270132646e-66
ATP2B4_0_multinomial_train1.19	0.11543511066320729	0.016872132251268383	0.583287961465861	0.1766446775217327	0.10776011809793057
ATP2B4_1_multinomial_train1.25	2.5862484543691592e-107	0.11702300349232723	0.8829769965076727	4.319469675221636e-276	2.4179205616238465e-51
ATP2B4_0_multinomial_train1.20	0.06880378992757276	0.02269450599311188	0.6847190468732763	0.17160066398246684	0.0521819932235721
ATP2B4_0_multinomial_train1.21	0.17525176824039462	0.031162293798478496	0.3442103089010591	0.1694996531641261	0.2798759758959419
ATP2B4_0_multinomial_train1.22	0.22058126697725736	9.201913197447686e-245	0.3587048218098887	0.2256628674404512	0.19505104377240295
ATP2B4_0_multinomial_train1.23	0.24188595205912358	0.013074521180503564	0.612298317382462	0.0893296394750208	0.04341156990289004
ATP2B4_0_multinomial_train1.24	0.19448434272749018	9.033851828593641e-83	0.7447233445217838	0.06079231275072611	1.6602548976056623e-128
ATP2B4_1_multinomial_train1.26	0.012368186328599203	0.0031344850059987876	0.984497328665402	1.7365030126865662e-219	3.56e-322
ATP2B4_0_multinomial_train1.25	0.11683006107853314	0.04675722166117053	0.74993266288422	5.409988621134722e-72	0.08648005437607614
ATP2B4_1_multinomial_train1.27	0.061161588984516436	0.013258720212939586	0.8143985901362332	2.859152872589705e-266	0.11118110066631086
ATP2B4_0_multinomial_train1.26	0.23573110875311382	6.97e-322	0.47512940823858696	0.2562036588953569	0.03293582411294217
ATP2B4_1_multinomial_train1.28	2.6394348434884043e-267	0.09164629390119837	0.8684384182912006	8.65e-322	0.03991528780760109
ATP2B4_0_multinomial_train1.27	0.20666438629874523	0.06666498932478596	0.5652434348230357	0.12835403988739322	0.033073149666039726
ATP2B4_1_multinomial_train1.29	6.389115187181164e-121	0.1335608984560581	0.866439101543942	2.051661573533616e-308	1.5581925634440642e-83
ATP2B4_0_multinomial_train1.28	0.1735679039885259	1.3495768500820786e-53	0.43469104583105056	0.2831848972763218	0.10855615290410178
ATP2B4_0_multinomial_train1.29	0.17756866686423628	2.5677358028585607e-135	0.5772844254899436	0.11390411215246736	0.13124279549335266
ATP2B4_0_multinomial_train1.30	0.19338766113410172	0.01149596942303995	0.44449579823333885	0.1469887384114225	0.20363183279809688
ATP2B4_0_multinomial_train1.31	0.1781225505164274	0.045424614618353946	0.5384199963163281	0.23803283854889046	1.6325014649026486e-264
ATP2B4_1_multinomial_train1.30	0.0994117750229563	0.03197222746478173	0.868615997512262	4.990118539694956e-194	3.464516484372738e-81
ATP2B4_1_multinomial_train1.31	1.0471424619343656e-241	0.03260627926914619	0.9081730715398504	8.94e-322	0.05922064919100346
ATP2B4_1_multinomial_train1.32	0.03621890679955613	0.0037375438898470097	0.9589417726910995	2.22785534282015e-187	0.0011017766194973745
ATP2B4_0_multinomial_train1.32	0.29937487680118946	2.08e-321	0.5037886453318847	0.11586146360888515	0.08097501425804064
ATP2B4_0_multinomial_train1.33	0.11383937334264935	0.0033199372024443224	0.8231878684527293	0.05954575558851712	0.00010706541366006283
ATP2B4_0_multinomial_train1.34	0.13752823186909874	0.0034438347304373237	0.5781628207598826	0.22117769976531856	0.05968741287526266
ATP2B4_0_multinomial_train1.35	0.26067938115263345	0.015519389593555278	0.6047593852597146	0.11904184399409662	1.021826769892186e-192
ATP2B4_1_multinomial_train1.33	0.005214965660562691	0.05955111211315968	0.9062354747969799	1.0611394327854e-09	0.028998446368158383
ATP2B4_1_multinomial_train1.34	0.12727506544927616	0.09300773744523495	0.6580947186583398	3.570388953053961e-164	0.12162247844714899
ATP2B4_1_multinomial_train1.35	6.002963272152572e-179	0.1254894704433553	0.7653334107547204	1.7680951139325469e-189	0.10917711880192449
ATP2B4_1_multinomial_train1.36	9.956606006308006e-261	0.1435954276875396	0.8074266073691789	1.2259916718614425e-205	0.04897796494328157
ATP2B4_0_multinomial_train1.36	0.21050638745377645	1.606e-321	0.3867905286320523	0.21300614797826073	0.1896969359359104
ATP2B4_0_multinomial_train1.37	0.3370559819997536	1.3255923215409203e-211	0.6093321716327169	0.05361184636752962	6.760859415275604e-60
ATP2B4_1_multinomial_train1.37	1.2e-321	0.11505252881659524	0.7086403969354412	1.546665542995908e-243	0.17630707424796366
ATP2B4_1_multinomial_train1.38	6.079047330493664e-247	0.12412722051143255	0.8758727794885673	4.965373251479633e-204	4.5e-322
ATP2B4_1_multinomial_train1.39	6.391444365389257e-79	0.14024912085736482	0.7518525158970326	1.409804428744706e-205	0.10789836324560242
ATP2B4_1_multinomial_train1.40	9.62346333296025e-55	0.03574615302871426	0.786468059888911	5.408153643792828e-262	0.17778578708237466
ATP2B4_1_multinomial_train1.41	1.6379711080194332e-39	0.090960156724783	0.803279400419706	2.048266193214962e-139	0.105760442855511
ATP2B4_1_multinomial_train1.42	3.79164883720595e-33	0.07580443125350471	0.7001368820443757	1.2e-321	0.22405868670211967
ATP2B4_0_multinomial_train1.38	0.05625614899630832	0.03949272022450612	0.6777526830890223	0.22649844769016333	3.66600104e-315
ATP2B4_0_multinomial_train1.39	0.19542737519086872	0.009927696860307478	0.4976813412420621	0.2228582400543041	0.07410534665245745
ATP2B4_0_multinomial_train1.40	0.06992939818960746	0.0143184956772047	0.6490755265498167	0.14888818720069094	0.11778839238268021
ATP2B4_1_multinomial_train1.43	1.1621577092340049e-206	0.11290714656278862	0.7547652709774799	1.1416249097206022e-119	0.13232758245973142
ATP2B4_0_multinomial_train1.41	0.16479538333808344	3.9378649617178675e-92	0.7198070963495455	0.1153975203123709	2.344299333269702e-221
ATP2B4_0_multinomial_train1.42	0.21289945106646926	1.0390173260956305e-299	0.5176276273123745	0.1321860460331902	0.1372868755879661
ATP2B4_0_multinomial_train1.43	0.10077441927096545	1.93e-321	0.7264093830471176	0.17281619768191694	4.1927439458226204e-47
ATP2B4_0_multinomial_train1.44	0.35006078227898074	0.013150654776550494	0.4739162608536138	0.12190459247917905	0.04096770961167607
ATP2B4_1_multinomial_train1.44	0.018970771345998085	2.8901222933394788e-90	0.9082708576426567	9.341555162004552e-203	0.07275837101134523
ATP2B4_0_multinomial_train1.45	0.21676901345670194	0.011608155009295597	0.5475634567508176	0.1179760844584045	0.10608329032478035
ATP2B4_1_multinomial_train1.45	0.10544540043980012	0.036192293627029255	0.7007174829677807	5.640519237350734e-210	0.1576448229653899
ATP2B4_0_multinomial_train1.46	0.14077943354861086	0.02773273644405429	0.7926433825366587	0.038844447470676176	9.377779318958456e-274
ATP2B4_0_multinomial_train1.47	0.1363911653634211	0.040509467248446014	0.7044406467131121	0.11865872067502098	5.998211063966261e-72
ATP2B4_0_multinomial_train1.48	0.11416475644753808	1.323142175335519e-70	0.7132692739518871	0.17256596960057496	9.603506197419e-87
ATP2B4_1_multinomial_train1.46	0.031185187841923662	0.03977394640268232	0.9081933862321361	0.020847479523257842	2.7e-322
ATP2B4_1_multinomial_train1.47	5.351301798937e-105	0.07699917803005094	0.9230008219699489	3.7531236110405075e-165	2.7035982414759684e-152
ATP2B4_1_multinomial_train1.48	0.03581915611888546	0.12266158527909082	0.6715911520375693	1.060694630779085e-33	0.1699281065644544
PMS1_0_multinomial_train1	0.004320665539695363	0.28821071979787816	0.5428252980016186	0.16464331666080792	9.958612738671212e-58
MSH6_1_multinomial_train1	1.9687907214694987e-179	0.9827045353832695	1.6661916947835897e-234	1.576e-321	0.017295464616730417
MSH6_0_multinomial_train1	3.6701015601290025e-288	0.989582950609223	3.378519981067035e-108	2.3120819954761953e-163	0.01041704939077704
MSH2_0_multinomial_train1	2.503569446501343e-216	0.936628684290453	4.567508247937536e-124	0.06337131570954688	1.3572072500205694e-173
MSH6_0_multinomial_train1.1	2.485e-321	0.9866792694561927	2.337e-321	1.4199710429631788e-257	0.013320730543807262
