Samples	SBS96A	SBS96B	SBS96C	SBS96D	SBS96E
EXO1_0_real_train1	0.8253679481868181	0.02066961479819789	0.022699330007476023	0.11374635560756964	0.017516751399938357
OGG1_0_real_train1	1.0955439413196874e-122	0.017523484659457526	0.07624533615893658	0.10948171415333094	0.7967494650282749
RNF168_0_real_train1	0.7942036422468941	4.621022696664325e-155	0.10813957070170813	0.07176171782631298	0.025895069225084787
UNG_0_real_train1	0.04336839913193284	9.573416396837484e-128	0.0349806209501803	0.8064085200638944	0.1152424598539925
ATP2B4_0_real_train1	0.13523565050086048	4.03341207852153e-24	0.5647039468684992	0.1845995845803956	0.11546081805024463
ATP2B4_1_real_train1	8.336964274493841e-159	0.105549788038988	0.7612392241011454	4.744080553257188e-181	0.13321098785986651
MLH1_0_real_train1	2.5e-321	0.9384947253924346	1.37e-321	0.05896549078583471	0.0025397838217306686
MSH2_0_real_train1	2.065e-321	0.8695252833649995	8.319542455044237e-206	0.12061119787338194	0.009863518761618685
MSH6_0_real_train1	1.052778889492913e-308	0.9444164393235552	6.202899235509588e-199	0.03814957476900724	0.01743398590743752
MSH6_1_real_train1	4.509241055182992e-264	0.9661973795635798	2.349727364473652e-300	0.005889876059031681	0.027912744377388672
PMS1_0_real_train1	3.005422945604821e-225	0.2086255612478134	0.5659446489895488	0.18252436978545425	0.042905419977183744
PMS2_0_real_train1	0.45858522543449964	0.5306611849907801	4.835109154197379e-274	3.06e-322	0.01075358957472023
EXO1_0_dirichlet_train1	0.8210900583900058	9.856535106920047e-134	1.853e-321	0.013785777189791638	0.1651241644202024
RNF168_0_dirichlet_train1	0.7620309389006911	3.903e-321	0.08919338765760998	0.14877567344169906	4.55e-322
RNF168_0_dirichlet_train1.1	0.866029835217069	3.49e-321	1.0072784330957446e-45	9.980190777593519e-278	0.1339701647829311
EXO1_0_dirichlet_train1.1	0.6549390386521761	0.05208697807469516	0.1590217287799182	0.13395225449321058	1.16e-321
RNF168_0_dirichlet_train1.2	0.9115202822242413	6.6e-322	1.0592204408943203e-130	8.15e-322	0.08847971777575869
RNF168_0_dirichlet_train1.3	0.8771844496223823	1.4339903878118103e-301	2.38e-321	0.031106199035947597	0.09170935134167012
RNF168_0_dirichlet_train1.4	0.8805775847399051	1.353e-320	0.09469501082483091	0.004655486513695387	0.020071917921568698
RNF168_0_dirichlet_train1.5	0.7653576046704836	2.3742078095995907e-131	1.05e-321	0.2346423953295164	7.067672240317628e-252
RNF168_0_dirichlet_train1.6	0.6730974241908164	3.36e-322	0.0019465885027432613	0.2583922274023682	0.06656375990407229
RNF168_0_dirichlet_train1.7	0.7851090063213298	0.0843381797819227	0.05594081048374737	2.27e-321	0.07461200341300009
RNF168_0_dirichlet_train1.8	0.8368846327807073	3.1572369657010074e-178	1.823e-321	0.0516405145240264	0.11147485269526632
EXO1_0_dirichlet_train1.2	0.6315043576667764	0.10648064945112533	1.3183378277695347e-263	0.23537253977109945	0.026642453110998922
EXO1_0_dirichlet_train1.3	0.8919787032458615	0.024871169854209917	1.24e-321	0.07844524565596257	0.004704881243965884
RNF168_0_dirichlet_train1.9	0.6813833696551124	1.55e-321	0.05579809391330693	0.12153713803737039	0.14128139839421033
EXO1_0_dirichlet_train1.4	0.6756449962037429	0.022139560200557566	6.820984672991358e-55	0.3022154435956996	1.0132374483919172e-261
EXO1_0_dirichlet_train1.5	0.9219270583238757	4.46e-321	9.8e-322	0.07807294167612408	1.6462749979703593e-16
EXO1_0_dirichlet_train1.6	0.8776311422761278	6.9e-322	8.619134287791908e-242	0.1223688577238722	5.195482600183686e-240
EXO1_0_dirichlet_train1.7	0.7668003573449897	0.23319964265501023	3.053e-321	1.7182966687692242e-47	8.35e-322
EXO1_0_dirichlet_train1.8	0.7760657685312241	0.1361851325728279	1.17e-321	0.0877490988959479	2.87e-322
RNF168_0_dirichlet_train1.10	0.6671444701090946	0.09410947225254984	0.11410725744593048	0.12463880019242504	7.91671713350171e-248
EXO1_0_dirichlet_train1.9	0.6563356850318969	0.1991303033533039	1.332569970236853e-288	0.019747330547757475	0.12478668106704185
RNF168_0_dirichlet_train1.11	0.7526439368146137	0.06703358433775211	0.117576759827506	0.06274571902012828	3.525306731825816e-42
RNF168_0_dirichlet_train1.12	0.7227675131974699	8.9e-322	0.23173621851827633	0.045496268284253655	9.83e-322
EXO1_0_dirichlet_train1.10	0.8998293496560382	0.02084739715960481	0.07932325318435704	2.397770564107024e-280	5.066855288676849e-74
EXO1_0_dirichlet_train1.11	0.7500413236471442	1.255e-321	0.030105428345430674	0.19810976821131113	0.021743479796114157
RNF168_0_dirichlet_train1.13	0.8073502325516393	0.11040804065486072	2.5592544656423857e-134	0.0822417267934998	3.7043685075006255e-83
RNF168_0_dirichlet_train1.14	0.8317018383855115	0.0715812877357888	0.09671687387869984	3.6425147602773086e-260	2.9e-322
RNF168_0_dirichlet_train1.15	0.7369395735176612	9.14e-322	0.11647016304443093	0.14659026343790793	2.96e-322
RNF168_0_dirichlet_train1.16	0.5945596721853319	0.035288864398580935	0.19485978309470783	0.17529168032137946	4.7e-322
EXO1_0_dirichlet_train1.12	0.8370806065369746	2.94e-321	1.875719958910177e-151	0.07420986585154117	0.08870952761148422
RNF168_0_dirichlet_train1.17	0.6603934502936535	0.1925322297049425	0.04255024203122266	2.27e-321	0.10452407797018137
EXO1_0_dirichlet_train1.13	0.9585620734554844	0.006314067197902348	0.03512385934661328	6.041328440803531e-285	2.15e-321
RNF168_0_dirichlet_train1.18	0.8636088070357615	2.495e-321	0.039061174663999554	0.0030416148992233527	0.09428840340101569
EXO1_0_dirichlet_train1.14	0.6697346232858472	0.11989534816730382	0.09727265431249676	0.03068033446799257	0.08241703976635971
RNF168_0_dirichlet_train1.19	0.7035460214839842	0.10920763778153428	0.103706820627014	0.01432556958448145	0.06921395052298619
RNF168_0_dirichlet_train1.20	0.5064788225425642	9.558799748163725e-88	0.06858335184891604	0.27224945340777895	0.15268837220074083
EXO1_0_dirichlet_train1.15	0.5897288203506866	0.10217851071785077	0.03468839069257841	0.2734042782388842	6.37e-322
RNF168_0_dirichlet_train1.21	0.9809536338715092	2.56e-321	4.298469904919053e-83	1.826899478332543e-260	0.019046366128490772
RNF168_0_dirichlet_train1.22	0.7935727190339921	2.13e-321	0.14472094342965586	0.06170633753635204	8.033002791341132e-247
EXO1_0_dirichlet_train1.16	0.9469836117183857	0.02021992081506284	5.645902736460838e-285	1.2737852135412338e-190	0.03279646746655127
EXO1_0_dirichlet_train1.17	0.6770313408556144	0.04571964120065404	6e-322	0.2772490179437316	3e-322
RNF168_0_dirichlet_train1.23	0.8281507491454142	1.206e-321	4.22371448461645e-95	0.10025290425125313	0.07159634660333265
EXO1_0_dirichlet_train1.18	0.7098390176826688	1.2068006534821685e-260	2.7908656800571744e-60	0.23729446556013772	0.05286651675719356
RNF168_0_dirichlet_train1.24	0.7524045459798351	0.018812531681813405	0.08013132113842242	0.11852278374385714	0.030128817456071887
RNF168_0_dirichlet_train1.25	0.7680412579375705	9.5e-322	0.2319587420624295	1.354e-321	2.7845793231110397e-227
RNF168_0_dirichlet_train1.26	0.7308511882535437	0.1091723461378027	2.3014387547024345e-279	0.10788537100633169	0.052091094602321954
RNF168_0_dirichlet_train1.27	0.7169172974038625	0.05988588397906058	0.15475513059918583	0.06844168801789126	3.36e-322
RNF168_0_dirichlet_train1.28	0.6861242673237234	1.457e-321	0.27661436747832047	0.037261365197956184	2.96e-322
EXO1_0_dirichlet_train1.19	0.7270800117237656	0.03955061919716336	0.03370585973678981	0.19966350934228116	1.2e-321
RNF168_0_dirichlet_train1.29	0.9066655637939026	1.067e-321	0.0812788136823823	9.812666796764904e-305	0.012055622523715186
EXO1_0_dirichlet_train1.20	0.6246574339929348	0.22249307371334015	2.34e-321	0.152849492293725	6.87e-322
RNF168_0_dirichlet_train1.30	0.672500917530441	0.0936700586675577	0.21950846209295238	0.014320561709048836	1.4e-322
RNF168_0_dirichlet_train1.31	0.9857884829513006	1.665e-321	0.008431923881831529	1.8e-321	0.0057795931668677865
RNF168_0_dirichlet_train1.32	0.6475567257681136	8.718121680652876e-31	0.23550786867833903	0.11693540555354734	3.270508855712937e-274
RNF168_0_dirichlet_train1.33	0.7629271844541656	9.966645274182843e-106	6.196523275650825e-91	0.17082062698785108	0.06625218855798323
EXO1_0_dirichlet_train1.21	0.6191964958651552	0.02782037886016836	0.2595013383142293	0.041558002353562905	0.05192378460688421
RNF168_0_dirichlet_train1.34	0.7889767105523124	0.1001850082817888	0.11083828116589876	1.863e-321	9.93e-322
EXO1_0_dirichlet_train1.22	0.7742110628942811	0.17232644498018965	3.723939946544676e-101	0.03905064611084974	0.014411846014679467
EXO1_0_dirichlet_train1.23	0.7850708083779425	0.0771692033650372	6.126234624588515e-76	0.13775998825702043	1.02e-321
RNF168_0_dirichlet_train1.35	0.41544039378193187	0.042994666512320756	0.26771639207674797	0.24066889440929926	0.03317965321970009
RNF168_0_dirichlet_train1.36	0.7909133958768942	0.06980683383074715	0.016286358816878566	1.25e-321	0.12299341147548003
EXO1_0_dirichlet_train1.24	0.9977194248491872	6.8e-322	6.962250765241163e-142	3.3533885241819137e-97	0.00228057515081294
RNF168_0_dirichlet_train1.37	0.8891164847505345	0.04234270973209605	0.0425119727855646	1.3534077625314143e-81	0.026028832731804813
EXO1_0_dirichlet_train1.25	0.9974031972448208	2.41e-321	1.433e-321	3.209993640281744e-209	0.0025968027551791202
RNF168_0_dirichlet_train1.38	0.6648154675798859	8.0586408196789e-310	8.896944429894705e-100	0.22449662156601982	0.11068791085409437
EXO1_0_dirichlet_train1.26	0.9751846271193321	9.4e-322	1.58e-321	3.617e-321	0.02481537288066783
EXO1_0_dirichlet_train1.27	0.8170031273128597	3.913e-321	0.07399480171883209	0.10900207096830813	2.37e-322
EXO1_0_dirichlet_train1.28	0.8865286582717385	0.051144667296930305	0.0492713651186767	1.54e-321	0.013055309312654294
EXO1_0_dirichlet_train1.29	0.8339136926413633	2.663e-321	0.08076808436154463	0.0671633342765092	0.01815488872058284
EXO1_0_dirichlet_train1.30	0.9784174208585662	0.01714171335306518	1.9e-321	0.0044408657883685575	1.146e-321
RNF168_0_dirichlet_train1.39	0.46951257334689234	0.3213803871249487	1.823e-321	0.16975075078607027	0.039356288742088484
RNF168_0_dirichlet_train1.40	0.7957057919038371	0.0574957119366495	0.13845877833568687	1.956e-321	0.008339717823826483
EXO1_0_dirichlet_train1.31	0.779759752855488	6.686070609440025e-83	1.403778027740682e-26	0.08601410105295083	0.13422614609156114
EXO1_0_dirichlet_train1.32	0.7090172813847686	0.15622257755799285	7.633603729312847e-24	0.12495557606603988	0.009804564991198816
EXO1_0_dirichlet_train1.33	0.8352395727881896	1.94e-321	8.346906443783054e-89	0.0553050279736879	0.10945539923812252
RNF168_0_dirichlet_train1.41	0.7747389211972642	0.10444881608394761	0.012118460486116183	0.0629008554681309	0.0457929467645412
RNF168_0_dirichlet_train1.42	0.8784796304790606	0.0004053486883603921	0.028219952515372397	0.02814674162656791	0.06474832669063875
EXO1_0_dirichlet_train1.34	0.8073298393752519	0.14443427593676025	4.1366935451960935e-304	0.04823588468798769	3.66e-322
RNF168_0_dirichlet_train1.43	0.9058311181464769	6.67e-322	6.9953235369999075e-242	0.03527116462973156	0.05889771722379156
EXO1_0_dirichlet_train1.35	0.830047630877506	0.046686656250054796	7.296126458176766e-206	0.12326571287243915	2.436e-321
EXO1_0_dirichlet_train1.36	0.6417846918325247	0.004124079324565983	0.27391792470038834	0.05264333655197421	0.027529967590546694
RNF168_0_dirichlet_train1.44	0.7541327623550184	1.0276906518532277e-285	0.22645226106334948	0.019414976581632066	4.55e-322
EXO1_0_dirichlet_train1.37	0.8601314868874143	2.194e-321	6.635953549173291e-18	0.08391278911093963	0.055955724001646036
RNF168_0_dirichlet_train1.45	0.8832890565438918	1.157690212732066e-289	1.734e-321	0.1062472725585691	0.010463670897538985
RNF168_0_dirichlet_train1.46	0.6618475505309318	1.65e-321	0.09706775394726104	0.24108469552180717	4.25e-322
RNF168_0_dirichlet_train1.47	0.7582030684761096	0.06915158231175746	1.12e-321	8.55e-322	0.17264534921213298
RNF168_0_dirichlet_train1.48	0.6978649432437842	1.927e-321	0.23253567371622239	7.8e-322	0.06959938303999334
RNF168_0_dirichlet_train1.49	0.97377122361473	1.606e-321	4.7963161882587115e-194	0.02622877638526986	1.74e-321
RNF168_0_dirichlet_train1.50	0.6855495835425661	0.08902423878103803	0.11802022578229174	0.10740595189410418	2.2e-322
EXO1_0_dirichlet_train1.38	0.609683031715295	1.956e-321	0.12574830906889237	0.16554374756639922	0.09902491164941327
RNF168_0_dirichlet_train1.51	0.6811140039597514	0.15651224270227396	0.034710605214626815	0.010008653197197482	0.11765449492615046
RNF168_0_dirichlet_train1.52	0.33391586535829876	0.30810984293691684	0.027408536789754495	0.10540674016714786	0.2251590147478821
EXO1_0_dirichlet_train1.39	0.9999999999999998	6.51762736280736e-17	1.57e-321	2.073463811025388e-67	3.5e-322
EXO1_0_dirichlet_train1.40	0.985151976233204	4.007e-321	1.566e-321	1.73338294155802e-69	0.014848023766795938
RNF168_0_dirichlet_train1.53	0.9154987003317341	3.36e-322	0.03432559208231448	1.6136107733930904e-112	0.050175707585951516
EXO1_0_dirichlet_train1.41	0.8399356371856866	3.7425066473911155e-238	0.012002371639294364	0.07497403808167319	0.07308795309334587
EXO1_0_dirichlet_train1.42	0.8327406297173412	0.09917218140951631	1.71e-321	1.3713003849366271e-112	0.06808718887314238
RNF168_0_dirichlet_train1.54	0.3592542132500231	3.06e-322	0.3943529961564758	0.2463927905935011	3.6e-322
OGG1_0_dirichlet_train1	5.3725163402921014e-219	3.523e-321	0.22051106185121996	0.08110215091284491	0.6983867872359351
UNG_0_dirichlet_train1	0.05382574553088378	0.02707594656507143	0.12474132064799422	0.772864868070167	0.021492119185883656
UNG_0_dirichlet_train1.1	0.05114452692432927	8.485061768036786e-28	1.518514675705965e-170	0.7922705526873401	0.15658492038833047
UNG_0_dirichlet_train1.2	1.1077680454550992e-213	1.206e-321	0.2368286714272478	0.7117749694032561	0.051396359169496066
OGG1_0_dirichlet_train1.1	3.583928526526512e-43	1.47e-321	0.593554256615594	1.13e-321	0.406445743384406
UNG_0_dirichlet_train1.3	0.05795328317130933	0.04391844297837508	0.20533097640809234	0.6455752551397346	0.047222042302488776
OGG1_0_dirichlet_train1.2	0.039576591914287626	2.12e-321	0.13948456117418845	0.052600733175884214	0.7683381137356398
OGG1_0_dirichlet_train1.3	0.032596528450811825	2.90229009233627e-256	0.24422338742474176	0.10114944552201201	0.6220306386024343
UNG_0_dirichlet_train1.4	0.03584024432314616	1.63e-321	0.32526608359208836	0.5669814464344527	0.07191222565031276
UNG_0_dirichlet_train1.5	1.853e-321	4.64e-322	0.3687741657605794	0.5572070264898042	0.07401880774961622
OGG1_0_dirichlet_train1.4	7.36e-322	1.275e-321	0.0898809663475075	0.03771885337812922	0.8724001802743633
OGG1_0_dirichlet_train1.5	2.19e-321	0.004566481551691204	0.2414619803034809	0.03251415036739009	0.7214573877774377
UNG_0_dirichlet_train1.6	0.1429286137693217	0.04168125814679005	7.95e-322	0.7042878918888409	0.1111022361950474
UNG_0_dirichlet_train1.7	3.04e-321	2.404020879079739e-08	0.1335127215158497	0.7984644496997065	0.06802280474423503
UNG_0_dirichlet_train1.8	2.604e-321	0.06693653347838023	5.956566842782842e-308	0.7118379350165093	0.22122553150511048
OGG1_0_dirichlet_train1.6	1.2213e-320	1.0102793532598817e-298	0.06889574062594304	4.477184172186276e-51	0.931104259374057
UNG_0_dirichlet_train1.9	1.080148048652363e-199	1.744e-321	4.089879115419091e-220	0.9050964589395382	0.09490354106046169
OGG1_0_dirichlet_train1.7	1.3238807184773327e-229	8.116775228139185e-164	0.46702739813243266	0.009271966756213128	0.5237006351113543
UNG_0_dirichlet_train1.10	0.03879768643628482	0.03456717126284755	5.265445791737084e-50	0.7965013510926532	0.13013379120821444
OGG1_0_dirichlet_train1.8	1.606e-321	0.06484768250297637	0.004956503369061093	0.11263677573782817	0.8175590383901346
UNG_0_dirichlet_train1.11	3.29e-321	1.48e-321	5.257222798248925e-241	0.8609314701218556	0.13906852987814441
OGG1_0_dirichlet_train1.9	0.10331590188854532	0.10422970577824123	1.5799914498912187e-57	1.2063877708911815e-98	0.7924543923332135
OGG1_0_dirichlet_train1.10	0.02676277984612575	0.0292695161187298	1.42099457538654e-291	2.2271081342377228e-268	0.9439677040351446
OGG1_0_dirichlet_train1.11	5.905148608171319e-36	0.14960110695523984	0.32781571453482455	1.820984364909578e-134	0.5225831785099355
UNG_0_dirichlet_train1.12	0.1476405687691142	2.97e-321	1.097e-321	0.6761432999340535	0.1762161312968322
UNG_0_dirichlet_train1.13	0.1161681923334086	3.253183843086535e-279	0.05816543293442884	0.7441956309503835	0.08147074378177913
UNG_0_dirichlet_train1.14	0.001997533767290444	1.665e-321	0.041897675578558766	0.8517933666566447	0.10431142399750627
OGG1_0_dirichlet_train1.12	0.12048148329641178	7.56e-322	3.358223819369822e-132	0.10567426000984215	0.773844256693746
OGG1_0_dirichlet_train1.13	5.548365444666194e-89	0.03477851786448647	7.156176206189901e-71	0.07185543327427651	0.8933660488612368
UNG_0_dirichlet_train1.15	1.06e-321	9.5e-322	0.19206728830201097	0.7883684775572399	0.019564234140749148
UNG_0_dirichlet_train1.16	1.6483160755291403e-169	0.1812081009210669	0.19291419408876884	0.6258777049901643	1.304e-321
UNG_0_dirichlet_train1.17	6.162240260032466e-264	0.08964558560809785	5.469283110858992e-250	0.6302558533644907	0.28009856102741126
OGG1_0_dirichlet_train1.14	1.5583632030168556e-198	0.10561684697515039	6.597764888711095e-42	0.28591960864837457	0.6084635443764752
UNG_0_dirichlet_train1.18	0.018761825284091503	1.96e-321	0.3127829179750924	0.6684552567408162	6.228851300497996e-252
OGG1_0_dirichlet_train1.15	1.735628399571742e-232	1.383e-321	0.3664713705912346	0.04367994322733856	0.5898486861814268
UNG_0_dirichlet_train1.19	7.231118205502107e-236	0.23558638101082588	1.0534883694141014e-171	0.6948406930878757	0.06957292590129838
OGG1_0_dirichlet_train1.16	0.03083103297207273	2.194e-321	0.36431621144551063	0.05153504345332027	0.5533177121290964
UNG_0_dirichlet_train1.20	0.07277483625866987	0.0993910604174981	1.01e-321	0.6554588925460219	0.17237521077781012
UNG_0_dirichlet_train1.21	1.1762330841559422e-261	0.1692189891877972	0.289734332673455	0.45889969166959876	0.08214698646914916
OGG1_0_dirichlet_train1.17	1.784e-321	0.028802616181992126	0.40411187524808	0.17448888135344515	0.39259662721648275
UNG_0_dirichlet_train1.22	1.48e-321	3.3407020770118384e-91	0.11677885578499235	0.8832211442150075	3.46e-322
UNG_0_dirichlet_train1.23	6.97e-322	0.3546296716230794	9.14e-322	0.561925198104253	0.08344513027266766
UNG_0_dirichlet_train1.24	0.010315683315183634	0.0089078808260463	1.7577642319219135e-76	0.8195943634629583	0.1611820723958117
OGG1_0_dirichlet_train1.18	0.06171074324716607	2.777e-321	4.0169614783950954e-193	0.10161365392682538	0.8366756028260086
UNG_0_dirichlet_train1.25	0.07465982440453559	0.10943597864561797	0.13328798626578411	0.6826162106840624	2.8e-322
OGG1_0_dirichlet_train1.19	1.9251673463063973e-229	0.10027767341904945	0.036193358377147045	0.08012925480750717	0.7833997133962963
UNG_0_dirichlet_train1.26	0.09286927647549591	0.046920024678102246	0.10262683753872488	0.6931561471217522	0.06442771418592487
OGG1_0_dirichlet_train1.20	1.2217425815431546e-24	1.947e-321	9.867207712991136e-163	0.14998832035812498	0.8500116796418751
UNG_0_dirichlet_train1.27	2.164e-321	0.12464562667265125	1.1239096478228106e-304	0.7773581791441694	0.09799619418317954
OGG1_0_dirichlet_train1.21	0.13111333555374116	0.08790869848442232	1.1643184412297314e-108	5.969658872334378e-83	0.7809779659618366
OGG1_0_dirichlet_train1.22	0.13340968975902637	0.05104184763849324	0.0032933358942838727	0.02941342804588206	0.7828416986623146
UNG_0_dirichlet_train1.28	0.07028109365180378	0.11866198835311821	3.166868550746667e-150	0.651858545011067	0.15919837298401096
UNG_0_dirichlet_train1.29	2.388508202e-314	9.14e-322	0.01975873326952731	0.7363822376858532	0.24385902904461956
OGG1_0_dirichlet_train1.23	0.005040478093465395	1.6e-320	0.1332845518110958	0.07607494428655903	0.7856000258088798
OGG1_0_dirichlet_train1.24	1.2577367757234127e-125	0.0742568830553985	0.35001199080946255	1.09e-321	0.575731126135139
OGG1_0_dirichlet_train1.25	4.0132151842425176e-223	1.9e-321	1.6234505996e-314	0.15917457206976485	0.8408254279302352
OGG1_0_dirichlet_train1.26	1.5711578253209722e-39	0.14878528327341128	1.7273340054957429e-102	0.09908469247234783	0.7521300242542408
UNG_0_dirichlet_train1.30	1.2057420082684156e-67	9.34e-322	0.26296017316073916	0.7370398268392608	6.57e-322
OGG1_0_dirichlet_train1.27	5.109605423254371e-112	7.178300150013096e-28	0.04983550845984382	0.023340659750996116	0.9268238317891601
OGG1_0_dirichlet_train1.28	0.16344742288872433	1.354e-321	1.836339468333168e-06	0.20650845254313488	0.6300422882286724
UNG_0_dirichlet_train1.31	1.4599986460665561e-66	0.11300624596344513	0.24619152920715606	0.6408022248293989	1.24e-322
UNG_0_dirichlet_train1.32	0.012712940605874235	1.383e-321	0.04893116400358739	0.8454928420994221	0.09286305329111633
UNG_0_dirichlet_train1.33	3.263324507047674e-157	1.517e-321	0.05415441322801026	0.7858705091586885	0.15997507761330113
OGG1_0_dirichlet_train1.29	0.16839811684062628	0.09182222587523046	1.15714383330509e-90	0.15973026569042922	0.580049391593714
OGG1_0_dirichlet_train1.30	1.67e-321	9.7e-322	0.4582549168362662	1.388165858445552e-86	0.5417450831637338
UNG_0_dirichlet_train1.34	0.09705420679353469	0.168468587200876	0.1880196702510375	0.4716884594150911	0.07476907633946069
OGG1_0_dirichlet_train1.31	0.014146483648927462	0.004702360492857853	0.2827424980617509	0.18618069509308174	0.5122279627033821
UNG_0_dirichlet_train1.35	1.0700349647121848e-158	0.10892575724605327	3.175200479234028e-181	0.6222305527117277	0.26884369004221903
UNG_0_dirichlet_train1.36	0.06570287160713358	2.01e-321	0.03527558671468382	0.8444898456638222	0.0545316960143604
UNG_0_dirichlet_train1.37	0.010634509242249375	0.12701640739738257	0.28062391505835216	0.5714304806858237	0.010294687616192117
OGG1_0_dirichlet_train1.32	8.028137454999662e-210	0.11879708952944774	0.33786877846983177	8.239539350700525e-196	0.5433341320007204
UNG_0_dirichlet_train1.38	0.005996917486049203	1.27e-321	4.55e-322	0.8977166801176686	0.09628640239628204
OGG1_0_dirichlet_train1.33	7.24864688869735e-280	2.806e-321	0.4570815304532756	0.004746424706626906	0.5381720448400975
OGG1_0_dirichlet_train1.34	0.07749247220334644	0.08262154715158838	0.07235314298864019	0.07135669251222951	0.6961761451441953
OGG1_0_dirichlet_train1.35	0.1334467912603481	0.006253540724356563	3.3200430248335653e-97	0.049108128834773404	0.8111915391805218
OGG1_0_dirichlet_train1.36	3.106296975507116e-116	3.335e-321	0.0006052758868390054	0.0648323914177129	0.934562332695448
OGG1_0_dirichlet_train1.37	0.07924903150162539	0.051470123732188136	0.17808198678874784	0.03326247160690083	0.6579363863705376
OGG1_0_dirichlet_train1.38	6.301766612093306e-55	1.9953651354555462e-32	2.128723193522196e-238	0.091988889209254	0.9080111107907461
UNG_0_dirichlet_train1.39	3.695828401078773e-37	0.06040541680933907	5.34e-322	0.7875229009836345	0.15207168220702638
OGG1_0_dirichlet_train1.39	0.010745637020855904	4.195e-321	8.827733930286709e-192	0.1314157761925273	0.8578385867866167
UNG_0_dirichlet_train1.40	2.964e-321	8.032539317183822e-126	6.5e-322	0.8014356579056993	0.19856434209430085
OGG1_0_dirichlet_train1.40	7.837292709674831e-29	1.29e-321	2.4188688858451414e-184	0.06867769989354892	0.931322300106451
OGG1_0_dirichlet_train1.41	4.016858402479087e-122	0.06500885355952196	4.814984768997486e-108	0.035907534910655035	0.8990836115298231
UNG_0_dirichlet_train1.41	0.010870095039722135	0.17595115235068368	1.02e-321	0.7608732022273984	0.052305550382195795
OGG1_0_dirichlet_train1.42	6.339720126718131e-239	0.11240969461559247	0.07404389387741361	0.1635734283350437	0.6499729831719503
UNG_0_dirichlet_train1.42	0.01778858378327644	1.4053662148329455e-155	0.2418927464803284	0.6196171232399165	0.12070154649647868
OGG1_0_dirichlet_train1.43	1.3593908984211787e-81	0.016266288270451488	1.586512794652217e-11	1.0609059609745227e-185	0.9837337117136833
OGG1_0_dirichlet_train1.44	3.85930295394478e-124	0.032967232841595216	0.4649561527020966	6.162168495375396e-136	0.5020766144563081
OGG1_0_dirichlet_train1.45	1.1661218509823974e-244	4.197061029544822e-202	0.5486789525157704	6.1462599261434235e-286	0.4513210474842295
OGG1_0_dirichlet_train1.46	0.19006333682233867	0.017296055722971767	3.28738207566657e-187	0.13677033868435953	0.6558702687703301
UNG_0_dirichlet_train1.43	3.325e-321	0.20427914454817622	9.2e-322	0.5148294129647855	0.28089144248703835
OGG1_0_dirichlet_train1.47	1.446794703029543e-219	3.775e-321	0.36612320502071766	0.021194944275110747	0.6126818507041716
OGG1_0_dirichlet_train1.48	9.73e-322	0.02257921652725062	0.2686334147240981	0.14413532330821324	0.5646520454404381
OGG1_0_dirichlet_train1.49	0.13634112254986924	0.020776371960501364	0.287178272255512	7.90257178471481e-54	0.5557042332341171
OGG1_0_dirichlet_train1.50	0.012600762735160498	0.023970248251479837	1.4076733759246194e-48	0.11882742423834343	0.844601564775016
UNG_0_dirichlet_train1.44	2.0065350325215797e-44	0.08789272729740777	8.102690324690324e-35	0.7454691081566003	0.1666381645459919
OGG1_0_dirichlet_train1.51	0.09660433115496087	1.1991168702219561e-13	9.775608814893451e-119	0.005777000062115898	0.8976186687828034
OGG1_0_dirichlet_train1.52	1.49e-321	0.13773788146611055	0.11564955228241597	1.576e-321	0.7466125662514735
ATP2B4_0_dirichlet_train1	0.2806747343596982	0.10811314209060909	0.30732570367617507	0.14383562719572693	0.16005079267779077
ATP2B4_1_dirichlet_train1	0.0520124477940357	0.2051084081778768	0.23138429427699914	9.58228334681378e-44	0.5114948497510885
ATP2B4_0_dirichlet_train1.1	0.045251124477868575	1.7372723571417084e-249	0.7732572947722473	0.18149158074988417	2.1602683456545367e-56
ATP2B4_1_dirichlet_train1.1	0.003204992029397627	0.12916665210477135	0.733646418893662	4.552838770175507e-127	0.1339819369721689
ATP2B4_1_dirichlet_train1.2	0.1174354274657654	0.17315333600796898	0.7079550149457444	6.809754810845533e-122	0.0014562215805211777
ATP2B4_1_dirichlet_train1.3	1.097e-321	1.799105856225604e-133	0.7375224622196144	0.15970965007249274	0.10276788770789287
ATP2B4_0_dirichlet_train1.2	0.37673033910427833	2.87e-321	0.4573496363034457	0.15103478073211468	0.014885243860161214
ATP2B4_1_dirichlet_train1.4	8.875572357106237e-117	0.30894033678455546	0.5853675453281223	3.4181660436542446e-135	0.10569211788732226
ATP2B4_0_dirichlet_train1.3	0.16192579831440573	0.005064000912673118	0.6732304149118408	0.15977978586108033	2.7e-322
ATP2B4_0_dirichlet_train1.4	0.06423686356941041	0.054090436719371394	0.19833174376269444	0.4647415791484538	0.21859937680006994
ATP2B4_0_dirichlet_train1.5	0.15802544759058476	0.031846123745618585	0.4123763280344669	0.2183604681862683	0.17939163244306158
ATP2B4_0_dirichlet_train1.6	0.09423855299421646	0.08389014662085442	0.7178455073353254	0.02470395667189712	0.07932183637770672
ATP2B4_1_dirichlet_train1.5	0.027318267546912835	1.13e-321	0.8720919880237501	0.08708197429285927	0.013507770136477646
ATP2B4_0_dirichlet_train1.7	0.06764002431494628	0.21213576237535095	0.40822849032698294	0.3119957229827197	8.06992873556769e-83
ATP2B4_1_dirichlet_train1.6	1.117e-321	0.2641926224482012	0.6395062063426509	4.1e-322	0.09630117120914788
ATP2B4_1_dirichlet_train1.7	0.05809606803009308	0.10292388910076761	0.8389800428691392	6.427378460377912e-45	3.56e-322
ATP2B4_1_dirichlet_train1.8	0.10855435675733328	7.32351295156641e-28	0.554688567248778	5.472055532867204e-261	0.33675707599388854
ATP2B4_1_dirichlet_train1.9	1.6597153055944508e-180	0.13001161726752955	0.5176016143443788	0.26871153096017353	0.083675237427918
ATP2B4_1_dirichlet_train1.10	4.934690639807921e-95	0.19376960311703134	0.5435310467583403	0.02310373985930028	0.2395956102653282
ATP2B4_1_dirichlet_train1.11	2.5568857344360357e-38	0.12903408740048705	0.687295404665795	1.354e-321	0.18367050793371803
ATP2B4_1_dirichlet_train1.12	1.12e-321	1.4908873864156484e-186	0.8059198356699626	1.4779336849475255e-95	0.19408016433003744
ATP2B4_1_dirichlet_train1.13	0.19562393666236338	2.4839448602768975e-257	0.8043760633376367	6.5e-322	3.225241233159973e-68
ATP2B4_0_dirichlet_train1.8	0.14510168938352494	0.04058445497153912	0.20315750365008806	0.3978970847236243	0.21325926727122366
ATP2B4_1_dirichlet_train1.14	1.0608147501904906e-148	0.013864430530134324	0.8280575020012025	3.8209835048544277e-299	0.15807806746866312
ATP2B4_1_dirichlet_train1.15	0.04374464348336552	0.16869804282844064	0.748970240565908	1.245e-321	0.03858707312228575
ATP2B4_0_dirichlet_train1.9	0.21599650606038145	0.11238514197355583	0.27460078735473625	0.17189936892030355	0.22511819569102293
ATP2B4_0_dirichlet_train1.10	0.07342442189137698	1.72e-321	0.6197981278105147	0.16409519974459535	0.14268225055351305
ATP2B4_0_dirichlet_train1.11	0.19827257820344335	0.05723068808845466	0.3323007466793265	0.20477108586924336	0.20742490115953202
ATP2B4_1_dirichlet_train1.16	0.10853006389212616	0.23303857420269855	0.6584313619051753	6.13e-322	3.06e-322
ATP2B4_0_dirichlet_train1.12	0.2802863319210976	1.255e-321	0.6004698492030183	0.012898450206465266	0.10634536866941881
ATP2B4_0_dirichlet_train1.13	0.23370263499427707	0.03424000924790337	0.5689641974737263	0.14520586391474752	0.0178872943693458
ATP2B4_0_dirichlet_train1.14	0.3199733318334558	8.45e-322	0.48239019964013363	0.1976364685264107	2.042618840782571e-42
ATP2B4_0_dirichlet_train1.15	0.28285282992469357	1.08e-321	0.5659021437047691	0.10233025612234722	0.048914770248190055
ATP2B4_1_dirichlet_train1.17	0.13221639567949695	0.13842462566360636	0.4368045900513854	0.006222852515044653	0.28633153609046663
ATP2B4_1_dirichlet_train1.18	1.013e-321	1.334e-321	0.8655697007489046	2.841449987671e-311	0.1344302992510954
ATP2B4_1_dirichlet_train1.19	1.635e-321	0.014419617991134477	0.9855803820088657	4.513266861362616e-27	2.3e-322
ATP2B4_1_dirichlet_train1.20	0.15709663778897467	0.14749390848561386	0.6026088704548764	0.09280058327053503	4.9e-322
ATP2B4_0_dirichlet_train1.16	0.11523079170766402	2.9586808993815185e-64	0.884769208292336	2.337148258380386e-60	1.3573036720067128e-212
ATP2B4_1_dirichlet_train1.21	2.4195025086207654e-267	0.04440009225227369	0.874924419667434	0.08067548808029225	2.5e-322
ATP2B4_1_dirichlet_train1.22	0.0984027049653607	0.020535595698581193	0.873171783012205	1.324e-321	0.00788991632385324
ATP2B4_0_dirichlet_train1.17	0.06017958009067916	1.907e-321	0.6209983124523035	0.22358871878633457	0.09523338867068293
ATP2B4_0_dirichlet_train1.18	0.050881937802912745	2.524421576441389e-193	0.4652806415446924	0.48383742065239477	3.4e-322
ATP2B4_1_dirichlet_train1.23	1.937e-321	0.1505682403792668	0.8494317596207333	1.126e-321	8.784162172089126e-27
ATP2B4_1_dirichlet_train1.24	0.06374240630150742	0.11243873263863738	0.3838856175368311	0.02661275822742247	0.4133204852956016
ATP2B4_0_dirichlet_train1.19	0.30477281234776377	9.83e-322	0.3307874635015484	0.2470313257305826	0.11740839842010523
ATP2B4_1_dirichlet_train1.25	0.14922153794736417	2.643e-321	0.548606908282905	0.10134070237991691	0.20083085138981377
ATP2B4_0_dirichlet_train1.20	0.25764233272297815	2.554e-321	0.35364360480710144	0.28984916166068103	0.09886490080923939
ATP2B4_0_dirichlet_train1.21	4.0458488814207546e-41	0.08909368159122656	0.3821976330414487	0.3096714842723482	0.21903720109497637
ATP2B4_0_dirichlet_train1.22	0.3173235243074985	1.56951822801826e-308	0.4964320588541893	0.05739271792766834	0.12885169891064388
ATP2B4_0_dirichlet_train1.23	0.23722759014978417	0.20149365297192476	0.5404997557089117	8.132347443277496e-115	0.020779001169379318
ATP2B4_0_dirichlet_train1.24	0.24185254052669297	2.07e-321	0.36404359660862773	0.1392925102865476	0.25481135257813176
ATP2B4_1_dirichlet_train1.26	1.136e-321	0.1687398857909273	0.6654637012909366	0.16579641291813593	3.85e-322
ATP2B4_0_dirichlet_train1.25	0.21510245084339408	0.03714382990817887	0.41517475308500396	0.19148262920024642	0.14109633696317667
ATP2B4_1_dirichlet_train1.27	1.3623579029418886e-84	2.544e-321	0.9532098962122217	1.02e-321	0.04679010378777817
ATP2B4_0_dirichlet_train1.26	0.1820667532812537	0.07830043162032517	0.6736916792353922	0.03942694912972581	0.026514186733302962
ATP2B4_1_dirichlet_train1.28	0.06628343669432316	0.017767156862642325	0.91519957152929	8.4e-322	0.0007498349137445479
ATP2B4_0_dirichlet_train1.27	4.69310810582456e-143	0.02807655632010269	0.6446838718892804	0.32723957179061686	3e-322
ATP2B4_1_dirichlet_train1.29	2.0099377474865136e-09	0.11707268167706052	0.704990915146565	5.8547778378017376e-269	0.1779364011664366
ATP2B4_0_dirichlet_train1.28	1.24e-321	1.077e-321	0.9000798035150702	8.45e-322	0.09992019648492967
ATP2B4_0_dirichlet_train1.29	1.251309200595997e-17	8.15e-322	0.8443409515282743	0.050565031826257836	0.10509401664546796
ATP2B4_0_dirichlet_train1.30	0.24096413185610766	2.39e-321	0.42231608642469864	0.24192951383982816	0.09479026787936562
ATP2B4_0_dirichlet_train1.31	0.2736675673498785	8.623117133232414e-295	0.149737691979638	0.38640757742459986	0.1901871632458837
ATP2B4_1_dirichlet_train1.30	0.030192661861941344	0.105829147789139	0.8639781903489195	2.8609522666358777e-289	9.229742257930072e-63
ATP2B4_1_dirichlet_train1.31	0.21396237774724758	0.10492915273044162	0.5006943071866832	2.0933446092532652e-89	0.1804141623356277
ATP2B4_1_dirichlet_train1.32	1.7117864108130306e-255	0.0022340646599228954	0.7382949934476801	0.019815547264549708	0.23965539462784735
ATP2B4_0_dirichlet_train1.32	0.03037617743734438	0.1404869842833318	0.8291368382793237	7.8674959018951e-91	5.1322003076422193e-253
ATP2B4_0_dirichlet_train1.33	0.009796541582051715	0.023444161508128662	0.6275381230525072	0.20876482085157275	0.13045635300573966
ATP2B4_0_dirichlet_train1.34	0.1972752067297256	0.1676266535148309	0.5808745016386252	0.054223638116818254	3e-322
ATP2B4_0_dirichlet_train1.35	1.61e-321	0.03710563430106367	0.7586981478112851	0.07241339311844196	0.13178282476920913
ATP2B4_1_dirichlet_train1.33	0.037396380674854277	0.10754230584790395	0.8550613134772417	8.4e-322	5.4e-322
ATP2B4_1_dirichlet_train1.34	1.606e-321	0.0652710428404421	0.7332893012590629	1.26e-321	0.20143965590049492
ATP2B4_1_dirichlet_train1.35	3.908117437130966e-232	0.13841985100658188	0.8615801489934183	1.17e-321	3.66e-322
ATP2B4_1_dirichlet_train1.36	1.17e-321	0.01699437207187484	0.8493163410056728	1.01254214e-316	0.13368928692245258
ATP2B4_0_dirichlet_train1.36	0.19520999028212366	0.06241578123275242	0.6235674826921689	0.11880674579295503	3.6e-322
ATP2B4_0_dirichlet_train1.37	0.001689167166507604	1.68e-321	0.6855591089132238	0.31275172392026857	3.924162740921374e-168
ATP2B4_1_dirichlet_train1.37	1.3391830450446015e-122	0.19224282022787542	0.6256113351531524	2.2816704085511793e-278	0.18214584461897235
ATP2B4_1_dirichlet_train1.38	1.606e-321	0.10046353304865799	0.7233798236697865	7e-322	0.1761566432815555
ATP2B4_1_dirichlet_train1.39	7.511890693310216e-306	0.13253193984178493	0.8506573146225307	0.016192241962603555	0.0006185035730807513
ATP2B4_1_dirichlet_train1.40	5.73e-322	0.23775116614091077	0.7460262120357872	5.63e-322	0.01622262182330217
ATP2B4_1_dirichlet_train1.41	6.78267647678657e-174	0.16296053090041457	0.695307577453478	6.3e-322	0.1417318916461075
ATP2B4_1_dirichlet_train1.42	0.0037641974714014833	0.07663967167397572	0.6387219106857871	1.4284224709794528e-156	0.2808742201688359
ATP2B4_0_dirichlet_train1.38	0.20368486587943485	1.4088201490581693e-183	0.7768530451247098	3.0055216341545604e-194	0.019462088995855345
ATP2B4_0_dirichlet_train1.39	0.2439375693979824	1.22e-321	0.5174323354212107	0.023813482160195625	0.21481661302061128
ATP2B4_0_dirichlet_train1.40	0.1877858141958401	6.525289209691916e-135	0.623020693327344	0.18919349247681588	4.737807783828187e-249
ATP2B4_1_dirichlet_train1.43	1.84e-321	0.023885984903260906	0.8437163190832623	0.13239769601347698	3.8e-322
ATP2B4_0_dirichlet_train1.41	6.992615980732995e-89	0.06191846892204492	0.5087253037158584	0.09384874726469476	0.3355074800974019
ATP2B4_0_dirichlet_train1.42	0.19010846052553845	1.96e-321	0.540983695868398	0.1800572559270314	0.0888505876790323
ATP2B4_0_dirichlet_train1.43	0.2345570302965666	0.025351032732209292	0.519763142573578	0.06978395165523768	0.15054484274240837
ATP2B4_0_dirichlet_train1.44	2.01e-321	0.04427902025078579	0.5713127941328394	0.29937795317352706	0.08503023244284758
ATP2B4_1_dirichlet_train1.44	0.1738725763335747	9.675583452335996e-256	0.753052618428152	7.186161025040862e-223	0.07307480523827324
ATP2B4_0_dirichlet_train1.45	0.31556126332452444	1.540859349300999e-53	0.3492632248730053	0.10870076838705782	0.22647474341541252
ATP2B4_1_dirichlet_train1.45	0.11647366641526216	0.1278612546338745	0.43707075800049267	7.5e-322	0.3185943209503707
ATP2B4_0_dirichlet_train1.46	0.2858540211383487	9.73e-322	0.5463764620276418	0.16776951683400954	6.991795839956889e-255
ATP2B4_0_dirichlet_train1.47	0.03445802844076694	0.0562196343092054	0.26642180352338407	0.426971434664257	0.2159290990623865
ATP2B4_0_dirichlet_train1.48	0.1949571105029695	5.6e-322	0.7348797746713858	0.07016311482564473	1.5165387756922875e-196
ATP2B4_1_dirichlet_train1.46	0.03070776839647831	0.27627521252947124	0.5257557391819057	0.0012361707731178898	0.16602510911902696
ATP2B4_1_dirichlet_train1.47	2.7378816205452775e-288	0.10391656020878955	0.8784399366225121	0.017643503168698425	1.43e-322
ATP2B4_1_dirichlet_train1.48	0.17836201999293833	8.35e-322	0.7387449978703368	6.8e-322	0.08289298213672491
PMS1_0_dirichlet_train1	1.32e-321	0.33709009764459685	0.5325221648756009	9.543852923805139e-26	0.13038773747980223
MSH6_1_dirichlet_train1	0.08925793291375954	0.8816341353507351	5.2e-322	5.488307923429582e-145	0.02910793173550539
MSH6_0_dirichlet_train1	1.507e-321	0.840773041442102	1.947e-321	0.1592269585578981	1.27e-321
MSH2_0_dirichlet_train1	5.2e-322	0.7679113349944131	1.777522505191112e-279	0.2150973079114946	0.01699135709409237
MSH6_0_dirichlet_train1.1	9.382110209081833e-275	0.911717279015962	1.734e-321	0.07355092706069592	0.014731793923341941
MLH1_0_dirichlet_train1	9.93e-322	0.90472326442713	7.9e-322	0.07289331854812608	0.02238341702474377
MSH6_1_dirichlet_train1.1	2.13e-321	0.9624891099460421	7.161787022034969e-26	1.160122865638093e-257	0.03751089005395802
MLH1_0_dirichlet_train1.1	0.12458862332252227	0.8754113766774777	2.6e-322	8.25e-322	3.2e-322
PMS1_0_dirichlet_train1.1	1.19e-321	0.15457510856777495	0.7222309208505651	0.12319397058165997	3.8e-322
PMS1_0_dirichlet_train1.2	0.10043816488535566	0.0023381271429415164	0.49359536945822624	0.336341848755234	0.06728648975824247
MSH6_1_dirichlet_train1.2	1.156e-321	0.9763107867279294	9.7e-322	6.13e-322	0.023689213272070655
MSH6_1_dirichlet_train1.3	8.878828239341868e-141	0.7998571226916384	6.214961917768859e-220	0.2001428773083617	1.383e-321
PMS1_0_dirichlet_train1.3	0.021045225070532195	0.28030898885987	0.3630542054208785	0.2440142406654136	0.0915773399833057
PMS1_0_dirichlet_train1.4	0.12299100622692279	0.1614401013743167	0.08474116410298524	0.4219021130892091	0.2089256152065661
PMS2_0_dirichlet_train1	0.5036678414310969	0.4963321585689031	3.53e-321	8.25e-322	3.204325554272933e-176
MSH6_1_dirichlet_train1.4	0.1830164396449058	0.7389598697334903	0.01849115793723217	0.03666894796602788	0.02286358471834385
MSH6_0_dirichlet_train1.2	3.606085065794259e-161	0.955136046882733	0.02092597566622193	0.02393797745104496	1.33e-321
PMS1_0_dirichlet_train1.5	9.1e-322	0.07793953859423221	0.7614747030598775	0.16058575834589012	5.583925146277702e-99
PMS1_0_dirichlet_train1.6	9.93e-322	0.14324127994205904	0.5900128331807228	0.2667458868772182	2.57e-322
PMS1_0_dirichlet_train1.7	0.05672248271522542	0.20501095678638787	0.5786965897966077	0.1595699707017791	7.86e-322
MSH6_1_dirichlet_train1.5	0.2669476194798217	0.700068627662817	1.255e-321	1.235e-321	0.03298375285736134
MLH1_0_dirichlet_train1.2	1.206e-321	0.874978230252546	5.04e-322	0.125021769747454	3.3e-322
PMS1_0_dirichlet_train1.8	0.12602422062559226	0.2711685071433584	0.18049063505664095	2.4500030959581874e-190	0.42231663717440837
PMS1_0_dirichlet_train1.9	5.020923462798253e-201	0.33308930156038635	0.4719019045761681	0.1950087938634456	4.4e-322
MLH1_0_dirichlet_train1.3	2.416e-321	1.0	3.26e-322	2.4e-322	4.35e-322
MSH2_0_dirichlet_train1.1	0.022327998600397046	0.977672001399603	7.8e-322	5.6232365702951065e-53	1.033e-321
