Samples	SBS96A	SBS96B	SBS96C	SBS96D	SBS96E
EXO1_0_real_train1	0.8245228296940332	0.020307488607249246	0.02333109024591223	0.11508356893562809	0.016755022517177205
OGG1_0_real_train1	1.06261400098024e-120	0.0155635997038479	0.07798278438722513	0.11417410823874374	0.7922795076701831
RNF168_0_real_train1	0.7934134972014784	2.0419335365210642e-155	0.10919614221256699	0.07140536721340734	0.025984993372547206
UNG_0_real_train1	0.042133019204829036	6.91444327344796e-123	0.03994240262654694	0.8156255964801262	0.10229898168849784
ATP2B4_0_real_train1	0.13497251008389033	1.0836688401080558e-24	0.5658182191436147	0.18346543977424662	0.11574383099824824
ATP2B4_1_real_train1	1.1346150926173986e-159	0.1034367590300901	0.7577113136675515	7.750156061932544e-181	0.13885192730235824
MLH1_0_real_train1	2.505e-321	0.9365328673099134	1.364e-321	0.0603863342821486	0.0030807984079378637
MSH2_0_real_train1	2.07e-321	0.8680811050767524	1.888246427858371e-194	0.12240368815172177	0.009515206771525963
MSH6_0_real_train1	9.76018397759316e-305	0.942769541086619	2.983391770755216e-189	0.038992187723985584	0.01823827118939544
MSH6_1_real_train1	6.316959376376967e-261	0.9645744837116639	7.714056955326014e-292	0.006310540282653529	0.029114976005682722
PMS1_0_real_train1	5.83399481077747e-221	0.2057781823656512	0.5669401611836238	0.18319138581272768	0.04409027063799724
PMS2_0_real_train1	0.458800112288446	0.5291687348052034	7.783833673816624e-280	3.06e-322	0.012031152906350462
EXO1_0_dirichlet_train1	0.8193301808997042	3.0566698843354445e-140	1.863e-321	0.01562878158808772	0.16504103751220803
RNF168_0_dirichlet_train1	0.7637343725398178	3.913e-321	0.09063546408004758	0.14563016338013476	4.5e-322
RNF168_0_dirichlet_train1.1	0.8656160801522225	3.5e-321	1.6452572159672255e-45	2.0425314868231156e-262	0.1343839198477775
EXO1_0_dirichlet_train1.1	0.655067851207594	0.05262714369747762	0.16024678499370823	0.13205822010121995	1.156e-321
RNF168_0_dirichlet_train1.2	0.9108234613357986	6.67e-322	3.1493460116510965e-133	8e-322	0.08917653866420147
RNF168_0_dirichlet_train1.3	0.8755381853929718	1.0792471116897484e-304	2.663e-321	0.03268017157720755	0.09178164302982078
RNF168_0_dirichlet_train1.4	0.8795467614583663	3.305e-321	0.09543089604979269	0.0038697057992537537	0.0211526366925872
RNF168_0_dirichlet_train1.5	0.7630732145448855	6.999762602135184e-119	1.047e-321	0.23692678545511459	2.05e-321
RNF168_0_dirichlet_train1.6	0.6713746057755412	3.4e-322	0.004223241770670904	0.26192470009157165	0.06247745236221622
RNF168_0_dirichlet_train1.7	0.7846577762337583	0.08376209945566707	0.055961470932532065	2.48e-321	0.07561865337804255
RNF168_0_dirichlet_train1.8	0.8358565128077837	3.4946642540510794e-178	1.833e-321	0.05293642714180827	0.11120706005040815
EXO1_0_dirichlet_train1.2	0.630921572174957	0.1057517243259992	4.6843487470263565e-256	0.23915973715096078	0.02416696634808298
EXO1_0_dirichlet_train1.3	0.891036794751172	0.024388960287182467	1.24e-321	0.0798089122425955	0.0047653327190500215
RNF168_0_dirichlet_train1.9	0.6800121358856452	1.556e-321	0.05645340388247117	0.12364913321731022	0.13988532701457335
EXO1_0_dirichlet_train1.4	0.6716908136704192	0.023963997881861855	1.9392459818753632e-105	0.30434518844771896	2.12e-321
EXO1_0_dirichlet_train1.5	0.9196270453034465	4.46e-321	9.8e-322	0.08037295469655346	1.3321093121158671e-24
EXO1_0_dirichlet_train1.6	0.8758396150330222	6.9e-322	2.230514255665292e-257	0.12416038496697786	3.7297888443497335e-281
EXO1_0_dirichlet_train1.7	0.7677793790349332	0.23222062096506688	3.51e-321	1.6577620968598302e-58	8.45e-322
EXO1_0_dirichlet_train1.8	0.779070709853946	0.1367480963261463	1.176e-321	0.08418119381990778	2.87e-322
RNF168_0_dirichlet_train1.10	0.6666839502424363	0.09400397657508261	0.11460814215098752	0.12470393103149367	1.4370745198107558e-260
EXO1_0_dirichlet_train1.9	0.6549681042760551	0.1986927437786022	4.279935884454488e-290	0.021442386153620735	0.124896765791722
RNF168_0_dirichlet_train1.11	0.7514304812597431	0.06723749297927659	0.11931528294606154	0.0620167428149188	1.9517999880770232e-35
RNF168_0_dirichlet_train1.12	0.7226700725151536	8.9e-322	0.235678215789794	0.04165171169505224	9.83e-322
EXO1_0_dirichlet_train1.10	0.8982403931455886	0.020386757385421648	0.0813728494689898	3.949423225684602e-280	7.0832644346458e-44
EXO1_0_dirichlet_train1.11	0.7491249821248888	1.255e-321	0.03258904187003453	0.19923293715201332	0.019053038853063507
RNF168_0_dirichlet_train1.13	0.8066835209273339	0.11067611816155583	5.685721975163412e-130	0.0826403609111103	3.6819481451392555e-80
RNF168_0_dirichlet_train1.14	0.8301478345220737	0.070172037500697	0.09968012797722924	2.364176095789756e-308	2.9e-322
RNF168_0_dirichlet_train1.15	0.73922920490422	9.2e-322	0.11863375063328109	0.14213704446249903	2.9e-322
RNF168_0_dirichlet_train1.16	0.5955430169924194	0.037383456323749745	0.19723641152767846	0.1698371151561525	4.7e-322
EXO1_0_dirichlet_train1.12	0.8355547402713737	2.945e-321	5.771475860119728e-155	0.07620137065750897	0.08824388907111748
RNF168_0_dirichlet_train1.17	0.6601432719484451	0.19174757151083222	0.04284542492954094	2.24e-321	0.10526373161118188
EXO1_0_dirichlet_train1.13	0.9583584422232135	0.004461262779547064	0.03718029499723944	4.7434827513091466e-291	2.16e-321
RNF168_0_dirichlet_train1.18	0.8629711101085027	2.5e-321	0.03958403925539894	0.0025255900799942524	0.09491926055610397
EXO1_0_dirichlet_train1.14	0.6691170868476719	0.11910661496303461	0.09613072940050336	0.03210464538130833	0.0835409234074816
RNF168_0_dirichlet_train1.19	0.7028714033997763	0.10872834968706528	0.1044640563023741	0.013980197595564896	0.06995599301521943
RNF168_0_dirichlet_train1.20	0.5053485608864758	3.4444528838328886e-92	0.0693188945973863	0.2762268779207501	0.1491056665953878
EXO1_0_dirichlet_train1.15	0.5898484540416611	0.10415037612880092	0.03268975060727557	0.2733114192222625	6.27e-322
RNF168_0_dirichlet_train1.21	0.9798963710406289	2.56e-321	9.297878467555016e-84	1.341257093722849e-257	0.020103628959371077
RNF168_0_dirichlet_train1.22	0.7928959031345852	2.13e-321	0.14696321220874572	0.060140884656668996	2.3834114095227184e-245
EXO1_0_dirichlet_train1.16	0.9463053025665473	0.019933484319604018	4.624823904931606e-288	2.2340445477496423e-182	0.03376121311384867
EXO1_0_dirichlet_train1.17	0.6780728995433993	0.04846443929379856	5.93e-322	0.27346266116280216	2.96e-322
RNF168_0_dirichlet_train1.23	0.8271100344431596	1.21e-321	4.742571814532777e-91	0.10215631034164822	0.07073365521519219
EXO1_0_dirichlet_train1.18	0.708693742333431	1.6426971919457888e-263	6.2302680795162e-58	0.2410270352871423	0.050279222379426745
RNF168_0_dirichlet_train1.24	0.7517000192257353	0.018954991749067868	0.08213749519283015	0.11816514448908391	0.029042349343282793
RNF168_0_dirichlet_train1.25	0.7651587426186571	9.5e-322	0.23484125738134284	1.334e-321	2.6312297120021593e-194
RNF168_0_dirichlet_train1.26	0.7307140358813082	0.10843664650938017	2.826111573642885e-281	0.10937423951181847	0.05147507809749298
RNF168_0_dirichlet_train1.27	0.7177998497241213	0.06234887246972978	0.16040413633755204	0.059447141468596816	3.36e-322
RNF168_0_dirichlet_train1.28	0.6889420259386543	1.467e-321	0.2834284054296897	0.027629568631655936	2.96e-322
EXO1_0_dirichlet_train1.19	0.7269899431676228	0.040612316447968894	0.032844486623912955	0.1995532537604955	9.54e-322
RNF168_0_dirichlet_train1.29	0.9054424338610083	1.067e-321	0.08097786412108704	8.520871405851537e-302	0.013579702017904488
EXO1_0_dirichlet_train1.20	0.6249961631096088	0.22300325673113008	2.34e-321	0.15200058015926102	6.8e-322
RNF168_0_dirichlet_train1.30	0.6750357184909874	0.09610718618640093	0.22828772453165516	0.000569370790956475	1.4e-322
RNF168_0_dirichlet_train1.31	0.9848213460123356	1.245e-321	0.008198940369019416	1.793e-321	0.006979713618645016
RNF168_0_dirichlet_train1.32	0.6479587569437821	1.7383073971011224e-27	0.23779711939986423	0.11424412365635361	1.6625775435872024e-280
RNF168_0_dirichlet_train1.33	0.7624521780731509	6.954074140426089e-104	9.162730915987364e-92	0.17287649287231488	0.06467132905453435
EXO1_0_dirichlet_train1.21	0.6194745872042122	0.026482636958939848	0.2586576256989435	0.041582069417852724	0.053803080720051626
RNF168_0_dirichlet_train1.34	0.787841060339102	0.09860218164223024	0.11355675801866788	1.54e-321	1e-321
EXO1_0_dirichlet_train1.22	0.7731792907708686	0.17223290839766392	2.632066350483515e-95	0.039745273331493684	0.01484252749997389
EXO1_0_dirichlet_train1.23	0.7848214585072022	0.0778133245865833	3.2032944489172795e-76	0.1373652169062144	1.013e-321
RNF168_0_dirichlet_train1.35	0.4146016591570252	0.04354257131643497	0.27015418353937865	0.2406577810697362	0.031043804917425
RNF168_0_dirichlet_train1.36	0.7904336183110762	0.06960970828133892	0.016385381743341396	1.225e-321	0.12357129166424363
EXO1_0_dirichlet_train1.24	0.9966057303199769	6.8e-322	2.9326611064452857e-142	1.0385183966480067e-100	0.0033942696800230905
RNF168_0_dirichlet_train1.37	0.8881250358683326	0.04198251357845963	0.0428666583487228	7.432782701335312e-80	0.02702579220448493
EXO1_0_dirichlet_train1.25	0.9962969685943968	2.41e-321	1.433e-321	1.4246520482606707e-195	0.003703031405603258
RNF168_0_dirichlet_train1.38	0.6632678263370084	5.4843727353e-313	2.4944201953907873e-99	0.22885633640101638	0.10787583726197511
EXO1_0_dirichlet_train1.26	0.9742290218752183	9.4e-322	1.586e-321	3.997e-321	0.02577097812478172
EXO1_0_dirichlet_train1.27	0.8196504523223473	4.363e-321	0.07700797543858925	0.10334157223906344	2.3e-322
EXO1_0_dirichlet_train1.28	0.8863275050576974	0.050556511553239876	0.048296425461696206	1.537e-321	0.014819557927366498
EXO1_0_dirichlet_train1.29	0.8330361386446817	2.67e-321	0.0819160876501756	0.06689773250211208	0.01815004120303071
EXO1_0_dirichlet_train1.30	0.9797723629167532	0.016881228170457223	1.917e-321	0.003346408912789521	1.45e-321
RNF168_0_dirichlet_train1.39	0.46976477094531954	0.3200324895198275	1.823e-321	0.17232554753556406	0.03787719199928896
RNF168_0_dirichlet_train1.40	0.7942525062129567	0.05758239455674434	0.1377974166877443	1.937e-321	0.010367682542554593
EXO1_0_dirichlet_train1.31	0.7791075928306322	1.1801533461492818e-86	5.920299598128525e-24	0.08750615882984117	0.13338624833952661
EXO1_0_dirichlet_train1.32	0.7080959935969591	0.15598189694716205	6.034574191313461e-26	0.1266955677579945	0.009226541697884283
EXO1_0_dirichlet_train1.33	0.8339192898438607	1.947e-321	4.1981713670131306e-89	0.05699180200965974	0.1090889081464796
RNF168_0_dirichlet_train1.41	0.7743240988114802	0.10426245230353715	0.01359703214863836	0.0624035760681684	0.045412840668175775
RNF168_0_dirichlet_train1.42	0.8777762101735838	0.00039587358926176014	0.030664968583429535	0.026864645993132343	0.06429830166059262
EXO1_0_dirichlet_train1.34	0.810103417907584	0.14497686988538044	1.1521015320649406e-256	0.04491971220703554	3.66e-322
RNF168_0_dirichlet_train1.43	0.9043722154111316	6.67e-322	1.5406240446266945e-241	0.03655971097091701	0.059068073617951515
EXO1_0_dirichlet_train1.35	0.8295955085615156	0.046681748675159375	2.141960674231239e-208	0.1237227427633251	2.075e-321
EXO1_0_dirichlet_train1.36	0.6411694257142867	0.003447682507434137	0.2734630935551454	0.052681728399888696	0.029238069823245064
RNF168_0_dirichlet_train1.44	0.7552091751884101	4.2911695253798735e-274	0.23189625241204564	0.01289457239954413	4.55e-322
EXO1_0_dirichlet_train1.37	0.8591845496245547	2.2e-321	8.420784216159987e-16	0.08529690250830582	0.0555185478671387
RNF168_0_dirichlet_train1.45	0.8819070206900431	2.9487434367043714e-297	1.74e-321	0.10804737613225851	0.010045603177698393
RNF168_0_dirichlet_train1.46	0.6634465344623961	1.65e-321	0.09559443452800848	0.24095903100959548	4.25e-322
RNF168_0_dirichlet_train1.47	0.7587551230931918	0.06826172330386024	1.126e-321	8.35e-322	0.1729831536029478
RNF168_0_dirichlet_train1.48	0.6969688729113153	1.93e-321	0.2306884321627312	7.66e-322	0.07234269492595358
RNF168_0_dirichlet_train1.49	0.9741836846647537	1.606e-321	8.985482139984552e-168	0.02581631533524632	1.966e-321
RNF168_0_dirichlet_train1.50	0.6871717903259416	0.09163203628170001	0.1229882700113091	0.09820790338104937	2.17e-322
EXO1_0_dirichlet_train1.38	0.6078394825415392	1.96e-321	0.12570829822685226	0.16876265599019602	0.09768956324141254
RNF168_0_dirichlet_train1.51	0.6802689011221306	0.15635929196720524	0.03484673181409991	0.010376464069235945	0.11814861102732827
RNF168_0_dirichlet_train1.52	0.3339953551512599	0.3074265725672521	0.03051228037695053	0.10549256940439275	0.22257322250014477
EXO1_0_dirichlet_train1.39	0.9999999999999999	1.0786542783548498e-23	1.58e-321	1.724004543129596e-100	3.6e-322
EXO1_0_dirichlet_train1.40	0.9840915414377036	4.01e-321	1.57e-321	1.2173984487839928e-63	0.015908458562296418
RNF168_0_dirichlet_train1.53	0.9144051199715361	3.36e-322	0.034578088660946235	1.824051436112041e-110	0.051016791367517716
EXO1_0_dirichlet_train1.41	0.8387628547546312	3.201312354230078e-247	0.011979712557854082	0.07647112044226607	0.07278631224524876
EXO1_0_dirichlet_train1.42	0.832532058383974	0.09850614175520753	1.47e-321	2.059631608787696e-107	0.06896179986081842
RNF168_0_dirichlet_train1.54	0.3618166415649498	3.1e-322	0.3970018624566314	0.24118149597841881	3.6e-322
OGG1_0_dirichlet_train1	1.3108725514651463e-224	3.17e-321	0.21898274608439156	0.08532643567728118	0.6956908182383275
UNG_0_dirichlet_train1	0.05314012183068585	0.02662204088256467	0.12867973923890788	0.7811307494744129	0.01042734857342866
UNG_0_dirichlet_train1.1	0.05001334286161705	1.8278036354708366e-31	1.7600172235253124e-164	0.8047199201879587	0.14526673695042439
UNG_0_dirichlet_train1.2	1.6373260581849766e-217	1.206e-321	0.2403635477616662	0.7179094971886301	0.041726955049703716
OGG1_0_dirichlet_train1.1	7.781160408670059e-44	1.487e-321	0.5903564549613294	1.23e-321	0.4096435450386707
UNG_0_dirichlet_train1.3	0.05663499790499257	0.04445984967990216	0.20822133900789083	0.6518113240543345	0.03887248935288
OGG1_0_dirichlet_train1.2	0.03894055075417154	2.154e-321	0.14054978836642462	0.05574736913706282	0.7647622917423411
OGG1_0_dirichlet_train1.3	0.03198176744559372	3.4446486495399804e-277	0.24603420354317337	0.1031670886531383	0.6188169403580948
UNG_0_dirichlet_train1.4	0.03524786336412407	1.635e-321	0.3302900025236326	0.5704180066526705	0.06404412745957268
UNG_0_dirichlet_train1.5	1.853e-321	4.64e-322	0.373114378236167	0.5601473750886156	0.06673824667521748
OGG1_0_dirichlet_train1.4	7.46e-322	1.3e-321	0.09039236118918392	0.041295902590593334	0.8683117362202226
OGG1_0_dirichlet_train1.5	2.22e-321	0.0020505877200831988	0.24111416461631394	0.03653802368278343	0.7202972239808195
UNG_0_dirichlet_train1.6	0.14048634481082856	0.041521173482905245	7.95e-322	0.7167822805288888	0.10121020117737721
UNG_0_dirichlet_train1.7	3.04e-321	2.2750258196671164e-05	0.1375104611942765	0.8062244762193964	0.056242312328130616
UNG_0_dirichlet_train1.8	2.614e-321	0.06570833528980863	1.8318659248509033e-306	0.723780525604375	0.21051113910581642
OGG1_0_dirichlet_train1.6	1.5207e-320	3.12215e-319	0.07252275909208684	9.223323628485585e-38	0.9274772409079133
UNG_0_dirichlet_train1.9	1.1986017841844807e-203	1.75e-321	8.467999726128248e-214	0.917684118384253	0.08231588161574704
OGG1_0_dirichlet_train1.7	1.2195470356595563e-233	2.929359483617819e-190	0.46677332073978806	0.00893717379133711	0.524289505468875
UNG_0_dirichlet_train1.10	0.03761951150629729	0.034733226060697474	5.71231222789703e-41	0.8088865442981873	0.11876071813481802
OGG1_0_dirichlet_train1.8	1.625e-321	0.06276333183293521	0.005075324218210534	0.11890111085110212	0.813260233097752
UNG_0_dirichlet_train1.11	1.0993e-320	1.48e-321	4.180369737078988e-234	0.872942597521076	0.12705740247892405
OGG1_0_dirichlet_train1.9	0.10744861634259364	0.10281803473054142	2.3373223131111776e-54	2.2495802309041564e-66	0.7897333489268649
OGG1_0_dirichlet_train1.10	0.030869826952197633	0.02858516873261618	1.1223419634884632e-291	1.2806107076637198e-215	0.9405450043151862
OGG1_0_dirichlet_train1.11	8.898745313798435e-32	0.14822095359297985	0.32879402918753603	4.655429354461559e-118	0.5229850172194843
UNG_0_dirichlet_train1.12	0.14598292587414763	2.974e-321	1.097e-321	0.6876390229736795	0.16637805115217288
UNG_0_dirichlet_train1.13	0.11450100739833212	1.3028263632605974e-278	0.06164200825594298	0.7536660920184282	0.0701908923272968
UNG_0_dirichlet_train1.14	0.0004181979203064451	1.665e-321	0.04532652931557575	0.8629834313974645	0.0912718413666533
OGG1_0_dirichlet_train1.12	0.11991935598553814	7.66e-322	4.767374124709736e-132	0.11103835059904872	0.7690422934154131
OGG1_0_dirichlet_train1.13	1.2491562196118582e-85	0.032305184812977665	2.7058053554949717e-71	0.07815615364060546	0.8895386615464168
UNG_0_dirichlet_train1.15	1.06e-321	9.5e-322	0.1957990484016618	0.7955786066247923	0.00862234497354589
UNG_0_dirichlet_train1.16	1.6194556380888638e-171	0.18120178283072305	0.18153253619595466	0.6372656809733223	9e-322
UNG_0_dirichlet_train1.17	6.507298520627685e-268	0.08883908023809717	7.621385987223966e-248	0.640866376919724	0.27029454284217863
OGG1_0_dirichlet_train1.14	6.134519968534248e-196	0.10355944068299167	3.630663500473288e-40	0.2936788963901253	0.602761662926883
UNG_0_dirichlet_train1.18	0.018978714361984277	1.97e-321	0.3013363527251742	0.6796849329128415	2.2892067e-315
OGG1_0_dirichlet_train1.15	4.622203056901987e-234	1.41e-321	0.3676200757883914	0.04368779532905861	0.58869212888255
UNG_0_dirichlet_train1.19	2.6329548113635134e-239	0.23568684372678483	1.756419000182113e-160	0.7041199371786546	0.060193219094560574
OGG1_0_dirichlet_train1.16	0.03042852883670445	2.23e-321	0.3653212577271537	0.05220918516178801	0.5520410282743539
UNG_0_dirichlet_train1.20	0.07223612239041177	0.09960674136920836	1.136e-321	0.6650978336801543	0.1630593025602256
UNG_0_dirichlet_train1.21	8.09957909087273e-265	0.1689510686717199	0.29150853478990535	0.4625203559236031	0.07702004061477163
OGG1_0_dirichlet_train1.17	1.8e-321	0.028073620486997256	0.40697376770501914	0.17453778166455391	0.3904148301434297
UNG_0_dirichlet_train1.22	1.487e-321	2.0102003433358713e-65	0.10023565301707077	0.8997643469829291	3.36e-322
UNG_0_dirichlet_train1.23	6.97e-322	0.3548981182533312	9.14e-322	0.5687845524819672	0.07631732926470158
UNG_0_dirichlet_train1.24	0.009526213500220402	0.00887223376920018	4.4977607909409844e-70	0.832020687860985	0.14958086486959435
OGG1_0_dirichlet_train1.18	0.06149687811113927	2.816e-321	1.1596409382894705e-193	0.10687148591469073	0.8316316359741701
UNG_0_dirichlet_train1.25	0.07467048214074896	0.11352026611687832	0.12331116247988011	0.6884980892624925	2.77e-322
OGG1_0_dirichlet_train1.19	6.815807074322999e-229	0.09833409700163133	0.039247647831857205	0.08369556440616872	0.7787226907603426
UNG_0_dirichlet_train1.26	0.09139345657463852	0.047062591663053516	0.10563279153606388	0.7013571969755665	0.05455396325067764
OGG1_0_dirichlet_train1.20	8.230537505734472e-25	1.58e-321	5.253932986367373e-162	0.15589539040296424	0.8441046095970357
UNG_0_dirichlet_train1.27	2.164e-321	0.12418583041238701	1.3094526405764198e-296	0.7885780939536899	0.08723607563392313
OGG1_0_dirichlet_train1.21	0.1346728763255213	0.08704329697371474	1.445259160727874e-104	2.7152558790851845e-52	0.7782838267007639
OGG1_0_dirichlet_train1.22	0.13488652793343758	0.04781654929226335	0.0034710378246395287	0.034323099917013954	0.7795027850326456
UNG_0_dirichlet_train1.28	0.0699172550880687	0.11820932747872476	7.617245081153335e-145	0.6618712855771853	0.1500021318560213
UNG_0_dirichlet_train1.29	3.256e-320	9.14e-322	0.025056249207918616	0.7443488289818205	0.23059492181026095
OGG1_0_dirichlet_train1.23	0.004004725251122997	3.85e-321	0.1329025936000604	0.08101586747274292	0.7820768136760738
OGG1_0_dirichlet_train1.24	1.8967873215568131e-121	0.07297988354164156	0.3507451304648927	1.206e-321	0.5762749859934657
OGG1_0_dirichlet_train1.25	5.643113147278434e-228	1.927e-321	3.44746e-317	0.16558760880879553	0.8344123911912045
OGG1_0_dirichlet_train1.26	4.7520756674824355e-37	0.14638954709492544	2.737118345916883e-103	0.10541573662879376	0.7481947162762808
UNG_0_dirichlet_train1.30	2.4073642363546395e-63	9.4e-322	0.2510164390422008	0.7489835609577993	5.6e-322
OGG1_0_dirichlet_train1.27	2.4649579392263024e-114	1.1053900278316863e-53	0.049989014615497394	0.02758729595529062	0.9224236894292119
OGG1_0_dirichlet_train1.28	0.1626271395796516	1.37e-321	3.185443076278573e-05	0.21266291290654138	0.6246780930830442
UNG_0_dirichlet_train1.31	4.834003426702084e-59	0.11727094855983528	0.2402015988993351	0.6425274525408298	1.2e-322
UNG_0_dirichlet_train1.32	0.011109099147876276	1.39e-321	0.05419601213132844	0.8553315246466473	0.07936336407414805
UNG_0_dirichlet_train1.33	4.440939253670214e-161	1.517e-321	0.05977845561541346	0.7934424036434944	0.146779140741092
OGG1_0_dirichlet_train1.29	0.168415066598821	0.09037242519943335	1.9313791182308782e-91	0.1654443095028295	0.5757681986989162
OGG1_0_dirichlet_train1.30	1.68e-321	9.8e-322	0.457535187181642	7.069890015603173e-82	0.5424648128183579
UNG_0_dirichlet_train1.34	0.09579551205262021	0.16846697294397447	0.18961474138284606	0.4769680635322433	0.06915471008831582
OGG1_0_dirichlet_train1.31	0.015366256539463283	0.003181466240464901	0.2868048994787139	0.1867803392001789	0.507867038541179
UNG_0_dirichlet_train1.35	9.680757935574876e-162	0.1090274135665535	1.3153420911290291e-174	0.6317210553023421	0.25925153113110433
UNG_0_dirichlet_train1.36	0.06454378856661933	2.016e-321	0.04012420932007496	0.8539083967743443	0.04142360533896149
UNG_0_dirichlet_train1.37	0.009868508232464927	0.12759607131667974	0.285767332958873	0.5740378683959205	0.002730219096061957
OGG1_0_dirichlet_train1.32	7.762014079544888e-208	0.11749365292243837	0.3389923301609493	1.4308306232798291e-179	0.5435140169166124
UNG_0_dirichlet_train1.38	0.003530727476439107	1.265e-321	4.55e-322	0.9130231991633829	0.08344607336017788
OGG1_0_dirichlet_train1.33	5.86517591224663e-281	2.495e-321	0.4581064642747095	0.003354726457568797	0.5385388092677217
OGG1_0_dirichlet_train1.34	0.07777380928914092	0.08033049741821988	0.07195268036749446	0.07687840294439831	0.6930646099807465
OGG1_0_dirichlet_train1.35	0.13490266537565382	0.0033928707278310386	2.6963607959658957e-96	0.054397788359281864	0.8073066755372333
OGG1_0_dirichlet_train1.36	1.6520930765154585e-117	2.97e-321	0.0012585258540586909	0.06948288226161552	0.9292585918843257
OGG1_0_dirichlet_train1.37	0.08019270412427043	0.04972688677898654	0.18029355689303878	0.03459406538199826	0.655192786821706
OGG1_0_dirichlet_train1.38	1.5250178286389237e-55	4.0716339752833927e-53	5.474199600581352e-239	0.09735348721814814	0.9026465127818518
UNG_0_dirichlet_train1.39	5.940326209488347e-45	0.06000364022673242	5.4e-322	0.7993788289727475	0.14061753080052009
OGG1_0_dirichlet_train1.39	0.01046542428266517	3.834e-321	2.3046952168871297e-192	0.13724842493511374	0.852286150782221
UNG_0_dirichlet_train1.40	2.97e-321	1.4747203974659772e-126	7.66e-322	0.8133224247198847	0.18667757528011525
OGG1_0_dirichlet_train1.40	1.2576428287545147e-30	1.31e-321	4.673189662353389e-186	0.07414021184725303	0.9258597881527468
OGG1_0_dirichlet_train1.41	2.134941708202769e-119	0.062381513842907306	3.519856194104662e-108	0.04192503551070845	0.8956934506463843
UNG_0_dirichlet_train1.41	0.009855302867286884	0.17686531559174884	1.02e-321	0.7709872644985319	0.04229211704243233
OGG1_0_dirichlet_train1.42	1.5671758875607124e-238	0.11032499388686368	0.07567349703509275	0.1686784920814848	0.6453230169965589
UNG_0_dirichlet_train1.42	0.016883537175623374	2.3015378256772705e-150	0.24613167033057765	0.625224056042763	0.11176073645103587
OGG1_0_dirichlet_train1.43	8.952858213812057e-71	0.017252306434041565	3.338747866432451e-06	2.9302084193681376e-143	0.9827443548180921
OGG1_0_dirichlet_train1.44	4.251004610177447e-120	0.031176398982661977	0.4651278291975072	2.734774934821964e-122	0.5036957718198307
OGG1_0_dirichlet_train1.45	1.6930442921111757e-247	5.584539358838722e-224	0.546524880420584	1.609222373528799e-271	0.453475119579416
OGG1_0_dirichlet_train1.46	0.19111846581959985	0.01421865071461244	1.3270635794740433e-188	0.143151916467637	0.6515109669981507
UNG_0_dirichlet_train1.43	3.33e-321	0.20229087602654192	9.24e-322	0.5249015740808609	0.27280754989259715
OGG1_0_dirichlet_train1.47	8.549816997312551e-221	3.45e-321	0.3679570633243355	0.020551961774812326	0.6114909749008521
OGG1_0_dirichlet_train1.48	9.83e-322	0.021543846432127627	0.27054921715184194	0.14600846873018553	0.561898467685845
OGG1_0_dirichlet_train1.49	0.13781130404885014	0.018456499907277508	0.28892135204842745	4.560217022641733e-49	0.554810843995445
OGG1_0_dirichlet_train1.50	0.013995345740856232	0.021383089592509435	2.5161668448283896e-48	0.12510315207780381	0.8395184125888304
UNG_0_dirichlet_train1.44	3.48179469265265e-46	0.08788452536106744	1.2596684778628116e-28	0.7559891464558499	0.15612632818308272
OGG1_0_dirichlet_train1.51	0.09590567043977069	1.3215490341493352e-43	6.1000746154985496e-120	0.010261680606186714	0.8938326489540425
OGG1_0_dirichlet_train1.52	1.51e-321	0.13717206802145798	0.11834071045674423	1.2000932719318528e-294	0.7444872215217979
ATP2B4_0_dirichlet_train1	0.2798736413881934	0.10820088106856816	0.3090001382311045	0.14373692006789981	0.15918841924423413
ATP2B4_1_dirichlet_train1	0.05415145452186959	0.2023865488074099	0.23260230269411156	1.6855939420718332e-34	0.510859693976609
ATP2B4_0_dirichlet_train1.1	0.045660064765028624	3.0243260595389447e-250	0.7788781881356535	0.17546174709931808	1.3066809744881931e-51
ATP2B4_1_dirichlet_train1.1	0.004230628054194222	0.12622189106037401	0.7299027346493281	1.0162460639315859e-125	0.13964474623610354
ATP2B4_1_dirichlet_train1.2	0.1172341214620463	0.17082077435736007	0.7043637997002224	6.209914572268664e-130	0.007581304480371257
ATP2B4_1_dirichlet_train1.3	1.1e-321	1.7819396671982026e-135	0.738243221509691	0.156822942865177	0.1049338356251321
ATP2B4_0_dirichlet_train1.2	0.3766104218635841	2.885e-321	0.4589562582301532	0.14895430527505227	0.015479014631210599
ATP2B4_1_dirichlet_train1.4	6.857635341410543e-117	0.3068359765351625	0.5826986635150997	9.21690408972044e-137	0.11046535994973787
ATP2B4_0_dirichlet_train1.3	0.16453396306853485	0.008264818087849167	0.6821224125463721	0.1450788062972439	2.7e-322
ATP2B4_0_dirichlet_train1.4	0.06393530051948014	0.053810875640031924	0.20059230972685324	0.4696055055889031	0.21205600852473153
ATP2B4_0_dirichlet_train1.5	0.15779365233423057	0.031917335902406786	0.4147723872806416	0.21795571047537635	0.17756091400734456
ATP2B4_0_dirichlet_train1.6	0.09432384453044344	0.08303965928051223	0.7159594994040394	0.0226063289907053	0.08407066779429978
ATP2B4_1_dirichlet_train1.5	0.027345976092104908	1.14e-321	0.8724716981573213	0.08255918139242081	0.017623144358153004
ATP2B4_0_dirichlet_train1.7	0.06710896977716692	0.2128814198405975	0.4070087099950668	0.31300090038716877	4.678185092579257e-98
ATP2B4_1_dirichlet_train1.6	1.12e-321	0.26238985230357703	0.6358935255702318	4e-322	0.10171662212619109
ATP2B4_1_dirichlet_train1.7	0.05537215182078418	0.09866381032876448	0.8459640378504514	2.7039156431701137e-95	3.56e-322
ATP2B4_1_dirichlet_train1.8	0.10801676943972745	4.009191755769461e-46	0.5519496152515563	3.891459605535672e-252	0.3400336153087162
ATP2B4_1_dirichlet_train1.9	5.71638547100177e-179	0.12927977654940018	0.5198948261142824	0.26831872540382695	0.08250667193249052
ATP2B4_1_dirichlet_train1.10	2.111292298975933e-92	0.19275187484521922	0.5424666231466018	0.022062138103705612	0.24271936390447346
ATP2B4_1_dirichlet_train1.11	1.4517324498092786e-36	0.1266641216647352	0.6850911282808134	1.477e-321	0.18824475005445132
ATP2B4_1_dirichlet_train1.12	1.126e-321	2.0977989905931286e-215	0.7999594869320759	1.1505213027017345e-100	0.20004051306792406
ATP2B4_1_dirichlet_train1.13	0.19002968126951997	7.033993303651051e-291	0.8099703187304799	4.74e-322	9.271772675318692e-31
ATP2B4_0_dirichlet_train1.8	0.14566427347788813	0.04011087117388278	0.2073145470827252	0.39985421900560414	0.20705608925989985
ATP2B4_1_dirichlet_train1.14	3.4487464371375294e-150	0.01224009147514312	0.8235652374454769	7.838945457246455e-291	0.16419467107937996
ATP2B4_1_dirichlet_train1.15	0.04369006208040516	0.16673924580677696	0.7445945056163631	1.35e-321	0.04497618649645493
ATP2B4_0_dirichlet_train1.9	0.21559901563203163	0.11260564976891062	0.2772181514064681	0.1715864909273158	0.22299069226527393
ATP2B4_0_dirichlet_train1.10	0.07305737489645671	1.73e-321	0.620255763586536	0.16308571146157758	0.14360115005542967
ATP2B4_0_dirichlet_train1.11	0.1981236781280975	0.05673476223958555	0.33286020514208436	0.20626985737175907	0.2060114971184736
ATP2B4_1_dirichlet_train1.16	0.1063302011641155	0.22908856471689065	0.6645812341189937	6e-322	3.66e-322
ATP2B4_0_dirichlet_train1.12	0.2794731633545374	1.265e-321	0.6000283503490988	0.01062640523169167	0.10987208106467192
ATP2B4_0_dirichlet_train1.13	0.23311045078945414	0.03324467239476334	0.567189807103503	0.14606731541003	0.020387754302249577
ATP2B4_0_dirichlet_train1.14	0.3193915404081491	8.5e-322	0.4841506159858916	0.19645784360595928	9.257573072938515e-44
ATP2B4_0_dirichlet_train1.15	0.28231543527994224	1.09e-321	0.5663379684193472	0.10036316494799677	0.05098343135271354
ATP2B4_1_dirichlet_train1.17	0.13297105630436887	0.1368984816208046	0.43785479098171587	0.004580101468091664	0.28769556962501897
ATP2B4_1_dirichlet_train1.18	1.013e-321	1.07e-321	0.8590442775836854	3.99185449818e-312	0.14095572241631468
ATP2B4_1_dirichlet_train1.19	1.635e-321	0.009324347426897089	0.9906756525731027	2.6429561659114283e-87	3.1e-322
ATP2B4_1_dirichlet_train1.20	0.15851744001742119	0.1477509709177565	0.6103114771387848	0.08342011192603753	4.9e-322
ATP2B4_0_dirichlet_train1.16	0.10888708056236679	6.968544302477636e-95	0.8911129194376333	3.204259830989953e-103	1.1679328409018587e-181
ATP2B4_1_dirichlet_train1.21	9.191912707931503e-262	0.04730241535278659	0.888419249077423	0.06427833556979043	2.47e-322
ATP2B4_1_dirichlet_train1.22	0.09660101829985356	0.019528124562846753	0.8691093945821681	1.294e-321	0.014761462555131572
ATP2B4_0_dirichlet_train1.17	0.0603237816350612	1.92e-321	0.6241136366133839	0.2209994854697451	0.0945630962818096
ATP2B4_0_dirichlet_train1.18	0.05441489953596712	3.5797911121546796e-175	0.4627464478512028	0.48283865261283	2.67e-322
ATP2B4_1_dirichlet_train1.23	1.73e-321	0.14607517856151467	0.8517383719453189	9.8e-322	0.002186449493166471
ATP2B4_1_dirichlet_train1.24	0.06413239996308284	0.11107643822760183	0.38293080824505227	0.027617947489636082	0.4142424060746269
ATP2B4_0_dirichlet_train1.19	0.30374649371126244	9.9e-322	0.3336382470576702	0.24781766625857082	0.11479759297249668
ATP2B4_1_dirichlet_train1.25	0.1488259691237942	2.67e-321	0.549953723126997	0.09952051552736338	0.20169979222184528
ATP2B4_0_dirichlet_train1.20	0.25722982091142294	2.283e-321	0.35575910700761404	0.290657664554152	0.09635340752681108
ATP2B4_0_dirichlet_train1.21	8.40787218961202e-42	0.08912660414764702	0.3841013114286915	0.3109000758736789	0.21587200854998256
ATP2B4_0_dirichlet_train1.22	0.31705483671717594	8.51942778316e-313	0.4968991279677615	0.055288906847104864	0.13075712846795776
ATP2B4_0_dirichlet_train1.23	0.2362922995424047	0.2000596859016025	0.5384261925021966	7.295855506659343e-124	0.025221822053796087
ATP2B4_0_dirichlet_train1.24	0.24109754469891215	2.09e-321	0.36343761597776325	0.14083551973559802	0.2546293195877265
ATP2B4_1_dirichlet_train1.26	1.14e-321	0.1704011656823937	0.6736016825102698	0.1559971518073367	3.26e-322
ATP2B4_0_dirichlet_train1.25	0.21492505215936342	0.037031240153100935	0.4181291352923149	0.19020508897044955	0.13970948342477119
ATP2B4_1_dirichlet_train1.27	1.4954025469025453e-91	2.273e-321	0.9450297467108146	1.11e-321	0.05497025328918531
ATP2B4_0_dirichlet_train1.26	0.18218193398038587	0.07808833463984072	0.6741455114225796	0.03531291555018124	0.030271304407012672
ATP2B4_1_dirichlet_train1.28	0.06590809307967872	0.015880318549376445	0.9095821471105507	8.2e-322	0.008629441260394147
ATP2B4_0_dirichlet_train1.27	9.275537696322279e-139	0.03161575363020077	0.6493160587192844	0.3190681876505147	3e-322
ATP2B4_1_dirichlet_train1.29	1.324145051653727e-05	0.11395944580148476	0.7029670530228289	5.907689099183885e-262	0.18306025972516976
ATP2B4_0_dirichlet_train1.28	1.24e-321	1.08e-321	0.8926936224011301	8.15e-322	0.10730637759886973
ATP2B4_0_dirichlet_train1.29	4.110372477768241e-16	8.25e-322	0.8443559168558357	0.04628964313051472	0.10935444001364904
ATP2B4_0_dirichlet_train1.30	0.2406585436366527	2.406e-321	0.4249031627291845	0.24141245326970617	0.09302584036445666
ATP2B4_0_dirichlet_train1.31	0.2729775645507154	1.0570429800019792e-293	0.15251089054439185	0.3900944886621065	0.18441705624278626
ATP2B4_1_dirichlet_train1.30	0.027689380445342127	0.10166196500935494	0.8706486545453029	2.2734049786272e-310	2.4044761490834615e-29
ATP2B4_1_dirichlet_train1.31	0.2143979223118704	0.1027281680508858	0.49920508119893037	9.55014761919531e-86	0.18366882843831353
ATP2B4_1_dirichlet_train1.32	1.107671730602169e-254	0.001370443247676775	0.738619838323182	0.016906779391935044	0.24310293903720628
ATP2B4_0_dirichlet_train1.32	0.027188945868368772	0.13692978145469417	0.835881272676937	3.203696421411901e-132	6.751730074903212e-224
ATP2B4_0_dirichlet_train1.33	0.010058558359055315	0.02351593891193826	0.6297760192064177	0.20638655130511901	0.13026293221746976
ATP2B4_0_dirichlet_train1.34	0.19863854749420107	0.16957807852702844	0.5903300016097862	0.04145337236898432	3e-322
ATP2B4_0_dirichlet_train1.35	1.62e-321	0.03721552852996608	0.7588143751893481	0.06862359704450054	0.13534649923618525
ATP2B4_1_dirichlet_train1.33	0.03506496346243896	0.10302614469809689	0.8619088918394642	6.5e-322	5.4e-322
ATP2B4_1_dirichlet_train1.34	1.616e-321	0.063813861129779	0.729563537317254	1.215e-321	0.2066226015529669
ATP2B4_1_dirichlet_train1.35	4.1929993384237775e-243	0.13346338996305013	0.86653661003695	9.93e-322	4.2e-322
ATP2B4_1_dirichlet_train1.36	1.18e-321	0.014883987278736901	0.8449145777567417	2.96228903494e-313	0.1402014349645214
ATP2B4_0_dirichlet_train1.36	0.1963201156610839	0.0643141419737573	0.6312684970302295	0.10809724533492925	3.6e-322
ATP2B4_0_dirichlet_train1.37	0.0030528345157354686	1.69e-321	0.6874396605833674	0.3095075049008973	1.3592183801559911e-174
ATP2B4_1_dirichlet_train1.37	3.7280842632593077e-122	0.1902057627918447	0.6233747221620562	1.3604631369726132e-271	0.18641951504609888
ATP2B4_1_dirichlet_train1.38	1.616e-321	0.09830377853872177	0.7200868457322581	6.77e-322	0.18160937572902022
ATP2B4_1_dirichlet_train1.39	4.385810165134271e-307	0.13141065691803785	0.8497566059982979	0.012733655914863536	0.00609908116880071
ATP2B4_1_dirichlet_train1.40	5.73e-322	0.23600177389081137	0.7411719475947645	5.53e-322	0.02282627851442433
ATP2B4_1_dirichlet_train1.41	1.5373570021080918e-170	0.16068897117471845	0.6917636240647896	6.13e-322	0.14754740476049194
ATP2B4_1_dirichlet_train1.42	0.004561603567088328	0.07469936187452764	0.6356011441734272	1.2024507914644022e-150	0.28513789038495696
ATP2B4_0_dirichlet_train1.38	0.2015292141164541	1.2869220408343979e-205	0.7725656510597844	1.0183148429433103e-199	0.0259051348237615
ATP2B4_0_dirichlet_train1.39	0.24330551624555508	1.23e-321	0.5177212089190033	0.022057522823488437	0.21691575201195332
ATP2B4_0_dirichlet_train1.40	0.1877818687232256	1.3170772517153392e-131	0.6266864749399763	0.18553165633679794	2.6477488949365827e-245
ATP2B4_1_dirichlet_train1.43	1.85e-321	0.025885420595200524	0.8542888183275217	0.11982576107727785	4.3e-322
ATP2B4_0_dirichlet_train1.41	4.4177002755454194e-88	0.060782246317561156	0.5089550870771202	0.09413422859026463	0.33612843801505393
ATP2B4_0_dirichlet_train1.42	0.19027346938720194	1.97e-321	0.5449828974324609	0.17660864414508504	0.08813498903525224
ATP2B4_0_dirichlet_train1.43	0.23384242567550076	0.025308128352291046	0.51905927968575	0.06902975686319321	0.1527604094232649
ATP2B4_0_dirichlet_train1.44	2.02e-321	0.044870114077947935	0.5736844856858958	0.2979166339933501	0.0835287662428061
ATP2B4_1_dirichlet_train1.44	0.17184810556198088	5.3321061818781475e-283	0.7492310743038975	3.6174019387957707e-224	0.07892082013412152
ATP2B4_0_dirichlet_train1.45	0.3149060890045422	2.932914925056707e-63	0.34888746709949026	0.10951006266433967	0.22669638123162794
ATP2B4_1_dirichlet_train1.45	0.11683467904396899	0.12697428537110325	0.43482307446014956	7.2e-322	0.32136796112477817
ATP2B4_0_dirichlet_train1.46	0.2865903695969798	9.83e-322	0.5505992601459511	0.16281037025706901	2.262634281878194e-257
ATP2B4_0_dirichlet_train1.47	0.034010163271955954	0.05607489885174767	0.2694103768770245	0.43053235292725	0.2099722080720219
ATP2B4_0_dirichlet_train1.48	0.1962625295579192	5.6e-322	0.7436283993704466	0.060109071071634164	6.032098998517031e-189
ATP2B4_1_dirichlet_train1.46	0.031816126488002076	0.27389609163390033	0.5249068721928015	1.662745268425302e-06	0.16937924694002776
ATP2B4_1_dirichlet_train1.47	3.4218436870693188e-282	0.10599950555948684	0.8940004944405131	4.2174871842950896e-33	1.43e-322
ATP2B4_1_dirichlet_train1.48	0.176844646946923	8.4e-322	0.7341052448223134	6.6e-322	0.08905010823076348
PMS1_0_dirichlet_train1	1.33e-321	0.33343067891602823	0.5324759242591455	5.563252512101322e-30	0.1340933968248262
MSH6_1_dirichlet_train1	0.09031371036654297	0.8792826898937076	5.14e-322	5.264766312667743e-136	0.030403599739749352
MSH6_0_dirichlet_train1	1.507e-321	0.8398102351805641	1.937e-321	0.1601897648194359	1.255e-321
MSH2_0_dirichlet_train1	5.2e-322	0.7663526889519291	1.9939419558819067e-271	0.2183513919146411	0.015295919133429826
MSH6_0_dirichlet_train1.1	2.7940873320631565e-270	0.9094593570699299	1.73e-321	0.0755233623782527	0.015017280551817312
MLH1_0_dirichlet_train1	9.93e-322	0.9023871226880331	7.86e-322	0.07501687385255779	0.022596003459408993
MSH6_1_dirichlet_train1.1	2.134e-321	0.9612671103908048	3.9448556855309736e-17	3.0781731150082933e-250	0.0387328896091952
MLH1_0_dirichlet_train1.1	0.12793822604461377	0.8720617739553861	2.57e-322	8.3e-322	3.26e-322
PMS1_0_dirichlet_train1.1	1.196e-321	0.15438313049287966	0.7315429731194181	0.11407389638770218	4.94e-322
PMS1_0_dirichlet_train1.2	0.10061137620335105	0.00037451828032773743	0.4940491482298539	0.33951685018334754	0.06544810710311971
MSH6_1_dirichlet_train1.2	1.156e-321	0.974880566855616	9.7e-322	6.2e-322	0.025119433144383987
MSH6_1_dirichlet_train1.3	1.8107642475898505e-137	0.7998401861553175	1.2011666241323693e-229	0.20015981384468265	1.02e-321
PMS1_0_dirichlet_train1.3	0.023188269728029228	0.2760051505654649	0.364085019659403	0.24656249192896132	0.0901590681181416
PMS1_0_dirichlet_train1.4	0.12392559166894067	0.158641484865467	0.08844454805886767	0.4271578000345311	0.20183057537219357
PMS2_0_dirichlet_train1	0.5056210653848179	0.4943789346151821	3.54e-321	8.35e-322	7.614912025704837e-79
MSH6_1_dirichlet_train1.4	0.1832870000088349	0.7375613382891184	0.02001351501528489	0.03598642957728603	0.023151717109475615
MSH6_0_dirichlet_train1.2	1.9880112506807435e-157	0.954600735638893	0.024850159225974063	0.02054910513513292	1.32e-321
PMS1_0_dirichlet_train1.5	9.2e-322	0.07641737169108166	0.7690651239372714	0.15451750437164685	1.0320958817116017e-90
PMS1_0_dirichlet_train1.6	1.255e-321	0.14313672671242023	0.5966369580965218	0.26022631519105793	2.57e-322
PMS1_0_dirichlet_train1.7	0.05962178932522065	0.20197024992425797	0.5836599983271842	0.15474796242333722	7.86e-322
MSH6_1_dirichlet_train1.5	0.26716400999196643	0.6986925457887599	1.255e-321	1.235e-321	0.03414344421927357
MLH1_0_dirichlet_train1.2	1.21e-321	0.8751038063456072	5.04e-322	0.12489619365439279	3.3e-322
PMS1_0_dirichlet_train1.8	0.12955820975070964	0.26668932444141613	0.18170514819820674	8.82717481385587e-166	0.4220473176096675
PMS1_0_dirichlet_train1.9	9.93697462676818e-190	0.33237176036149557	0.47725963004025374	0.1903686095982506	4.4e-322
MLH1_0_dirichlet_train1.3	2.426e-321	1.0	3.3e-322	2.47e-322	4.5e-322
MSH2_0_dirichlet_train1.1	0.02552478044925688	0.9744752195507432	7.86e-322	1.032342475435623e-52	1.057e-321
MSH6_1_dirichlet_train1.6	0.023813390323154115	0.9636518454795105	3.15e-321	0.000604896589553232	0.011929867607782184
