Samples	SBS96A	SBS96B	SBS96C	SBS96D	SBS96E	SBS96F
OGG1_boot	0.07302527293670442	4.0102056903682754e-244	1.2909182128769881e-166	0.9269747270632956	9.557947894193984e-301	1.042e-321
OGG1_boot.1	0.13958097513175938	7.058080119379659e-209	7.354109535809257e-123	0.8604190248682406	4.472262250599356e-197	1.1350637675540872e-147
OGG1_boot.2	0.11656659266352096	1.9178684994474946e-87	2.4562510306045233e-15	0.8834334073364765	1.5346250611393452e-79	2.1922055706046129e-156
OGG1_boot.3	0.09207799063183843	1.1616827697198931e-100	0.06538541967410184	0.8425365896940598	1.0429196778225023e-47	7.424622215820736e-93
OGG1_boot.4	0.01768699548777615	2.3414472084298384e-07	0.14663222059853137	0.7233791120264423	0.11230143774252938	7.307612229426239e-75
OGG1_boot.5	0.10028689957047496	2.9980624613595835e-117	8.888597018617212e-161	0.899713100429525	1.7694770706230473e-170	5.95883311490288e-228
OGG1_boot.6	0.13912572611609952	2.155137538401645e-100	1.0967296082826278e-62	0.8608742738839004	6.755781156031193e-151	6.178249826793262e-170
OGG1_boot.7	0.12711532800683112	4.417490825586724e-88	2.8608791992578226e-50	0.8728846719931689	1.01039119619785e-120	3.9725523897824306e-158
OGG1_boot.8	0.14122946510816461	0.01216353535122868	4.91524273280229e-18	0.8466069995406068	1.9102469262376594e-52	7.677483847411764e-122
OGG1_boot.9	0.1478054374661043	0.0010818379975400575	0.042939862205364845	0.7930827874867112	0.015090074844279449	6.521697484598681e-33
OGG1_boot.10	0.10187032856062443	7.040016352055478e-38	1.0486289127341494e-71	0.8981296714393756	5.424918563104391e-71	3.5958453338629325e-68
OGG1_boot.11	2.801016229265602e-16	0.024077980912390665	0.10034052983675565	0.779951673908837	0.09562981534201637	7.957160880418041e-27
OGG1_boot.12	0.11711014717632476	7.858560744915825e-109	4.983319583744076e-43	0.8828898528236754	1.6183161483447894e-115	4.240775373136953e-148
OGG1_boot.13	0.13475989437313626	1.8123636858696292e-163	8.946820287348287e-67	0.8652401056268637	1.5159067454835727e-179	1.1236317720982395e-151
OGG1_boot.14	0.09364641035132673	0.0434970082737759	0.058423776925933424	0.8030273428414979	3.4647833766391974e-29	0.0014054616074661874
OGG1_boot.15	0.06830758894602092	5.32911285772924e-28	0.10560474711919643	0.7464663559414808	0.07962130799330201	6.097386390520271e-57
OGG1_boot.16	0.0975162674749401	4.6102418254054005e-203	3.3843670394078616e-255	0.9024837325250599	3.2027055767632195e-242	3.206267203708884e-305
OGG1_boot.17	0.15942163033488396	2.161190169083357e-44	0.029937102163921606	0.8106412675011945	3.40250285568455e-23	1.6961197371605615e-77
OGG1_boot.18	0.08931889466797482	5.481988950213423e-38	0.013839941722830148	0.7561369929030839	0.1407041707061112	3.018818798989172e-19
OGG1_boot.19	0.07109548870839219	1.7709822395627248e-14	0.051595772999851276	0.7462661288185697	0.13104260947316895	8.750840427217841e-75
OGG1_boot.20	0.09553040565412545	0.06025422017646126	0.017738409347903234	0.82647696482151	1.898272743483796e-31	1.4634182654700993e-73
OGG1_boot.21	0.0862050157314848	1.1142645291468813e-137	1.510338432441967e-82	0.9137949842685152	1.346705255494717e-161	1.3465436252131291e-239
OGG1_boot.22	0.04632670654598083	0.10836657319902933	0.11109632512069223	0.7342103951336701	6.275059238958298e-13	8.621810833388992e-64
OGG1_boot.23	0.11722408447951232	6.319658679355496e-37	0.022113661744148545	0.8606622537763391	1.2976424271538086e-73	1.504704793223952e-118
OGG1_boot.24	0.17056020711182787	0.038619402259556346	1.5714042761357646e-48	0.7908203906286158	1.1310180233796779e-60	1.0324050255193986e-129
OGG1_boot.25	0.12262797062514086	6.83928263830123e-27	0.07008188811457505	0.8072901412602841	8.038704458347646e-37	2.0642841615340036e-86
OGG1_boot.26	0.0455891181465088	4.352971060606041e-22	0.14172672840399175	0.7875015724736323	0.025182580975867206	7.70365929318977e-108
OGG1_boot.27	0.12373959357842883	4.332084445662368e-50	1.8001860918045449e-13	0.8762604063675208	1.103014522217324e-26	5.38703852925124e-11
OGG1_boot.28	0.054045547395886566	0.06533601914656188	0.030076445278230387	0.8505419881793211	3.0718087838682413e-60	1.1048104798636769e-195
OGG1_boot.29	0.12792805061316162	1.056704669455258e-142	2.562359519178319e-22	0.8720719493868385	4.834779040537749e-132	1.0473475401992558e-170
OGG1_boot.30	0.10242107733631477	1.1843662754420637e-278	1.1145518199518478e-55	0.8975789226636851	9.28376760434463e-235	6.208199841201182e-218
OGG1_boot.31	0.11127768140364792	3.7604970106964454e-30	3.825787938018608e-38	0.8887223185963521	4.193544353845607e-61	2.3871559218333876e-74
OGG1_boot.32	0.11555380901092062	8.062436169761774e-63	0.037584661479089475	0.8319207360202103	0.014940433050756166	3.604390232982839e-07
OGG1_boot.33	0.1402423106748494	1.5720874591202694e-105	9.760550148901381e-06	0.8597479287750018	1.1580644679785906e-53	2.6622165800779868e-74
OGG1_boot.34	0.015317144605006584	0.013070113915980319	0.14570358932798175	0.8259055130874788	3.6390635524129992e-06	6.1705728727381685e-61
OGG1_boot.35	0.13367345709942555	0.016227405974643033	4.234926175594973e-50	0.8500980578525184	1.0790734130252585e-06	1.4454761799918886e-115
OGG1_boot.36	0.10584202909614202	1.8590307128433637e-17	4.083779858397445e-10	0.8941579704954798	6.1605445334056394e-55	2.6931959441969904e-91
OGG1_boot.37	0.10538105838818602	3.8344557447985644e-82	0.055121006340888935	0.8394979352709251	7.778853547612256e-38	2.702723764771517e-42
OGG1_boot.38	0.08859868024884782	1.2362789663115272e-158	5.8778512173138106e-46	0.9114013197511524	7.78887011607045e-135	2.841686382961255e-137
OGG1_boot.39	0.03574277793059279	1.3874552655355182e-86	0.09800892601869952	0.7604541261668938	0.10579416988381392	6.1783089358040335e-58
OGG1_boot.40	0.1390122082201379	1.2930580613501535e-166	7.802362601354327e-40	0.8609877917798621	5.660530084042537e-137	4.610563435056902e-112
OGG1_boot.41	0.14495786962700294	3.0553292442772994e-105	3.7866749862373955e-56	0.855042130372997	3.404612317937142e-124	3.738647358000421e-163
OGG1_boot.42	0.05216560911852936	0.044769926973867724	0.0676159729740232	0.8354484909335798	5.8719246107464304e-21	1.3926542833080546e-28
OGG1_boot.43	0.1019829948520346	1.3339051709155152e-34	0.012664861245676388	0.8616242630477039	0.023727880854585076	1.130687939951134e-60
OGG1_boot.44	0.10884944719530229	0.02484872279441623	0.0010342684422984512	0.8652675615679465	3.64066628445396e-14	5.625032063929742e-24
OGG1_boot.45	0.13116326209319307	1.2104268163581343e-118	1.2214231974302493e-62	0.868836737906807	1.074888436557037e-110	5.9044306543040465e-124
OGG1_boot.46	0.05184185743890424	0.0196572952445925	0.12437104325849284	0.8041298040580103	1.8011975359576053e-32	2.829857996293842e-69
OGG1_boot.47	0.09045428227063304	0.015145522117649442	0.037029060375258153	0.8573711348504812	3.85978171063711e-10	1.7627322447495705e-42
OGG1_boot.48	0.12303706399392886	2.8790100954621892e-24	0.016034906476444975	0.8609280295296262	6.071105156401365e-75	4.6020362452454455e-101
OGG1_boot.49	0.04704202554497744	0.01592678809891058	0.05231168746348792	0.7926630928044818	0.09205640608814224	2.1153373472183926e-66
OGG1_boot.50	0.08244913156369221	2.0051070635276634e-80	4.225827407357773e-85	0.9175508684363078	5.45270231569578e-122	8.964824232256675e-176
OGG1_boot.51	0.06334445742306014	0.021069832728365507	4.469715295069859e-59	0.9155857098485742	3.1019563745917048e-55	1.0111214569691674e-160
OGG1_boot.52	0.07618385435856573	2.1406872658834653e-147	4.0007203716771263e-78	0.9238161456414342	4.9191261540385495e-142	3.5601182860119615e-224
OGG1_boot.53	0.01761587536743251	0.07479566645323443	0.09889127158713394	0.8053537113374627	0.003343475254736351	2.3255606258128878e-64
OGG1_boot.54	0.12650322972324776	4.3223344893513194e-47	6.349297402703846e-05	0.8698641526041486	0.003569124698575175	1.5106595882089306e-15
OGG1_boot.55	0.10952714401795778	7.128791115709961e-17	0.03542248520689437	0.8550503707751479	5.4253671383537706e-76	2.700321802991528e-103
OGG1_boot.56	0.11787705242712103	1.9512665264077146e-59	0.013115621828067456	0.8690073257448114	4.499823344239116e-71	1.657266317795791e-98
OGG1_boot.57	0.10995303514239943	3.0052015978478165e-24	1.003969075531753e-09	0.8900469638536315	5.938747409249924e-32	2.1169556901655025e-73
OGG1_boot.58	0.04951005949365457	0.03873568822276371	1.8792089927106286e-50	0.9117542522835819	3.4665353712250385e-37	1.2626385344207565e-113
OGG1_boot.59	0.03313174634327921	0.015303696569679063	0.011711027250040733	0.8014442330198996	0.13840929681710123	4.724720534394943e-81
OGG1_boot.60	0.03724469591515849	8.035737861358866e-08	0.05806498135185619	0.7668441029941406	0.13784613938146617	2.1293904812230295e-80
OGG1_boot.61	0.060013301181740995	0.08110621912704492	9.567474595528785e-06	0.8588709109518476	1.2647709618326386e-09	3.1530028466664717e-67
OGG1_boot.62	0.0693895503557692	0.006092321324191711	0.06647153102372921	0.8217711995703428	0.03627539772596715	2.84301056408038e-64
OGG1_boot.63	0.12017430048417452	9.793710223141743e-98	2.009874415111138e-101	0.8798256995158255	3.987031737214955e-114	4.613788958406521e-145
OGG1_boot.64	0.07090762117926848	0.03639507637215502	7.700437565153032e-61	0.8926973024485766	4.964708767758485e-58	2.0664294319269008e-119
OGG1_boot.65	1.941783002367003e-05	0.09044911880819603	0.11633616475679705	0.7931952986049831	2.933840724780035e-17	2.069598430241774e-124
OGG1_boot.66	0.08057230399561124	1.2483635362546747e-45	0.007891460767262028	0.9115362352371266	5.277636229510483e-51	8.174747264967715e-145
OGG1_boot.67	0.09431655396320768	8.700463790868183e-40	5.765860003667779e-66	0.9056834460367922	1.1997181327288331e-102	2.0858069996423284e-183
OGG1_boot.68	0.13428410208726851	4.021646539889058e-19	2.8145894695861377e-42	0.8657158979127314	8.024414641527585e-83	6.400706070866019e-178
OGG1_boot.69	0.10528870416562283	8.401137917874635e-100	3.067789192722002e-56	0.894711295834377	3.7183303117430998e-93	2.6546824950187724e-66
OGG1_boot.70	0.116872692598512	1.0209822278392244e-120	1.0266014506788627e-63	0.883127307401488	8.292934488865862e-127	3.661505628625698e-90
OGG1_boot.71	0.11658235118159577	1.3527382549940066e-37	2.4368976683291564e-19	0.8834176488184041	3.4677983774734625e-43	1.683968425774753e-68
OGG1_boot.72	0.07852468584690186	0.04646386353732695	6.26443977436689e-35	0.8750114506157711	4.410404943490247e-27	5.431288746946262e-47
OGG1_boot.73	0.11372231208664313	1.5136000481421498e-74	1.091590097677816e-66	0.8862776879133567	3.275816446503706e-95	1.9098334470755198e-112
OGG1_boot.74	0.07778092995612162	0.01709133400230848	0.044052504462377455	0.8610752315791925	5.672555615436809e-31	2.1448080096273737e-130
OGG1_boot.75	0.12037677485634615	8.735424391004826e-98	4.511720433543216e-36	0.8796232251436538	4.3207322846211957e-75	1.1677141630669952e-55
OGG1_boot.76	0.0899301634642139	4.085074164768274e-83	1.2383251645499191e-72	0.910069836535786	1.4864774615986846e-94	8.206435715749884e-112
OGG1_boot.77	0.0893820822343192	0.009418437791640567	3.0293694514857513e-05	0.8390936801451925	0.062075506134332895	1.0498347554658614e-16
OGG1_boot.78	0.0871896897917715	1.4215941176784079e-30	3.6027635485545095e-19	0.9128103102082286	6.6878682761320936e-40	2.2497142215325883e-61
OGG1_boot.79	0.08502421984399598	0.02899789503543689	6.66018608768001e-11	0.8859778850539652	1.6698385448326268e-41	4.86274992702649e-169
OGG1_boot.80	0.1284871588543595	9.540334311245808e-27	4.69683134815992e-25	0.8715128411456405	8.704101529694407e-37	3.5307336096375467e-122
OGG1_boot.81	0.06909748124087675	0.014965013172878952	0.020095538288293052	0.8958419672979513	2.0071069862833426e-24	7.659906130552311e-75
OGG1_boot.82	0.04307221621362328	0.0737718217455132	0.0222081219092665	0.8609478389262814	1.2053157439955729e-09	6.923622415206034e-58
OGG1_boot.83	0.10874711413214577	2.1570442561600968e-33	1.652594826568958e-32	0.8912528858678543	1.2204016474644675e-37	1.770052006650679e-116
OGG1_boot.84	0.1221204096262108	4.103034653457747e-31	9.198497471800633e-41	0.8778795903737207	5.962862588743738e-15	6.252055188584493e-14
OGG1_boot.85	0.11793347794785307	9.752008346114379e-71	3.727755131434455e-07	0.882066149276634	4.670876189013471e-61	3.8304331289431766e-45
OGG1_boot.86	0.11892447609849907	8.755712871358087e-25	0.011347477191110256	0.8442584239768969	0.025469622733493916	4.43953885427349e-58
OGG1_boot.87	0.11783239687747164	3.080347948760582e-11	0.007065692073276243	0.8751019110184485	3.459825594095147e-20	3.932362408134386e-28
OGG1_boot.88	0.10493534560580027	0.028047847642600935	2.7928446387274555e-22	0.8670168067515989	1.399900448517486e-34	8.58371740352937e-53
OGG1_boot.89	5.465199725617671e-173	0.07398082685449282	0.04766562129289434	0.8429654354473779	0.03538811640523503	1.8572808722591022e-142
OGG1_boot.90	1.24e-321	7.195730898389032e-217	0.11137762048512542	0.6465317628329575	0.24209061668191692	1.8723533526103216e-147
OGG1_boot.91	0.03873893419259175	8.48900900966838e-30	0.08133632681948412	0.879924738987924	4.763947690386565e-25	2.6757008907821845e-40
OGG1_boot.92	8.101717027080547e-124	3.030686278614902e-29	0.10475947974682213	0.8035584561792461	0.0916820640739318	2.5737295836865747e-43
OGG1_boot.93	1.86e-321	5.7192474031703664e-102	0.14837174462793748	0.697640454226237	0.1539878011458256	1.387802875767964e-121
OGG1_boot.94	1.586e-321	1.7339283597375248e-224	0.05929186585503878	0.5801628215358468	0.36054531260911454	5.286400407798747e-119
OGG1_boot.95	2.51e-321	5.847805764903615e-117	0.11641456888770288	0.7108449195076771	0.17274051160461992	3.857129489497165e-81
OGG1_boot.96	6.77e-322	9.14e-322	0.11266483573660724	0.5244399288996844	0.36289523536370827	6.598335727788672e-290
OGG1_boot.97	0.024489907845054046	9.71056471322459e-21	0.1310596635967926	0.8112803724607951	0.022026188917320322	0.011143867180037972
OGG1_boot.98	3.755e-321	8.76315005744934e-126	0.10694167054860977	0.74158632657973	0.12940830317273305	0.022063699698927103
OGG1_boot.99	1.2e-321	7.577326024812703e-268	0.06794214138963402	0.5708316674071594	0.3612261912032067	4.47353407314558e-151
OGG1_boot.100	1.5013138079038072e-47	0.009401855263816174	0.12354582877097053	0.8001758184908925	0.06687649747432073	1.0165532380038817e-41
OGG1_boot.101	0.04234033499605786	0.011672159095503568	0.09237048804864152	0.8536170178597264	1.314783174043173e-37	7.066780433141485e-14
OGG1_boot.102	2.67e-321	1.703980902006827e-113	0.19436917507397672	0.7518548173918279	0.05377600753419527	2.3401978701403956e-68
OGG1_boot.103	7.00811077625171e-309	1.2576277851243289e-64	0.19263095921643067	0.7257184098386581	0.08165063094491112	1.3711845536567561e-68
OGG1_boot.104	4.577786681869854e-29	0.00032831590139677713	0.09292903922426086	0.9067426448743423	3.669051668834586e-23	2.009020461026161e-60
OGG1_boot.105	1.76e-321	7.839737978776894e-150	0.14623329938211246	0.5977964891615176	0.2559702114563699	2.889881638353371e-85
OGG1_boot.106	1.66e-321	5.328083972247262e-174	0.14665674446097848	0.6077215322165641	0.24562172332245732	2.491667415831864e-82
OGG1_boot.107	1.927e-321	4.2638144457290536e-162	0.1357504078869229	0.7226602173389056	0.14158937477417133	1.0124639646985877e-95
OGG1_boot.108	2.09e-321	5.5942414786071104e-132	0.09289114983763597	0.7334942737535544	0.17361457640880962	4.823789260343705e-109
OGG1_boot.109	6.770879735670926e-92	5.946227511571463e-68	0.10183765233688591	0.7859846063939842	0.07420036065172672	0.03797738061740315
OGG1_boot.110	1.907e-321	1.18410935743609e-139	0.10350507600659915	0.6835060620598314	0.21298886193356942	6.88594137661159e-46
OGG1_boot.111	2.6390118199749314e-22	4.972520777824658e-44	0.20399810242144664	0.6557392619844543	0.14026263559409904	5.971200540780801e-27
OGG1_boot.112	2.614e-321	9.456369009957228e-60	0.2001118748774324	0.7258691867782598	0.0740189383443076	8.11001204221605e-109
OGG1_boot.113	3.38e-321	2.091194548568201e-70	0.11828398597998178	0.7288598523153871	0.15285616170463096	1.9245161183912006e-50
OGG1_boot.114	6.644173303736249e-89	5.641483677748129e-53	0.10943214308201923	0.780084647116422	0.11048320980155875	1.4994368049516538e-74
OGG1_boot.115	2.01e-321	3.802493120279928e-135	0.07881585748844228	0.7196105090951848	0.2015736334163731	2.0599001203477026e-142
OGG1_boot.116	8.2e-322	2.6485582342498257e-290	0.08437588523254033	0.5285571496018868	0.3870669651655729	5.259819906281388e-283
OGG1_boot.117	2.92e-321	1.7429412922349788e-110	0.1956532055325504	0.7625468906687276	0.041799903798722116	4.838484059259497e-90
OGG1_boot.118	3.84e-321	1.0449293775118267e-80	0.12313501839099499	0.772082208977136	0.10478277263186908	7.235199582514642e-53
OGG1_boot.119	2.936914461754302e-228	9.774329037663445e-44	0.1831981409847975	0.7858508229839649	0.03095103603123752	1.992672871944244e-56
OGG1_boot.120	1.705567305004465e-199	1.1469849442004907e-54	0.16709811689670423	0.7927641478258941	0.0004443851212013876	0.03969335015620025
OGG1_boot.121	9.350119813829429e-186	2.5093469224671963e-104	0.13746139048651523	0.7011043962705763	0.16143421324290858	6.244860953255916e-47
OGG1_boot.122	5.87e-321	1.1046307930607031e-54	0.07412274540764352	0.7880455616507152	0.13783169294081968	8.218153828330627e-13
OGG1_boot.123	0.06425806908041416	2.7487241247032706e-126	0.04776757222662682	0.887974358692959	6.878174467252775e-118	1.0383052500433876e-44
OGG1_boot.124	2.456e-321	3.8920739819374795e-197	0.12482637329107756	0.6653630845882705	0.20979078877762644	1.9753343025309487e-05
OGG1_boot.125	3.547e-321	1.89780785106666e-126	0.1702924004126916	0.6794613439172007	0.1502462556701077	4.339520715122431e-115
OGG1_boot.126	4.946e-321	3.1407157485920793e-80	0.09279753327966289	0.7291869395522248	0.17801552716811225	3.62153259609721e-44
OGG1_boot.127	5.591333249918638e-164	8.475594541526875e-38	0.1797016148710319	0.7577023741411406	0.06259601098782756	4.138150060685437e-66
OGG1_boot.128	1.764e-321	1.5483054251142966e-156	0.07959627805651363	0.6392430638763775	0.28116065806710877	3.0877518829915514e-102
OGG1_boot.129	1.136e-321	2.3148568747820936e-304	0.1679995731774507	0.570027777769029	0.2619726490535203	8.887557171690189e-142
OGG1_boot.130	2.6231743154416524e-130	7.22840949632534e-106	0.1405780991133432	0.7561238259273048	0.10329807495935193	1.496985244388292e-26
OGG1_boot.131	1.245e-321	2.8394342790452687e-209	0.07840836685563947	0.5732002367822844	0.3483913963620761	2.571704769442209e-156
OGG1_boot.132	7.66e-322	1e-321	0.13644935220671411	0.5737134045287761	0.2898372432645097	6.02710723532271e-254
OGG1_boot.133	1.9e-321	1.3880810471966874e-123	0.07132554661760795	0.6949008711812688	0.23377358220112343	5.293191999719381e-69
OGG1_boot.134	2.94e-321	3.209906683764271e-58	0.0945411685749797	0.7217449205376489	0.1837139108873715	4.09241605373284e-80
OGG1_boot.135	6.098897201836339e-168	5.023542197028025e-31	0.1426951767868784	0.8147850048262393	0.04251981838688242	3.630675898831267e-30
OGG1_boot.136	3.65e-321	1.1597415669046335e-76	0.1398266082039738	0.7798213629704769	0.08035202882554926	4.712719148794587e-72
OGG1_boot.137	4.624e-321	5.437998534165017e-78	2.1166009711118355e-55	0.8967188828679468	3.616451729456062e-21	0.1032811171320531
OGG1_boot.138	5.960625585161747e-45	1.5215484305778315e-29	0.09227614174843875	0.8252186101801704	0.05979586445815432	0.02270938361323643
OGG1_real	0.13215970578649738	7.071763645379625e-57	1.0242183104657287e-12	0.8678402942124784	3.524115240885896e-56	3.2109998377956673e-86
OGG1_real.1	0.11828242294959028	3.0354272903280537e-19	5.460561322246107e-12	0.8817175770449491	2.0177572050458445e-35	6.957572886597116e-73
OGG1_real.2	4.07e-321	1.1548571855490568e-90	0.13643786842947078	0.7299667390438153	0.13359539252671385	8.06688940757495e-54
UNG_boot	0.06607172187269925	0.10581592523666775	0.7679823698338533	1.8e-322	8.9e-322	0.06012998305677962
UNG_boot.1	0.05788401083113376	0.11033050861800583	0.8317854805508603	1.6e-322	6.6e-322	1.0158259789054633e-164
UNG_boot.2	2.115e-321	7.077951390053951e-122	0.9206767446900574	2.96e-322	1.1720359080111276e-249	0.07932325530994255
UNG_boot.3	2.28e-321	0.098929522611129	0.9010677740519834	3.66e-322	2.440268107485881e-239	2.703336887636652e-06
UNG_boot.4	5.055704728652222e-247	4.452391164155524e-83	0.6859029812901598	1.7e-322	1.117e-321	0.31409701870984014
UNG_boot.5	3.3442233884839107e-252	0.19656979571103683	0.8034302042889633	3.36e-322	3.0470432168059145e-139	2.1657437682592588e-26
UNG_boot.6	8.1e-322	0.06119898420012462	0.7591579860976334	2.47e-322	3.866566974733224e-80	0.17964302970224197
UNG_boot.7	0.12491338702256054	1.128457266996574e-175	0.8750866129774395	9.4e-323	6.3e-322	8.775220971892036e-61
UNG_boot.8	0.07897367290383046	1.922828141232838e-51	0.9210263270961695	4.8e-322	9.8e-322	2.3785626236822938e-34
UNG_boot.9	2.075e-321	0.04271678432518536	0.9505694693053393	5.04e-322	8.667607039081974e-40	0.006713746369475251
UNG_boot.10	1.678403906320927e-215	6.407586575080734e-35	1.0	7.913084119683757e-255	1.26e-321	1.9563718741955924e-103
UNG_boot.11	1.4640293913e-314	0.02712130250721354	0.9439487926068207	3.1e-322	6.650038232238438e-259	0.028929904885965845
UNG_boot.12	1.3828131545414013e-62	6.97098711761175e-90	0.7348024212091008	2.5e-322	1.11e-321	0.2651975787908992
UNG_boot.13	0.040163589736618606	8.732648418496087e-36	0.7361148189996862	1.8e-322	1.18e-321	0.22372159126369517
UNG_boot.14	0.06273112438475449	1.0772831542373342e-158	0.8979971463769889	9.4e-323	6.5e-322	0.03927172923825663
UNG_boot.15	0.1517657673047579	3.50839916641961e-179	0.8482342326952421	1.1e-322	7e-322	2.5202174258216285e-151
UNG_boot.16	3.260419727580556e-100	1.7550417579044647e-75	0.8698939671435568	2.6e-322	1.166e-321	0.13010603285644312
UNG_boot.17	1.6737565327109107e-210	2.251308482368215e-75	0.7559584252644175	2.87e-322	7.511503407299251e-286	0.2440415747355824
UNG_boot.18	3.644111574304048e-110	3.9220296049317565e-178	1.0	4.15e-322	1.077e-321	9.15041387905183e-145
UNG_boot.19	0.10888438500728045	6.815475735308421e-25	0.8762874206817673	1.83e-322	9.24e-322	0.014828194310952158
UNG_boot.20	1.156e-321	0.0849482112010196	0.9150517887989804	8.15e-322	3.393055217775907e-120	2.429719662892811e-144
UNG_boot.21	2.495e-321	0.13231794234536032	0.8676820576546397	1.63e-322	5.183418443435022e-257	4.526465947090998e-37
UNG_boot.22	0.0934798335274486	0.04205419915329261	0.8644659673192587	9.4e-323	6.37e-322	8.967145896441748e-45
UNG_boot.23	1.0681339673214456e-302	2.1111216707119235e-75	0.8651353865740714	3.1e-322	3.2911074354876506e-222	0.13486461342592854
UNG_boot.24	0.01903094216185509	3.394546445664226e-50	0.9039814468259157	1e-322	6.77e-322	0.0769876110122291
UNG_boot.25	1.52e-321	0.012518145543616977	0.987481854456383	3.071190458998443e-208	1.9144366136234614e-94	5.0699086251773457e-113
UNG_boot.26	1.067e-321	0.09307435328864364	0.8239971174593295	4.7e-322	5.2586089247096274e-37	0.08292852925202683
UNG_boot.27	0.01007778186005868	0.02305162781599247	0.6820428007093684	2.1e-322	1.042e-321	0.28482778961458044
UNG_boot.28	8.7e-322	0.03536434338235138	0.9646356566176487	1.4080480232962167e-205	3.9868694331239744e-54	3.9394467711572145e-179
UNG_boot.29	0.08986616018509579	0.0405763128195458	0.8695575269953585	2e-322	8.25e-322	2.3991122835414178e-23
UNG_boot.30	1.1882979839966504e-26	0.028959462388109782	0.9710405376118902	2.6e-322	1.047e-321	1.5006116049951722e-61
UNG_boot.31	0.07371435255285207	0.025464895918628692	0.9008207477258829	1.9e-322	9.54e-322	3.802636264841562e-09
UNG_boot.32	1.324e-321	0.01293467713434348	0.8657902725394161	3.06e-322	6.916709985113808e-33	0.12127505032624056
UNG_boot.33	4.607390119902227e-218	2.378870110286506e-90	0.664263261253885	1.8e-322	6.708544634844545e-299	0.3357367387461149
UNG_boot.34	2.8e-321	0.026629041304291355	0.9733709586957086	3.46e-322	1.477e-321	3.3082365432922135e-101
UNG_boot.35	0.03648535290515697	0.014930839478694984	0.853321659462866	1.7e-322	8.5e-322	0.09526214815328199
UNG_boot.36	1.873e-321	0.010971827248787008	0.9449277862412566	4.4e-322	5.605611946074778e-263	0.044100386509956443
UNG_boot.37	2.1687831858179345e-218	0.047976042055712105	0.9520239579442878	1.2987746775784757e-302	5.243537243567779e-140	5.892995539776349e-54
UNG_boot.38	2.19e-321	1.2974362659813966e-11	0.8361223606828307	1.63e-322	1.087e-321	0.16387763930419472
UNG_boot.39	7.398936916252068e-273	4.664575782384895e-45	0.9889516407634423	2.4e-322	1.245e-321	0.011048359236557557
UNG_boot.40	2.2854838405440882e-260	0.02793071176785498	0.972069288232145	6.47e-322	1.275e-321	4.55832121640711e-93
UNG_boot.41	0.11542120396205717	1.6343822494850003e-175	0.884578796037943	1.73e-322	8.7e-322	2.044135137198609e-60
UNG_boot.42	2.633e-321	0.04607654549870336	0.8139974535447401	1.93e-322	1.146e-321	0.13992600095655675
UNG_boot.43	8.656e-320	1.3064481524622814e-38	1.0	5.53e-322	1.433e-321	2.2757315831285404e-73
UNG_boot.44	1.66e-321	0.02060512942417426	0.8907454604644532	4.74e-322	3.7348865162625384e-174	0.08864941011137253
UNG_boot.45	0.09725563787750298	1.578892253507969e-228	0.8207988468421202	1.93e-322	8.1e-322	0.08194551528037687
UNG_boot.46	7.9502011112491e-90	6.6557364239857714e-164	1.0	2.57e-322	5.93e-322	1.0333856822149017e-92
UNG_boot.47	2.27e-321	3.401355301748983e-104	0.87744168878076	2.4e-322	4.2167998707483654e-294	0.12255831121923991
UNG_boot.48	3.3097686984670037e-37	0.13588816679830043	0.8641118332016996	1.83e-322	9.24e-322	2.4680244599185805e-77
UNG_boot.49	1.05e-321	2.337927250292463e-85	0.8084410428345902	3.9e-322	0.01130251294075952	0.18025644422465045
UNG_boot.50	0.19577482559094206	2.383340475088035e-24	0.8042251744090578	2.08e-322	6.8e-322	2.860871370797889e-51
UNG_boot.51	0.22663347582162027	6.514410500919142e-224	0.7733665241783797	2.96e-322	8.05e-322	2.4294055200329037e-133
UNG_boot.52	0.22769264044373025	1.655175688101438e-138	0.7723073595562697	2.2e-322	1.255e-321	2.2459496838565892e-54
UNG_boot.53	0.1517038404993104	3.7857843991343616e-185	0.8433207496745945	3.46e-322	1e-321	0.0049754098260949885
UNG_boot.54	0.26261729685005475	6.881876100579688e-166	0.7373827031499453	2.08e-322	8.25e-322	1.2861802935021877e-21
UNG_boot.55	0.16024710427305738	8.629625600472236e-80	0.8397528957269427	2.77e-322	4.200028633309751e-259	1.8225579666005686e-60
UNG_boot.56	0.30115707207215414	2.243e-321	0.6988429279278459	2.2e-322	6.97e-322	2.4366566105092367e-90
UNG_boot.57	0.22342816886076397	1.477e-321	0.776571831139236	3.5e-322	5.7e-322	3.4982290595155926e-193
UNG_boot.58	0.19937147270907996	1.546e-321	0.8006285272909199	3.6e-322	8.9e-322	3.142688485232506e-246
UNG_boot.59	0.17011238266974374	6.973688731356852e-79	0.8298876173302563	5.14e-322	1.527e-321	8.734139107463538e-22
UNG_boot.60	0.15003757974540327	0.03617015113410381	0.7683294194447728	7.16e-322	1.6121098264204412e-170	0.04546284967572004
UNG_boot.61	0.2521892699402718	2.308992751732163e-246	0.7478107300597282	2.87e-322	9.1e-322	1.130504625482001e-134
UNG_boot.62	0.2977722421766483	1.25e-321	0.7022277578233517	1.9e-322	5.83e-322	3.3556812749596416e-167
UNG_boot.63	0.2818643025647823	2.026e-321	0.7181356974352178	2e-322	6.27e-322	2.0952029766952735e-266
UNG_boot.64	0.15703253782290205	2.9134344799556205e-10	0.8302811371499214	2.96e-322	1.46e-321	0.012686324735833155
UNG_boot.65	0.20290079719771445	1.724e-321	0.7970992028022855	5.34e-322	5.8e-322	6.018240741449771e-154
UNG_boot.66	0.15952367001158257	4.407425741421451e-266	0.8404763299884175	5.24e-322	7.16e-322	5.376179904478289e-159
UNG_boot.67	0.1723528759662921	1.41895788279464e-145	0.8276471240337078	6.03e-322	1.2724874926358062e-305	4.701305007681955e-115
UNG_boot.68	0.26481271522917127	2.08e-321	0.7351872847708286	3e-322	6.37e-322	1.3274893539192604e-260
UNG_boot.69	0.21310073212198388	1.2165919708617443e-39	0.7868992678780162	3.1e-322	1.003e-321	2.2013179378035203e-35
UNG_boot.70	0.034618370680094414	0.03851841785912413	0.7338954383927399	1.9e-322	4.2419929297261253e-308	0.1929677730680417
UNG_boot.71	0.13068467653282043	4.5220341588490944e-125	0.8693153234671795	5.8e-322	1.126e-321	3.260117861321145e-108
UNG_boot.72	0.2910666889323806	3.2315223242582906e-42	0.7089333110676195	2.17e-322	1.566e-321	7.657470740422246e-28
UNG_boot.73	0.23715672731256926	1.635e-321	0.7628432726874308	4.35e-322	6.97e-322	3.0602086049663908e-257
UNG_boot.74	0.27587963389322734	1.0451207504357816e-284	0.7241203661067726	3.06e-322	8.05e-322	3.919799762356981e-214
UNG_boot.75	0.24720410515362412	5.544841193414534e-196	0.7527958948463759	2.87e-322	7.7e-322	1.1587291085704956e-225
UNG_boot.76	0.2507720029555858	1.4163868386157723e-285	0.7492279970444142	3.8e-322	7.6e-322	2.6920308164320667e-87
UNG_boot.77	0.1723047213059249	1.0693335371461271e-121	0.8276952786940751	5.3e-322	1.16e-321	2.0288562034587484e-135
UNG_boot.78	0.19207713179840302	1.3671381053830566e-33	0.7686945743584215	3.95e-322	3.3715940477682024e-190	0.0392282938431755
UNG_boot.79	0.09325945204343246	2.7405592145483956e-77	0.852394908953289	6.5e-322	1.9425783278571769e-233	0.054345639003278524
UNG_boot.80	0.26697145214917334	5.125617471693138e-250	0.7330285478508267	1.83e-322	8.8e-322	1.4602743873732562e-137
UNG_boot.81	0.31499282021560043	1.986e-321	0.6850071797843995	6e-322	9.34e-322	6.240099904717473e-103
UNG_boot.82	0.26512632021924193	1.917e-321	0.734873679780758	4.2e-322	6.57e-322	3.615105800092108e-222
UNG_boot.83	0.20172030048847164	0.03242972291578696	0.7658499765957413	2.9e-322	1.413e-321	7.060888345007202e-22
UNG_boot.84	0.2640879442616606	4.037552054557627e-249	0.7359120557383394	2.77e-322	8.84e-322	3.174049603379607e-30
UNG_boot.85	0.17286400393198204	8.446637299204021e-106	0.827135996068018	8.7e-322	1.44e-321	4.196426400666872e-58
UNG_boot.86	0.1922551437504614	2.4647007293841083e-123	0.8077448562495386	3.6e-322	1.04e-321	5.501601930914814e-190
UNG_boot.87	0.14812504060179213	1.2954678905755553e-68	0.8518749593982078	4.3e-322	4.633618172482095e-245	1.6252817303623447e-51
UNG_boot.88	0.252235089761651	3.792392852476699e-257	0.747764910238349	4.1e-322	7.9e-322	1.0763137964623348e-90
UNG_boot.89	0.298528591796768	8.09248731176774e-257	0.7014714082032321	3.06e-322	6.4e-322	4.090506369283779e-151
UNG_boot.90	0.260761679087982	4.378708217799128e-108	0.7176864337683971	2.8e-322	1.2e-321	0.021551887143620888
UNG_boot.91	0.24227030596656604	6.758676433189255e-277	0.7577296940334338	2.77e-322	7.4e-322	1.9059273846999467e-184
UNG_boot.92	0.2972340141780784	2.21e-321	0.7027659858219215	2e-322	7.7e-322	3.607981462466644e-154
UNG_boot.93	0.13250935896859345	6.619670970964619e-32	0.8251737256725159	5.04e-322	1.596796911395975e-236	0.042316915358890636
UNG_boot.94	0.18854330208034267	2.9871937980553464e-69	0.7563637890028867	6e-322	8.654312455397856e-305	0.05509290891677075
UNG_boot.95	0.23055903652162696	6.155026027490094e-192	0.769440963478373	3.75e-322	1.2e-321	4.0639444099361073e-131
UNG_boot.96	0.2665642906279243	9.279094683519613e-251	0.7334357093720757	6.3e-322	1.01e-321	4.96088356199103e-163
UNG_boot.97	0.34459865158076713	1.374e-321	0.6554013484192327	2.1e-322	6.5e-322	5.352038052530312e-192
UNG_boot.98	0.1624314266636028	1.4449737271628543e-85	0.8375685733363972	3.85e-322	1.1e-321	1.1222957699502521e-41
UNG_boot.99	0.07185632143659118	3.2894009612006512e-93	0.7876286024557777	5.53e-322	8.428765052312781e-191	0.14051507610763117
UNG_boot.100	0.39104323885271725	1.44e-321	0.6089567611472826	2.3e-322	5.3e-322	2.09e-321
UNG_boot.101	0.23535856472125444	2.37e-321	0.7646414352787456	3e-322	9.7e-322	2.7026979716435634e-86
UNG_boot.102	0.2544036466890278	6.771407292553518e-211	0.7455963533109722	2.77e-322	1.04e-321	2.7110853882930362e-36
UNG_boot.103	0.020699390853564908	1.1052676820312089e-57	0.842263107051064	4.45e-322	2.2148527355775774e-184	0.13703750209537116
UNG_boot.104	0.22956007864688785	3.191618021749873e-254	0.7704399213531121	2.5e-322	8.1e-322	1.7351636973566106e-38
UNG_boot.105	0.3304882012530343	1.675e-321	0.6695117987469656	1.93e-322	5.93e-322	7.799406069674089e-103
UNG_boot.106	3.3565827310942067e-130	0.02097215890847202	0.8604968216087889	0.01845692169308741	1.1877432549358858e-148	0.10007409778965166
UNG_boot.107	0.22373863491851756	1.0056209717365519e-304	0.7762613650814824	3.6e-322	5.9e-322	1.2087001004481054e-238
UNG_boot.108	0.0421429917316652	0.008620476055633293	0.755637329407929	4.55e-322	2.4611122431589755e-220	0.19359920280477244
UNG_boot.109	1.2320248754054806e-11	7.811682008996389e-120	0.7678547270783933	0.013845856574117101	3.095331738276739e-171	0.21829941633516933
UNG_boot.110	0.2160927980455739	8.8194e-319	0.783907201954426	1.93e-322	6.27e-322	5.230680556933948e-173
UNG_boot.111	0.0554743836397215	0.03552998523186448	0.8521676010093606	5.34e-322	4.945767702572189e-161	0.05682803011905358
UNG_boot.112	0.2086176634741443	2.030492319477652e-201	0.7913823365258557	3.36e-322	9.6e-322	2.057463523079016e-101
UNG_boot.113	0.22585197153793127	1.20431416667299e-212	0.7741480284620688	2.96e-322	8.05e-322	6.828540031474096e-193
UNG_boot.114	0.09236255391985686	1.0396487861809025e-196	0.8894461731069941	0.018191272973149188	8.15e-322	1.9602866793359174e-156
UNG_boot.115	0.010385418527783023	0.04518097741458282	0.9317513418091885	8.258369200774387e-188	1.9959558072651015e-104	0.012682262248445708
UNG_boot.116	0.03882761133587165	2.4669487045723775e-153	0.9611723886641284	4.142880151930361e-225	1.156e-321	5.400022824026702e-78
UNG_boot.117	0.13543239314888667	1.0631929740975433e-197	0.8645676068511133	7.8e-322	1.01e-321	9.847206104861251e-122
UNG_boot.118	0.06788779894285149	6.994097649752578e-104	0.8432427307836889	5.1e-322	1.392916018391368e-256	0.08886947027345946
UNG_boot.119	0.16161974427773157	1.2164104160630882e-199	0.8205509509198202	0.017829304802448206	4.1981322444246253e-178	7.061178506479728e-41
UNG_boot.120	0.08457246315446891	2.5907137960734763e-93	0.9154275368455311	1.2934693578400496e-42	1.457e-321	6.64781581186781e-168
UNG_boot.121	0.045543420694669184	1.72e-321	0.9544565793053308	3.16e-322	5.43e-322	1.3346501338287164e-275
UNG_boot.122	0.18193724440477946	1.4942837007578077e-248	0.7940060606037241	3.26e-322	1.057e-321	0.024056694991496323
UNG_boot.123	0.10164793612371488	4.1413564963556197e-113	0.8983520638762852	9.064036112770937e-305	2.1408931567814495e-289	1.0465884771248623e-53
UNG_boot.124	0.1818154709501095	2.25e-321	0.8181845290498905	4.05e-322	6.67e-322	9.739831167134954e-153
UNG_boot.125	0.06452626618117446	1.3842841199217466e-179	0.842726491254029	3.1e-322	2.52771336e-316	0.09274724256479665
UNG_boot.126	0.11548390156714249	1.807106134920779e-103	0.8748511210805814	3.9e-322	3.935897258227847e-119	0.009664977352276158
UNG_boot.127	0.12831287480843034	7.318088600507962e-228	0.8710154358880816	0.0006716893034879757	1.41e-321	1.2472938568299682e-69
UNG_boot.128	0.13301997423296355	0.004431620095113577	0.8395424049976459	0.02300600067427719	6.434964076941518e-153	4.486749354469385e-49
UNG_boot.129	0.26391087583389655	1.314e-321	0.7360891241661034	1.6e-322	6.47e-322	5.638833616427137e-191
UNG_boot.130	4.913472218603041e-07	0.03835343833517739	0.9335135749510649	1.148658599697328e-212	4.954443788377755e-158	0.028132495366535983
UNG_boot.131	0.047581846690457646	0.17992183116474933	0.7724963221447931	8.15e-322	1.1266563519809853e-160	1.0034887892977806e-39
UNG_boot.132	0.1720533253382794	7.71746930774736e-91	0.8279466746617207	6.7e-322	6.916259164573623e-247	3.3897947735656797e-82
UNG_boot.133	0.1301626351182949	2.1407801455167328e-88	0.8050659118110505	0.002579698511702917	1.1690342700291674e-150	0.06219175455895173
UNG_boot.134	0.08332948897586442	4.4457403754377985e-261	0.9166705110241354	2.955513276612204e-309	1.275e-321	9.717658591595989e-32
UNG_boot.135	0.05738931491526036	8.489217689088414e-79	0.9426106850847398	6.57e-322	5.149902795242265e-205	1.112455667667305e-19
UNG_boot.136	0.04424703391125079	4.813166633064258e-205	0.8489995333826696	3.8e-322	1.28e-321	0.10675343270607975
UNG_boot.137	0.16745457070038028	1.64e-321	0.8325454292996197	2.8e-322	6.23e-322	1.491327473446857e-169
UNG_boot.138	0.12977709778216115	2.624208589679337e-234	0.8702229022178388	1.0696245567266948e-226	7.463098832189366e-294	2.7141492328705337e-20
UNG_boot.139	1.9778050769517247e-58	0.03115455294269525	0.7624595465867278	8e-322	9.08313258857508e-106	0.20638590047057695
UNG_boot.140	0.10155767966527973	3.421358158485245e-150	0.8984423203347203	5.430853780711493e-78	2.974458092730854e-272	3.914581720914112e-86
UNG_boot.141	0.1812603530012213	1.1474781829149059e-262	0.8187396469987787	3.46e-322	7.1e-322	2.197736518575225e-180
UNG_boot.142	1.2399024643321127e-29	0.02304344868867254	0.9106706300739257	6.27590556471155e-16	2.6151179131258304e-168	0.06628592123740121
UNG_boot.143	0.058601510122462605	0.0782280675372308	0.8631704223403066	1.7392512435501178e-249	1.1748555256638651e-120	1.2601375785216925e-96
UNG_boot.144	0.010522483967303375	3.6538812580621397e-22	0.9646445304082021	0.024832985624494562	3.7864271904205724e-95	6.353576583861075e-38
UNG_boot.145	0.1219143992555076	3.3450505383297266e-64	0.8780856007444923	5.04e-322	1.0891759426701414e-302	3.445208536019721e-79
UNG_boot.146	0.06564597357919547	3.8893650079017442e-56	0.9343540264208045	3.85e-322	1.0161151351590007e-261	6.162945637227988e-18
UNG_boot.147	0.16670092726282826	1.74e-321	0.8332990727371717	3.85e-322	6.37e-322	3.168367302388687e-200
UNG_boot.148	0.1273748156882835	8.350047012103977e-303	0.8726251843117164	5.3e-322	1.03e-321	8.843065131463927e-102
UNG_boot.149	0.09017171768267447	1.63e-321	0.9098282823173256	4.64e-322	5.24e-322	2.0751632795720207e-191
UNG_boot.150	0.21797419631016135	3.0296434033774744e-263	0.7820258036898387	4.25e-322	1.097e-321	8.982816781658379e-97
UNG_boot.151	0.0638535356507349	1.3891647603141261e-183	0.6670494541276495	2.57e-322	9.318567937471853e-309	0.2690970102216156
UNG_boot.152	0.047410339618454755	3.6196069452941724e-58	0.9525896603815451	4.946739611331475e-272	2.4924728593189175e-219	1.5973544396837245e-23
UNG_boot.153	0.10120557704826172	1.4975803577426299e-124	0.8987944229517383	7.16e-322	2.77515364764885e-308	7.353947476178029e-70
UNG_boot.154	0.19452921664741862	2.538894e-317	0.8054707833525814	2.4e-322	6.6e-322	2.8165913964292246e-75
UNG_real	1.1754550299792073e-169	0.09300071322116206	0.9005877789728798	2.6e-322	1.487e-321	0.006411507805958096
UNG_real.1	0.23364873974341205	6.218496843406866e-178	0.766351260256588	3.85e-322	1.087e-321	1.5783928812559977e-90
UNG_real.2	0.10346173210198831	3.3874751457969945e-129	0.8965382678980117	7.46e-322	1.5632970916922975e-300	5.064484498763878e-50
ATP2B4_boot	1.14e-321	2.2075e-319	0.08256263453720057	0.007276725213942135	0.9101606402488571	1.3370123935992951e-210
ATP2B4_boot.1	9.094292790206616e-189	5.5654290402891886e-80	0.045012814084732414	0.2820769493505564	0.6729102365647112	2.7502864782668535e-37
ATP2B4_boot.2	0.1858446036302217	1.3994244494062311e-92	0.18071762443199957	0.2309260531479324	0.4025117187898366	9.570148165190925e-15
ATP2B4_boot.3	2.8551801956464044e-283	9.46894918049109e-184	0.21560989996712582	0.19870042022341117	0.46991823998282356	0.11577143982663932
ATP2B4_boot.4	2.44e-321	7.442459302251789e-105	0.3428907292001773	3.5157534578484575e-281	0.6571092707998227	5.479332492119982e-139
ATP2B4_boot.5	2.13e-321	2.3407770961011753e-237	0.2546428914260021	0.09917511373402231	0.634293110277851	0.011888884562124655
ATP2B4_boot.6	2.47e-321	7.045554863301397e-150	0.1773106089838513	0.1985549229424212	0.6011521057617781	0.02298236231194949
ATP2B4_boot.7	1.44e-321	4.7230956395757945e-251	0.09644334179066881	0.05553719498207364	0.8480194632272575	2.3780075666689036e-109
ATP2B4_boot.8	2.337e-321	1.3320209908120404e-69	0.07137151031772616	0.22797744698020142	0.7006510427004834	1.589100200441108e-12
ATP2B4_boot.9	2.075e-321	6.241134645313991e-108	0.23453554594510645	0.14731356801578224	0.6181508860391114	8.498617784337066e-131
ATP2B4_boot.10	1.156e-321	1.2559892271895738e-256	0.09208267391737666	0.23163681783885456	0.5977023855674607	0.07857812267630807
ATP2B4_boot.11	1.126e-321	1.5391036902405517e-239	0.29263900928765063	0.10302320812292488	0.6043377825894245	2.9430639560413084e-115
ATP2B4_boot.12	4e-322	6.57e-322	0.23099325568492918	0.022205936661809866	0.7468008076532611	2.2786959901674393e-129
