Samples	SBS96A	SBS96B	SBS96C	SBS96D	SBS96E
OGG1_boot	3.5e-322	2.96e-322	0.9999999999999999	3.4e-322	3.85e-322
OGG1_boot.1	4.4e-322	6.03e-322	1.0	5.8e-322	6.2e-322
OGG1_boot.2	5.3e-322	6.03e-322	0.9999999999999999	6.3e-322	6.13e-322
OGG1_boot.3	6.3e-322	7.76e-322	1.0	8.9e-322	6.87e-322
OGG1_boot.4	1.56e-321	2.836e-321	1.0	2.17e-321	1.85e-321
OGG1_boot.5	3.5e-322	4.45e-322	1.0	4.6e-322	5e-322
OGG1_boot.6	5.9e-322	6.67e-322	0.9999999999999999	6.37e-322	6.8e-322
OGG1_boot.7	4.7e-322	6.4e-322	1.0	6.77e-322	6.5e-322
OGG1_boot.8	6.6e-322	8.05e-322	1.0	8e-322	9e-322
OGG1_boot.9	1.17e-321	1.813e-321	1.0	1.39e-321	1.487e-321
OGG1_boot.10	4.15e-322	4.3e-322	1.0	5.5e-322	5.83e-322
OGG1_boot.11	8.8e-322	8.35e-322	1.0	1.156e-321	1.12e-321
OGG1_boot.12	4.64e-322	6.3e-322	1.0	6.1e-322	5.9e-322
OGG1_boot.13	4.64e-322	6.37e-322	1.0	6.13e-322	6.5e-322
OGG1_boot.14	9.34e-322	1.413e-321	0.9999999999999999	1.215e-321	1.245e-321
OGG1_boot.15	1.517e-321	2.406e-321	1.0	1.84e-321	1.784e-321
OGG1_boot.16	3.4e-322	4.35e-322	1.0	3.9e-322	4.35e-322
OGG1_boot.17	8.5e-322	1.616e-321	1.0	1.11e-321	1.077e-321
OGG1_boot.18	1.05e-321	1.304e-321	1.0	1.245e-321	1.635e-321
OGG1_boot.19	1.235e-321	1.576e-321	0.9999999999999999	1.54e-321	1.566e-321
OGG1_boot.20	6.87e-322	8.4e-322	1.0	9.63e-322	1e-321
OGG1_boot.21	3.5e-322	4.55e-322	1.0	4.6e-322	5.04e-322
OGG1_boot.22	1.85e-321	7.05e-321	1.0	2.554e-321	2.065e-321
OGG1_boot.23	5.63e-322	8e-322	1.0	6.77e-322	7.76e-322
OGG1_boot.24	1.11e-321	2.27e-321	1.0	1.304e-321	1.334e-321
OGG1_boot.25	9.1e-322	1.724e-321	1.0	1.19e-321	1.09e-321
OGG1_boot.26	9.04e-322	1.71e-321	1.0	1.31e-321	1.08e-321
OGG1_boot.27	5.04e-322	5.73e-322	1.0	6.57e-322	6.9e-322
OGG1_boot.28	6e-322	6.77e-322	1.0	7.8e-322	6.97e-322
OGG1_boot.29	4.7e-322	6.4e-322	1.0	6.77e-322	6e-322
OGG1_boot.30	3.36e-322	4.3e-322	1.0	4.9e-322	4.25e-322
OGG1_boot.31	4.4e-322	4.55e-322	0.9999999999999999	5.8e-322	6.13e-322
OGG1_boot.32	6.87e-322	1.01e-321	1.0	1.03e-321	1e-321
OGG1_boot.33	6.4e-322	7.8e-322	1.0	7.76e-322	6.97e-322
OGG1_boot.34	6.97e-322	1.02e-321	1.0	1.04e-321	8.84e-322
OGG1_boot.35	6.97e-322	8.5e-322	1.0	7.8e-322	9.5e-322
OGG1_boot.36	4.7e-322	4.8e-322	1.0	6.77e-322	6.5e-322
OGG1_boot.37	6.5e-322	7.9e-322	0.9999999999999999	8.5e-322	8.25e-322
OGG1_boot.38	4.45e-322	4.55e-322	0.9999999999999999	5.24e-322	5.1e-322
OGG1_boot.39	9.24e-322	1.26e-321	1.0	1.39e-321	1.29e-321
OGG1_boot.40	5.7e-322	8.05e-322	0.9999999999999999	6.77e-322	6.6e-322
OGG1_boot.41	5.53e-322	7.8e-322	1.0	6.57e-322	6.37e-322
OGG1_boot.42	6.9e-322	8.5e-322	1.0	9.1e-322	8.2e-322
OGG1_boot.43	6.47e-322	6.3e-322	1.0	7.26e-322	7.6e-322
OGG1_boot.44	5.3e-322	6.03e-322	0.9999999999999999	6.9e-322	7.86e-322
OGG1_boot.45	5.7e-322	6.4e-322	0.9999999999999999	6.13e-322	6.6e-322
OGG1_boot.46	9.5e-322	1.26e-321	0.9999999999999999	1.17e-321	1.067e-321
OGG1_boot.47	6.87e-322	6.67e-322	1.0	7.66e-322	8.1e-322
OGG1_boot.48	7.07e-322	6.87e-322	1.0	7.9e-322	7.7e-322
OGG1_boot.49	9.6e-322	9.04e-322	1.0	1.04e-321	1.14e-321
OGG1_boot.50	4.64e-322	4.7e-322	1.0	4.84e-322	5.9e-322
OGG1_boot.51	4.45e-322	4.55e-322	1.0	5.24e-322	5.63e-322
OGG1_boot.52	3.56e-322	4.6e-322	0.9999999999999999	4.7e-322	4.55e-322
OGG1_boot.53	8.25e-322	1.057e-321	0.9999999999999999	1.077e-321	1.042e-321
OGG1_boot.54	5.73e-322	6.5e-322	1.0	7.5e-322	8.5e-322
OGG1_boot.55	7.26e-322	8.84e-322	1.0	8.8e-322	7.9e-322
OGG1_boot.56	5.8e-322	6.57e-322	0.9999999999999999	7.56e-322	7.36e-322
OGG1_boot.57	5.63e-322	4.8e-322	1.0	6.13e-322	7.1e-322
OGG1_boot.58	4.64e-322	4.8e-322	1.0	5.5e-322	6.5e-322
OGG1_boot.59	6.8e-322	6.6e-322	1.0	8.9e-322	1.11e-321
OGG1_boot.60	9.6e-322	1.087e-321	0.9999999999999999	1.18e-321	1.35e-321
OGG1_boot.61	5.93e-322	6.77e-322	1.0	7.1e-322	8.15e-322
OGG1_boot.62	8.55e-322	9.1e-322	1.0	9.73e-322	1.08e-321
OGG1_boot.63	4.9e-322	5.04e-322	1.0	5.73e-322	6.23e-322
OGG1_boot.64	4.8e-322	4.9e-322	1.0	5.6e-322	6.1e-322
OGG1_boot.65	9.5e-322	1.077e-321	0.9999999999999999	1.17e-321	1.067e-321
OGG1_boot.66	4.8e-322	4.94e-322	1.0	6.27e-322	6.13e-322
OGG1_boot.67	4.7e-322	4.8e-322	0.9999999999999999	4.9e-322	6e-322
OGG1_boot.68	6.23e-322	7.1e-322	0.9999999999999999	7.46e-322	7.2e-322
OGG1_boot.69	4.84e-322	4.94e-322	0.9999999999999999	5.7e-322	6.13e-322
OGG1_boot.70	4.9e-322	5.04e-322	1.0	6.37e-322	6.23e-322
OGG1_boot.71	5.8e-322	4.94e-322	1.0	6.3e-322	7.36e-322
OGG1_boot.72	6.13e-322	5.2e-322	1.0	7.36e-322	7.76e-322
OGG1_boot.73	4.8e-322	4.94e-322	1.0	6.27e-322	6.13e-322
OGG1_boot.74	6.23e-322	7e-322	0.9999999999999999	8.1e-322	8.5e-322
OGG1_boot.75	5.8e-322	6.57e-322	1.0	6.9e-322	7.36e-322
OGG1_boot.76	4.4e-322	4.45e-322	1.0	5.14e-322	5.53e-322
OGG1_boot.77	7.1e-322	6.9e-322	1.0	8.6e-322	9e-322
OGG1_boot.78	4.55e-322	4.7e-322	1.0	5.93e-322	6.37e-322
OGG1_boot.79	6e-322	5.1e-322	1.0	6.47e-322	6.97e-322
OGG1_boot.80	5.9e-322	6.67e-322	1.0	7e-322	7.4e-322
OGG1_boot.81	5.43e-322	4.64e-322	1.0	5.9e-322	6.3e-322
OGG1_boot.82	5.63e-322	6.4e-322	1.0	7.4e-322	7.76e-322
OGG1_boot.83	5.9e-322	5.04e-322	0.9999999999999999	6.37e-322	7.46e-322
OGG1_boot.84	5.63e-322	6.37e-322	1.0	6.13e-322	7.7e-322
OGG1_boot.85	5.43e-322	6.2e-322	1.0	6.5e-322	6.3e-322
OGG1_boot.86	7.1e-322	8.65e-322	1.0	8.6e-322	9.7e-322
OGG1_boot.87	6.03e-322	6.87e-322	0.9999999999999999	7.2e-322	8.25e-322
OGG1_boot.88	5.9e-322	6.67e-322	1.0	7e-322	8.1e-322
OGG1_boot.89	5.9e-322	6.67e-322	0.9999999999999999	7.66e-322	8.65e-322
OGG1_boot.90	1.675e-321	1.68e-321	1.0	4.116e-321	2.495e-321
OGG1_boot.91	5.8e-322	6.57e-322	1.0	7.56e-322	7.36e-322
OGG1_boot.92	7e-322	6.8e-322	1.0	1.047e-321	9.5e-322
OGG1_boot.93	1.324e-321	1.56e-321	1.0	2.525e-321	1.68e-321
OGG1_boot.94	5.884e-321	4.12e-321	0.9936215644581183	4.191665920314892e-14	0.006378435541839641
OGG1_boot.95	1.156e-321	1.25e-321	1.0	1.986e-321	1.46e-321
OGG1_boot.96	2.86e-321	1.966e-321	0.9130259882611381	0.08697401173886189	3.2217980922343866e-232
OGG1_boot.97	7.26e-322	1.057e-321	1.0	1.215e-321	9.83e-322
OGG1_boot.98	9.34e-322	9.54e-322	1.0	1.46e-321	1.186e-321
OGG1_boot.99	6.625e-321	2.77e-321	0.9951928774773618	0.004807108749115461	1.3773522716587196e-08
OGG1_boot.100	8e-322	8.5e-322	1.0	1.11e-321	1.02e-321
OGG1_boot.101	5.9e-322	8.4e-322	1.0	9e-322	6.87e-322
OGG1_boot.102	9.7e-322	1.47e-321	1.0	2.04e-321	1.09e-321
OGG1_boot.103	1.47e-321	2.703e-321	1.0	2.955e-321	1.364e-321
OGG1_boot.104	4.5e-322	4.6e-322	1.0	5.9e-322	6.27e-322
OGG1_boot.105	5.005e-321	5.514e-321	0.9731264079108547	0.026873592089145346	7.29979923404835e-219
OGG1_boot.106	3.463e-321	6.05e-321	0.9798826612171289	0.020117338782871044	7.729171498525438e-307
OGG1_boot.107	1.09e-321	1.186e-321	1.0	1.88e-321	1.26e-321
OGG1_boot.108	9.24e-322	8.74e-322	1.0	1.41e-321	1.107e-321
OGG1_boot.109	7.86e-322	8.4e-322	1.0	1.156e-321	1e-321
OGG1_boot.110	1.36e-321	1.423e-321	0.9999999999999999	2.66e-321	1.92e-321
OGG1_boot.111	2.56e-321	0.022822586612813306	0.9771774133871867	4.841165037207564e-154	2.905e-321
OGG1_boot.112	1.457e-321	1.72e-321	0.9999999999999999	2.485e-321	1.42e-321
OGG1_boot.113	9.73e-322	1.16e-321	1.0	1.65e-321	1.36e-321
OGG1_boot.114	7.66e-322	9.83e-322	1.0	1.067e-321	9.73e-322
OGG1_boot.115	9.04e-322	8.6e-322	1.0	1.45e-321	1.344e-321
OGG1_boot.116	4.264e-321	2.77e-321	0.9354880688841022	0.06451193111589779	4.229430427693515e-158
OGG1_boot.117	8.65e-322	1.146e-321	1.0	1.57e-321	9.14e-322
OGG1_boot.118	8.1e-322	8.6e-322	1.0	1.255e-321	1.09e-321
OGG1_boot.119	9.04e-322	1.2e-321	0.9999999999999999	1.443e-321	9.6e-322
OGG1_boot.120	8.4e-322	1.25e-321	1.0	1.37e-321	9.93e-322
OGG1_boot.121	1.334e-321	2.12e-321	1.0	2.62e-321	1.813e-321
OGG1_boot.122	7.1e-322	6.87e-322	0.9999999999999999	9.9e-322	1.023e-321
OGG1_boot.123	4.64e-322	6.3e-322	0.9999999999999999	6.67e-322	5.3e-322
OGG1_boot.124	1.507e-321	2.095e-321	1.0	4.372e-321	2.396e-321
OGG1_boot.125	1.877e-321	6.01e-321	1.0	5.52e-321	2.006e-321
OGG1_boot.126	9.8e-322	1e-321	1.0	1.53e-321	1.3e-321
OGG1_boot.127	1.067e-321	1.64e-321	0.9999999999999999	1.74e-321	1.215e-321
OGG1_boot.128	1.986e-321	1.784e-321	1.0	4.165e-321	3.513e-321
OGG1_boot.129	2.495e-321	3.99e-321	0.9276132872982125	0.07238671270178766	3.538e-321
OGG1_boot.130	9.24e-322	1.403e-321	1.0	1.546e-321	1.107e-321
OGG1_boot.131	5.95e-321	2.67e-321	0.9854362394365257	5.887440462383069e-07	0.01456317181942807
OGG1_boot.132	2.55e-321	1.976e-321	0.9682983495834172	0.03170165041658264	3.523e-321
OGG1_boot.133	1.196e-321	1.023e-321	1.0	1.754e-321	1.58e-321
OGG1_boot.134	9.83e-322	1.01e-321	1.0	1.477e-321	1.374e-321
OGG1_boot.135	7.1e-322	8.65e-322	1.0	9.93e-322	9e-322
OGG1_boot.136	7.66e-322	8.15e-322	1.0	1.186e-321	9.73e-322
OGG1_boot.137	4.15e-322	2.87e-322	1.0	5.5e-322	5.34e-322
OGG1_boot.138	6.77e-322	6.57e-322	1.0	9.5e-322	8.6e-322
OGG1_real	5.63e-322	6.37e-322	1.0	7.3e-322	7.1e-322
OGG1_real.1	5.9e-322	6.67e-322	1.0	7e-322	6.77e-322
OGG1_real.2	1.033e-321	1.413e-321	1.0	1.96e-321	1.443e-321
UNG_boot	0.9270558272777488	7.410116122568855e-85	5.1e-322	0.0729441727222513	1.11e-321
UNG_boot.1	0.4430092349773409	0.1903418342448682	5.53e-322	0.3666489307777909	1.042e-321
UNG_boot.2	0.3021659927679023	0.06615628431546035	4.9e-322	0.6316777229166373	9.8e-322
UNG_boot.3	0.5416437320470581	4.397e-321	7.1e-322	0.45835626795294193	1.186e-321
UNG_boot.4	0.7570654015013307	0.014308445360864673	4.8e-322	0.2286261531378046	1.077e-321
UNG_boot.5	0.6506784699779482	5.2e-321	8.4e-322	0.3493215300220518	1.616e-321
UNG_boot.6	0.669534448601209	1.255e-321	6.37e-322	0.33046555139879097	1.566e-321
UNG_boot.7	0.7014882490786778	0.14688723569144407	4.35e-322	0.15162451522987824	7.36e-322
UNG_boot.8	1.2612066363778558e-50	0.3096220492057814	9.8e-322	0.6903779507942185	1.43e-321
UNG_boot.9	0.365270140280955	7.358668499321378e-49	6.23e-322	0.6347298597190449	1.17e-321
UNG_boot.10	0.33926935656336255	0.0014172765732802526	1.136e-321	0.6593133668633573	1.19e-321
UNG_boot.11	0.3177298755230404	0.06455545403915389	6e-322	0.6177146704378058	1.146e-321
UNG_boot.12	0.8087353112732923	9.75e-321	7.46e-322	0.1912646887267078	1.176e-321
UNG_boot.13	0.5551456635035638	0.1461242862554011	5.04e-322	0.29873005024103516	1.13e-321
UNG_boot.14	0.9905750667715906	5.3464791174898646e-17	3.2e-322	0.009424933228409357	7.3e-322
UNG_boot.15	0.5396406726876075	0.26510298677046723	5e-322	0.1952563405419251	8.45e-322
UNG_boot.16	0.6567019296227823	0.013850899607369105	4.7e-322	0.32944717076984864	9.5e-322
UNG_boot.17	0.6730416033220881	5.460337866522867e-88	6.23e-322	0.32695839667791204	1.35e-321
UNG_boot.18	0.1119116077736456	0.19429069528991197	8.15e-322	0.6937976969364426	1.21e-321
UNG_boot.19	0.42585764688460204	0.2235465910790765	4.15e-322	0.35059576203632153	1.02e-321
UNG_boot.20	0.3718866921445746	3.32e-321	8.94e-322	0.6281133078554254	1.35e-321
UNG_boot.21	0.7079419362177777	4.49e-321	4.45e-322	0.2920580637822222	1.013e-321
UNG_boot.22	0.8809344515241668	0.032274845667625465	5.4e-322	0.08679070280820765	8.84e-322
UNG_boot.23	0.5656268502855499	7.97e-321	5.93e-322	0.43437314971445	1.11e-321
UNG_boot.24	0.9326428856836447	5.356e-321	4.45e-322	0.06735711431635515	7.6e-322
UNG_boot.25	0.30317278043463725	4.21e-321	1.17e-321	0.6968272195653628	1.5e-321
UNG_boot.26	0.4728533616477163	3.286e-321	6.9e-322	0.5271466383522838	1.537e-321
UNG_boot.27	0.9300947384221843	1.326e-320	6e-322	0.06990526157781587	1.15e-321
UNG_boot.28	0.1450807608949107	5.815e-321	8e-322	0.8549192391050894	1.517e-321
UNG_boot.29	0.7070606277867824	0.10331715752262731	4.45e-322	0.18962221469059024	9.24e-322
UNG_boot.30	0.4247099178030853	0.07489214130035034	6.67e-322	0.5003979408965643	1.117e-321
UNG_boot.31	0.8485757699389175	0.011069700417991364	4.15e-322	0.14035452964309114	8.65e-322
UNG_boot.32	0.5066246076788793	3.305e-321	5e-322	0.4933753923211207	1.23e-321
UNG_boot.33	0.8316810463719613	1.314e-320	5.04e-322	0.16831895362803878	1.126e-321
UNG_boot.34	0.45758808352392927	8.067934629433355e-244	7.5e-322	0.5424119164760708	1.117e-321
UNG_boot.35	0.8251071972467121	0.009061095921291581	4.64e-322	0.1658317068319962	9.04e-322
UNG_boot.36	0.5205834602232431	2.757e-321	8.55e-322	0.47941653977675686	1.255e-321
UNG_boot.37	0.05612379624487229	0.15040946408825273	8.45e-322	0.7934667396668749	1.403e-321
UNG_boot.38	0.7702084430468994	2.36e-321	4.4e-322	0.22979155695310055	1.003e-321
UNG_boot.39	0.5366938103418177	1.8401723180827768e-158	4.35e-322	0.46330618965818227	8.94e-322
UNG_boot.40	0.1940281841263145	0.10000376970333032	1.03e-321	0.7059680461703552	1.24e-321
UNG_boot.41	0.5933723564196424	0.15946961045929053	4.9e-322	0.24715803312106713	9.5e-322
UNG_boot.42	0.7985557787860985	4.54e-321	5.5e-322	0.20144422121390135	1.08e-321
UNG_boot.43	0.15344177628634734	0.10536123826671188	7.1e-322	0.7411969854469407	1.23e-321
UNG_boot.44	0.4133437382489662	7.62e-321	6.9e-322	0.5866562617510338	1.29e-321
UNG_boot.45	0.4690149674170383	0.19450495044849359	6.67e-322	0.33648008213446806	1.09e-321
UNG_boot.46	0.2699645010137078	0.14870745772561642	5.83e-322	0.5813280412606758	8.55e-322
UNG_boot.47	0.6180520463034984	5.04e-321	5.34e-322	0.38194795369650153	1.04e-321
UNG_boot.48	0.7105226639247981	1.310584688999327e-106	6.13e-322	0.289477336075202	1.023e-321
UNG_boot.49	0.3936918505524983	5.706e-321	5.1e-322	0.6063081494475018	1.275e-321
UNG_boot.50	0.6995381108169626	0.16379657932419395	5.93e-322	0.13666530985884348	9.63e-322
UNG_boot.51	0.43984152609294624	0.2878046566661659	1.136e-321	0.2723538172408879	1.245e-321
UNG_boot.52	0.9504841136184712	0.04951588638152881	4.84e-322	6.42e-321	9.73e-322
UNG_boot.53	0.3423806049153281	0.22205734366607152	8.65e-322	0.4355620514186005	1.225e-321
UNG_boot.54	0.8826217169854607	0.11737828301453945	8.15e-322	8.658614458585178e-108	1.077e-321
UNG_boot.55	0.6416536955597897	0.10602042243958602	9.04e-322	0.25232588200062417	1.126e-321
UNG_boot.56	0.7977469436340154	0.20225305636598456	1.02e-321	1.9976767536259952e-99	1.16e-321
UNG_boot.57	0.09138891726122358	0.44113076228391895	1.36e-321	0.46748032045485755	1.16e-321
UNG_boot.58	0.22508162744207671	0.34785879109102447	1.467e-321	0.4270595814668988	1.32e-321
UNG_boot.59	0.7095280476157255	0.06517203426369736	1.56e-321	0.22529991812057698	1.25e-321
UNG_boot.60	0.7526506577017973	0.03060587325662361	1.635e-321	0.21674346904157904	1.487e-321
UNG_boot.61	0.5457629555921597	0.2548232418942336	1.403e-321	0.1994138025136066	1.314e-321
UNG_boot.62	0.5001728271180096	0.3741426648349547	6.67e-322	0.1256845080470357	1.013e-321
UNG_boot.63	0.695574920856399	0.250128769677003	1.042e-321	0.054296309466598094	1.067e-321
UNG_boot.64	0.9436092814098628	3.347728192130255e-125	7.46e-322	0.056390718590137195	1.166e-321
UNG_boot.65	0.2115229246992914	0.3361714341827399	1.956e-321	0.45230564111796867	1.3e-321
UNG_boot.66	0.32990258059897304	0.2376986163960556	1.576e-321	0.43239880300497147	1.255e-321
UNG_boot.67	0.5848859365384873	0.12675648823766328	1.65e-321	0.28835757522384925	1.393e-321
UNG_boot.68	0.37775737294872735	0.3543503524486911	1.41e-321	0.2678922746025816	1.27e-321
UNG_boot.69	0.7491591740506751	0.13941529756564122	9.2e-322	0.11142552838368368	1.24e-321
UNG_boot.70	0.9535695643692295	2.9e-321	9.24e-322	0.04643043563077055	1.4e-321
UNG_boot.71	0.540855301526884	0.10153494980056257	1.58e-321	0.3576097486725533	1.354e-321
UNG_boot.72	0.8957021468536686	0.10429785314633146	6e-322	5.81e-321	9.54e-322
UNG_boot.73	0.09308687671866388	0.4418992704643821	1.734e-321	0.46501385281695395	1.413e-321
UNG_boot.74	0.43011604800778414	0.34251179553252264	1.537e-321	0.22737215645969322	1.433e-321
UNG_boot.75	0.6483857246461899	0.2110164407986681	1.314e-321	0.14059783455514208	1.18e-321
UNG_boot.76	0.544233696773428	0.2400037129010463	1.507e-321	0.21576259032552567	1.324e-321
UNG_boot.77	0.49354733816092256	0.17165842037709045	1.46e-321	0.33479424146198694	1.374e-321
UNG_boot.78	0.8786131628953413	0.0275740577260552	1.16e-321	0.09381277937860344	1.156e-321
UNG_boot.79	0.5234400988403158	0.07446279114062145	1.32e-321	0.4020971100190626	1.393e-321
UNG_boot.80	0.6369189505589241	0.2549582882131562	7.36e-322	0.10812276122791974	1.117e-321
UNG_boot.81	0.32694002688163043	0.3858513704683475	2.86e-321	0.28720860265002207	1.546e-321
UNG_boot.82	0.44445495955405034	0.30482230776037367	2.653e-321	0.2507227326855759	1.31e-321
UNG_boot.83	0.9698629427528601	0.028442436317732526	9.6e-322	0.0016946209294072204	1.146e-321
UNG_boot.84	0.6972554935696091	0.18883021867623775	1.14e-321	0.11391428775415305	1.255e-321
UNG_boot.85	0.5248523539788466	0.12657542953440773	2.12e-321	0.34857221648674586	1.354e-321
UNG_boot.86	0.757015302617338	0.09494528102938449	1.314e-321	0.14803941635327741	1.11e-321
UNG_boot.87	0.5535841793020366	0.11464688568409474	1.206e-321	0.33176893501386867	1.32e-321
UNG_boot.88	0.5019538034654503	0.24778454570649774	1.477e-321	0.250261650828052	1.27e-321
UNG_boot.89	0.7134256305763871	0.24046510218002437	1.3e-321	0.04610926724358848	1.08e-321
UNG_boot.90	0.8996669040771449	0.10033309592285511	7.3e-322	1.1197487986112885e-138	1.1e-321
UNG_boot.91	0.5368160290306856	0.25962088662934424	1.166e-321	0.20356308433997014	1.146e-321
UNG_boot.92	0.7002586933574555	0.24882150196054034	1.023e-321	0.05091980468200415	1.042e-321
UNG_boot.93	0.7550712047015391	0.016304332379464888	1.265e-321	0.22862446291899607	1.14e-321
UNG_boot.94	0.7770210099213957	0.06812780087592936	1.62e-321	0.154851189202675	1.49e-321
UNG_boot.95	0.6278670687935972	0.18148544827759208	1.35e-321	0.19064748292881067	1.28e-321
UNG_boot.96	0.6880019013119519	0.17745532986669507	3.45e-321	0.134542768821353	1.45e-321
UNG_boot.97	0.6116137083400778	0.3545191444534791	1.02e-321	0.03386714720644312	1.136e-321
UNG_boot.98	0.8767692827135096	1.8903786905051162e-24	1.04e-321	0.12323071728649039	1.003e-321
UNG_boot.99	0.7723056959612005	8.967e-321	1.67e-321	0.22769430403879964	1.39e-321
UNG_boot.100	0.5434880457778646	0.450719235387688	1.15e-321	0.005792718834447361	1.07e-321
UNG_boot.101	0.6913627950444745	0.18311576263720383	1.023e-321	0.1255214423183218	1.07e-321
UNG_boot.102	0.695959311225009	0.19963426077173765	8.35e-322	0.10440642800325328	1.117e-321
UNG_boot.103	0.6347023117354469	2.4676610295625834e-84	9.54e-322	0.36529768826455317	1.265e-321
UNG_boot.104	0.42123461681732177	0.2928645252697701	8.65e-322	0.28590085791290804	1.18e-321
UNG_boot.105	0.5077923201587125	0.37569853635165223	9.04e-322	0.11650914348963536	1.176e-321
UNG_boot.106	0.3319003351458674	1.1215e-320	4.975e-321	0.6680996648541326	1.88e-321
UNG_boot.107	0.656400034080669	0.17083347917216368	2.085e-321	0.17276648674716738	9.93e-322
UNG_boot.108	0.8010064439768092	5.593e-321	1.586e-321	0.19899355602319074	1.393e-321
UNG_boot.109	0.281912006287603	0.06573648232738445	3.24e-321	0.6523515113850127	1.86e-321
UNG_boot.110	0.9041022006482557	0.09589779935174426	7.76e-322	2.402143970810743e-37	8.84e-322
UNG_boot.111	0.7530699625886186	3.27e-321	1.897e-321	0.24693003741138148	1.477e-321
UNG_boot.112	0.6157839642087926	0.16369985186327585	1.225e-321	0.2205161839279316	1.04e-321
UNG_boot.113	0.5217774110752972	0.23756679663062702	1.37e-321	0.24065579229407572	1.25e-321
UNG_boot.114	0.10716810852255844	0.16237733956131448	7.824886129363499e-63	0.730454551916127	1.344e-321
UNG_boot.115	0.43824212782956967	0.010377053875916769	1.537e-321	0.5513808182945135	1.443e-321
UNG_boot.116	0.2958974387117782	0.08870718363335586	1.927e-321	0.6153953776548658	1.097e-321
UNG_boot.117	0.355388888294488	0.17613694767590268	1.73e-321	0.4684741640296093	1.107e-321
UNG_boot.118	0.5651049164947133	0.05294384005224965	1.013e-321	0.3819512434530371	1.324e-321
UNG_boot.119	0.1326546790885763	0.21665735823745053	1.8579201931804373e-270	0.6506879626739732	1.55e-321
UNG_boot.120	0.34077965909221564	0.10590935056860024	2.647691291874115e-263	0.5533109903391842	1.527e-321
UNG_boot.121	0.04945368429440805	0.2843880783726613	1.01e-321	0.6661582373329307	9.44e-322
UNG_boot.122	0.43840431986613737	0.2160993734721215	1.08e-321	0.345496306661741	1.136e-321
UNG_boot.123	0.6039554520418667	0.020561814426562585	2.07e-321	0.3754827335315708	1.245e-321
UNG_boot.124	0.37021500106206884	0.26439451754815607	1.166e-321	0.3653904813897751	1.14e-321
UNG_boot.125	0.7063946527520506	0.008095933409707337	7.56e-322	0.28550941383824213	9.6e-322
UNG_boot.126	0.4340385570292485	0.1316283511776847	8.45e-322	0.4343330917930668	1.22e-321
UNG_boot.127	0.00010241628614924536	0.2869749372558487	5.716e-321	0.712922646458002	1.665e-321
UNG_boot.128	0.29766720503833505	0.10763755135923446	9.286677168179415e-194	0.5946952436024306	1.87e-321
UNG_boot.129	0.5582077770424622	0.28340686646537994	7.56e-322	0.1583853564921579	8.84e-322
UNG_boot.130	0.45064348166543394	1.901919222683124e-72	1.61e-321	0.5493565183345661	1.393e-321
UNG_boot.131	0.7018344769368794	1.047e-320	2.68e-321	0.29816552306312055	1.705e-321
UNG_boot.132	0.5797571161129378	0.10556378417963867	1.65e-321	0.3146790997074236	1.17e-321
UNG_boot.133	0.5055562493394761	0.07373581980117833	5.46e-321	0.42070793085934566	1.66e-321
UNG_boot.134	0.06955652859583106	0.2361896827350835	1.393e-321	0.6942537886690856	1.235e-321
UNG_boot.135	0.4370318995608439	0.05752131095500514	1.235e-321	0.5054467894841509	1.3e-321
UNG_boot.136	0.550554483862365	0.05463889578396469	8.3e-322	0.3948066203536702	1.08e-321
UNG_boot.137	0.04908785174639619	0.41045726168545565	1e-321	0.5404548865681482	1.097e-321
UNG_boot.138	0.17189112821402192	0.22826080032401752	2.03e-321	0.5998480714619605	1.35e-321
UNG_boot.139	0.6621865909316733	3.394e-321	2.14e-321	0.3378134090683266	1.724e-321
UNG_boot.140	0.20607672272088098	0.18089044079884467	3.923e-321	0.6130328364802743	1.63e-321
UNG_boot.141	0.5823749598849522	0.16446741456918837	1.275e-321	0.2531576255458593	9.5e-322
UNG_boot.142	0.4507503578915956	7.93e-321	5.094e-321	0.5492496421084045	1.45e-321
UNG_boot.143	0.6246650886252441	4.455408600060052e-197	2.663e-321	0.375334911374756	1.54e-321
UNG_boot.144	0.2526725768378966	2.2315641073561054e-98	4.03e-321	0.7473274231621034	1.477e-321
UNG_boot.145	0.4962671164130128	0.10748555634572182	1.28e-321	0.3962473272412653	1.18e-321
UNG_boot.146	0.5543275706804509	0.03617833252632035	8.35e-322	0.4094940967932288	9.73e-322
UNG_boot.147	0.369393088939908	0.23732647211025104	1.32e-321	0.393280438949841	9.93e-322
UNG_boot.148	0.2020152938743815	0.2536122856656608	1.487e-321	0.5443724204599576	1.146e-321
UNG_boot.149	5.110719647341592e-08	0.31814712859540595	1.25e-321	0.6818528202973976	1.047e-321
UNG_boot.150	0.3253165398882007	0.28986481796252517	1.245e-321	0.3848186421492741	1.2e-321
UNG_boot.151	0.979053853560353	4.78e-321	8.5e-322	0.020946146439647033	1.15e-321
UNG_boot.152	0.3391977872210189	0.08188163525448096	1.48e-321	0.5789205775245001	1.29e-321
UNG_boot.153	0.11194204667185319	0.24895366397065025	1.5e-321	0.6391042893574967	1.3e-321
UNG_boot.154	0.6512793329675792	0.14923798825614304	9.1e-322	0.19948267877627776	8.74e-322
UNG_real	0.6183872309042315	6.731896e-318	5.73e-322	0.38161276909576836	1.11e-321
UNG_real.1	0.6559634356985478	0.17588473226651297	1.18e-321	0.16815183203493922	1.176e-321
UNG_real.2	0.3831348568034988	0.12360349077613994	1.63e-321	0.49326165242036124	1.32e-321
ATP2B4_boot	4.69e-321	6.87e-322	0.06008851089544835	6.285e-321	0.9399114891045518
ATP2B4_boot.1	2.525e-321	1.383e-321	0.45007518264812924	4.5e-321	0.5499248173518707
ATP2B4_boot.2	9.457434274174866e-56	0.07963524500579824	0.28768270246189626	0.18684633064121417	0.44583572189109133
ATP2B4_boot.3	2.65e-321	2.43e-321	0.26383635337187067	0.233821168867412	0.5023424777607173
ATP2B4_boot.4	1.7516519236905367e-05	1.334e-321	1.91e-321	0.49868139113872134	0.5013010923420418
ATP2B4_boot.5	2.95e-321	1.546e-321	0.15684365941183037	0.2208066636426006	0.622349676945569
ATP2B4_boot.6	3.08e-321	1.873e-321	0.30699037626723685	0.10877865200754434	0.5842309717252188
ATP2B4_boot.7	4.456e-321	6.6e-322	0.1143214913451245	4.387e-321	0.8856785086548755
ATP2B4_boot.8	2.436e-321	1.023e-321	0.362476907775682	4.037e-321	0.637523092224318
ATP2B4_boot.9	4.2314682191941657e-51	1.556e-321	0.24798675870122722	0.1487394761833231	0.6032737651154498
ATP2B4_boot.10	2.6e-321	9.54e-322	0.347865359977101	3.239173996721103e-191	0.6521346400228991
ATP2B4_boot.11	4.323e-321	1.35e-321	0.18394092862035086	0.30290479492762196	0.5131542764520272
ATP2B4_boot.12	1.764e-321	4.94e-322	0.08176632088771742	0.23978596909820094	0.6784477100140816
ATP2B4_boot.13	1.734e-321	9.04e-322	0.3698710926519884	3.33e-321	0.6301289073480116
ATP2B4_boot.14	3.1e-321	2.84e-321	0.3363390156723	0.25136100441827874	0.41229997990942135
ATP2B4_boot.15	4.26e-321	8.3e-322	0.08983417033891535	0.03994527366887637	0.8702205559922084
ATP2B4_boot.16	2.826e-321	1.136e-321	0.266296356800289	0.006658272985389327	0.7270453702143216
ATP2B4_boot.17	0.2498577156648929	4.293e-321	0.29993600775478724	0.1950550543379681	0.25515122224235176
ATP2B4_boot.18	2.945e-321	2.075e-321	0.3991762451937041	0.15159868517858854	0.4492250696277075
ATP2B4_boot.19	5.541627233868882e-150	3e-321	0.32165603325243886	0.3448018538943044	0.3335421128532568
ATP2B4_boot.20	2.78e-321	8.84e-322	0.02498103944178736	0.1478166284341749	0.8272023321240378
ATP2B4_boot.21	5.06e-321	1.07e-321	0.08269980700690704	0.0427322842083044	0.8745679087847885
ATP2B4_boot.22	2.972781675242077e-81	2.15e-321	0.21694678769173087	0.2532480004214644	0.5298052118868048
ATP2B4_boot.23	1.96e-321	6.8e-322	0.13789350827381358	1.998650031518458e-244	0.8621064917261865
ATP2B4_boot.24	9.145e-321	1.265e-321	8.30355157462088e-122	0.18883665707284886	0.8111633429271512
ATP2B4_boot.25	3.4e-321	8.8e-322	0.2222336854459042	0.00028769781167555506	0.7774786167424202
ATP2B4_boot.26	3.626e-321	1.413e-321	0.33570254267946636	3.8357332024765934e-37	0.6642974573205336
ATP2B4_boot.27	3.87e-321	2.683e-321	0.261462505470244	0.04278865887044528	0.6957488356593109
ATP2B4_boot.28	2.38e-321	8.65e-322	0.3054764222447344	2.6088480347728433e-90	0.6945235777552656
ATP2B4_boot.29	0.31332456052717933	1.107e-321	0.06099213152777037	1.0013634187244772e-55	0.6256833079450503
ATP2B4_boot.30	0.1326983015601889	1.71e-321	0.08118940439538085	0.21541051290320057	0.5707017811412298
ATP2B4_boot.31	2.535e-321	1.042e-321	0.1632344349003055	0.07035131783785661	0.7664142472618379
ATP2B4_boot.32	6.103946393599529e-237	1.793e-321	0.09769590288998467	0.32186189412570726	0.5804422029843079
ATP2B4_boot.33	8.709292629051151e-157	1.433e-321	0.1477172475418232	0.469426809026255	0.38285594343192186
ATP2B4_boot.34	4.11e-321	7.6e-322	0.15299944785174366	0.18785730999343594	0.6591432421548203
ATP2B4_boot.35	2.164e-321	8.15e-322	0.25534206867413545	3.278745855032857e-213	0.7446579313258644
ATP2B4_boot.36	2.2174752812795392e-36	2.327e-321	0.20855942683900122	0.07563651257344116	0.7158040605875577
ATP2B4_boot.37	4.28e-321	2.154e-321	0.4345130333220708	0.21073538135152128	0.354751585326408
ATP2B4_boot.38	0.6023931225871475	5.287e-321	0.39760687741285256	2.5312205279071922e-257	7.3191144277591855e-230
ATP2B4_boot.39	3.3e-321	2.095e-321	0.20948948148813593	1.0350074102182297e-84	0.7905105185118642
ATP2B4_boot.40	4.03e-321	7.76e-322	0.21931932603015314	0.22786037675971973	0.5528202972101273
ATP2B4_boot.41	2.055e-321	7.56e-322	0.1682839978059964	5.65e-321	0.8317160021940038
ATP2B4_boot.42	3.103e-321	1.26e-321	0.27338682695632194	0.1348213099377636	0.5917918631059145
ATP2B4_boot.43	3.073e-321	1.314e-321	0.4139311386778177	0.34606238549723756	0.24000647582494472
ATP2B4_boot.44	2.92e-321	1.334e-321	0.36457978957712067	0.354999228579457	0.28042098184342235
ATP2B4_boot.45	1.4516202542070034e-56	1.69e-321	0.16039163465028647	0.37194580973703895	0.46766255561267456
ATP2B4_boot.46	0.04438791483466645	2.964e-321	0.22204615551377974	0.2986360679344064	0.4349298617171474
ATP2B4_boot.47	2.673e-321	7e-322	0.03811461153335868	0.2851533417366438	0.6767320467299976
ATP2B4_boot.48	2.273e-321	1.33e-321	0.23477319952889739	4.6380081588090954e-70	0.7652268004711027
ATP2B4_boot.49	3.676e-321	9.195e-321	0.28105229374782714	0.08268159177475715	0.6362661144774159
ATP2B4_boot.50	3.25e-321	1.374e-321	0.17068251880241397	0.1801142403354833	0.6492032408621029
ATP2B4_boot.51	5.68e-321	6.16e-321	0.35202534392041684	0.0725877657021464	0.5753868903774366
ATP2B4_boot.52	4.3693011995260985e-140	3.41e-321	0.19945709919530732	0.3142863308235977	0.4862565699810951
ATP2B4_boot.53	4.516e-321	2.337e-321	0.3380245831255811	0.1671111711417386	0.4948642457326804
ATP2B4_boot.54	6.833e-321	2.495e-321	0.32960931693665907	0.0025361876363631554	0.6678544954269777
ATP2B4_boot.55	2.544e-321	9.5e-322	0.21547430380504035	0.23755826898413598	0.5469674272108236
ATP2B4_boot.56	2.895e-321	9.14e-322	0.10954560121160331	0.06735173562675204	0.8231026631616447
ATP2B4_boot.57	2.526293836624454e-307	1.06e-321	0.3140137184063372	2.738797606137733e-49	0.6859862815936629
ATP2B4_boot.58	2.777e-321	9.6e-322	0.15159876298522257	0.10481791563266057	0.7435833213821169
ATP2B4_boot.59	0.13606468664195043	1.71e-321	0.2765005192450257	0.11168179440781094	0.4757529997052129
ATP2B4_boot.60	2.525e-321	8.2e-322	0.09716867773143906	0.09368866081986983	0.8091426614486912
ATP2B4_boot.61	8.568679172929063e-11	3.52e-321	0.3284737783776562	0.28897955566986927	0.38254666586678776
ATP2B4_boot.62	2.694946081840859e-152	1.314e-321	0.03269929783218226	0.31909162463977564	0.648209077528042
ATP2B4_boot.63	0.4898331572554633	2.1e-321	0.29812224239352664	2.6659183734988236e-248	0.21204460035100994
ATP2B4_boot.64	5.039876514273236e-215	1.43e-321	0.12041047986031628	0.10846987478593555	0.7711196453537483
ATP2B4_boot.65	1.0182974804280411e-153	2.78e-321	0.05872832197053611	0.23889682100312074	0.7023748570263432
ATP2B4_boot.66	8.305e-321	8.2e-322	0.018268099631304074	0.2663774539031906	0.7153544464655053
ATP2B4_boot.67	3.42e-321	7.07e-322	0.05126198139998092	0.25721008943960305	0.691527929160416
ATP2B4_boot.68	6.556e-321	7.46e-322	0.023457167920991548	0.18339536451308988	0.7931474675659185
ATP2B4_boot.69	1.1367096831828654e-182	2.26e-321	0.3039041001815545	0.19268627960683682	0.5034096202116087
ATP2B4_boot.70	2.38e-321	8.65e-322	0.2430096420619752	0.2810141802628103	0.4759761776752147
ATP2B4_boot.71	3.3e-321	9.4e-322	0.29075600588184874	0.15480559371360392	0.5544384004045475
ATP2B4_boot.72	5.5680305577474665e-171	1.32e-321	0.1514195758921648	0.129400116386553	0.7191803077212823
ATP2B4_boot.73	2.7e-321	1.823e-321	0.3306858034733852	0.3489448331030185	0.3203693634235963
ATP2B4_boot.74	1.497e-321	5.9e-322	0.08351921868050372	4.08e-321	0.9164807813194964
ATP2B4_boot.75	0.5630203907886365	1.47e-321	0.23257285379912054	0.04542018439655255	0.15898657101569028
ATP2B4_boot.76	1.927e-321	9.2e-322	0.08449562003469802	0.12357508036262949	0.7919292996026726
ATP2B4_boot.77	4.65e-321	9.83e-322	0.1301187960092359	0.10740861889918406	0.7624725850915799
ATP2B4_boot.78	3.15e-321	1.477e-321	0.20827492020476238	0.06772662377029655	0.7239984560249412
ATP2B4_boot.79	3.24e-321	1.705e-321	0.17444863472582606	0.09718893882568704	0.728362426448487
ATP2B4_boot.80	1.279034069949292e-78	1.937e-321	0.18244501556710752	1.0798908597292691e-12	0.8175549844318126
ATP2B4_boot.81	1.62e-321	7.3e-322	0.04574943937999482	5.375e-321	0.954250560620005
ATP2B4_boot.82	5.38e-321	8.25e-322	0.12290312872245757	7.656398641295347e-164	0.8770968712775424
ATP2B4_boot.83	9.615202506507632e-238	2.41e-321	0.1576054428258783	0.28336102420512016	0.5590335329690014
ATP2B4_boot.84	0.3958910657649395	1.744e-321	0.2781893369894475	2.1347661510119522e-26	0.32591959724561287
ATP2B4_boot.85	0.05185605860161895	3.636e-321	0.26139461528605207	0.3692320073154405	0.3175173187968885
ATP2B4_boot.86	0.44766902846586865	1.94e-321	0.2293310514164262	1.456847288616667e-28	0.3229999201177052
ATP2B4_boot.87	1.64e-321	6.2e-322	0.09522828572763752	0.1129884519969413	0.7917832622754211
ATP2B4_boot.88	4.42e-321	2.584e-321	0.47709594961013035	0.09186147989600509	0.4310425704938646
ATP2B4_boot.89	3.167e-321	1.69e-321	0.1982909041096279	0.1605357784575101	0.6411733174328619
ATP2B4_boot.90	5.944e-321	1.057e-321	0.011830757205242117	0.26677495974776266	0.7213942830469953
ATP2B4_boot.91	4.53e-321	1.793e-321	0.33252349341641263	0.2637235490723592	0.4037529575112281
ATP2B4_boot.92	0.20819798286997182	3.043e-321	0.26227202225384605	1.3531324799473026e-52	0.5295299948761821
ATP2B4_boot.93	0.010937924151863813	1.59e-321	2.36e-321	0.3030035268869487	0.6860585489611877
ATP2B4_boot.94	3.76e-321	2.233e-321	0.5296604490658605	0.3282774674551689	0.14206208347897042
ATP2B4_boot.95	7.17e-321	1.013e-321	0.14389390135200233	0.19324787635611423	0.6628582222918834
ATP2B4_boot.96	3.19e-321	2.34e-321	0.22711798846875111	0.049465287348538084	0.723416724182711
ATP2B4_boot.97	2.27e-321	1.2e-321	0.30470819051535586	1.2330024912312077e-97	0.6952918094846441
ATP2B4_boot.98	2.93e-321	8.55e-322	0.17249380310668402	0.43496086680393176	0.39254533008938425
ATP2B4_boot.99	3.21e-321	1.23e-321	0.39778851787448377	0.42446728080773755	0.17774420131777866
ATP2B4_boot.100	3.903e-321	7.16e-322	0.2601531833295861	0.7394647122239488	0.0003821044464651254
ATP2B4_boot.101	3.765e-321	6.6e-322	0.18217294042646326	0.6317501131475152	0.18607694642602157
ATP2B4_boot.102	3.463e-321	9.54e-322	0.35513292744564473	0.6448670725543553	6.927e-321
ATP2B4_boot.103	4.437e-321	1.14e-321	0.3291955214851232	0.28553006388754504	0.3852744146273317
ATP2B4_boot.104	4.15e-321	1.08e-321	0.3411593765919082	0.5319406954162929	0.1268999279917988
ATP2B4_boot.105	5.27e-321	1.14e-321	0.4096853026608793	0.5903146973391207	3.3148627717700886e-95
ATP2B4_boot.106	6.423e-321	9.6e-322	0.3629216961231997	0.5182140998034861	0.11886420407331419
ATP2B4_boot.107	3.53e-321	7.6e-322	0.2861408737419559	0.713859126258044	2.9013406768000173e-145
ATP2B4_boot.108	7.515e-321	1.937e-321	0.4618032488289374	0.5380371703516841	0.00015958081937847326
ATP2B4_boot.109	5.2e-321	1.334e-321	0.38697480589424244	0.6130251941057576	2.1602499984289775e-186
ATP2B4_boot.110	2.61e-321	8.55e-322	0.2275887906524605	0.353239089655301	0.41917211969223855
ATP2B4_boot.111	4.79e-321	1.02e-321	0.20052850173963552	0.46668677125831814	0.33278472700204625
ATP2B4_boot.112	3.113e-321	9.2e-322	0.2814604071558375	0.13086641662620332	0.5876731762179592
ATP2B4_boot.113	5.025e-321	7.95e-322	0.2143578129060594	0.6250050426163121	0.16063714447762867
ATP2B4_boot.114	5.464e-321	1.14e-321	0.3083553975944304	0.6916446024055696	5.6106e-320
ATP2B4_boot.115	9.916e-321	1.467e-321	0.25126690196179685	0.39115203215817385	0.3575810658800294
ATP2B4_boot.116	7.63e-321	1.23e-321	0.4479388069373575	0.5400817085102538	0.011979484552388711
ATP2B4_boot.117	9.35e-321	2.614e-321	0.40413642257522464	0.263332175744919	0.3325314016798563
ATP2B4_boot.118	4.45e-321	8.84e-322	0.4475059857156571	0.5475573504323248	0.004936663852018175
ATP2B4_boot.119	2.68e-321	8.8e-322	0.12716372120975095	0.5180861460746701	0.35475013271557887
ATP2B4_boot.120	3.246e-321	8.7e-322	0.2871787771863919	0.3216047751344483	0.39121644767915975
ATP2B4_boot.121	4.066e-321	1.354e-321	0.2678818654094294	0.41593030954462373	0.316187825045947
ATP2B4_boot.122	2.6e-321	8.4e-322	0.2400672049448228	0.49475707083570053	0.26517572421947666
ATP2B4_boot.123	4.93e-321	9.3e-322	0.1279544094972904	0.7493315810997752	0.12271400940293452
ATP2B4_boot.124	3.75e-321	9.24e-322	0.13188678476363727	0.41138922806465567	0.45672398717170715
ATP2B4_boot.125	5.52e-321	2.357e-321	0.46800907828537497	0.25292135438021346	0.2790695673344115
ATP2B4_boot.126	3.63e-321	1.14e-321	0.37806334075773673	0.46949609396447056	0.1524405652777927
ATP2B4_boot.127	3.09e-321	6.7e-322	0.07255535098052382	0.9274446490194762	3.7486173981547866e-190
ATP2B4_boot.128	7.21e-321	1.186e-321	0.4481193801085578	0.5518806198914423	1.142441294298878e-96
ATP2B4_boot.129	3.34e-321	6.67e-322	0.2433514573593977	0.6073410493817669	0.14930749325883552
ATP2B4_boot.130	3.24e-321	9.8e-322	0.21054414431015286	0.39466485193558376	0.39479100375426335
ATP2B4_boot.131	5.237e-321	1.98e-321	0.2917699641437018	0.33826346060256335	0.3699665752537349
ATP2B4_boot.132	4.264e-321	7.3e-322	0.1625824428997682	0.8374175571002319	8.868111880662984e-20
ATP2B4_boot.133	9.22e-321	9.34e-322	0.2661722398783922	0.7338277601216078	8.818422133936644e-65
ATP2B4_boot.134	2.866e-321	6.7e-322	0.1831160792357901	0.4100820031243816	0.4068019176398282
ATP2B4_boot.135	7.885e-321	1.744e-321	0.48169537865102074	0.457563819706544	0.060740801642435144
ATP2B4_boot.136	3.197e-321	1.29e-321	0.30827596251558664	0.4915562587988447	0.20016777868556865
ATP2B4_boot.137	3.77e-321	6.8e-322	0.11444468761685499	0.885555312383145	7.47053955268273e-95
ATP2B4_boot.138	3.053e-321	9.3e-322	0.2332516376357496	0.6165250963248958	0.15022326603935449
ATP2B4_boot.139	3.384e-321	6.77e-322	0.1710499783256839	0.35166409451094244	0.4772859271633737
ATP2B4_boot.140	3.073e-321	8.84e-322	0.30219220675421626	0.47528579282511596	0.22252200042066794
ATP2B4_boot.141	2.92e-321	7.07e-322	0.24711386918866596	0.27840931455423296	0.47447681625710114
ATP2B4_boot.142	3.45e-321	8.8e-322	0.08957317990606924	0.3221169399978191	0.5883098800961117
ATP2B4_boot.143	5.19e-321	1.76e-321	0.37701081010432147	0.3020091676937024	0.3209800222019761
ATP2B4_boot.144	2.623e-321	8.94e-322	0.1955720288875072	0.34225469990939117	0.4621732712031017
ATP2B4_boot.145	3.454e-321	8.9e-322	0.3399002300550082	0.518598118298901	0.14150165164609085
ATP2B4_boot.146	2.351566569341336e-279	1.576e-321	0.46808001263585125	0.5319199873641158	3.302640016531652e-14
ATP2B4_boot.147	6.87e-321	1.927e-321	0.419777784647913	0.4397855640118755	0.14043665134021152
ATP2B4_boot.148	2.233e-321	6.97e-322	0.09001853925608488	0.31677289743924814	0.5932085633046669
ATP2B4_boot.149	9.787e-321	1.2e-321	0.37181377228143275	0.6156481923666568	0.012538035351910476
ATP2B4_boot.150	3.533e-321	9.54e-322	0.13444907668984954	0.2784925641040118	0.5870583592061387
ATP2B4_boot.151	3.286e-321	8.6e-322	0.19927553762140882	0.41702268997264325	0.3837017724059479
ATP2B4_boot.152	4.76e-321	1.655e-321	0.3680279909961537	0.278080375759523	0.35389163324432327
ATP2B4_boot.153	3e-321	8.7e-322	0.20879174507935927	0.1477109443987271	0.6434973105219137
ATP2B4_boot.154	3.89e-321	9.73e-322	0.129170650190131	0.2720592068832109	0.598770142926658
ATP2B4_boot.155	3.745e-321	6.6e-322	0.1279429953644717	0.4311265176704284	0.44093048696509984
ATP2B4_boot.156	3.424e-321	8.9e-322	0.13762343806750446	0.6832884755776326	0.17908808635486287
ATP2B4_boot.157	4.946e-321	1.374e-321	0.3724884568410293	0.6275115431589706	5.745763090727228e-276
ATP2B4_boot.158	4.36e-321	8.8e-322	0.3357177907691932	0.35556734629124853	0.3087148629395581
ATP2B4_boot.159	3.73e-321	7.07e-322	0.04747772347154524	0.5521633480033287	0.40035892852512617
ATP2B4_boot.160	6.452e-321	1.774e-321	0.39643948423302616	0.5464227175225682	0.05713779824440564
ATP2B4_boot.161	7.426e-321	1.067e-321	0.3583943844882864	0.5925283801526099	0.049077235359103626
ATP2B4_boot.162	4.165e-321	1.13e-321	0.17831043390501108	0.35210196233059	0.4695876037643988
ATP2B4_boot.163	5.385e-321	1.413e-321	0.4315073637125034	0.515642618867921	0.05285001741957557
ATP2B4_boot.164	3.167e-321	1.1e-321	0.31230679342267653	0.4171489211923759	0.27054428538494746
ATP2B4_boot.165	2.717e-321	7.16e-322	0.21581843811205176	0.7841815618879482	2.3373347373400447e-246
ATP2B4_boot.166	3.913e-321	7.3e-322	0.3320244581800836	0.4225093900327095	0.2454661517872069
ATP2B4_boot.167	2.96e-321	1.05e-321	0.20868092164652424	0.35084302047167176	0.4404760578818039
ATP2B4_boot.168	4.284e-321	9.24e-322	0.27956808703864316	0.7204319129613568	5.63e-321
ATP2B4_boot.169	6.497e-321	1.28e-321	0.35434102816659646	0.6456589718334034	5.285039181097492e-186
ATP2B4_boot.170	4.73e-321	1.537e-321	0.2693159286273852	0.42596278889183004	0.3047212824807847
ATP2B4_boot.171	6.5e-321	9.8e-322	0.4377775359978769	0.5622224639048656	9.725763544340199e-11
ATP2B4_boot.172	5.58e-321	1.01e-321	0.3216787599439907	0.5988487193552066	0.07947252070080282
ATP2B4_boot.173	3.08e-321	4.8e-322	0.1908041091359996	0.8091958908640005	4.5179039876727084e-129
ATP2B4_boot.174	4.017e-321	1.334e-321	0.3063895485766019	0.1998797101232412	0.49373074130015704
ATP2B4_boot.175	3.325e-321	1.1e-321	0.30577614876324166	0.4796118747100562	0.21461197652670214
