Samples	SBS96A	SBS96B	SBS96C	SBS96D	SBS96E
EXO1_0_real_train1	0.062333860880209875	0.5864988275033471	0.09605221268550722	0.025538832930177842	0.2295762660007579
OGG1_0_real_train1	0.8250896481851392	0.01164659372421102	0.08112961420694942	0.060570690995179435	0.02156345288852096
RNF168_0_real_train1	0.09240545827931586	0.5791787964369219	0.1415397896985175	0.007649643869589179	0.17922631171565542
UNG_0_real_train1	0.12509279306737728	0.08332753410615311	0.2564457278395253	3.190862145023945e-226	0.5351339449869441
ATP2B4_0_real_train1	0.2800409341148709	0.15801475822128125	0.3953209246503585	0.010982060458796118	0.15564132255469332
ATP2B4_1_real_train1	0.3470372606815231	0.03246716237795599	0.4993941079992096	0.12110146894131146	1.844803270517186e-98
MLH1_0_real_train1	0.005617387676822565	2.0929661218463942e-209	7.041613382801958e-119	0.8077626452987384	0.18661996702443912
MSH2_0_real_train1	0.0022748298743778227	4.13e-321	0.06047873498835744	0.762426785199429	0.17481964993783577
MSH6_0_real_train1	0.011474143663311174	0.00935000593366101	0.028103729123981232	0.8194065008363128	0.1316656204427339
MSH6_1_real_train1	0.026503648115299684	0.020568740704194902	0.0014269557118965761	0.8334561028523829	0.1180445526162258
PMS1_0_real_train1	0.1852019132531576	2.3258495974248876e-297	0.4793403524951363	0.16041802163575897	0.17503971261594725
PMS2_0_real_train1	0.027905406365141563	0.5141446777667813	0.02429415713814678	0.4336557587299303	1.22e-321
EXO1_0_multinomial_train1	0.0845422014727862	0.6173549304718128	0.05112244648527785	0.011769099015086161	0.23521132255503707
RNF168_0_multinomial_train1	0.09307307674116647	0.5424781749767807	0.20048983522758695	0.005265767024987304	0.15869314602947854
RNF168_0_multinomial_train1.1	0.10366427173739085	0.5820970158353362	0.20055528318719032	1.4e-321	0.11368342924008257
EXO1_0_multinomial_train1.1	0.07714477284228377	0.5775210884166099	0.06461199028183726	0.08987624237313065	0.19084590608613838
RNF168_0_multinomial_train1.2	0.09260395037107419	0.5664968461406383	0.2144453956549062	0.058182204208238684	0.06827160362514252
RNF168_0_multinomial_train1.3	0.09602318515946516	0.5064348420132686	0.14878413097651233	0.03380408556104806	0.21495375628970584
RNF168_0_multinomial_train1.4	0.11354757688481351	0.5290671248392986	0.17697799790715363	0.04397425312111346	0.13643304724762068
RNF168_0_multinomial_train1.5	0.024255767034487674	0.5657347649534483	0.2168493090651724	2.18e-321	0.19316015894689156
RNF168_0_multinomial_train1.6	0.10537420426948024	0.5307244586453046	0.11517950464721176	3.539339323459893e-287	0.2487218324380034
RNF168_0_multinomial_train1.7	0.06596892474281989	0.5912628383438688	0.10496989009571638	0.019602647813957274	0.21819569900363764
RNF168_0_multinomial_train1.8	0.13366774486378086	0.6118139168668096	0.1030354647055406	0.008604403867977948	0.1428784696958909
EXO1_0_multinomial_train1.2	0.03261021001800741	0.5795038062250683	0.15472445958781242	0.011035592025102816	0.22212593214400914
EXO1_0_multinomial_train1.3	0.09504000832709966	0.6387893924974517	0.025284236077149285	0.04803038268367961	0.1928559804146197
RNF168_0_multinomial_train1.9	0.07640951323299888	0.6098901047558101	0.1423531272648912	3.014e-321	0.17134725474629964
EXO1_0_multinomial_train1.4	0.057283495334320915	0.5904555952988999	0.10235560447821399	0.0028022887702808773	0.24710301611828425
EXO1_0_multinomial_train1.5	0.06874624655036055	0.5813216449900346	0.08512077123392953	0.03354310005782161	0.23126823716785372
EXO1_0_multinomial_train1.6	0.05928399502479957	0.5918676620929821	0.09186993817344534	1.8259380646444913e-91	0.256978404708773
EXO1_0_multinomial_train1.7	0.07345737036897146	0.5897321714214662	0.053048774750605224	0.028821218476905167	0.25494046498205175
EXO1_0_multinomial_train1.8	0.05794900910520657	0.5245404755617507	0.1265481518760318	0.025341463639753283	0.2656208998172574
RNF168_0_multinomial_train1.10	0.16767962966412686	0.5213896063723763	0.06613986025002448	1.5003174948030335e-206	0.24479090371347229
EXO1_0_multinomial_train1.9	0.04696966917744786	0.6483122001761321	0.06875320086339928	0.05704472179552307	0.1789202079874977
RNF168_0_multinomial_train1.11	0.04566747114494076	0.5556073112976898	0.17010449565810987	0.014633985171822704	0.21398673672743695
RNF168_0_multinomial_train1.12	0.08722609498292047	0.5724820540218971	0.15541281527305686	0.05802656541464395	0.12685247030748173
EXO1_0_multinomial_train1.10	0.043149106057865864	0.5980977547987807	0.08854543453220856	0.02892138340577304	0.2412863212053718
EXO1_0_multinomial_train1.11	0.06753204464477289	0.5607130078651569	0.07650939053564942	0.037594604145146454	0.25765095280927436
RNF168_0_multinomial_train1.13	0.08285600267414744	0.5733034933295107	0.06896571394433022	0.16277470669422917	0.1121000833577823
RNF168_0_multinomial_train1.14	0.09343524987828573	0.551643113791432	0.16865684826140462	0.026379510298076194	0.1598852777708015
RNF168_0_multinomial_train1.15	0.08144652044546116	0.5811083948784056	0.0715179749645215	0.027687904413906193	0.23823920529770556
RNF168_0_multinomial_train1.16	0.10992007276183201	0.545601283357402	0.15660520699488092	0.02096319895281371	0.16691023793307133
EXO1_0_multinomial_train1.12	0.09073965365298417	0.6073393001468593	0.08776663911336242	0.0038699172110325908	0.2102844898757616
RNF168_0_multinomial_train1.17	0.07834766271895648	0.5111885445494467	0.18926736790396703	0.03100924338331689	0.190187181444313
EXO1_0_multinomial_train1.13	0.08731217627969863	0.5825713485245541	0.08786640561570278	0.006354657254133289	0.23589541232591113
RNF168_0_multinomial_train1.18	0.11944269620062477	0.5457854733152208	0.1968654906379969	6.020661108441155e-306	0.13790633984615747
EXO1_0_multinomial_train1.14	0.07538648706007835	0.5834486486945222	0.06744549963271752	0.022730300496481774	0.25098906411620026
RNF168_0_multinomial_train1.19	0.08844870105013852	0.6563367146997451	0.07685968560946545	0.022186628907157842	0.15616826973349301
RNF168_0_multinomial_train1.20	0.028682449262314114	0.5985302236248238	0.1260692416762236	8.091286357564304e-121	0.2467180854366385
EXO1_0_multinomial_train1.15	0.06292484935477816	0.574852255279946	0.0950709838179098	0.023011589766895955	0.2441403217804699
RNF168_0_multinomial_train1.21	0.13074537455996585	0.5518593731557229	0.09973405940673374	0.00909291696333024	0.20856827591424731
RNF168_0_multinomial_train1.22	0.10382368884033881	0.46995853336095583	0.18266017609191956	0.04073877900396047	0.20281882270282536
EXO1_0_multinomial_train1.16	0.0459625422741723	0.5556127582543214	0.10234697342598152	0.020032917364723783	0.27604480868080095
EXO1_0_multinomial_train1.17	0.0483542288440252	0.6053097386966225	0.09710331312228644	0.02696243418305544	0.22227028515401034
RNF168_0_multinomial_train1.23	0.09359400118037989	0.6406975386560283	0.0686646887317921	3.982052229052099e-06	0.1970397893795707
EXO1_0_multinomial_train1.18	0.052253474148431754	0.5329611645854399	0.1176276209240675	0.031299047717090835	0.26585869262496997
RNF168_0_multinomial_train1.24	0.06125509288125679	0.6400286714949789	0.16606872511454915	0.000265384995294792	0.13238212551392028
RNF168_0_multinomial_train1.25	0.060956218468858514	0.5849222130413841	0.19673622614337544	0.006255164430462415	0.15113017791591957
RNF168_0_multinomial_train1.26	0.059015706299036866	0.6140008327203171	0.12173676774469723	2.816e-321	0.20524669323594882
RNF168_0_multinomial_train1.27	0.13687922942867958	0.4765067954602863	0.21033492205390902	0.0019330281873865818	0.17434602486973855
RNF168_0_multinomial_train1.28	0.0641517687332272	0.6054391335204966	0.13600836727917717	0.024252121472693948	0.17014860899440507
EXO1_0_multinomial_train1.19	0.043370976678667385	0.5510204890072987	0.12645535155373883	0.05530557640598869	0.2238476063543063
RNF168_0_multinomial_train1.29	0.05618537603801159	0.5853036969328848	0.13555312042509443	0.020864040814603187	0.20209376578940608
EXO1_0_multinomial_train1.20	0.06586161477870701	0.5688055653686604	0.10476735275905186	0.026149633823158044	0.23441583327042254
RNF168_0_multinomial_train1.30	0.08971066539205973	0.591197348234602	0.15114745898166548	0.004300102403220818	0.1636444249884521
RNF168_0_multinomial_train1.31	0.07119385460979574	0.561148221360303	0.17377317263313205	0.023281051620344988	0.17060369977642403
RNF168_0_multinomial_train1.32	0.0867886225423918	0.6227223429193806	0.1318112237103391	0.014382578891492609	0.144295231936396
RNF168_0_multinomial_train1.33	0.06481051129602709	0.5201958909843774	0.23391904631844948	1.023e-321	0.18107455140114606
EXO1_0_multinomial_train1.21	0.06571777603113645	0.5953983705136824	0.06379673011442422	6.086580736015789e-180	0.2750871233407569
RNF168_0_multinomial_train1.34	0.08674190375883631	0.6965416754476232	0.08031798611175353	7.26e-322	0.13639843468178692
EXO1_0_multinomial_train1.22	0.06683571682786665	0.6119019146719055	0.07601969403970048	0.03458117172017483	0.21066150274035267
EXO1_0_multinomial_train1.23	0.06142866235371946	0.5788785848310031	0.11373847923400128	0.005233612939122731	0.2407206606421535
RNF168_0_multinomial_train1.35	0.09254205856141064	0.534835854101353	0.11483186399163614	1.2918256120398664e-136	0.25779022334560014
RNF168_0_multinomial_train1.36	0.08829987650885497	0.5557043054316975	0.19712007387801983	0.0024229155248729154	0.15645282865655483
EXO1_0_multinomial_train1.24	0.06755374517964621	0.6143982910015733	0.131320165651642	0.021026060031332977	0.16570173813580538
RNF168_0_multinomial_train1.37	0.06616200535118733	0.5739327897223296	0.15566712663331467	2.904655123446424e-267	0.20423807829316834
EXO1_0_multinomial_train1.25	0.0765442739083052	0.5497317373226698	0.1088329695451861	0.049474727469058226	0.21541629175478075
RNF168_0_multinomial_train1.38	0.09843604387040239	0.6448620812961949	0.14943886998980965	2.89088221774e-312	0.10726300484359301
EXO1_0_multinomial_train1.26	0.042265642851618206	0.6135413378237188	0.10795888597328533	0.033768762679829104	0.20246537067154868
EXO1_0_multinomial_train1.27	0.04917757407613571	0.6029588874320427	0.12387415182452542	0.0021865585736556845	0.22180282809364044
EXO1_0_multinomial_train1.28	0.05109624408720872	0.5967487295345963	0.11566261781482003	0.004085674292072594	0.23240673427130248
EXO1_0_multinomial_train1.29	0.06365706974597268	0.5989489135210965	0.1109124643890465	0.007921658087704087	0.21855989425618041
EXO1_0_multinomial_train1.30	0.03704597971878669	0.589060715416429	0.1395941488463383	3.4295630891126984e-49	0.23429915601844595
RNF168_0_multinomial_train1.39	0.11525597290567217	0.5759727243793349	2.1e-321	4.071855369020717e-270	0.3087713027149929
RNF168_0_multinomial_train1.40	0.14205732548893682	0.5531844421656562	0.18284731722129194	6.722364269724529e-303	0.12191091512411485
EXO1_0_multinomial_train1.31	0.050549914312030306	0.562141760766199	0.10342267281604416	0.04548421539350081	0.23840143671222577
EXO1_0_multinomial_train1.32	0.07369543369592504	0.5877677746765231	0.07979443977641493	0.04141222828817726	0.2173301235629599
EXO1_0_multinomial_train1.33	0.07495758524712098	0.6036447438313752	0.06312480085269108	0.02634461835919449	0.2319282517096183
RNF168_0_multinomial_train1.41	0.09341132226246618	0.6274256538379432	0.1456320002891282	2.095e-321	0.13353102361046235
RNF168_0_multinomial_train1.42	0.08627714413950854	0.6276677572863663	0.1435819666659078	8.114969258199516e-63	0.14247313190821734
EXO1_0_multinomial_train1.34	0.06681146730696842	0.5881007610080159	0.08267158230683615	0.021299817859676575	0.24111637151850301
RNF168_0_multinomial_train1.43	0.09822632552206685	0.5490020202013453	0.1629718302662111	1.94e-321	0.1897998240103769
EXO1_0_multinomial_train1.35	0.07547898504238322	0.5673930409383131	0.12433530961741657	0.0056076679716158696	0.22718499643027118
EXO1_0_multinomial_train1.36	0.05609682020156862	0.5763125620909411	0.09340136175630961	0.005609562290505947	0.26857969366067475
RNF168_0_multinomial_train1.44	0.10576390478583333	0.5780800624720558	0.17139668104748512	2.89e-321	0.14475935169462598
EXO1_0_multinomial_train1.37	0.07250848523219237	0.6001393464845348	0.04451226494233012	0.015038929777323795	0.26780097356361887
RNF168_0_multinomial_train1.45	0.0861307501704968	0.5617901450274906	0.19454034626691794	2.673e-321	0.15753875853509478
RNF168_0_multinomial_train1.46	0.09899381862927349	0.6244878352472277	0.10115091294882977	1.2145365617885671e-172	0.1753674331746691
RNF168_0_multinomial_train1.47	0.03712172271117361	0.5975975072974067	0.20640618922536616	0.013391085301864286	0.1454834954641894
RNF168_0_multinomial_train1.48	0.029350844231735868	0.5700095018154396	0.24737815547222022	2.2e-321	0.15326149848060422
RNF168_0_multinomial_train1.49	0.10244503951289491	0.5384449020581715	0.13305607206430714	0.01910236696999339	0.2069516193946332
RNF168_0_multinomial_train1.50	0.08041290523829776	0.5471015707794958	0.10524735917602879	0.026841912125619472	0.24039625268055795
EXO1_0_multinomial_train1.38	0.08831792023005729	0.6171067231933242	0.08221044291214819	0.00560345607655646	0.20676145758791392
RNF168_0_multinomial_train1.51	0.0578464591514103	0.575952650071808	0.2021912087711575	0.01848483564097305	0.14552484636465118
RNF168_0_multinomial_train1.52	0.09466001992326141	0.536643675313834	0.0917596785921422	0.08114754381873719	0.19578908235202527
EXO1_0_multinomial_train1.39	0.08424302623032809	0.5410319266466329	0.06344278118021743	0.05361566976420336	0.25766659617861826
EXO1_0_multinomial_train1.40	0.07922046109335468	0.5724237121256615	0.07551494315106617	0.043237665085588496	0.22960321854432922
RNF168_0_multinomial_train1.53	0.1134880040697921	0.5726491572452672	0.1579604054812582	0.00512492521160654	0.15077750799207582
EXO1_0_multinomial_train1.41	0.023659590533795752	0.570583497399352	0.14211036868686278	0.05727415425074961	0.20637238912924
EXO1_0_multinomial_train1.42	0.04570497164372177	0.5885082185694444	0.1391458415960743	0.0023490043012765202	0.2242919638894831
RNF168_0_multinomial_train1.54	0.12485566085683455	0.5157561893460589	0.19119985334897172	1.37e-321	0.16818829644813496
OGG1_0_multinomial_train1	0.8237310346904559	2.9547847360286746e-79	0.12290510122523572	0.022880484734828118	0.0304833793494803
UNG_0_multinomial_train1	0.11886344633110954	0.013022696952050215	0.19849041608881762	0.04921270834745732	0.6204107322805653
UNG_0_multinomial_train1.1	0.16209375085307215	0.06626392682241178	0.28145246376666044	0.014464155873917901	0.47572570268393755
UNG_0_multinomial_train1.2	0.14334895797736205	0.08497008653354095	0.23302061612380656	1.784e-321	0.5386603393652905
OGG1_0_multinomial_train1.1	0.8094097249569738	0.003141926590849046	0.06903639235000407	0.1042377721549274	0.014174183947245662
UNG_0_multinomial_train1.3	0.14430083908024258	0.1498304284322825	0.20135057643699272	0.019525759326391428	0.48499239672409067
OGG1_0_multinomial_train1.2	0.8510375065249393	0.011227166227522366	1.3250055995787365e-298	0.1014492704169233	0.03628605683061502
OGG1_0_multinomial_train1.3	0.8825351773753011	0.026401921514482788	0.016113352052302986	0.054552424995288104	0.020397124062624995
UNG_0_multinomial_train1.4	0.11662986652311629	0.025087580264216876	0.3402105686332035	1.803e-321	0.5180719845794635
UNG_0_multinomial_train1.5	0.10054042733882883	0.0941322061347736	0.2453446783428015	8.35e-322	0.5599826881835961
OGG1_0_multinomial_train1.4	0.9227895197736927	4.14e-321	3.0107524435675124e-135	0.07540554768943629	0.001804932536871053
OGG1_0_multinomial_train1.5	0.8586000595398959	0.016515131868464896	2.3514015867280563e-175	0.12488480859163922	1.2473807382626576e-66
UNG_0_multinomial_train1.6	0.12800252237134893	0.11987175385778544	0.08322783887169805	5.627181822610115e-174	0.6688978848991675
UNG_0_multinomial_train1.7	0.24225076827345807	0.05007931247659866	0.1625152981616571	0.062264087478461155	0.48289053360982503
UNG_0_multinomial_train1.8	0.09136057463873432	2.7222470058345026e-186	0.331674558535118	1.12e-321	0.5769648668261476
OGG1_0_multinomial_train1.6	0.8570445117915396	6.654724023289458e-163	0.010403929561155155	0.07600272382398031	0.05654883482332478
UNG_0_multinomial_train1.9	0.10961239572877327	0.10426795771367561	0.25373028385423935	1.66402155394005e-16	0.5323893627033117
OGG1_0_multinomial_train1.7	0.8490245116468123	3.4828962352781244e-05	0.08633908460171018	0.05892098681798723	0.005680587971137476
UNG_0_multinomial_train1.10	0.08333193447408559	0.06844567594350306	0.3738566488524267	5.4e-322	0.4743657407299845
OGG1_0_multinomial_train1.8	0.7675953914626557	0.09068038679086671	0.049237067666946945	2.737e-321	0.09248715407953062
UNG_0_multinomial_train1.11	0.11714209402300509	0.051122338360862316	0.34782834745719565	1.917e-321	0.48390722015893683
OGG1_0_multinomial_train1.9	0.8409455200693348	1.7933389954472628e-96	0.08851478104514864	0.06475905398370872	0.005780644901807726
OGG1_0_multinomial_train1.10	0.8165240772012488	2.213e-321	0.12734774938834156	0.05612817341040967	2.9707998858158944e-80
OGG1_0_multinomial_train1.11	0.8952326887530291	0.002823003149579357	1.1826032410630364e-24	0.10194430809739162	5.075946470668871e-23
UNG_0_multinomial_train1.12	0.06294180396586699	0.12820807163277592	0.27160883554221665	7.76e-322	0.5372412888591404
UNG_0_multinomial_train1.13	0.12001369961927472	0.06703188247099169	0.26656898421556546	1.59e-321	0.5463854336941683
UNG_0_multinomial_train1.14	0.06720234283449962	0.11132964214015421	0.2775517558855286	1.86e-321	0.5439162591398176
OGG1_0_multinomial_train1.12	0.8838041284803585	0.012422174463677037	7.579349982491152e-225	0.07524778983757265	0.028525907218391804
OGG1_0_multinomial_train1.13	0.8067078360236453	5.36e-321	0.09641431657851011	0.037681322412323234	0.0591965249855214
UNG_0_multinomial_train1.15	0.1256896425374566	3.214876294301718e-43	0.3537931819113505	0.017601060471098284	0.5029161150800944
UNG_0_multinomial_train1.16	0.17635453443657392	0.07213174746181437	0.23383056319222997	2.204e-321	0.5176831549093819
UNG_0_multinomial_train1.17	0.16063246097945058	0.06785771344254114	0.19060208320328362	1.107e-321	0.5809077423747248
OGG1_0_multinomial_train1.14	0.8369616182947839	2.550864055392731e-84	0.11248270002363236	0.050555681681583864	1.383e-321
UNG_0_multinomial_train1.18	0.08470759908372674	0.002674793756662165	0.4184879917889739	2.5868136458968303e-189	0.49412961537063727
OGG1_0_multinomial_train1.15	0.7781706346917975	0.03868932499154083	0.11842714431697006	0.0647128959996915	1.981943181966345e-57
UNG_0_multinomial_train1.19	0.12686584329323555	0.04673047833231708	0.3050812965675647	0.026679043624392666	0.49464333818249007
OGG1_0_multinomial_train1.16	0.8198475794827431	0.01068827669999883	0.06784983961485105	0.04760713648787415	0.054007167714532796
UNG_0_multinomial_train1.20	0.1262648609596534	0.05933243193084926	0.2507501563522754	4.122609845664804e-33	0.563652550757222
UNG_0_multinomial_train1.21	0.1361954660197266	0.1033418637492544	0.20558435186033422	0.051344621877554925	0.50353369649313
OGG1_0_multinomial_train1.17	0.8741565484560359	8.317509391775779e-51	0.008213864783894947	0.09711446823358028	0.02051511852648907
UNG_0_multinomial_train1.22	0.07573944627183553	9.247435427985271e-176	0.3728915153402541	1.4325e-319	0.5513690383879103
UNG_0_multinomial_train1.23	0.05021544468405494	0.011006120202228513	0.4462894335885891	0.007880601657705063	0.48460839986742243
UNG_0_multinomial_train1.24	0.14085385028455355	0.07414506553649933	0.2491661057510316	1.2349726667167475e-100	0.5358349784279155
OGG1_0_multinomial_train1.18	0.7881763010056332	0.016132080908024454	0.1389764339960787	0.023315459632998168	0.03339972445726553
UNG_0_multinomial_train1.25	0.14276334418532552	0.09926717732404641	0.33393096461068295	8.4e-322	0.42403851387994507
OGG1_0_multinomial_train1.19	0.8221656009878938	0.01442489930849838	0.049520878668448426	0.09598756807762424	0.017901052957535215
UNG_0_multinomial_train1.26	0.09278734121318358	1.3006882368692914e-191	0.2627302630785239	0.09876592426317303	0.5457164714451195
OGG1_0_multinomial_train1.20	0.7673655811955499	0.04038097343352106	0.1269846361515563	0.0652688092193726	1.7644766506628506e-227
UNG_0_multinomial_train1.27	0.10928116636824396	0.10138522210201045	0.3502449013952081	1.245e-321	0.43908871013453765
OGG1_0_multinomial_train1.21	0.7109406018301804	5.06e-321	0.22580329207080663	0.06325610609901301	4.733542027268043e-131
OGG1_0_multinomial_train1.22	0.8223622023732379	0.03486415894478137	0.10063146672802263	0.004970218094614878	0.03717195385934327
UNG_0_multinomial_train1.28	0.11575760456632217	0.08508587685198019	0.17722106953801658	8.4e-322	0.621935449043681
UNG_0_multinomial_train1.29	0.150049916739467	0.014979499970796848	0.27545265905792804	4.222195908738602e-53	0.559517924231808
OGG1_0_multinomial_train1.23	0.8745764830978525	4.75e-321	0.0502966217927243	0.07512689510942325	8.700563625205567e-286
OGG1_0_multinomial_train1.24	0.8367868503286834	2.07e-321	0.049233610936559626	0.11397953873475693	2.075e-321
OGG1_0_multinomial_train1.25	0.7345451350153525	0.05144631641098382	0.18720756277297665	0.026800985800687283	6.1071866272003975e-174
OGG1_0_multinomial_train1.26	0.8338657395160569	2.604e-321	0.14021049906943217	0.025923761414510953	3.014e-321
UNG_0_multinomial_train1.30	0.15810542647634643	0.00010798290649107326	0.2409060529006353	1.0862583993527072e-56	0.6008805377165274
OGG1_0_multinomial_train1.27	0.8386926894783368	4.5785608131149386e-141	0.08194644827094819	0.079360862250715	1.23839423697831e-242
OGG1_0_multinomial_train1.28	0.7925188094118039	0.023290493255105536	0.10389817886471442	0.060438837083681474	0.019853681384694708
UNG_0_multinomial_train1.31	0.11859551281135047	0.04551678898255496	0.38849430208815255	5.708435193165603e-75	0.44739339611794193
UNG_0_multinomial_train1.32	0.16284031645225103	0.05495668021091939	0.1624694248813697	2.46e-321	0.6197335784554597
UNG_0_multinomial_train1.33	0.09602223587032925	0.07635218807357495	0.27563776142207475	8.1e-322	0.551987814634021
OGG1_0_multinomial_train1.29	0.7627423933176641	0.014098095984939562	0.18585098602484001	0.032343187849342904	0.0049653368232134565
OGG1_0_multinomial_train1.30	0.793549683095758	2.604e-321	0.11517763603880804	0.091272680865434	4.3852076670761706e-67
UNG_0_multinomial_train1.34	0.15513291923577557	0.06465689228924848	0.20270089982387987	0.019583530820286188	0.5579257578308099
OGG1_0_multinomial_train1.31	0.8007719275580334	4.074488399644523e-193	0.11641221773263742	0.08281585470932912	2.79e-321
UNG_0_multinomial_train1.35	0.13408109107595692	0.15665243422405672	0.13929933035146808	0.03624945412988482	0.5337176902186334
UNG_0_multinomial_train1.36	0.0994623478061236	0.05495502979018854	0.32879160097999177	8.35e-322	0.5167910214236962
UNG_0_multinomial_train1.37	0.08355213972976329	0.10543419120528502	0.1937400675650607	1.087e-321	0.6172736014998911
OGG1_0_multinomial_train1.32	0.8011958846165046	0.04096400068793449	0.029308513581156704	0.074223948779292	0.05430765233511229
UNG_0_multinomial_train1.38	0.11104977859831719	0.12586814334991825	0.2895444998510111	5.06304738035101e-33	0.4735375782007535
OGG1_0_multinomial_train1.33	0.7594686704492221	0.010176548483885875	0.1715752957538341	0.04045400187942528	0.0183254834336327
OGG1_0_multinomial_train1.34	0.8034703699040375	0.0230050831651933	0.09469267401604166	0.04219103606110809	0.03664083685361943
OGG1_0_multinomial_train1.35	0.799116604068901	2.6422994908132104e-50	0.11928323750696006	0.08160015842413906	1.6603715474075642e-206
OGG1_0_multinomial_train1.36	0.8886231665313062	0.0179543917785633	0.015435994709102155	0.039827504038356026	0.03815894294267228
OGG1_0_multinomial_train1.37	0.8347701549607933	2.630442810614025e-134	0.13322645818823137	0.015902213028278853	0.016101173822696442
OGG1_0_multinomial_train1.38	0.8571419696024875	3.923e-321	0.05686452808747569	0.07464499241694685	0.011348509893089923
UNG_0_multinomial_train1.39	0.09187593828725822	0.012111092061891052	0.3162005831805988	0.024379374985809447	0.5554330114844426
OGG1_0_multinomial_train1.39	0.7615614301770612	6.588732601454866e-163	0.11051490290872602	0.11675232536596195	0.01117134154825084
UNG_0_multinomial_train1.40	0.054585975754208385	0.12305764731562144	0.2779963926686245	2.5819150989168753e-204	0.5443599842615457
OGG1_0_multinomial_train1.40	0.7966230717401753	2.4087332179602433e-285	0.12749337680374112	0.07588355145608347	1.823e-321
OGG1_0_multinomial_train1.41	0.8750274206564101	0.05390628446795077	5.0155095649897976e-40	0.026674899586308982	0.04439139528933008
UNG_0_multinomial_train1.41	0.10099625790127176	0.17321581245683615	0.21772533299135569	1.78e-321	0.5080625966505364
OGG1_0_multinomial_train1.42	0.845350340144189	0.002342332892186625	0.09115119570802115	0.03404346269490664	0.027112668560696582
UNG_0_multinomial_train1.42	0.048534115236485244	0.10439473265921592	0.3255598053479008	1.29e-321	0.521511346756398
OGG1_0_multinomial_train1.43	0.8351785701903631	0.026183953924484728	0.08592188384801203	0.05271559203714012	3.0175214117648734e-184
OGG1_0_multinomial_train1.44	0.7743145294078745	0.05080734031531078	0.12562612391923345	0.020031967493879692	0.02922003886370163
OGG1_0_multinomial_train1.45	0.810300602849273	4.1034415088269705e-285	0.15624980184229248	0.033449595308397174	3.7398055907047743e-14
OGG1_0_multinomial_train1.46	0.7650555350728573	0.008011624928237517	0.18804575533825546	0.033560472366097355	0.0053266122945525
UNG_0_multinomial_train1.43	0.16012978345875784	4.62e-321	0.2550031911747873	0.04092178290065579	0.5439452424657989
OGG1_0_multinomial_train1.47	0.7915071223436116	0.03994125467174321	0.12410332705874798	0.04444829592589722	2.6273134160533366e-139
OGG1_0_multinomial_train1.48	0.7811792202468991	2.767e-321	0.12330031234284944	0.0663411483796954	0.029179319030555893
OGG1_0_multinomial_train1.49	0.7924529855126307	0.029824638192592647	0.12756728165432052	0.044691428309403834	0.005463666331052136
OGG1_0_multinomial_train1.50	0.8378313592458793	5.6225517045713e-311	0.047536099420711804	0.10334711348716547	0.011285427846243328
UNG_0_multinomial_train1.44	0.16383594299374077	0.12309129310385997	0.16946357981383484	0.029793532125897547	0.5138156519626669
OGG1_0_multinomial_train1.51	0.8035411644208942	0.06929606235785059	1.0532444207838628e-56	0.07386807155851842	0.053294701662736796
OGG1_0_multinomial_train1.52	0.866371390069827	0.02231406312784829	0.024471284628760272	0.05857690717717714	0.028266354996387473
ATP2B4_0_multinomial_train1	0.31071276832364003	0.11092508653978907	0.3100325718275515	0.10241824358680136	0.16591132972221792
ATP2B4_1_multinomial_train1	0.29705500241219446	0.021684970138822045	0.4943087293216346	0.10939735268762146	0.07755394543972738
ATP2B4_0_multinomial_train1.1	0.24789433941246355	0.18796335407675377	0.4379616275204694	1.6570887012152663e-21	0.1261806789903134
ATP2B4_1_multinomial_train1.1	0.3714178061912902	0.0637600298623494	0.5027574974545773	0.05355919370520766	0.00850547278657536
ATP2B4_1_multinomial_train1.2	0.41652684083500197	0.07027920352796198	0.42525228166088413	0.08794167397615199	2.7390772403734805e-303
ATP2B4_1_multinomial_train1.3	0.22399214504625373	0.06183723969765378	0.6426209892168321	0.06504096318090447	0.0065086628583558796
ATP2B4_0_multinomial_train1.2	0.26240397653446534	0.20220971777213642	0.3866573596804913	9.3e-322	0.14872894601290704
ATP2B4_1_multinomial_train1.4	0.42629898623146295	1.8e-321	0.4521334974576178	0.12156751631091925	1.826377184608756e-217
ATP2B4_0_multinomial_train1.3	0.21470367066108131	0.20916699777126782	0.44018875981146843	1.354e-321	0.13594057175618246
ATP2B4_0_multinomial_train1.4	0.24196694753705045	0.1044116258661101	0.4487197657856091	0.015431287241324148	0.18947037356990604
ATP2B4_0_multinomial_train1.5	0.27756646228384435	0.10624453122792958	0.41678615111159933	0.026404834317824477	0.17299802105880235
ATP2B4_0_multinomial_train1.6	0.25319780084238763	0.15855531830109793	0.390298418003858	1.1506232601956792e-62	0.1979484628526565
ATP2B4_1_multinomial_train1.5	0.48271998790888815	0.05961433788725437	0.3345300195565636	0.12313565464729406	4.561515318769029e-168
ATP2B4_0_multinomial_train1.7	0.34828942510219607	0.09311166069934977	0.35373621172765857	0.06337740153646997	0.14148530093432574
ATP2B4_1_multinomial_train1.6	0.4742315943259461	1.052504912826346e-78	0.38894697447729737	0.1368214311967566	8.45e-322
ATP2B4_1_multinomial_train1.7	0.3925230787829194	4.18e-321	0.44428614758968665	0.14642805266923303	0.016762720958160855
ATP2B4_1_multinomial_train1.8	0.26594134308066547	1.5164024126857819e-05	0.5293166449231412	0.19205296111677053	0.01267388685529594
ATP2B4_1_multinomial_train1.9	0.4123776121779782	0.08520184486177053	0.39995872479005234	0.09277981659762206	0.009682001572576975
ATP2B4_1_multinomial_train1.10	0.36954977921581084	0.09136619110058873	0.3905034846640558	0.14858054501954454	1.373589570645623e-253
ATP2B4_1_multinomial_train1.11	0.3201454331291723	6.160721675818178e-40	0.5500807702382546	0.12977379654084928	9.172359095895302e-11
ATP2B4_1_multinomial_train1.12	0.3237512606658737	0.016454741822326095	0.5408317728642573	0.11896222464754289	4.068763061e-314
ATP2B4_1_multinomial_train1.13	0.3786319799055696	0.0607444239665601	0.5029250964486606	0.05769849967920975	4.719502250715192e-227
ATP2B4_0_multinomial_train1.8	0.24273863386828415	0.2103609353059711	0.4175061389422122	0.03568906994913181	0.0937052219344006
ATP2B4_1_multinomial_train1.14	0.4480837927907816	0.001886054591306125	0.3457463311799965	0.13077336002461903	0.07351046141329672
ATP2B4_1_multinomial_train1.15	0.36592551905840426	0.08291367545397994	0.41624165335942886	0.1156539723870897	0.019265179741097205
ATP2B4_0_multinomial_train1.9	0.3081149036352047	0.12871090496802876	0.3144169153192964	0.04584367707614166	0.2029135990013285
ATP2B4_0_multinomial_train1.10	0.23047486301168832	0.14672245452680807	0.5145467487447398	1.19e-321	0.1082559337167638
ATP2B4_0_multinomial_train1.11	0.22750589625059256	0.13611561579758136	0.47718290567193866	0.06868700116431878	0.09050858111556852
ATP2B4_1_multinomial_train1.16	0.41637432019378817	2.253e-321	0.4118572052428878	0.1633888439736712	0.008379630589652777
ATP2B4_0_multinomial_train1.12	0.24532809489640814	0.24223618220005616	0.34156172840150245	0.0018599907623428585	0.16901400373969033
ATP2B4_0_multinomial_train1.13	0.21061753906568245	0.2284284692403128	0.39302462736366384	2.71e-321	0.16792936433034095
ATP2B4_0_multinomial_train1.14	0.2803158667311074	0.10589043729069204	0.447677346574743	0.10158951122357826	0.06452683817987935
ATP2B4_0_multinomial_train1.15	0.26481169299925644	0.16883380807901088	0.44227123007751645	6.368997102367322e-170	0.1240832688442162
ATP2B4_1_multinomial_train1.17	0.30939043921266185	4.548705071296092e-39	0.5456838779479313	0.13413590023589195	0.010789782603514906
ATP2B4_1_multinomial_train1.18	0.45235434713463685	0.01063824914845936	0.41082867670852546	0.09746902594306772	0.02870970106531063
ATP2B4_1_multinomial_train1.19	0.4387807459859373	0.1040460949938954	0.317503656984458	0.08672886439081492	0.052940637644894366
ATP2B4_1_multinomial_train1.20	0.3474429308549683	0.0044769377273746165	0.4438123463369066	0.10626114610506582	0.09800663897568479
ATP2B4_0_multinomial_train1.16	0.29381502248310415	0.21235292074855186	0.3396207476601556	3.0389705933346615e-81	0.15421130910818837
ATP2B4_1_multinomial_train1.21	0.3426295699010512	0.07198816597228729	0.46017332106112707	0.1252089430655345	1.74e-321
ATP2B4_1_multinomial_train1.22	0.35629419563222803	0.15289076624631143	0.40952765073780706	0.06379424482401666	0.017493142559636847
ATP2B4_0_multinomial_train1.17	0.2567025689018392	0.0978408500209417	0.44800508311583076	0.012343239884689257	0.18510825807669903
ATP2B4_0_multinomial_train1.18	0.3677124941072494	0.16232126367591462	0.2814631991826042	0.0420268705922325	0.14647617244199918
ATP2B4_1_multinomial_train1.23	0.47582749085380094	9.593703632836653e-216	0.3445609490678659	0.1468898949902815	0.03272166508805156
ATP2B4_1_multinomial_train1.24	0.31305181488624834	0.048959900280619896	0.4866621880813444	0.05703907715048038	0.09428701960130689
ATP2B4_0_multinomial_train1.19	0.32466079979863494	0.11528153146688327	0.35842129361652275	0.02700688230765994	0.1746294928102991
ATP2B4_1_multinomial_train1.25	0.2796371187876123	0.04906029634994666	0.5230370260011519	0.14826555886128903	1.57e-321
ATP2B4_0_multinomial_train1.20	0.30327031973983376	0.09529451906897803	0.3975413255075698	0.03086359265677861	0.17303024302683975
ATP2B4_0_multinomial_train1.21	0.41494226607241635	0.14920126449797078	0.2159098513844032	0.03127357946660318	0.18867303857860648
ATP2B4_0_multinomial_train1.22	0.33564725972179954	0.2003687625983289	0.2807508195492886	7.174024548304655e-172	0.1832331581305831
ATP2B4_0_multinomial_train1.23	0.26716725971706584	0.21250811694878202	0.36216846028414185	0.024985037971498772	0.1331711250785117
ATP2B4_0_multinomial_train1.24	0.24624548940160776	0.20044233609496728	0.4466881284459594	0.0020664649465178884	0.10455758111094762
ATP2B4_1_multinomial_train1.26	0.2526200306061801	0.0730074939918055	0.6518820162920164	0.022490459109997984	7.6e-322
ATP2B4_0_multinomial_train1.25	0.3369119468591929	0.12458886062483532	0.42015325532565473	0.07424603240557785	0.04409990478473918
ATP2B4_1_multinomial_train1.27	0.38499903051787393	0.12561823937299368	0.4218612072620017	0.05513968857857653	0.012381834268554052
ATP2B4_0_multinomial_train1.26	0.2244145580279483	0.21422673962092642	0.3582206949186503	5.4e-322	0.20313800743247512
ATP2B4_1_multinomial_train1.28	0.3325425955353965	0.0004860556092985409	0.5146681813638943	0.15230316749141082	1.186e-321
ATP2B4_0_multinomial_train1.27	0.2414550873224245	0.17161078688907808	0.3678625171943224	0.07662128811182037	0.14245032048235481
ATP2B4_1_multinomial_train1.29	0.2778081045927893	0.048683541523929515	0.5099859488588817	0.16352240502439944	3.1368111359509916e-244
ATP2B4_0_multinomial_train1.28	0.2832748686625258	0.179172340636022	0.3230616962069244	0.003593655999719755	0.210897438494808
ATP2B4_0_multinomial_train1.29	0.3356874324573911	0.18114265941459434	0.3536599642584828	0.002730567420930701	0.12677937644860116
ATP2B4_0_multinomial_train1.30	0.36929281057018526	0.1740628471511985	0.2746287439985876	0.01958882524955539	0.16242677303047331
ATP2B4_0_multinomial_train1.31	0.17271059125169322	0.15402269905096244	0.4626245407805111	0.05297260814514136	0.15766956077169184
ATP2B4_1_multinomial_train1.30	0.27342713904908705	0.1418964009762646	0.5169562071086875	0.06772025286596081	2.4800629873202985e-140
ATP2B4_1_multinomial_train1.31	0.36495409249329613	0.008045191385157151	0.5259819454560567	0.10101877066549002	1.02e-321
ATP2B4_1_multinomial_train1.32	0.31910811537133277	0.09366556818333148	0.5314374900889963	0.055788826356339416	1.0283684841157351e-51
ATP2B4_0_multinomial_train1.32	0.2746909224847138	0.24516609507441978	0.32337691839053084	2.4e-321	0.1567660640503355
ATP2B4_0_multinomial_train1.33	0.2800845006484597	0.14849989959347604	0.46240270478521883	0.020579861862922492	0.08843303310992302
ATP2B4_0_multinomial_train1.34	0.28061111054723864	0.1438178607115433	0.36952516802012136	0.013505245516286589	0.19254061520481006
ATP2B4_0_multinomial_train1.35	0.20003237623474243	0.23377782729578891	0.41602556695042603	0.023735189783500962	0.1264290397355418
ATP2B4_1_multinomial_train1.33	0.32376872722322453	0.0628142830558096	0.5020631940676367	0.07122559926241835	0.04012819639091083
ATP2B4_1_multinomial_train1.34	0.3367893390628187	0.13113009318239036	0.39800915754370947	0.12361278651839883	0.010458623692682698
ATP2B4_1_multinomial_train1.35	0.37833342804399067	0.009274177566301908	0.4098798567031252	0.15801260491848929	0.04449993276809297
ATP2B4_1_multinomial_train1.36	0.3332979081532126	0.0002536036022863918	0.4496346155906288	0.18398628941251255	0.032827583241359516
ATP2B4_0_multinomial_train1.36	0.3356289381674955	0.1935332828980864	0.30658710854938476	1.546e-321	0.16425067038503327
ATP2B4_0_multinomial_train1.37	0.21668396538946377	0.2782809500747637	0.39215910070206683	0.0008129230031176664	0.112063060830588
ATP2B4_1_multinomial_train1.37	0.42468569888236396	1.28e-321	0.393955238791963	0.16493006694077297	0.016428995384900152
ATP2B4_1_multinomial_train1.38	0.24000931604837233	1.282657090259589e-193	0.6095742321867312	0.15041645176489646	1.685e-321
ATP2B4_1_multinomial_train1.39	0.35361432637568974	0.04928160237148027	0.429649991461327	0.16745407978792762	3.5754852286500122e-12
ATP2B4_1_multinomial_train1.40	0.43743317919810565	0.06195122408724121	0.4184489296605079	0.0821666670541452	5.8013852753954824e-123
ATP2B4_1_multinomial_train1.41	0.37084830861674667	0.044021975612629306	0.4450996163457761	0.11648023928630805	0.023549860138539956
ATP2B4_1_multinomial_train1.42	0.43800054031315516	0.07177394305306212	0.3848578474280782	0.10536766920570466	1.25e-321
ATP2B4_0_multinomial_train1.38	0.20350307764363598	0.0791026779206071	0.5293471076962163	0.04428546655963872	0.14376167017990182
ATP2B4_0_multinomial_train1.39	0.26831952828518546	0.17297866160790032	0.34370034152785645	0.02368092915379862	0.19132053942525912
ATP2B4_0_multinomial_train1.40	0.3434843893227559	0.10955087581573492	0.3885429414936533	0.02550229144757257	0.13291950192028334
ATP2B4_1_multinomial_train1.43	0.3890396241835741	0.0033801001262541096	0.4368837170286861	0.1483536494357201	0.02234290922576568
ATP2B4_0_multinomial_train1.41	0.24163444631584988	0.15912489918622796	0.43601812995041767	6.304135296125956e-75	0.16322252454750447
ATP2B4_0_multinomial_train1.42	0.3299395827682613	0.19195964839412083	0.3213951589984551	5.948744073194384e-252	0.15670560983916296
ATP2B4_0_multinomial_train1.43	0.2621267120033291	0.12816334990058376	0.4351653497241239	1.937e-321	0.1745445883719632
ATP2B4_0_multinomial_train1.44	0.2241126884240298	0.27408228320806505	0.3252719549283105	0.029393075959358698	0.14713999748023604
ATP2B4_1_multinomial_train1.44	0.37236186049014974	0.09227322889807532	0.4976515794987131	0.03771333111306168	1.597547577656391e-16
ATP2B4_0_multinomial_train1.45	0.3090264242632164	0.1964973839176446	0.3215564091153502	0.023284820704130713	0.14963496199965814
ATP2B4_1_multinomial_train1.45	0.38226962709581686	0.15504995417902181	0.3914529971048911	0.07122742162027007	1.444755363777673e-66
ATP2B4_0_multinomial_train1.46	0.23743539331953858	0.13708661450583512	0.5078275224266752	0.03178291284510138	0.0858675569028497
ATP2B4_0_multinomial_train1.47	0.2386921481974404	0.14410675155480696	0.44877197955819004	0.05359282119801396	0.11483629949154853
ATP2B4_0_multinomial_train1.48	0.24720472766945448	0.1392385954382351	0.4578550263621719	0.007567307996631651	0.14813434253350694
ATP2B4_1_multinomial_train1.46	0.2226529711630636	0.05147908173233348	0.6743082204787101	0.05155972662589272	5.257320576480423e-26
ATP2B4_1_multinomial_train1.47	0.2742901257235552	0.02635553197907866	0.5907080571185479	0.10864628517881811	1.7e-321
ATP2B4_1_multinomial_train1.48	0.38400111181768704	0.08108458385673763	0.3686658645110983	0.11690156019608601	0.04934687961839104
PMS1_0_multinomial_train1	0.17056631995449337	0.025726412928768712	0.4514589935626905	0.24672685596897653	0.10552141758507097
MSH6_1_multinomial_train1	0.020484391195712427	0.04629656258222429	0.02195379263951257	0.8113056691758936	0.09995958440665702
MSH6_0_multinomial_train1	0.005244240566304539	7.097466245208489e-109	0.05119229063194358	0.8218958543949237	0.12166761440682798
MSH2_0_multinomial_train1	2.296389354728032e-259	1.489649800251675e-177	0.07578205764015514	0.7585893308587893	0.1656286115010555
MSH6_0_multinomial_train1.1	0.020118322181560667	2.330059331022215e-48	0.012382700062162914	0.8275943565738361	0.13990462118244035
MLH1_0_multinomial_train1	0.0017890669074900603	0.006985237076240481	2.0549066963576434e-143	0.7767656621052617	0.21446003391100793
MSH6_1_multinomial_train1.1	0.03177589965505942	1.5288166904845226e-32	0.01116349783384762	0.8412519295670404	0.1158086729440527
MLH1_0_multinomial_train1.1	0.017571870115865338	2.4194436103411675e-287	2.19e-321	0.7915522979799778	0.1908758319041568
