Samples	SBS96A	SBS96B	SBS96C	SBS96D	SBS96E
EXO1_0_real_train1	0.062165655920535565	0.5862974369971905	0.09614622839980944	0.025587733860844987	0.2298029448216194
OGG1_0_real_train1	0.8247213976912986	0.011692616446241862	0.08141451534400432	0.06061247403386871	0.021558996484586666
RNF168_0_real_train1	0.09201100622637433	0.5789824785857575	0.1419038435995447	0.007675528159339046	0.17942714342898444
UNG_0_real_train1	0.12421348334213766	0.08332546410548179	0.2566498090338214	1.8959744311178913e-225	0.5358112435185592
ATP2B4_0_real_train1	0.27837425093609847	0.1579820251234584	0.39679817008589136	0.010989291333550259	0.15585626252100135
ATP2B4_1_real_train1	0.3447821752141464	0.0324834543518636	0.5016375155300099	0.12109685490398026	8.134455631435908e-98
MLH1_0_real_train1	0.005584183225969021	4.5753780636204476e-210	5.930588757815934e-122	0.8077476902849877	0.18666812648904332
MSH2_0_real_train1	0.0020354681113163115	4.13e-321	0.06053035888969275	0.7624379763539609	0.17499619664502997
MSH6_0_real_train1	0.01136078333092803	0.009348131331736927	0.02809119672566258	0.8194138337845774	0.13178605482709493
MSH6_1_real_train1	0.026507390610134938	0.020561820415223076	0.0013186069775440827	0.8334612791722564	0.11815090282484153
PMS1_0_real_train1	0.18309866099736224	2.487730821658217e-298	0.48122615280552805	0.16043900887744814	0.17523617731966162
PMS2_0_real_train1	0.02791525609995715	0.5139847406770486	0.024487848159129605	0.43361215506386463	1.22e-321
EXO1_0_multinomial_train1	0.08458763747274128	0.6171411744300002	0.05101095011177355	0.011828880849587936	0.23543135713589705
RNF168_0_multinomial_train1	0.0923940236274417	0.542290714008455	0.20114767604525513	0.0052884751345838085	0.15887911118426457
RNF168_0_multinomial_train1.1	0.10298098782982414	0.5819078521871633	0.20126420995025462	1.4e-321	0.11384695003275795
EXO1_0_multinomial_train1.1	0.07709325253180035	0.5773222675867055	0.06463979712464765	0.08991914497045399	0.19102553778639236
RNF168_0_multinomial_train1.2	0.0918235389428207	0.5663075938460282	0.2153208385613741	0.058173297257033026	0.06837473139274386
RNF168_0_multinomial_train1.3	0.09559201401345124	0.5062570644339828	0.14911218850835287	0.03384403194959534	0.21519470109461802
RNF168_0_multinomial_train1.4	0.11295591876592943	0.5288926841355237	0.1775729726066797	0.043990639873287385	0.1365877846185798
RNF168_0_multinomial_train1.5	0.023527550193456887	0.5655460704133904	0.21751850138976472	2.18e-321	0.19340787800338793
RNF168_0_multinomial_train1.6	0.10512018080457364	0.5305581016320909	0.1152912952193707	6.420470711745586e-287	0.2490304223439647
RNF168_0_multinomial_train1.7	0.06576019413220618	0.5910553503557763	0.10510666465933886	0.019637983160041672	0.21843980769263716
RNF168_0_multinomial_train1.8	0.13343754479524775	0.6116112529527861	0.1033024159227278	0.008634921799183062	0.14301386453005535
EXO1_0_multinomial_train1.2	0.03217463241649542	0.5793039278428916	0.1550848678126588	0.011074227283549376	0.22236234464440466
EXO1_0_multinomial_train1.3	0.09518696336215143	0.6385742913431067	0.025134612897699707	0.0480790754659448	0.19302505693109742
RNF168_0_multinomial_train1.9	0.07601894657628122	0.6096860865191998	0.1427311579415002	3.014e-321	0.17156380896301876
EXO1_0_multinomial_train1.4	0.057097251697812094	0.5902526158348778	0.10244686862957778	0.0028553352411439035	0.24734792859658838
EXO1_0_multinomial_train1.5	0.06862632890354824	0.5811209584523114	0.0851636263059463	0.033595644701378616	0.23149344163681543
EXO1_0_multinomial_train1.6	0.0591525433041559	0.5916932258732265	0.09189404546330622	8.034238015395567e-91	0.2572601853593114
EXO1_0_multinomial_train1.7	0.0734982428889721	0.5895308976847938	0.05289898748173875	0.028873884070360973	0.25519798787413434
EXO1_0_multinomial_train1.8	0.05764122191266666	0.524357480422173	0.12671578864385177	0.025398896461451412	0.2658866125598572
RNF168_0_multinomial_train1.10	0.16764356154678084	0.521233420483776	0.06604119052154778	7.090692925229492e-206	0.24508182744789553
EXO1_0_multinomial_train1.9	0.0469157340789532	0.6480936187439206	0.06882304882891205	0.05707877459727676	0.17908882375093732
RNF168_0_multinomial_train1.11	0.04515214447669441	0.5554148297446313	0.1705436496445237	0.014666530152414165	0.21422284598173638
RNF168_0_multinomial_train1.12	0.086737603790006	0.5722854936725865	0.15593852439966532	0.05804318497959362	0.12699519315814845
EXO1_0_multinomial_train1.10	0.04302378810878889	0.5978944333325763	0.08858783119519678	0.028969036075127807	0.24152491128831033
EXO1_0_multinomial_train1.11	0.06745706001212047	0.5605208857609811	0.07646679523896475	0.03765041452700203	0.25790484446093154
RNF168_0_multinomial_train1.13	0.08274442626937893	0.57311200902979	0.06914944292974366	0.1627966620715898	0.11219745969949754
RNF168_0_multinomial_train1.14	0.09290238017834346	0.5514578507233396	0.16916794970409502	0.02639084118524649	0.1600809782089753
RNF168_0_multinomial_train1.15	0.08138705921704824	0.5809145943734505	0.07150075438787167	0.027749450918029845	0.23844814110359988
RNF168_0_multinomial_train1.16	0.109444324217044	0.545422312632105	0.1570500311022717	0.020982579564863994	0.1671007524837154
EXO1_0_multinomial_train1.12	0.09060898972162516	0.607132726643605	0.08784804329709753	0.003909962712685612	0.2105002776249867
RNF168_0_multinomial_train1.17	0.07772432544981603	0.5110176330289534	0.18981617040741874	0.03102895006462151	0.19041292104919014
EXO1_0_multinomial_train1.13	0.08718470671708024	0.5823684332562341	0.08790729774519253	0.006409724580534678	0.23612983770095847
RNF168_0_multinomial_train1.18	0.11876960514385192	0.5456182412816833	0.1975494060509938	7.91149070999812e-306	0.13806274752347086
EXO1_0_multinomial_train1.14	0.07535627762398092	0.5832491015740637	0.06737409037749226	0.022784214115741143	0.2512363163087221
RNF168_0_multinomial_train1.19	0.08835644271381438	0.6561064304663016	0.07698249114796092	0.022219216576920966	0.15633541909500212
RNF168_0_multinomial_train1.20	0.028393229160854593	0.5983438201303858	0.12626537775312235	3.7675100340397075e-120	0.24699757295563723
EXO1_0_multinomial_train1.15	0.0627642734925217	0.5746520656497535	0.09513414490111992	0.0230622014979111	0.24438731445869372
RNF168_0_multinomial_train1.21	0.13054683278620519	0.5516763979529692	0.09985440360781453	0.009121252678241256	0.20880111297476997
RNF168_0_multinomial_train1.22	0.10322409789378918	0.46980496968613306	0.1831480330799992	0.0407505982248038	0.20307230111527474
EXO1_0_multinomial_train1.16	0.04578021117121231	0.5554159039535423	0.10238345152686446	0.020093373943420482	0.27632705940496033
EXO1_0_multinomial_train1.17	0.04818331410995482	0.6051033951961811	0.09721683104021941	0.027008232530489992	0.22248822712315464
RNF168_0_multinomial_train1.23	0.0935510357644068	0.640507340805265	0.06869752745677377	1.0793336242493502e-05	0.19723330263731206
EXO1_0_multinomial_train1.18	0.05199107135831611	0.5327744189819418	0.11774582120398654	0.03135101624461966	0.2661376722111358
RNF168_0_multinomial_train1.24	0.060746051045085715	0.6398180009477294	0.1666302018162765	0.00028555569060216866	0.13252019050030606
RNF168_0_multinomial_train1.25	0.060299746044376025	0.584723442806335	0.19740274467188967	0.006269810799752267	0.151304255677647
RNF168_0_multinomial_train1.26	0.05873238516435435	0.6138084711909099	0.12197687126076799	2.816e-321	0.20548227238396788
RNF168_0_multinomial_train1.27	0.1361449631328229	0.47634322141005847	0.2110018402342025	0.001965620149037834	0.17454435507387853
RNF168_0_multinomial_train1.28	0.06378700461194738	0.6052315869320292	0.13635915175977517	0.024263695174444155	0.17035856152180404
EXO1_0_multinomial_train1.19	0.043053054113572645	0.550830349712593	0.12668909523775745	0.055348228826966106	0.22407927210911077
RNF168_0_multinomial_train1.29	0.05583072752134039	0.5850979939313069	0.13585155931943635	0.020892097604398415	0.20232762162351794
EXO1_0_multinomial_train1.20	0.06565174437708897	0.5686095503336761	0.10488886621234912	0.026201172206905207	0.23464866686998073
RNF168_0_multinomial_train1.30	0.0892702911337141	0.5909915691844235	0.15157633472815993	0.0043181921294449845	0.16384361282425747
RNF168_0_multinomial_train1.31	0.07064511680066676	0.5609527891061212	0.17429441353191372	0.023309209164518094	0.17079847139678014
RNF168_0_multinomial_train1.32	0.08643012579147494	0.6225091788507802	0.13220710654250953	0.014405755146404511	0.1444478336688308
RNF168_0_multinomial_train1.33	0.06398774302310059	0.520022451937412	0.23467375257042666	1.023e-321	0.18131605246906068
EXO1_0_multinomial_train1.21	0.06572300253435728	0.5952261254584468	0.06366617539157131	2.437477355160524e-180	0.27538469661562476
RNF168_0_multinomial_train1.34	0.0866364361624582	0.6963152898445691	0.08049460737250934	7.26e-322	0.1365536666204634
EXO1_0_multinomial_train1.22	0.06675521681521195	0.611694307823652	0.07605966572827456	0.03462525029703609	0.21086555933582557
EXO1_0_multinomial_train1.23	0.0611821873667825	0.5786795255845835	0.1138991631788522	0.005290630289625124	0.24094849358015677
RNF168_0_multinomial_train1.35	0.09229107536410375	0.5346787284904613	0.11494592237855857	4.580429471859218e-136	0.25808427376687637
RNF168_0_multinomial_train1.36	0.08763735911111463	0.555518509563591	0.19777460690418117	0.002442104670036466	0.15662741975107694
EXO1_0_multinomial_train1.24	0.06720441742521327	0.6141956142010339	0.13168512380668237	0.021055759665116296	0.16585908490195408
RNF168_0_multinomial_train1.37	0.06571441283238212	0.573742225762625	0.15605267081260607	6.587282098391335e-267	0.2044906905923867
EXO1_0_multinomial_train1.25	0.0762987309687284	0.5495427093964459	0.10901226549846474	0.04952322038967084	0.21562307374669015
RNF168_0_multinomial_train1.38	0.09798944624309475	0.644656157505872	0.14997701253538342	5.562340283523e-312	0.1073773837156498
EXO1_0_multinomial_train1.26	0.04203996272408196	0.6133285683009476	0.10815017107420047	0.03380986982939735	0.20267142807137262
EXO1_0_multinomial_train1.27	0.04888824121696974	0.60275055261868	0.12409743326179075	0.0022246741300092723	0.2220390987725501
EXO1_0_multinomial_train1.28	0.050845066328160604	0.5965467235481914	0.11583843584310778	0.004130496152023183	0.23263927812851704
EXO1_0_multinomial_train1.29	0.06342105612126643	0.5987478469175915	0.11109116437117578	0.007964622422760349	0.21877531016720594
EXO1_0_multinomial_train1.30	0.03668458334283711	0.5888782833954836	0.13987948493237276	1.1633394856549304e-48	0.2345576483293065
RNF168_0_multinomial_train1.39	0.11542043811361095	0.5756783963296018	2.36e-321	3.953855375694779e-269	0.3089011655567874
RNF168_0_multinomial_train1.40	0.14144584603135044	0.5530042391496343	0.18348270966968824	1.3439755920213612e-302	0.12206720514932722
EXO1_0_multinomial_train1.31	0.050346309649125176	0.5619483872051068	0.10353029295507946	0.045530496979915874	0.2386445132107729
EXO1_0_multinomial_train1.32	0.07359466516314411	0.5875674197316061	0.07983860277211394	0.04145856421836096	0.2175407481147749
EXO1_0_multinomial_train1.33	0.07494475787915308	0.6034388074336676	0.0630672806968776	0.02639597767705854	0.23215317631324325
RNF168_0_multinomial_train1.41	0.09299345034975594	0.6272115111780717	0.14608382443544987	2.095e-321	0.13371121403672256
RNF168_0_multinomial_train1.42	0.08586935907508637	0.6274620452266928	0.1440295386174508	1.375901443854732e-62	0.1426390570807699
EXO1_0_multinomial_train1.34	0.06670860681233425	0.5878975985592517	0.08268816656386346	0.021355750203082804	0.24134987786146792
RNF168_0_multinomial_train1.43	0.09773408399485647	0.548832049823358	0.16340389020760987	1.94e-321	0.1900299759741758
EXO1_0_multinomial_train1.35	0.07517824314343725	0.5671984374975977	0.1245547906343176	0.005655031728593219	0.22741349699605426
EXO1_0_multinomial_train1.36	0.055958376905161956	0.5761111638136632	0.09341010896469469	0.005668527462232399	0.26885182285424764
RNF168_0_multinomial_train1.44	0.10522005926572095	0.5779016055039495	0.17194821612763023	2.89e-321	0.1449301191026992
EXO1_0_multinomial_train1.37	0.07259553881380428	0.5999338093768404	0.0443088446192661	0.015101403444028254	0.26806040374606094
RNF168_0_multinomial_train1.45	0.08548250600415482	0.5616093445520818	0.1951777393062267	2.673e-321	0.15773041013753678
RNF168_0_multinomial_train1.46	0.09879421874161672	0.6242869191292709	0.10134682252105387	3.3674979527803637e-172	0.17557203960805845
RNF168_0_multinomial_train1.47	0.03642655042210442	0.5973960751118756	0.2071089524408612	0.013389838395157602	0.14567858363000116
RNF168_0_multinomial_train1.48	0.028469346172051737	0.5698122938690035	0.24824330591471033	2.2e-321	0.15347505404423434
RNF168_0_multinomial_train1.49	0.10208937506224708	0.5382498880889202	0.13333262283109698	0.019150280471828738	0.2071778335459069
RNF168_0_multinomial_train1.50	0.08020048570242509	0.5469166938301082	0.10534259751131088	0.026877745194795775	0.24066247776136002
EXO1_0_multinomial_train1.38	0.08821111358920568	0.6168932601503372	0.08228217258224482	0.005656046703090983	0.20695740697512116
RNF168_0_multinomial_train1.51	0.057161682942498286	0.5757608207814598	0.20288578555363285	0.018499412471118564	0.14569229825129063
RNF168_0_multinomial_train1.52	0.09448018650466546	0.5364461546837617	0.09188456807749111	0.08119291485239298	0.19599617588168866
EXO1_0_multinomial_train1.39	0.08422093070931141	0.5408402314466272	0.06333812648678745	0.05367467405497295	0.25792603730230107
EXO1_0_multinomial_train1.40	0.07914153560307478	0.5722341963007033	0.07551441723947075	0.043282508296081434	0.22982734256066967
RNF168_0_multinomial_train1.53	0.11300232931874944	0.5724536603652375	0.15845269788830055	0.005148710882794057	0.1509426015449184
EXO1_0_multinomial_train1.41	0.023266477621026464	0.5703895991283858	0.14245089683607012	0.0573067940496934	0.20658623236482407
EXO1_0_multinomial_train1.42	0.045343329272611754	0.588311622779049	0.1394354891028567	0.0023888849674256495	0.22452067387805674
RNF168_0_multinomial_train1.54	0.12422060060959277	0.5155887944304164	0.19177571554881037	1.37e-321	0.16841488941118052
OGG1_0_multinomial_train1	0.8232043837017016	2.930337107785181e-79	0.12336174719251576	0.02294007037467976	0.030493798731102938
UNG_0_multinomial_train1	0.11825549252259826	0.01298817959214213	0.19830069012971	0.04933833561930764	0.6211173021362419
UNG_0_multinomial_train1.1	0.1610657094213502	0.06624057368083104	0.2818665081469284	0.014531059735886401	0.47629614901500383
UNG_0_multinomial_train1.2	0.1425776012196413	0.08495998371133281	0.23311526278992545	1.784e-321	0.5393471522791002
OGG1_0_multinomial_train1.1	0.8090875173557597	0.0031981996942054996	0.06927768042467736	0.10426542792713413	0.014171174598223157
UNG_0_multinomial_train1.3	0.1436587366222636	0.1497639642565075	0.20140417755661755	0.019615804669460214	0.48555731689515114
OGG1_0_multinomial_train1.2	0.8510509899775365	0.01126621275133117	1.2151763112524653e-294	0.10157055966335346	0.03611223760777878
OGG1_0_multinomial_train1.3	0.8824628066248266	0.02643939192395964	0.01611598129700384	0.05461074510253164	0.02037107505167844
UNG_0_multinomial_train1.4	0.11534904019329421	0.0250985398756024	0.34079908348817056	1.803e-321	0.5187533364429328
UNG_0_multinomial_train1.5	0.09972926698196756	0.09412450183840206	0.24544607495718299	8.35e-322	0.5607001562224474
OGG1_0_multinomial_train1.4	0.9228132252904343	3.57e-321	2.3672226918342267e-133	0.07551645072640399	0.00167032398316158
OGG1_0_multinomial_train1.5	0.8585400390201992	0.016559754106435988	3.834320621212796e-173	0.12490020687336481	2.4192733932356223e-69
UNG_0_multinomial_train1.6	0.12797489665020617	0.11986024655776585	0.08245025697285381	1.6715478722204453e-172	0.6697145998191742
UNG_0_multinomial_train1.7	0.241752702339883	0.05003614827552307	0.1623980334249976	0.06237428338911929	0.48343883257047704
UNG_0_multinomial_train1.8	0.09014367022573996	3.3970351351436543e-186	0.33212465327961155	1.12e-321	0.5777316764946484
OGG1_0_multinomial_train1.6	0.8570357955188219	4.775964122513129e-164	0.010319514176323399	0.07607345028277442	0.05657124002208032
UNG_0_multinomial_train1.9	0.10875230950823325	0.10426352703768883	0.2539209180455368	9.755547056951312e-16	0.5330632454085403
OGG1_0_multinomial_train1.7	0.8486316016205547	7.082068234419229e-05	0.08667098083651041	0.058966566523635695	0.005660030336955073
UNG_0_multinomial_train1.10	0.08189412044000473	0.06844537036586788	0.3746686032881861	5.4e-322	0.4749919059059414
OGG1_0_multinomial_train1.8	0.7674362800556365	0.09071796495184847	0.04925829063482048	2.737e-321	0.09258746435769465
UNG_0_multinomial_train1.11	0.11581459587433783	0.05112644676640127	0.3485395499010783	1.917e-321	0.48451940745818256
OGG1_0_multinomial_train1.9	0.8405605357476462	1.619494763461454e-96	0.0888632023128887	0.06482145563745115	0.005754806302013861
OGG1_0_multinomial_train1.10	0.8159520394259154	2.223e-321	0.12787561084099588	0.05617234973308865	1.135920859598125e-80
OGG1_0_multinomial_train1.11	0.8951725887809471	0.0028607508088429696	1.4559031483231067e-24	0.10196666041021002	8.308113294917932e-25
UNG_0_multinomial_train1.12	0.06200868210754487	0.12818663861566928	0.2718742841505044	7.76e-322	0.5379303951262815
UNG_0_multinomial_train1.13	0.1190901240976896	0.06702995067814148	0.26679740758089726	1.59e-321	0.5470825176432718
UNG_0_multinomial_train1.14	0.06624008533639592	0.11132151055787377	0.2778352560195604	2.124e-321	0.5446031480861699
OGG1_0_multinomial_train1.12	0.883809221071321	0.012464447155881091	4.7479893827281274e-222	0.07534899016228402	0.028377341610513945
OGG1_0_multinomial_train1.13	0.8063134559847993	5.39e-321	0.0967046554309302	0.03774326383707139	0.05923862474719912
UNG_0_multinomial_train1.15	0.1243304325330164	2.897423689869197e-43	0.35447071899685256	0.017661937166801842	0.5035369113033292
UNG_0_multinomial_train1.16	0.17556861467196677	0.07213644200474875	0.23395854759769333	2.204e-321	0.5183363957255913
UNG_0_multinomial_train1.17	0.16006831750378775	0.06786549844028822	0.19043611497417665	1.107e-321	0.5816300690817473
OGG1_0_multinomial_train1.14	0.8364506648371365	1.5161693837909365e-84	0.11294987925775084	0.05059945590511278	1.383e-321
UNG_0_multinomial_train1.18	0.0830573973782374	0.0026945950683193447	0.41946550521797404	6.789488729489668e-189	0.49478250233546917
OGG1_0_multinomial_train1.15	0.7776255545607338	0.03872718025261108	0.11891591121941755	0.06473135396723752	8.010735768370129e-58
UNG_0_multinomial_train1.19	0.125734599364714	0.04669249512838361	0.30556241186563704	0.02675280618811151	0.4952576874531539
OGG1_0_multinomial_train1.16	0.8195571298754333	0.010728868762435437	0.06801783242248266	0.04765562863705774	0.05404054030259101
UNG_0_multinomial_train1.20	0.12542182901097493	0.059350060660497014	0.25086241529206893	2.261846551166564e-32	0.5643656950364591
UNG_0_multinomial_train1.21	0.13553093561025392	0.10329341478388553	0.20561668617061712	0.0514215242112473	0.5041374392239961
OGG1_0_multinomial_train1.17	0.8741358175967617	3.3692190354518776e-50	0.008190243292249688	0.09719017137356774	0.020483767737420736
UNG_0_multinomial_train1.22	0.07431746691541478	6.584417587547644e-176	0.37359892448660803	1.594725e-318	0.5520836085979772
UNG_0_multinomial_train1.23	0.0484359805919581	0.010997727800747968	0.44740532519599463	0.007930725860897199	0.4852302405504023
UNG_0_multinomial_train1.24	0.14000288289400836	0.07413756959010813	0.24935413065927214	1.4537840848169176e-99	0.5365054168566115
OGG1_0_multinomial_train1.18	0.7875584785720656	0.016168041617464064	0.13949822518922528	0.023365560404887794	0.033409694216357144
UNG_0_multinomial_train1.25	0.14148940595194745	0.09925036049682132	0.3346537208814913	8.4e-322	0.4246065126697399
OGG1_0_multinomial_train1.19	0.8219366788127178	0.01446613312144667	0.04967867009657907	0.09603297817627346	0.017885539792983005
UNG_0_multinomial_train1.26	0.09185322366714817	1.9463000681068705e-193	0.26293372879577603	0.09884316368278039	0.5463698838542953
OGG1_0_multinomial_train1.20	0.766783125604682	0.04041377529542578	0.1275114597682252	0.06529163933166698	2.4365450921009323e-227
UNG_0_multinomial_train1.27	0.10794247358153862	0.10137392869478895	0.35101383311699863	1.245e-321	0.4396697646066736
OGG1_0_multinomial_train1.21	0.7099291949297535	5.09e-321	0.22678497665473346	0.06328582841551303	8.123387413127369e-131
OGG1_0_multinomial_train1.22	0.821925321266997	0.03489749743666846	0.10096806122088062	0.005016309921056211	0.037192810154397855
UNG_0_multinomial_train1.28	0.11528202175032833	0.08508958538630235	0.17690009362842882	8.4e-322	0.6227282992349406
UNG_0_multinomial_train1.29	0.14907805710007227	0.015009288522348771	0.27569066688368454	3.746520196504431e-52	0.5602219874938945
OGG1_0_multinomial_train1.23	0.8743566562601264	4.783e-321	0.05047346174182718	0.07516988199804642	4.625893627799715e-286
OGG1_0_multinomial_train1.24	0.8365563512514173	2.085e-321	0.04942205735723173	0.11402159139135094	2.075e-321
OGG1_0_multinomial_train1.25	0.7337022755807044	0.05147509940240779	0.1880011704989139	0.026821454517973974	1.8415088967639166e-173
OGG1_0_multinomial_train1.26	0.8332416708196444	2.623e-321	0.14079117625508825	0.025967152925267353	3.01e-321
UNG_0_multinomial_train1.30	0.1573021611723483	0.0001347420311153909	0.2409333177386165	2.7715319262170766e-55	0.6016297790579198
OGG1_0_multinomial_train1.27	0.8383199607922929	3.1441596423330756e-141	0.08227522105389805	0.0794048181538091	2.282701711624049e-242
OGG1_0_multinomial_train1.28	0.7920501966440547	0.023336127839277236	0.10429038326644921	0.06046740062084533	0.01985589162937365
UNG_0_multinomial_train1.31	0.11706766765714899	0.045520736128563916	0.3894379511577673	2.3918593774134995e-74	0.44797364505651993
UNG_0_multinomial_train1.32	0.16241941416527322	0.05497524750038961	0.1621017998841258	2.46e-321	0.6205035384502113
UNG_0_multinomial_train1.33	0.09506132832003016	0.07634832911119982	0.275899920533887	8.1e-322	0.552690422034883
OGG1_0_multinomial_train1.29	0.7618971708742024	0.01415131700960819	0.18662690427754727	0.032363430578841675	0.004961177259800549
OGG1_0_multinomial_train1.30	0.7930320840610108	2.623e-321	0.11565621836705568	0.09131169757193348	1.760135581716545e-67
UNG_0_multinomial_train1.34	0.15449705636946687	0.06462193317505749	0.20262024013557267	0.019679712105415154	0.5585810582144879
OGG1_0_multinomial_train1.31	0.8002468099335565	7.343014454189362e-194	0.11690111028898635	0.0828520797774572	2.79e-321
UNG_0_multinomial_train1.35	0.1337443371146481	0.15658511974369238	0.13899158504989884	0.036349147954470654	0.5343298101372901
UNG_0_multinomial_train1.36	0.09824237459477687	0.05495950834703771	0.3293339408323625	8.35e-322	0.5174641762258229
UNG_0_multinomial_train1.37	0.08300345384357018	0.10542623739331741	0.19351433548063635	1.087e-321	0.6180559732824762
OGG1_0_multinomial_train1.32	0.8010829275924389	0.04099498852837663	0.02931925566497324	0.07427883702891618	0.054323991185294976
UNG_0_multinomial_train1.38	0.11000600809270124	0.12584884388521939	0.28999952032505255	2.3305200876822578e-32	0.47414562769702684
OGG1_0_multinomial_train1.33	0.758692866236359	0.010226453920596363	0.17226608968372467	0.04047655624897093	0.018338033910348998
OGG1_0_multinomial_train1.34	0.8030511338280946	0.023051979761242562	0.09501174379439281	0.04223019522785341	0.036654947388416785
OGG1_0_multinomial_train1.35	0.7985861701176866	1.1475791003461471e-49	0.11977740708466855	0.0816364227976447	1.3223884794765673e-205
OGG1_0_multinomial_train1.36	0.8885615248805501	0.0179908370336136	0.015400561727751878	0.03988801497695676	0.03815906138112776
OGG1_0_multinomial_train1.37	0.8341903277012885	2.3946119987712227e-134	0.13375287221160168	0.015955158883888265	0.01610164120322152
OGG1_0_multinomial_train1.38	0.8569003188781887	3.953e-321	0.057068097340948684	0.07471117176880032	0.011320412012062263
UNG_0_multinomial_train1.39	0.0907141288847315	0.012084402266827754	0.3166222798417533	0.024459147229922984	0.5561200417767646
OGG1_0_multinomial_train1.39	0.7610737027991917	5.678556950189342e-163	0.11096618647346575	0.11679533100974476	0.011164779717597727
UNG_0_multinomial_train1.40	0.05362386831327458	0.12303646329220475	0.2782840735030644	1.3545309724203072e-203	0.5450555948914563
OGG1_0_multinomial_train1.40	0.7960483432625347	1.1357191302958653e-286	0.12803250694704324	0.07591914979042187	1.823e-321
OGG1_0_multinomial_train1.41	0.8750175766032824	0.05390769124573604	5.84661053133222e-40	0.026746250760828195	0.04432848139015334
UNG_0_multinomial_train1.41	0.10030292615262668	0.17318924826712156	0.21781261031091861	1.78e-321	0.5086952152693333
OGG1_0_multinomial_train1.42	0.8449399578102526	0.002390239488893344	0.09146377355358887	0.03408430184762243	0.02712172729964294
UNG_0_multinomial_train1.42	0.0473435703371612	0.10437927494719322	0.3260894228807067	1.29e-321	0.5221877318349388
OGG1_0_multinomial_train1.43	0.83477085996303	0.02622394820270859	0.0862581318069748	0.05274706002728645	2.4848874017724407e-184
OGG1_0_multinomial_train1.44	0.7737637263885939	0.05084407656179092	0.12609128554782761	0.020062293118174968	0.029238618383612625
OGG1_0_multinomial_train1.45	0.809599262663353	1.1137568183464155e-286	0.15690278807047905	0.03349794926614976	1.8054113903406535e-14
OGG1_0_multinomial_train1.46	0.7641992800827162	0.008070570489166755	0.18882252934847413	0.033573641862498345	0.00533397821714456
UNG_0_multinomial_train1.43	0.15922858962327854	4.63e-321	0.2551774265574528	0.041009549986860315	0.5445844338324082
OGG1_0_multinomial_train1.47	0.790941468689686	0.03998167059865614	0.12460940546868335	0.044467455242974636	4.946791760215134e-140
OGG1_0_multinomial_train1.48	0.7806451163948642	2.787e-321	0.12377535841839442	0.06639802995834276	0.029181495228398475
OGG1_0_multinomial_train1.49	0.7918740377289734	0.02986305483680515	0.12809190962877265	0.044730163782376306	0.005440834023072483
OGG1_0_multinomial_train1.50	0.8376323207908637	2.638584052067e-312	0.047700007698680415	0.10340275098309326	0.011264920527362658
UNG_0_multinomial_train1.44	0.16334553891862344	0.12304200035922035	0.16932078823179292	0.02988608276271598	0.5144055897276474
OGG1_0_multinomial_train1.51	0.8035368732652524	0.06928747632594669	2.177889590837293e-56	0.07392890160878883	0.05324674880001213
OGG1_0_multinomial_train1.52	0.8662640115004273	0.022357658425988757	0.024492262852894527	0.05862512797061756	0.02826093925007187
ATP2B4_0_multinomial_train1	0.30941771923660794	0.11090075922516154	0.31111799182895683	0.10244471603208467	0.166118813677189
ATP2B4_1_multinomial_train1	0.2948549893873479	0.0216968933807811	0.496378346080974	0.10939646410966658	0.07767330704123064
ATP2B4_0_multinomial_train1.1	0.24602958281583243	0.18792087302243607	0.4396772067782776	1.1163003936866887e-21	0.126372337383454
ATP2B4_1_multinomial_train1.1	0.3691630769914306	0.06376319434162848	0.5049775396232902	0.05355317515720434	0.008543013886446536
ATP2B4_1_multinomial_train1.2	0.4146154625964906	0.07027571161119554	0.4271577038405209	0.08795112195179303	2.348896957529546e-302
ATP2B4_1_multinomial_train1.3	0.2211037427984421	0.0618477101785296	0.6454771607156152	0.06499943032226368	0.00657195598514942
ATP2B4_0_multinomial_train1.2	0.26079046770578207	0.20216848914201074	0.388081578968711	9.3e-322	0.1489594641834962
ATP2B4_1_multinomial_train1.4	0.42425355029395007	1.81e-321	0.45416856922057425	0.1215778804854757	9.659077581775273e-217
ATP2B4_0_multinomial_train1.3	0.2128398486049873	0.20911280426077988	0.4418963477859702	1.354e-321	0.1361509993482624
ATP2B4_0_multinomial_train1.4	0.24006175806784785	0.10439490340415682	0.45036879793231166	0.015436926332308106	0.18973761426337554
ATP2B4_0_multinomial_train1.5	0.2758008789656213	0.10624466342328383	0.4183039890588509	0.02638515137934796	0.17326531717289598
ATP2B4_0_multinomial_train1.6	0.25157546802325875	0.15852531027852906	0.3916842143234458	1.8010995778937983e-62	0.19821500737476633
ATP2B4_1_multinomial_train1.5	0.4812113028316207	0.05961895556341217	0.3360231426241443	0.12314659898082293	8.05850125528366e-168
ATP2B4_0_multinomial_train1.7	0.3467799858457479	0.09310384569337887	0.35505265465142877	0.06339150305911702	0.14167201075032754
ATP2B4_1_multinomial_train1.6	0.47246894156846486	8.231446455970046e-79	0.390694387828115	0.13683667060342022	8.45e-322
ATP2B4_1_multinomial_train1.7	0.39051577174038005	4.195e-321	0.44626192898264794	0.14644104922328544	0.01678125005368675
ATP2B4_1_multinomial_train1.8	0.26354341042875523	2.0420503341016895e-05	0.5316778786454992	0.1920362410365247	0.012722049385879829
ATP2B4_1_multinomial_train1.9	0.4105896185048403	0.0851963385965433	0.4017316207660875	0.09278295286855581	0.009699469263973115
ATP2B4_1_multinomial_train1.10	0.3677983675780822	0.09137346097103143	0.39225735485322266	0.1485708165976636	1.5728523946899133e-252
ATP2B4_1_multinomial_train1.11	0.31765808135094264	1.0129913067193588e-39	0.5525599339772053	0.12978198443655267	2.3529939735060897e-10
ATP2B4_1_multinomial_train1.12	0.3213054989014623	0.016476939017955425	0.5432639864099926	0.11895357567058963	2.91786615146e-312
ATP2B4_1_multinomial_train1.13	0.37636704277553545	0.06074775017566332	0.5051857287746165	0.057699478274184646	1.963919345426869e-226
ATP2B4_0_multinomial_train1.8	0.2409573039500158	0.21031588234308823	0.4191917729549034	0.03568162272646108	0.09385341802553153
ATP2B4_1_multinomial_train1.14	0.44654147698791424	0.001903889256965173	0.347176705061938	0.13080092034619134	0.07357700834699113
ATP2B4_1_multinomial_train1.15	0.3640621390788454	0.08290609374077527	0.41808878340850586	0.11566962970493316	0.019273354066940276
ATP2B4_0_multinomial_train1.9	0.3068231292639324	0.1286839114087546	0.3154569686007065	0.04586671866573452	0.20316927206087199
ATP2B4_0_multinomial_train1.10	0.22824888834706397	0.14668581706207612	0.5166096570430021	1.19e-321	0.10845563754785766
ATP2B4_0_multinomial_train1.11	0.2254310278824806	0.13609849722209197	0.4791365770202788	0.06866084062435968	0.0906730572507889
ATP2B4_1_multinomial_train1.16	0.4145157734485173	2.263e-321	0.41368378744199463	0.16337957731601593	0.00842086179347205
ATP2B4_0_multinomial_train1.12	0.24393216249440317	0.24216837868402408	0.3427956901098759	0.0018779638735939592	0.16922580483810298
ATP2B4_0_multinomial_train1.13	0.20898711425849173	0.22836611350450095	0.39448707576154574	2.71e-321	0.16815969647546164
ATP2B4_0_multinomial_train1.14	0.2783544909723301	0.10588344726674087	0.4495356552585472	0.10156199998073272	0.06466440652164891
ATP2B4_0_multinomial_train1.15	0.2629215195417912	0.16879547297360883	0.44401090453427305	5.312262999605848e-170	0.12427210295032687
ATP2B4_1_multinomial_train1.17	0.30692511707227244	5.141365768282958e-39	0.548108723956025	0.13412274027400395	0.010843418697698611
ATP2B4_1_multinomial_train1.18	0.4505064531287355	0.010667640956975782	0.41259308088414903	0.09746940730214926	0.028763417727990404
ATP2B4_1_multinomial_train1.19	0.4373889887420974	0.10403344065994592	0.31883945888955856	0.08674906932248184	0.05298904238591618
ATP2B4_1_multinomial_train1.20	0.3454755036814086	0.004498636893690526	0.4456229390776194	0.106269734311212	0.09813318603606944
ATP2B4_0_multinomial_train1.16	0.2924148624039008	0.2123092548753604	0.34085647120498164	5.044485942382941e-81	0.15441941151575708
ATP2B4_1_multinomial_train1.21	0.3405592665079749	0.0719883240551218	0.4622462332863866	0.12520617615051677	1.74e-321
ATP2B4_1_multinomial_train1.22	0.3544861321739278	0.15286087734199522	0.41133523751676115	0.06379571728200682	0.017522035685308916
ATP2B4_0_multinomial_train1.17	0.2547947603091858	0.09782715619315599	0.4496627332335894	0.012351534865824845	0.18536381539824387
ATP2B4_0_multinomial_train1.18	0.366553227362895	0.1622863877764697	0.2824545590940994	0.042059570832912875	0.14664625493362307
ATP2B4_1_multinomial_train1.23	0.47427612374540196	1.737775862748056e-216	0.3460622255805322	0.14692025908595419	0.032741391588111526
ATP2B4_1_multinomial_train1.24	0.3109065478014196	0.04896996463116344	0.4886587135203142	0.05703753176961728	0.09442724227748558
ATP2B4_0_multinomial_train1.19	0.3231583679804543	0.11526603659661512	0.35968705443791216	0.02702555476221948	0.17486298622279897
ATP2B4_1_multinomial_train1.25	0.27727847923770116	0.04907245748775353	0.5254013611167638	0.1482477021577815	1.566e-321
ATP2B4_0_multinomial_train1.20	0.3015844151778045	0.09528894665713543	0.39898433743629935	0.03087136192064697	0.17327093880811367
ATP2B4_0_multinomial_train1.21	0.41409274356032144	0.14916226594065024	0.21654118478420023	0.031333653677134386	0.18887015203769367
ATP2B4_0_multinomial_train1.22	0.33452134041301496	0.2003343025968105	0.2816855852314128	1.4789123319802958e-171	0.18345877175876185
ATP2B4_0_multinomial_train1.23	0.26565186658157813	0.212456208822941	0.36355217003604656	0.024990480587516642	0.13334927397191762
ATP2B4_0_multinomial_train1.24	0.2443359189092778	0.20040060654390132	0.4484878495717557	0.0020501115872992907	0.104725513387766
ATP2B4_1_multinomial_train1.26	0.24969364370311067	0.0730049997265251	0.6548236243135085	0.0224777322568558	7.6e-322
ATP2B4_0_multinomial_train1.25	0.33506821789633956	0.12457096189510809	0.42193467921199146	0.0742427496206258	0.044183391375935084
ATP2B4_1_multinomial_train1.27	0.38312504766822597	0.12560925039304832	0.42372844473173643	0.055139390901501814	0.01239786630548758
ATP2B4_0_multinomial_train1.26	0.22295276345290982	0.21417678649769464	0.3594676905298734	5.4e-322	0.2034027595195221
ATP2B4_1_multinomial_train1.28	0.3302075159981634	0.0005095381756471545	0.5169931676566273	0.15228977816956213	9.44e-322
ATP2B4_0_multinomial_train1.27	0.2399084640497831	0.17157303813752892	0.36924246725904175	0.07662045115440516	0.14265557939924103
ATP2B4_1_multinomial_train1.29	0.2754993711269441	0.04868647866066219	0.5123038649097071	0.16351028530268644	1.997275278121687e-243
ATP2B4_0_multinomial_train1.28	0.281969660043267	0.17913304512488337	0.3241155453144573	0.003612499155356329	0.21116925036203613
ATP2B4_0_multinomial_train1.29	0.3342040771907431	0.18111007003408344	0.3549919485140024	0.002734086679519547	0.12695981758165165
ATP2B4_0_multinomial_train1.30	0.36817257601170694	0.17401552931244985	0.27557674183771663	0.019630709990744014	0.16260444284738262
ATP2B4_0_multinomial_train1.31	0.17074028668437097	0.15399452125015767	0.4643982401166473	0.0529649227540919	0.15790202919473212
ATP2B4_1_multinomial_train1.30	0.2711239875157188	0.1418706739552083	0.5192907236653883	0.0677146148636846	8.43499323504404e-140
ATP2B4_1_multinomial_train1.31	0.3625742421968719	0.008059932032946443	0.5283513879891861	0.1010144377809957	1.013e-321
ATP2B4_1_multinomial_train1.32	0.3167336977116055	0.09366792908049665	0.5338183735140956	0.055779999693802304	5.273491615920872e-51
ATP2B4_0_multinomial_train1.32	0.27337050992496786	0.245107529540586	0.32456128302598186	2.4e-321	0.1569606775084642
ATP2B4_0_multinomial_train1.33	0.278080879373189	0.14847719722559227	0.4642942345787431	0.020564166494460676	0.08858352232801517
ATP2B4_0_multinomial_train1.34	0.2790719559179228	0.14378342846342354	0.37083028882501223	0.013530517548263682	0.19278380924537789
ATP2B4_0_multinomial_train1.35	0.19827927256952232	0.2337132180323718	0.4176618048496681	0.023738702358014552	0.12660700219042334
ATP2B4_1_multinomial_train1.33	0.3215284502988887	0.06282643316863806	0.5042389842825654	0.07121284760667264	0.0401932846432352
ATP2B4_1_multinomial_train1.34	0.3350224429884406	0.1311111276811245	0.3997782767439473	0.12360273088021229	0.010485421706275163
ATP2B4_1_multinomial_train1.35	0.37648958361243295	0.009292097469380313	0.41164692146268855	0.15802492913940527	0.04454646831609278
ATP2B4_1_multinomial_train1.36	0.3312699328140789	0.0002703002147078869	0.451583104217142	0.18397769758805896	0.032898965166012276
ATP2B4_0_multinomial_train1.36	0.3343746917674959	0.19349867915303723	0.3076612826199313	1.546e-321	0.16446534645953553
ATP2B4_0_multinomial_train1.37	0.2150411425283599	0.2782029765835379	0.393725071173756	0.000815810307263818	0.1122149994070822
ATP2B4_1_multinomial_train1.37	0.42290867535909893	1.285e-321	0.39568779984865454	0.16493971454716383	0.016463810245082738
ATP2B4_1_multinomial_train1.38	0.2372466863533262	5.0282496593015415e-194	0.6123446131131668	0.15040870053350688	1.68e-321
ATP2B4_1_multinomial_train1.39	0.35167306742556004	0.049292763478965364	0.4315863353575684	0.1674478337326386	5.267420246317829e-12
ATP2B4_1_multinomial_train1.40	0.43555035338560244	0.06195858555507854	0.42031981405276003	0.08217124700655908	1.141555608003845e-122
ATP2B4_1_multinomial_train1.41	0.3688510859478033	0.04403151564780846	0.4470475235818958	0.11647051405967936	0.023599360762813187
ATP2B4_1_multinomial_train1.42	0.43627471532412043	0.07177787206109386	0.38658059504275016	0.10536681757203542	1.245e-321
ATP2B4_0_multinomial_train1.38	0.2012052209450921	0.07910075180868996	0.5314279973863489	0.04426200776940666	0.1440040220904623
ATP2B4_0_multinomial_train1.39	0.26690371896330173	0.17292916762701802	0.34489963790696954	0.023716268324868606	0.19155120717784208
ATP2B4_0_multinomial_train1.40	0.34182319847374776	0.10953637881521988	0.3900208604547012	0.025509298192532823	0.1331102640637984
ATP2B4_1_multinomial_train1.43	0.3870630007881748	0.0034095197120801095	0.4388022451943233	0.148352662455439	0.022372571849982623
ATP2B4_0_multinomial_train1.41	0.23978953116496138	0.15908838591932034	0.43766942364427286	8.740036844344495e-75	0.16345265927144526
ATP2B4_0_multinomial_train1.42	0.32861368355009357	0.19192244341018572	0.3225631998665375	1.389548399869478e-251	0.1569006731731831
ATP2B4_0_multinomial_train1.43	0.26028233400734296	0.1281415282890542	0.43678000811436957	1.937e-321	0.17479612958923324
ATP2B4_0_multinomial_train1.44	0.22278528663604566	0.27400499511005444	0.326483877041415	0.029411175492822926	0.147314665719662
ATP2B4_1_multinomial_train1.44	0.3701363774399044	0.09228317544794995	0.4998797510323618	0.037700696079783595	4.0872305153830924e-16
ATP2B4_0_multinomial_train1.45	0.30769867231800024	0.19645218219561272	0.3227217309240462	0.023305722722033996	0.149821691840307
ATP2B4_1_multinomial_train1.45	0.3805361557899075	0.15503538812026355	0.3932078163776913	0.07122063971213767	2.2524006281937501e-66
ATP2B4_0_multinomial_train1.46	0.2352223768755737	0.13705690921760114	0.509926775399428	0.03176588356985232	0.08602805493754483
ATP2B4_0_multinomial_train1.47	0.23675820686995083	0.14408174293901577	0.45056408750884236	0.053590977923441876	0.11500498475874918
ATP2B4_0_multinomial_train1.48	0.24524619660491573	0.1392147381619943	0.4596252174841453	0.007567408483967501	0.14834643926497718
ATP2B4_1_multinomial_train1.46	0.2196181294402012	0.05148967440034682	0.6773439732766199	0.05154822288283199	2.4891335518242203e-25
ATP2B4_1_multinomial_train1.47	0.27162974171277443	0.02637672658484665	0.5933653766313173	0.1086281550710615	1.695e-321
ATP2B4_1_multinomial_train1.48	0.3823706346511939	0.08108284833952084	0.3702262698623387	0.11690444469934536	0.04941580244760117
PMS1_0_multinomial_train1	0.1685528034483106	0.025725775221258736	0.4533693547925097	0.2467401671567738	0.10561189938114711
MSH6_1_multinomial_train1	0.02039765236887077	0.046282689205045975	0.021962363209793966	0.8113016824705541	0.10005561274573528
MSH6_0_multinomial_train1	0.005019782122000797	7.390402605366886e-109	0.05129856531942407	0.8218971711744847	0.12178448138409029
MSH2_0_multinomial_train1	6.95712024220413e-277	4.793504403453102e-177	0.07555188021992379	0.758551841415249	0.1658962783648272
MSH6_0_multinomial_train1.1	0.020076145734855486	2.2808857303512042e-48	0.012287452045539006	0.827605363992851	0.14003103822675447
MLH1_0_multinomial_train1	0.0017591377602134055	0.006905906854855467	3.033437601193546e-147	0.7768063250206823	0.2145286303642488
MSH6_1_multinomial_train1.1	0.03172738544268244	1.6704849343864173e-32	0.011104050897857407	0.8412587313214079	0.11590983233805209
MLH1_0_multinomial_train1.1	0.01753931962692029	4.503905398136465e-288	2.19e-321	0.7915642176784177	0.19089646269466187
PMS1_0_multinomial_train1.1	0.150779851583477	0.042702670012631845	0.4829444380649761	0.14686592607904883	0.1767071142598662
