Samples	SBS96A	SBS96B	SBS96C	SBS96D	SBS96E	SBS96F	SBS96G	SBS96H	SBS96I
OGG1_boot	5.923787647090473e-42	0.13449552851751703	3.3444747446348544e-185	6.187372103037294e-183	0.865504471482483	3.440110826242836e-204	2.1644489640338356e-94	8.106498728928391e-222	4.514106209846447e-273
OGG1_boot.1	2.9562030133697936e-100	0.11294682731687442	1.135881239548287e-70	2.9365052757532775e-63	0.7421813649359419	4.112632166111463e-83	0.14487180774718375	7.480906126845025e-135	9.488459684099017e-130
OGG1_boot.2	0.025722524274096423	0.03834997036248519	0.13521312974931124	1.98107716298316e-18	0.7845947271459305	2.73958343286256e-35	1.278999028479553e-15	0.016119648468175297	3.420131171791208e-17
OGG1_boot.3	6.650219468766534e-54	0.06018061855944519	2.6357785883863426e-05	3.1390668264998106e-09	0.7410075437313035	0.1987854740792364	2.7050641921658914e-09	6.094208002282153e-32	3.814170567297583e-23
OGG1_boot.4	5.533698411327528e-36	0.0013521073896702153	0.04981651516459911	1.7855248407616463e-11	0.6351243306091642	0.1603380351304855	7.700651087323716e-23	0.1533690115552241	1.3300175591209382e-10
OGG1_boot.5	0.063912729278177	0.11997520036534226	6.728459301372484e-189	2.6937543422878346e-96	0.8161120703564807	4.2759444786874434e-95	2.503764567577246e-27	4.421993046892841e-102	2.615711590869858e-119
OGG1_boot.6	0.08644973115519008	0.08596092336774208	0.061802744881197816	3.2505627149432692e-40	0.7648040292933717	1.3186456413084784e-43	0.0009825713024983317	2.773585695802446e-61	3.8387160579674895e-72
OGG1_boot.7	0.06423074412960544	0.09715108161590214	0.051391540493081124	6.071767652821962e-16	0.7871803234116452	7.29208278942884e-12	4.6310342473398e-05	4.641876547603654e-28	5.150166508825063e-21
OGG1_boot.8	3.863330919889381e-48	0.05604785508617052	0.04400125393078676	1.582681900766928e-21	0.7410568406809057	5.216236338514573e-51	7.259263649062374e-18	0.00023820470609586095	0.15865584559604123
OGG1_boot.9	5.390486615966771e-73	0.009178783847050929	0.10717975969720013	1.9690899422302116e-13	0.6838061258443567	4.8189196954396507e-14	5.2875466385755426e-06	3.287743864076392e-20	0.1998300430645084
OGG1_boot.10	1.8007405037918964e-39	0.04454163304506936	2.149793877826847e-42	1.193502195698048e-24	0.7216642265924955	3.5041529720020276e-48	0.2337941403624352	1.320738859223732e-35	4.38800869482721e-33
OGG1_boot.11	5.935770425424732e-38	2.4109840272150047e-72	0.041040039867415425	0.15215190408642085	0.659297713709815	0.00011959582470849289	0.0033230831873764578	0.144067663324067	1.96910171410229e-13
OGG1_boot.12	0.04935463768004814	0.08534078336972582	0.06660314720077153	9.42487591955658e-18	0.7986998511495466	1.5008493339226342e-07	1.4305149745315045e-06	4.515113802505136e-28	7.097957447741519e-27
OGG1_boot.13	8.9841587652438e-34	0.08626060352783284	0.05461054016658743	1.5337421152633908e-45	0.758131542620296	3.0010144494434355e-59	0.1009973136852837	1.338345959769239e-99	7.952081615042357e-85
OGG1_boot.14	3.795538469961807e-55	0.04759819125883047	2.1458530778276544e-36	9.905244603677649e-12	0.5984441369150637	0.05117492264007493	0.30278274917612563	1.031961327386709e-36	1.3525808221407482e-53
OGG1_boot.15	6.22780318494376e-58	0.038779175818460104	0.05845370108291652	0.14077514041278202	0.6314798459255859	3.97859193241562e-13	6.200094163711967e-12	0.13051213675365736	9.330022867618995e-19
OGG1_boot.16	0.025552859985337795	0.13315114199796577	2.15229260863947e-272	9.557658748529997e-152	0.8412959980166964	4.067352121089493e-201	3.823705364890376e-41	6.054594549672439e-157	2.197342115172389e-192
OGG1_boot.17	3.43192506532218e-61	0.11648328637965122	1.7664388797726355e-06	0.1282346570423704	0.6841603088368604	1.4446814313694173e-21	2.711371478147239e-07	0.0711197101650903	2.5477895117404453e-21
OGG1_boot.18	3.8967042945044065e-116	0.054418876225547655	1.5596891387050669e-89	0.10247740896923982	0.6429308431287233	8.475804335777319e-07	0.005642216958789548	0.19452924135888688	5.657783793780702e-07
OGG1_boot.19	9.309499210161653e-66	0.034202235851132634	8.309920321421695e-20	0.02806016450459207	0.6424081311958763	0.041507730345680234	1.553844963062578e-18	0.2538217381027188	2.4314129413244604e-30
OGG1_boot.20	0.029249231487375547	0.02832156067817936	0.07948569659888653	1.9622061530213747e-07	0.7209587412365672	1.6749629824127288e-13	1.128653372053317e-07	0.0466801513918587	0.09530430952101264
OGG1_boot.21	0.042793114144048364	0.0755055984158336	0.04734690373236094	1.421731592518493e-48	0.834354383707757	2.1171120661385418e-67	2.0173906771228527e-28	3.1795816462073068e-56	6.282102915342047e-77
OGG1_boot.22	0.015086454491831906	0.029439229551340478	0.04876900483143756	3.957659941453577e-06	0.6411896574227578	0.11196804438634685	0.0001918583062823113	0.027224397156362167	0.12612739619369961
OGG1_boot.23	0.04000273763925504	0.08820205171737255	0.03786190912105641	7.03979115871653e-12	0.7622024680355135	0.07020610051108132	6.844576023610097e-11	0.000343874774445969	0.001180858125789642
OGG1_boot.24	0.14426055202751442	0.11073964809963244	2.1199456675824656e-10	6.9706457753348554e-15	0.6839550533402875	0.018120512948696512	5.445525809008128e-12	2.2574754555615375e-06	0.0429219758909664
OGG1_boot.25	1.0840481076757744e-26	0.0775207800063991	0.04293266527842023	1.0321776966928181e-09	0.7116675819851044	0.09157131724807495	3.224297133854405e-09	0.003082341604387754	0.07322530962113881
OGG1_boot.26	2.653145728982914e-28	0.05218673805171045	1.1666805162874896e-17	3.9096844697339576e-20	0.6899404710473636	0.23127022085248192	5.6543952663492104e-30	0.026602318714321223	2.513341228408998e-07
OGG1_boot.27	5.295061532792234e-85	0.06284840512945072	9.503874170839221e-38	0.06189083207661863	0.7007844109340706	6.035158795367472e-13	0.17447635185925647	4.018179162121045e-20	1.3777824470692893e-24
OGG1_boot.28	0.15539000953032936	0.037165999890132424	0.05217403082707843	1.896639439969369e-38	0.7294308915233471	0.025839068229112756	5.689637809975827e-53	6.672219874724763e-32	8.704217378841585e-54
OGG1_boot.29	0.012654629649405297	0.08428130058445896	0.11022166696275544	4.133399452221682e-23	0.7928420936166976	2.5625697320957562e-19	3.091866828857033e-07	1.0222837214634586e-37	2.5461099314707108e-40
OGG1_boot.30	6.912365530868644e-124	0.10921034317966935	0.05767048150974445	1.3375171420309931e-55	0.8331191753105861	1.612405141418136e-61	6.106716960104594e-25	1.7254780733067122e-143	3.362314042323367e-162
OGG1_boot.31	2.6877859758476755e-22	0.06023889315091819	0.013917851241071443	1.4504980964924309e-11	0.7299859589030578	6.782787044148595e-17	0.19110406472979943	4.7663659833427816e-11	0.004753231912984353
OGG1_boot.32	2.492398507874582e-75	0.0512702157478185	1.8396665178774108e-15	0.1293584157085592	0.6474069446776186	0.001267125390166369	0.17069729847583565	5.268549257031251e-30	2.9130527306098727e-40
OGG1_boot.33	7.76349115752104e-57	0.026217639482060635	0.10843526277630613	5.930929127186002e-07	0.7025890552009981	5.020216702656655e-17	0.1627574494477222	1.0658562967083179e-33	1.8284381507976436e-37
OGG1_boot.34	0.005388028960406855	0.02233965544462144	1.6630999002588758e-14	6.782775647908448e-26	0.7188710811967115	0.2534012343975484	5.380702620139569e-25	7.734853690365124e-23	6.951324386900927e-13
OGG1_boot.35	0.0001355873052748914	0.06173907297068389	5.1781813183521115e-14	4.762904660778804e-16	0.7283844790692314	7.550522849504768e-40	6.7537769496374195e-18	0.20974086065475744	4.731662621165484e-17
OGG1_boot.36	0.10625824424797331	0.02402793137174284	0.08509457750173094	3.1470597360075317e-10	0.7682245695560983	0.016383577040059816	1.1099957076867897e-05	1.0611592645060198e-11	4.294386068098443e-16
OGG1_boot.37	4.36018743256661e-84	0.0887708537092835	0.01423966571826467	0.17431706587142304	0.7141652682431265	2.353148846705084e-07	0.008506911143015675	6.344301686942768e-26	1.9325112999502344e-15
OGG1_boot.38	1.9883405907479246e-33	0.06189306085127356	0.07818686928209732	6.47883237471099e-16	0.8235473745846771	1.6502489382346877e-24	0.036372695281951334	1.5245111491954049e-46	3.191346823520471e-51
OGG1_boot.39	1.6183712720039162e-163	0.07193737916880581	9.246789982652094e-90	0.21896918968456341	0.6412330590290065	2.011072455613969e-06	1.3768503909997404e-21	0.06785836104516865	2.468957855795767e-32
OGG1_boot.40	7.549547032211588e-96	0.10949242924129468	0.014105953198224113	3.7894481083356486e-22	0.7377530016778789	4.820645881698105e-09	0.13864861106195656	2.2639143815188588e-84	1.920395983730174e-73
OGG1_boot.41	0.04489815053877418	0.11618862328129105	0.058724508246250154	5.34038498800601e-14	0.7796462886637046	1.057302248730538e-13	0.0005424292698208407	4.49087805518616e-21	8.563215444413627e-17
OGG1_boot.42	3.5465452737612755e-15	0.027522189491027537	2.2015314590336035e-13	4.620341083914518e-11	0.7086539297711866	0.12704026077354877	0.07134363160105195	2.2341842200869126e-19	0.06543998831675804
OGG1_boot.43	4.053909743085655e-57	0.007336963052251264	0.08394000135981461	0.0079437978615443	0.7325983995576101	2.942015930468946e-16	1.9935124114652717e-05	0.168160903044507	1.5773452718366502e-13
OGG1_boot.44	1.4387717303974845e-70	0.043984655076396845	7.156051064541229e-22	0.05006631758362017	0.7003961976682102	7.619495477061563e-13	0.13366441410893656	6.330056718922153e-08	0.0718883522615073
OGG1_boot.45	1.2558774969669159e-61	0.0871107436484593	3.5421884309334984e-08	4.0249351299177184e-20	0.7215737730109215	1.9728908406634286e-32	0.19131544791873487	5.652036797484226e-47	2.1027736719215265e-45
OGG1_boot.46	0.05854562960569821	0.010935244708010723	0.09284433034613247	3.010789471842069e-13	0.6909821455227949	0.14669262804805866	2.176900402388315e-08	2.4550572108152214e-19	6.742943157473222e-30
OGG1_boot.47	0.04755435561891504	2.6137863527668033e-235	0.10388404961601673	0.005676815097577679	0.6967674169567004	0.0194489919286123	0.10961856541850763	0.01704980536367018	2.786168351564622e-18
OGG1_boot.48	0.11921528013485432	0.017491859026313027	0.131233301789693	3.7488844848464756e-28	0.7320595590481922	3.706830923888605e-14	9.103023871607409e-13	2.9624547905792916e-40	2.0913286506561495e-64
OGG1_boot.49	0.09606553272705451	5.395e-321	0.05077941238988919	0.10594921411229455	0.6618276221220691	0.011865456360022161	1.2113726917817406e-12	0.07351276228745912	2.315228317608933e-28
OGG1_boot.50	0.12728102521913964	0.05086779482077615	0.014813035845634879	5.989508645908737e-35	0.8070381441143539	4.520079711417373e-22	9.538182352853649e-14	1.0200530504576051e-57	2.26611587243144e-79
OGG1_boot.51	0.16231319292103422	4.333e-321	0.06269475362507178	4.977755306918921e-21	0.7749920534538939	4.5932634129143726e-42	3.1422747180609595e-28	2.253514790552088e-21	1.6261606969934108e-55
OGG1_boot.52	0.08090308100798528	0.052212942000197694	0.037842766083202146	1.265758053631592e-45	0.829041210908615	6.09344066556001e-29	1.5788786373263956e-28	1.17990476161919e-74	6.501440524534832e-111
OGG1_boot.53	0.0939385657406857	2.6167749220299082e-219	0.08367403446189449	0.12869246398036885	0.6641902495316124	0.0058332440864609795	2.128990173718132e-09	0.02367144006998741	3.825810180298281e-38
OGG1_boot.54	1.7687552700091528e-64	0.030138263990825868	1.4092878451468304e-11	0.08043528730312445	0.6610328423476346	4.1419064509729254e-19	0.22839360634428912	3.3068017817145325e-14	7.065932009820854e-33
OGG1_boot.55	0.12715428570089007	0.009711758867504762	0.13934692828099293	1.536172634592789e-27	0.7237870271213488	2.926339679498901e-11	1.0334969575723268e-16	1.6322999217616145e-51	7.999084782429846e-91
OGG1_boot.56	0.10638292207139428	0.002367841131316644	0.1495114487533074	2.7465477611729924e-24	0.7417353492408902	1.5164471560137712e-06	9.223559355156233e-07	4.658192986882946e-45	1.4782312452389085e-73
OGG1_boot.57	0.09475103518264429	0.005368384142857886	0.08373310270304903	1.9669068303946534e-07	0.7510350246706478	0.04279264157003039	0.022311373858515345	8.241181572296574e-06	1.9360269413445687e-17
OGG1_boot.58	0.12461741691801563	4.555e-321	0.04251985317800866	0.0007989122315509077	0.767916131821577	1.4010125027109478e-28	4.011405142082665e-08	0.06414764573679635	2.9917532675964656e-45
OGG1_boot.59	7.872511842894988e-06	3.92e-321	1.238338744312891e-08	0.07662468677104853	0.6793813263447286	6.416394227965473e-24	9.324056488019378e-17	0.24398610198899257	3.429402781549724e-29
OGG1_boot.60	0.0198419810623384	5.03e-321	6.273186560904482e-14	0.009008395701998455	0.6576605388042421	0.11391263140458473	1.0592609126112755e-13	0.19957645302666766	8.283513332402902e-47
OGG1_boot.61	0.14771537713418234	9.868550504430183e-68	0.0008322178853944545	0.0001620681867771478	0.7173383311436702	0.11083609936863728	8.018401312257663e-08	0.023115826097311165	1.4310906292749133e-14
OGG1_boot.62	0.11374500160970734	5.484e-321	0.09742341700432812	0.1116089859908263	0.6767745840240678	0.0004480112062153929	6.147990156478997e-12	1.5870693940018684e-10	1.0369472296759721e-47
OGG1_boot.63	0.07927012260653592	0.07129285800691793	1.1795713037694926e-25	5.635788237747443e-32	0.7475813174838599	2.7557180007649864e-34	0.10185570190268636	1.9631329466042944e-50	6.792488024371713e-81
OGG1_boot.64	0.1776463796376957	0.02967437726055454	0.007407299168942034	1.0404136009423211e-10	0.7624309222235738	0.02284101206034549	1.5591285171131771e-10	9.388934274096533e-09	2.059360044273123e-31
OGG1_boot.65	0.09671042847296296	4.07e-321	0.12447018864380285	1.1074743343778986e-09	0.6830785950458005	0.07098441870578895	1.1879339744045244e-35	0.024756368024170246	2.4571599444581478e-30
OGG1_boot.66	0.10526463871314688	8.004e-321	0.1179561690688493	2.314067014050447e-21	0.7767781174469982	1.0747710055821783e-06	1.6242016230285863e-27	1.964108338879768e-29	2.5962695742410473e-70
OGG1_boot.67	0.1495065533052241	0.024851616134780985	0.046944796256283984	7.239906054526073e-50	0.778697034303711	1.0722756595304895e-47	4.325184988897118e-34	5.217139149913237e-60	4.593493231376984e-101
OGG1_boot.68	0.18189687093276888	0.024722936746277655	0.068624938865266	2.124149688187598e-58	0.7247552534556875	5.246588439348367e-45	5.630132878239948e-45	6.08020352163429e-76	1.1556122205195104e-111
OGG1_boot.69	2.4437681706561427e-33	0.01613084290727297	9.64110202143109e-16	2.838440918826556e-38	0.684532314581617	3.445294856962384e-44	0.2993368425111092	1.0212836446665756e-91	4.945672072448152e-126
OGG1_boot.70	1.8185196475284408e-21	0.057113695495561535	9.372632281030731e-09	4.1355655889182173e-38	0.7161694440603561	4.293626629975984e-37	0.22671685107145007	2.333239508643981e-92	4.1706519286472405e-111
OGG1_boot.71	0.05124058718018328	7.43e-321	0.10815993079752227	1.3278536634172408e-09	0.72069508396493	2.5035002849036815e-33	0.11990439672951075	1.0185231361704766e-20	1.3043447445099703e-37
OGG1_boot.72	0.08442524133001676	1.58868188934989e-277	0.006608022943879802	5.084358707949189e-11	0.6643456215379449	1.0718037598385086e-08	0.2446211034192774	9.26875328711422e-27	8.276184555410629e-60
OGG1_boot.73	0.08196583013467391	0.04694926195047076	0.012016661502097806	1.2055848722026713e-23	0.733349118581816	2.4228596037469143e-12	0.1257191278285186	2.4810210633203648e-55	1.370538048267489e-87
OGG1_boot.74	0.14831279081187118	4.176370343933953e-117	0.08288448917554594	5.985597672074399e-24	0.7173819023952877	0.05142081761729521	1.046288663034704e-29	5.7498851596101165e-22	4.348795845907269e-72
OGG1_boot.75	1.3649511389584526e-37	0.03279038030787542	0.030909233130704126	2.6710422605004407e-21	0.7005542116778745	4.251579865852475e-13	0.23574617488312072	6.269613094906556e-67	2.0901494854413584e-71
OGG1_boot.76	0.008951455937366688	0.01595780782805073	0.04470988044195668	7.088199613465225e-28	0.7543804672481844	1.6500241947733044e-52	0.1760003885444414	5.16812485360957e-43	4.966169450061107e-48
OGG1_boot.77	0.047672278309481064	4.170977611113931e-145	2.052728651827461e-31	0.000616644556081383	0.6484247150459109	0.07674073845571885	0.226290698998003	0.0002549246348046841	6.619792092701957e-25
OGG1_boot.78	0.04879825716089073	0.01571594328804874	3.190836398898687e-09	1.15512403317499e-07	0.7433329205391892	0.06258910915217912	0.1295636511564525	4.028679447309467e-25	2.3802867049434914e-56
OGG1_boot.79	0.17719846346952395	7.57847230660766e-195	0.08477728992900449	3.9259911248541296e-38	0.7380242466014715	2.662555858385497e-22	1.5190712775634444e-46	1.9688562604015978e-30	3.025586230484849e-79
OGG1_boot.80	0.09708551270420789	0.014470008723273862	0.11390435181192936	3.543238825730566e-17	0.7453232421986531	2.8889569608749386e-27	3.0632396703123315e-19	0.029216884561928988	6.6652814972047635e-15
OGG1_boot.81	0.08449983106026056	4.926e-321	0.10366247633549384	0.04120448834113527	0.754246953614331	1.2604158353568056e-17	1.103462635390641e-07	0.01638614030251579	2.817387366250077e-26
OGG1_boot.82	0.09743257167156054	6.457e-321	0.06294515953475627	0.07639618661806473	0.7171839505179493	2.837201275141115e-08	0.000621377113516881	0.04542072617159745	5.421879515834055e-13
OGG1_boot.83	0.1455746016974144	5.846504417023002e-133	0.09354972988988035	9.518094502201244e-10	0.7525573935064702	0.008318273943409511	1.1015980680938617e-11	6.020590024930023e-17	2.0257223906502785e-44
OGG1_boot.84	1.1998171424291962e-51	0.03080306369017813	8.513814140538044e-46	7.93705993785e-13	0.6617961736585367	7.042055018559244e-21	0.30740076265049154	3.241302324318687e-21	1.5432575545581022e-43
OGG1_boot.85	1.4450856340281512e-54	0.030470749043171697	0.04513680377657571	4.954021065727989e-13	0.6993240418694333	3.20650946706482e-11	0.22506840527825858	1.1619692688848767e-46	4.244374161992488e-59
OGG1_boot.86	0.014767169439884115	1.4342101954150125e-73	0.1052527518258336	0.004075505969428511	0.7075221511128855	6.465542613367281e-08	0.03960276062745301	0.12877959636908903	3.741609919552817e-19
OGG1_boot.87	0.10208804999391073	0.013924394386679813	5.443048590138985e-07	9.493491624402934e-19	0.7153432687767586	0.11691728059529653	0.05172646194249534	8.421575095571811e-40	8.733840421884357e-55
OGG1_boot.88	0.11455947741322464	2.8863334550869783e-170	0.0820370862026093	4.754543847127542e-09	0.701912431242377	1.1851566303930938e-12	0.1014910003860581	1.896049636952842e-15	3.312213153806714e-35
OGG1_boot.89	0.11857930395528113	3.206e-321	8.705606481979394e-21	1.1972130227139113e-15	0.7197275762676654	0.1364525902508242	4.268216325910545e-47	0.02524052952622821	7.5976448980704e-34
OGG1_boot.90	7.466721650009229e-151	2.42e-321	2.068730471293681e-180	0.24349295655000974	0.5679125644903051	0.15423229273125044	2.0112632542590256e-40	0.0343621862284348	6.498614476647199e-45
OGG1_boot.91	0.03544486749807902	0.0031072622627266243	9.553404805701759e-60	6.616842098866328e-27	0.7493722412004129	0.21207562889527729	1.435042316901748e-10	1.0015043500465798e-56	1.4736710593385075e-69
OGG1_boot.92	0.0324643757796995	3.78e-321	3.727198668008617e-96	4.1842591927289236e-10	0.7002244857568427	0.2673111379820417	5.897392233593217e-11	4.016170752462693e-12	5.642382708710401e-21
OGG1_boot.93	7.234261617069268e-35	1.77e-321	2.0900267337265287e-138	3.530888598116345e-05	0.6265129505731475	0.3554188008934071	2.5677512537517914e-28	0.01803293964746441	8.129543411358057e-42
OGG1_boot.94	9.11221925996967e-165	2.297e-321	1.0208042323762744e-200	0.3433583236002759	0.49974220252704216	3.385636730191437e-21	2.0740322660592973e-31	0.15689947387268208	8.068222654854263e-47
OGG1_boot.95	1.0354096084883864e-05	2.065e-321	4.643087392041921e-148	0.1264618788824698	0.6229787254691047	0.2505490390519965	2.6052074794403754e-11	2.4742920452681046e-09	2.1914543151261293e-54
OGG1_boot.96	2.21651506929099e-258	1.013e-321	7.962423689507589e-246	0.3532834831759564	0.4685182738162529	0.1192804045018805	7.83284866815303e-84	0.05891783850591012	3.597071632504544e-77
OGG1_boot.97	0.020085914432158916	2.2927154346917912e-07	5.788480353881208e-76	6.769262523032573e-30	0.6925299696361623	0.28738020329242053	3.683367714862134e-06	2.9984845743454656e-52	1.4055043524295743e-50
OGG1_boot.98	1.6379219124497087e-131	1.79e-321	2.625246724182319e-179	0.048497370544060295	0.6254518137002915	0.272170366812795	0.05388044894285339	1.827981214487725e-42	4.848803434225709e-66
OGG1_boot.99	2.0448637445258487e-148	1.23e-321	1.3684714541198796e-213	0.44008966673633976	0.48360324390226084	6.96340463855119e-33	2.0410104288970576e-34	0.07630708936139925	1.7666382354228826e-54
OGG1_boot.100	0.039831486736224754	1.0176308797000799e-196	5.543901447846291e-78	2.160256135715329e-16	0.6921148505539019	0.268053656643253	1.1543460732812751e-11	6.0550766460665055e-09	6.484009552966874e-21
OGG1_boot.101	0.048593381413627304	0.028563826860756012	4.333576604654697e-123	2.4735420348808003e-50	0.7211052269329885	0.20173756475251112	4.0117056806988216e-11	2.629405569905567e-86	5.78083632136557e-107
OGG1_boot.102	2.090909033351622e-76	1.95e-321	3.3000227879425366e-166	3.279009989385619e-27	0.6382550747431117	0.36174492525688834	3.0381777809962564e-29	1.927168230332963e-99	2.8810039791941546e-164
OGG1_boot.103	1.2763999062464326e-10	4.72e-321	5.225043352992725e-98	2.71351159038928e-35	0.6361262363469596	0.36387376352540035	2.6985799368172905e-29	3.4231393314290027e-54	1.6903313941923914e-75
OGG1_boot.104	0.028797419536786235	9.58e-321	0.011227807175896975	0.04756141038632889	0.7747382011024735	0.13767516139904773	3.994665917568779e-10	2.6464257030231535e-17	1.1176174859225931e-34
OGG1_boot.105	1.165655203761585e-59	2.45e-321	5.23097282815466e-149	0.24039687434267215	0.5207004334981044	0.18369770837066737	4.1635135571882975e-11	0.05520498374692086	1.5213993052129096e-25
OGG1_boot.106	2.1918915322651564e-87	1.63e-321	1.9618751124314504e-198	0.1367789395616902	0.5415158001678797	0.3108384711653434	1.069934538666187e-07	0.010866682111632841	3.705800452214266e-27
OGG1_boot.107	1.2839848831914041e-102	2.124e-321	6.344476891787086e-112	0.22416072195536843	0.6147888524014324	0.1610504256431993	4.546297143546063e-23	3.187884719542371e-32	3.584314104369625e-77
OGG1_boot.108	0.0001072995768638286	1.34e-321	2.5451417013577413e-189	0.017863889551142677	0.6554304877623898	0.32659753482343923	3.373683261700732e-15	7.882861609717682e-07	2.2184431254765894e-48
OGG1_boot.109	1.60890309459526e-86	5.94e-321	1.6470741238226652e-56	0.11390445416989861	0.6231882196276208	0.11839907786870457	0.14450824833377604	5.226861988285258e-33	3.918553346315004e-44
OGG1_boot.110	7.498910759898883e-51	1.196e-321	5.401543476722958e-237	0.03735424332640267	0.6124546945030689	0.34977322853485787	0.00041783363567046483	1.7966645969304475e-16	5.824679761764008e-45
OGG1_boot.111	9.357082226637375e-21	0.02662829715664178	1.3072120875360118e-127	1.3119719700491306e-15	0.5868753252107326	0.3766074562719562	2.387028333933481e-10	0.009888921121965278	1.1423192464654383e-18
OGG1_boot.112	0.006610573601624626	1.97e-321	1.091061115921628e-82	1.1396454905475122e-07	0.6308916603952848	0.36249765203854173	3.684457836803741e-25	3.359803020263341e-36	4.072136201495248e-80
OGG1_boot.113	1.525141286134374e-08	2.46e-321	6.68383497577782e-153	1.2238241171030089e-05	0.6510033229938036	0.33220458069908176	1.403235821045271e-07	0.016779702490948616	5.406713670615765e-18
OGG1_boot.114	3.489839984195136e-26	4.2904480214830663e-182	7.209438670213006e-83	4.458625666010103e-15	0.6892657067611176	0.257001335465042	5.590769130362172e-22	0.053732957773834154	1.832148810171291e-15
OGG1_boot.115	2.1757092656142874e-45	1.4e-321	4.805991704693654e-140	0.11799199032779961	0.6371896654336873	0.17904258000943832	3.555300413731344e-35	0.06577576422907472	4.536859902570085e-45
OGG1_boot.116	6.963168549232615e-128	5.34e-322	5.975958968931758e-263	0.18116121506077001	0.4840479944734387	0.18124398590150984	1.4015294122872429e-67	0.15354680456428146	4.378973983403109e-100
OGG1_boot.117	6.891069721359808e-130	3.083e-321	2.5837465882458182e-129	1.5507641547358864e-32	0.6561924243930378	0.34380757560696207	3.0136039869440467e-45	2.84312434695532e-85	1.5416263735920766e-121
OGG1_boot.118	3.5082972966814416e-26	1.39e-321	1.0866348405367714e-142	0.009208161810531544	0.6720159660041776	0.31877031436448916	5.557820801903545e-06	7.28818800879216e-24	1.4259486394318124e-58
OGG1_boot.119	3.1761057101380207e-44	6.773724954130366e-226	1.79230937220762e-74	1.5037384862117443e-27	0.679005115913978	0.320994884086022	3.04712034004071e-26	2.1707646638720307e-48	4.958182508110341e-67
OGG1_boot.120	1.178320062694277e-37	3.58e-321	1.9038537201273558e-60	2.3049778186205634e-17	0.6700896670531609	0.318906179458294	0.011004153488545046	1.9032743910165233e-67	8.717048132352313e-87
OGG1_boot.121	3.4099067969448483e-128	0.0026451776481553704	1.549400577747247e-118	0.04092547724373937	0.6213900416054632	0.2686162970005916	1.4571502263962763e-16	0.06642300650203473	1.5524804539625003e-14
OGG1_boot.122	5.774881398462781e-37	2.327e-321	4.12246212849546e-140	0.07650745898150756	0.6435444673990193	0.15105966719232164	0.12888840642647942	6.720252012930661e-13	3.5597764969586614e-41
OGG1_boot.123	2.9443212917309086e-37	0.05529987787751555	8.690446753401637e-39	1.740401415747402e-43	0.7806059902353651	0.14513212232383185	0.018962009563287318	2.0823539980559735e-118	2.520830525964079e-122
OGG1_boot.124	5.805116062581476e-186	7.757725974215177e-183	2.0110981309024268e-203	0.20196154043435613	0.5754277607285634	0.2190880357021412	0.003522663134939163	7.718640563094727e-22	3.855229785295008e-40
OGG1_boot.125	3.2392591053076414e-05	3.167e-321	1.5395752079214429e-148	6.641274392306165e-30	0.6077909471460057	0.3921766602629412	6.446478919956105e-33	3.2227338331930823e-25	1.540171240943777e-62
OGG1_boot.126	4.339476389433998e-68	2.57e-321	2.9096204169893463e-147	0.04119750496228437	0.6470901270335527	0.2498456237866898	5.044103325099531e-11	0.06186630238044668	4.4178658552441725e-07
OGG1_boot.127	0.004649986699661845	0.0024485198809225425	1.4460607144008021e-84	2.351763876714087e-34	0.6628912898547399	0.3300102035646759	5.063433134305662e-32	5.696037968779436e-38	1.1595472262062975e-58
OGG1_boot.128	1.4393904979360678e-83	1.126e-321	4.4343090404045844e-237	0.1335550193490969	0.5602132175554095	0.16326571331854917	6.822064307778262e-12	0.14296604977012223	3.1234394524376578e-81
OGG1_boot.129	1.1029121281975533e-223	9.93e-322	3.0038590103979135e-211	0.15465563768901547	0.5127941730593515	0.3325501892516331	3.974528998271697e-40	6.131237757191334e-32	6.304742254425018e-71
OGG1_boot.130	8.155420652016337e-53	3.34e-321	8.849911020453152e-136	6.086933415624366e-11	0.6585635634167804	0.34142815950305166	8.277019298619018e-06	1.9287144019371624e-41	7.422065925629095e-64
OGG1_boot.131	1.8784841383542568e-160	1.215e-321	6.775270794859744e-199	0.332915280737067	0.49849004603940006	1.1838851214368025e-10	3.666120056700716e-43	0.16859467310514445	2.5218711342790427e-46
OGG1_boot.132	3.9644563000667785e-214	5.53e-322	4.749183389468631e-258	0.3310506467213356	0.4946512905418359	0.17429806273682866	5.60099719046953e-67	4.154807200201189e-55	3.222674395111132e-153
OGG1_boot.133	2.0868243634413112e-38	1.38e-321	3.76189268073298e-177	0.2450819341975546	0.5964200796657134	0.10472366247421167	0.00040485363015175786	0.05336947003236844	3.269039179854138e-40
OGG1_boot.134	0.01226860885523094	1.887e-321	1.6871484620218201e-152	0.03775646779228568	0.6405551953261837	0.2517819921979984	1.0572419217687593e-17	0.05763773582830146	9.14861499102961e-34
OGG1_boot.135	5.2876498760032874e-05	3.216e-321	6.365890706702396e-41	0.019944835206771337	0.7078357104367059	0.27216657784349335	1.4269435408397919e-11	6.643252568145687e-28	1.6734373675309976e-33
OGG1_boot.136	1.650839695099564e-50	2.68e-321	1.354660818502698e-129	2.0827064904322836e-11	0.679728879291489	0.320271120687684	1.41113600416564e-17	1.4447503951412548e-23	4.041279598631798e-61
OGG1_boot.137	5.718600278987652e-176	2.38e-321	1.0432845439919491e-165	0.0011898105666126463	0.660185510657822	1.7400169500012066e-13	0.3386246787753911	7.051651851651771e-65	7.43376911906617e-105
OGG1_boot.138	8.797471603135563e-49	4.526e-321	1.8705438559521897e-96	7.654031893565063e-08	0.6807798034376067	0.21805217958803208	0.10116794043404237	4.416269526208373e-21	8.895352616137429e-38
OGG1_real	3.3837704293808875e-11	0.07127746026683922	0.03971989713687502	0.00045148460390599215	0.7267112699709377	0.019146611520979545	0.14267832345323056	1.4779282199876242e-05	1.7373119437799017e-07
OGG1_real.1	0.11473388415363678	1.0091039623120355e-30	0.11351852940355575	1.137583915635401e-06	0.7390155017048418	0.005350356024607957	0.02738059110572837	2.371375671050159e-11	1.3400199884440737e-29
OGG1_real.2	1.852326182095463e-26	2.594e-321	8.536400834710253e-133	0.014467439409801016	0.6449259261062674	0.34060414629453206	2.4875384683452207e-06	6.509311637355307e-10	8.002621425360423e-35
UNG_boot	2.217673e-318	6.57e-322	0.8814682924536428	0.11742547456913494	6.13e-322	0.001106232977222297	3.7594823476292647e-287	1.4908868840922025e-129	1.8415226726746235e-188
UNG_boot.1	5.0067504484338186e-192	1.003e-321	0.7766470805365291	3.2634041394012816e-86	0.0073942549458329955	0.21595866451763787	7.821275626107034e-239	2.5428866019626793e-216	4.71278443663855e-309
UNG_boot.2	9.4e-322	4.15e-322	0.4941589698411084	0.022307854816295127	7.663513569194783e-120	0.4835331753425964	1.4657286472420207e-223	1.156e-321	1.013e-321
UNG_boot.3	2.9254e-320	5.24e-322	0.5913360757276797	0.13803506015576233	3.7890787481200365e-273	0.2706288641165581	8.204949873513737e-249	6.9346456275081e-302	1.44e-321
UNG_boot.4	1.714e-321	6.7e-322	0.6113210787006408	3.893341981505081e-58	3.2e-322	0.3886789212993592	1.15e-321	1.9728136440306355e-212	8.153195840269077e-182
UNG_boot.5	3.84678523629937e-192	7.4e-322	0.6325624293586537	0.16531167200173486	4.843115321934575e-219	0.20212589863961136	1.7594513889505774e-188	5.8792323162191825e-80	5.908847926615402e-127
UNG_boot.6	2.093421749940361e-292	2.4e-322	0.5740388845277696	0.19713244159145796	2.9e-322	0.2288286738807725	9.54e-322	2.9599140458809526e-190	1.638609248237675e-246
UNG_boot.7	8.7e-322	4.1e-322	0.8583507062703586	1.3921103989932281e-93	2.7e-322	0.14164929372964147	6.77e-322	1.225e-321	1.003e-321
UNG_boot.8	1.91e-321	1.487e-321	0.8602904776050615	8.852807368566346e-105	0.05512067717198588	0.08458884522295278	1.8838600873073846e-170	1.334e-321	1.304e-321
UNG_boot.9	1.107e-321	8.8e-322	0.5474085446921542	0.20799030401799506	0.00018717559065354299	0.2444139756991972	1.044423632234067e-179	1.7691450893211294e-225	1.29e-321
UNG_boot.10	1.206e-321	4.4e-322	0.8970946158787868	0.007237847991963722	0.09566753612924947	7.520662773957305e-87	1.1244718994109554e-168	1.255e-321	1.11e-321
UNG_boot.11	1.374e-321	6.4e-322	0.559061311577812	6.401348064625815e-09	0.014087237559438259	0.42685144446140155	1.8818672074508116e-166	7.071971526093468e-292	1.215e-321
UNG_boot.12	1.43e-321	4.3e-322	0.819757165563367	0.18024283443663305	7.8e-322	2.1828745609013557e-72	3.701811750454523e-237	1.3643776022368105e-193	3.0952349825139945e-250
UNG_boot.13	6.508962226807e-312	1.14e-321	0.6661449779510441	1.760693899420427e-95	4.25e-322	0.3338550220489559	1.21e-321	8.68999147357621e-242	5.332954565986872e-276
UNG_boot.14	6.4e-322	2.03e-322	0.8734218680708197	4.104777973363665e-18	1.8e-322	0.12657813192918033	5.34e-322	1.206e-321	1.15e-321
UNG_boot.15	1.225e-321	4.55e-322	0.9361203660494469	1.1755360045286654e-137	4.25e-322	0.06387963395055322	7.76e-322	1.215e-321	1.126e-321
UNG_boot.16	1.042e-321	4.45e-322	0.7384080300026018	0.13432159229071547	7.07e-322	0.12727037770668262	4.867e-321	2.655126247356249e-273	1.45e-321
UNG_boot.17	2.154e-321	7.7e-322	0.6483680949942048	0.09009307212727766	1.2268184625513052e-233	0.2615388328785174	3.246153550864767e-195	8.010343073909223e-175	7.6738845880491345e-252
UNG_boot.18	1.784e-321	5.4e-322	0.6497420492403669	2.6368597128358792e-40	0.01508853113330491	0.3351694196263281	8.121796896028037e-206	1.05e-321	7.86e-322
UNG_boot.19	1.11e-321	1.34e-321	0.7208829187668652	4.1016587664549354e-117	4.4e-322	0.27911708123313483	9.5e-322	1.875321719352522e-265	1.543e-320
UNG_boot.20	4.86247462676826e-275	5.14e-322	0.6085505928572608	0.22846552790751257	0.014064340578092343	0.14891953865713428	2.066719535969509e-173	2.2921739442506745e-252	1.324e-321
UNG_boot.21	1.59e-321	4.25e-322	0.5563445280979427	1.2565433059628145e-27	2.9e-322	0.4436554719020574	8.25e-322	1.808418874283616e-216	1.241437865e-313
UNG_boot.22	1.774e-321	4.15e-322	0.8841360628066695	6.389096165087888e-10	7.5e-322	0.11586393655442088	1.393e-321	1.566e-321	1.196e-321
UNG_boot.23	9.6e-322	6.6e-322	0.7256801757645507	0.2743198242354493	1.520339729529331e-259	1.6296476697155948e-31	3.3990812266198385e-247	1.2168741796319528e-295	1.344e-321
UNG_boot.24	1.117e-321	2.17e-322	0.9177832994079663	0.08221670059203366	3.7e-322	1.3662437763216977e-48	9.8e-322	1.1e-321	1.033e-321
UNG_boot.25	1.477e-321	5.14e-322	0.7036235794758497	0.2630254983845004	0.033350922139649825	4.832131868950294e-43	1.2867606553415134e-185	5.405404387662646e-299	1.324e-321
UNG_boot.26	9.34950897474739e-274	4.84e-322	0.45444085466922557	0.12608458252960114	7.07e-322	0.41947456280117323	5.067520854948622e-222	1.6402699780755892e-185	2.4904798620622152e-244
UNG_boot.27	5.244533959533034e-138	5.14e-322	0.756532868889425	4.548489745172249e-14	5.2e-322	0.24346713111052945	8.554264654237359e-277	6.369805585469612e-198	1.558535305215792e-263
UNG_boot.28	1.947e-321	5.24e-322	0.3633310562964028	7.068737495490974e-32	0.030028828408513668	0.6066401152950837	4.728612941290645e-211	7.77908612915e-312	1.35e-321
UNG_boot.29	1.86e-321	4.45e-322	0.8371457873702066	6.359594695653755e-41	6.7e-322	0.1628542126297933	1.3e-321	4.234e-321	1.423e-321
UNG_boot.30	1.49e-321	6.77e-322	0.7310429645806188	0.04423053089222176	0.01963295709104844	0.2050935474361112	2.1735249580896915e-177	1.0367645108255103e-304	1.33e-321
UNG_boot.31	1.314e-321	4.35e-322	0.7651185885414941	4.582693471448835e-16	3.5e-322	0.23488141145850555	9.5e-322	3.2405706788330913e-298	1.354e-321
UNG_boot.32	1.17e-321	4.5e-322	0.4067293844006217	0.02779620648447162	4.05e-322	0.5654744091149069	1.01e-321	6.44610666226307e-206	2.8600274092785593e-285
UNG_boot.33	2.6149172432649e-310	7.1e-322	0.6186931647961422	4.3026839866454473e-35	2.57e-322	0.3813068352038577	1.22e-321	9.29363448051036e-154	4.133758873638804e-188
UNG_boot.34	1.487e-321	4.74e-322	0.7799827299157944	0.19786520952466155	0.02215201345415273	4.71053912756271e-08	4.248850696673909e-211	2.13020753107e-313	1.16e-321
UNG_boot.35	1.196e-321	4e-322	0.8035397212345101	0.07717384691871436	3.9e-322	0.1192864318467756	1.097e-321	9.005019672386086e-233	7.88791737e-316
UNG_boot.36	1.27e-321	4.94e-322	0.7072574218919494	0.2927425781080506	2.3076908034649835e-274	9.159770308602473e-47	8.664769573731155e-265	1.16e-321	9.9e-322
UNG_boot.37	2.006e-321	1.38e-321	0.57311195415917	2.6256054650905653e-44	0.046152687907103446	0.3807353579337264	1.88297082647439e-133	2.490813927582223e-237	1.57e-321
UNG_boot.38	9.6e-322	4.2e-322	0.7832012410448237	0.2167987589551763	2.87e-322	9.496709002970069e-20	8e-322	1.3653905193951895e-260	3.7216519144e-314
UNG_boot.39	9.7e-322	4.2e-322	0.588977650344371	0.04108669508724915	6.4e-322	0.36993565456837985	1.033e-321	1.06e-321	8.94e-322
UNG_boot.40	2.15207278505381e-268	7.66e-322	0.8386580612629669	2.831111417185194e-48	0.07807538142005034	0.08326655731698278	5.147885100672462e-185	1.47e-321	1.11e-321
UNG_boot.41	8.1e-322	3.9e-322	0.8921190172351465	0.05391248328880607	3.1361964701116707e-283	0.05396849947604745	1.136e-321	8.732828610183127e-267	1.245e-321
UNG_boot.42	1.907e-321	4.94e-322	0.6397683211690646	1.2065059703573464e-48	2.7e-322	0.36023167883093543	1.003e-321	1.5776570982658407e-281	1.467e-321
UNG_boot.43	1.843e-321	5.1e-322	0.6406878160533097	2.0480565961710868e-35	0.037089903546973994	0.3222222803997163	7.493453870120274e-188	1.11e-321	9e-322
UNG_boot.44	1.625e-321	7.1e-322	0.5264047980901109	0.141882005439362	2.786769968792851e-69	0.33171319647052716	1.6370497187465825e-139	9.058859246727321e-276	1.42e-321
UNG_boot.45	1.39e-321	6.8e-322	0.902547192820924	0.09741114093020327	1.7328918991444217e-100	4.166624887276134e-05	2.468477319360727e-128	1.304e-321	1.25e-321
UNG_boot.46	1.03e-321	4.25e-322	0.8434323906419094	0.11615956365555578	0.015736552715442324	0.024671492987092557	1.4647977486389114e-212	1.01e-321	8e-322
UNG_boot.47	9.83e-322	4.45e-322	0.7482677005975913	0.2517322994024089	4.25e-322	1.0692544754206602e-25	1.047e-321	1.36e-321	1.07e-321
UNG_boot.48	2.540401561772876e-286	7.1e-322	0.779914651906079	0.11662478122396544	5.465069767052761e-06	0.10345510180018844	3.270757412867253e-186	4.723026419600508e-242	1.59e-321
UNG_boot.49	1.42e-321	4.8e-322	0.3460856459945666	0.04757047572049131	4.74e-322	0.6063438782849421	4.210304838990366e-274	8.737587005024846e-229	1.56e-321
UNG_boot.50	2.9608747268545894e-275	6.77e-322	0.9306301870431039	2.5280696763411078e-23	7.015270745541075e-131	0.06936981295689627	8.14418062373876e-192	8.06796086795795e-276	1.69e-321
UNG_boot.51	1.625e-321	8.65e-322	0.9813431790649497	6.854593014845495e-44	0.01865682093505014	1.3185265581476317e-129	4.480094185982999e-176	1.094991243e-315	1.433e-321
UNG_boot.52	1.215e-321	4.5e-322	0.970109965501308	0.029890034498691948	5.3e-322	2.0932263772868452e-190	1.235e-321	2.095420721185488e-276	1.87e-321
UNG_boot.53	1.03e-321	6.13e-322	0.933391568368515	0.029499820119801526	0.037108611511683286	2.489870500198604e-88	3.02724304182931e-136	1.443e-321	1.44e-321
UNG_boot.54	1.383e-321	4.2e-322	0.9943390774142012	0.005660922585798872	1.8861140102616236e-171	9.027476049227238e-216	1.8232160433315303e-165	1.65e-321	1.423e-321
UNG_boot.55	1.527e-321	8.9e-322	0.8576614589018157	0.14233854109818433	1.1391043388143034e-72	1.1984495419334128e-99	4.517806091799753e-193	6.921335473702959e-212	8.779472333068683e-309
UNG_boot.56	1.225e-321	6.57e-322	1.0	1.5128200674775253e-116	1.1e-321	8.358587430513678e-308	8.709471234792624e-291	1.225e-321	1.32e-321
UNG_boot.57	8.35e-322	9.9e-322	0.9725064637026511	1.1136176064256367e-147	0.027493536297348898	2.5238769033127705e-228	1.1355706778396023e-229	8.84e-322	9.7e-322
UNG_boot.58	8.55e-322	1.04e-321	0.9631518794295705	1.951716634165395e-125	0.03684812057042966	1.2222221556665853e-232	3.29598172545e-313	1.057e-321	1.003e-321
UNG_boot.59	1.92e-321	7.16e-322	0.9197626592498636	0.05169335594505863	0.028543984805077766	3.355592945346298e-199	1.6944769340356545e-113	3.2238089899506264e-295	1.497e-321
UNG_boot.60	9.862615699456987e-299	9e-322	0.8769911795490047	0.09485498281308918	0.028153837637905944	1.0820322226575228e-164	1.7040147399718596e-74	3.308591180463873e-143	9.543501361867491e-174
UNG_boot.61	1.097e-321	1.03e-321	0.9806335629520425	1.9750637789472162e-59	0.019366437047957496	2.1358119584498697e-205	2.236173085046885e-193	2.2865204325378564e-271	1.705e-321
UNG_boot.62	8.3e-322	9.34e-322	0.9999999999999999	5.91385114377745e-183	4.64e-322	2.4318730970990335e-235	9.34e-322	1.04e-321	9.6e-322
UNG_boot.63	8.9e-322	6.03e-322	1.0	5.852703205821351e-161	1.2415693110079693e-113	6.656860114e-315	1.29e-321	1.117e-321	1.196e-321
UNG_boot.64	1.354e-321	4.45e-322	0.8967042694837728	0.10329573051622706	1.489766387247141e-277	1.258876123532609e-147	9.144588358290956e-277	3.375448636262075e-235	2.8326475628884588e-300
UNG_boot.65	8.35e-322	8.2e-322	0.9566290301640042	3.08563922151594e-197	0.04337096983599565	2.2765090505e-314	1.0775497203004017e-245	7.36e-322	9.8e-322
UNG_boot.66	1.03e-321	6.13e-322	0.9506263990677873	1.0258646569788446e-121	0.049373600932212616	5.086347819636054e-250	7.231328570836554e-207	8.7e-322	9.63e-322
UNG_boot.67	1.655e-321	7e-322	0.9468701867906729	0.010989078882810824	0.04214073432651631	2.2660018994673223e-163	1.010478631005261e-170	2.0887489160699662e-250	8.9256886657746e-311
UNG_boot.68	1.4e-321	1.304e-321	0.9825284114222486	1.3370921679156395e-210	0.017471588577751496	2.221533518224946e-271	7.128684347640533e-303	1.16e-321	1.087e-321
UNG_boot.69	2.38e-321	6.6e-322	0.9653398026074983	0.0288470321168979	0.005813165275603887	1.5302764956707078e-111	5.432641540661931e-123	1.9642517628214024e-201	3.369175543322527e-266
UNG_boot.70	1.54e-321	4.6e-322	0.8412013231501609	0.158798676849839	5.14e-322	1.2198968544468087e-153	1.206e-321	6.74152246289942e-155	3.8548700973100866e-173
