Samples	SBS96A	SBS96B	SBS96C	SBS96D	SBS96E
EXO1_0_real_train1	0.8851476002221362	0.003935771044254982	1.2191607437302815e-130	0.11091662873360861	2.9661772583126345e-168
OGG1_0_real_train1	2.2382325636167265e-55	0.03518283266105639	5.4965881697847575e-14	0.10363415270309691	0.8611830146357918
RNF168_0_real_train1	0.8458452098079796	5.877517664600139e-220	0.06654232817740861	0.06997508621796728	0.0176373757966446
UNG_0_real_train1	0.03684169037640097	3.549249538813532e-171	0.09742231777252913	0.8581391586689956	0.007596833182074289
ATP2B4_0_real_train1	0.1524465357980596	2.880494066984373e-62	0.6515121676901947	0.1500512868073963	0.04599000970434943
ATP2B4_1_real_train1	1.1479742883342304e-137	0.07518037390321941	0.8675418386384242	4.699048096151608e-243	0.0572777874583565
MLH1_0_real_train1	2.436e-321	1.0	1.067e-321	3.3938309596155797e-18	1.255e-321
MSH2_0_real_train1	2.6e-321	0.9341047257746717	1.963072196415338e-250	0.06589527422532816	2.083480290584729e-292
MSH6_0_real_train1	3.143057464781645e-262	0.9934662956663788	2.62502578255866e-224	1.6059437738815075e-120	0.006533704333621338
MSH6_1_real_train1	7.13738202292924e-310	0.9867517040697503	1.774e-321	2.194e-321	0.013248295930249706
PMS1_0_real_train1	2.140532793111646e-160	0.20619479236014318	0.6034731179706079	0.190332089669249	2.5333918356514955e-182
PMS2_0_real_train1	0.4746286736288785	0.5253713263711215	1.22e-321	3.06e-322	2.08e-321
EXO1_0_multinomial_train1	0.9077053660330667	2.152023313573336e-73	1.1444171465180469e-202	0.0829578281377934	0.00933680582913992
RNF168_0_multinomial_train1	0.7927934510702107	1.9578804052522772e-217	0.17365270325720514	0.033553845672584195	5.819860618492995e-227
RNF168_0_multinomial_train1.1	0.8043240756905423	1.225e-321	0.19567592430945768	5.120381316637561e-74	1.9906006355942508e-33
EXO1_0_multinomial_train1.1	0.8677245929331248	0.08368955862471111	1.3096473797751438e-155	0.03178527234671116	0.016800576095452845
RNF168_0_multinomial_train1.2	0.8204820403796443	0.001649418780402231	0.1778685408399534	3.632502676675479e-302	3.483808753958969e-48
RNF168_0_multinomial_train1.3	0.7780471040333097	1.6076313591864675e-34	0.058692610415743245	0.14390009306275206	0.019360192488195063
RNF168_0_multinomial_train1.4	0.7843221150905587	0.014066488711303312	0.17157604693093867	0.01674229149255788	0.013293057774641404
RNF168_0_multinomial_train1.5	0.8428272237306633	1.586e-321	0.012787954960595907	0.1443848213087409	6.87e-322
RNF168_0_multinomial_train1.6	0.7633524402956606	2.15e-321	6.883484702670081e-103	0.19354038284759817	0.0431071768567412
RNF168_0_multinomial_train1.7	0.8757943344031716	6.218445601104524e-73	3.5499785455372907e-115	0.12250068010035481	0.0017049854964735567
RNF168_0_multinomial_train1.8	0.8940164759568969	1.696065583586009e-203	0.02579156023906008	0.003613175519673847	0.07657878828436931
EXO1_0_multinomial_train1.2	0.8757697527520146	5.02400523883969e-58	1.6438493000888856e-183	0.12423024724798537	6.1e-322
EXO1_0_multinomial_train1.3	0.9486023502687122	0.028408158372412128	2.7160307145126316e-276	3.545692135586006e-49	0.022989491358875583
RNF168_0_multinomial_train1.9	0.8922390016503552	2.01e-321	0.07996124110638073	0.027799757243264125	2.4530215408367505e-94
EXO1_0_multinomial_train1.4	0.8782381100950856	7.432267157879337e-150	5.016141204756918e-222	0.12176188990491445	1.81e-321
EXO1_0_multinomial_train1.5	0.8730578779981969	0.01792605838032425	9.5267130778685e-79	0.1079131529976186	0.0011029106238602461
EXO1_0_multinomial_train1.6	0.8765248677309633	8.977245185682029e-210	6.950862149660487e-297	0.12347513226903671	1.47e-321
EXO1_0_multinomial_train1.7	0.8694412347274992	0.017457028743851175	2.717e-321	0.1131017365286495	3.186877810096457e-160
EXO1_0_multinomial_train1.8	0.8013407548996803	0.005897550469723608	1.0051802042668737e-150	0.19276169463059598	1.7246120579908204e-293
RNF168_0_multinomial_train1.10	0.744772224593564	2.787e-321	5.66659324334873e-194	0.15375860345770018	0.1014691719487358
EXO1_0_multinomial_train1.9	0.9532012005258806	0.046798799474119454	1.6e-321	7.875533457167632e-106	9.14e-322
RNF168_0_multinomial_train1.11	0.8399137094403375	6.199753689326789e-115	0.013837845431257587	0.146248445128405	1.39e-321
RNF168_0_multinomial_train1.12	0.8613143486254649	0.021794991095700083	0.08638061177302482	0.015026035177309898	0.015484013328500416
EXO1_0_multinomial_train1.10	0.8863486008542654	0.03220349388499692	1.64e-321	0.08144790526073777	7.07e-322
EXO1_0_multinomial_train1.11	0.8299764164152154	0.028108826668366	9.06970525052754e-242	0.14191475691641864	3.0103804967480937e-202
RNF168_0_multinomial_train1.13	0.828126586627917	0.14033104107935798	1.7923315575994433e-143	2.44e-321	0.03154237229272492
RNF168_0_multinomial_train1.14	0.8154585925715688	6.014187567326627e-41	0.1396710362598673	0.04487037116856394	1.5415259795556944e-65
RNF168_0_multinomial_train1.15	0.8619668782901669	0.003912381459121024	1.4331121337858066e-192	0.12547373590612895	0.008647004344582987
RNF168_0_multinomial_train1.16	0.8067182638932189	1.6861670286011166e-66	0.08906693184090418	0.07143924686275523	0.032775557403121824
EXO1_0_multinomial_train1.12	0.8933703901956329	1.581090482400974e-217	6.660148420541788e-122	0.0789389210704046	0.027690688733962496
RNF168_0_multinomial_train1.17	0.7692235453367617	7.094657626821543e-11	0.09681467390644256	0.13396178068584902	7.7775698254539e-42
EXO1_0_multinomial_train1.13	0.8740284732852097	4.2948589735969276e-193	1.5167918025126277e-90	0.10591999446936175	0.020051532245428712
RNF168_0_multinomial_train1.18	0.789980440109026	2.134e-321	0.19680692731162758	2.087327162635144e-11	0.01321263255847314
EXO1_0_multinomial_train1.14	0.8780289222417371	0.0024077712514035234	2.6461864034183992e-189	0.11922549327841866	0.00033781322844076436
RNF168_0_multinomial_train1.19	0.9704130461341193	1.3767877697098115e-105	1.0728720037803702e-110	5.468743588818746e-62	0.029586953865880627
RNF168_0_multinomial_train1.20	0.8935297198865669	1.4404725429591496e-193	1.136e-321	0.10647028011343306	3.9e-322
EXO1_0_multinomial_train1.15	0.8674884545842244	0.0021657321693540573	2.499817673914604e-197	0.13034581324642155	3.974604706794438e-234
RNF168_0_multinomial_train1.21	0.7805971645471947	3.166634876684357e-137	3.899289408799223e-137	0.14559902492325577	0.07380381052954957
RNF168_0_multinomial_train1.22	0.6872385966589887	0.02138193639834965	0.0841112599907111	0.17738662224066698	0.029881584711283615
EXO1_0_multinomial_train1.16	0.8250955490985119	0.015664507860077292	1.58e-321	0.15923994304141076	6.77e-322
EXO1_0_multinomial_train1.17	0.9026901785119753	0.01872122952646264	1.2898036066604557e-303	0.07858859196156213	1.117e-321
RNF168_0_multinomial_train1.23	0.9306881715221346	1.4821413407117134e-226	1.4750978886444345e-216	0.04005424415864643	0.02925758431921893
EXO1_0_multinomial_train1.18	0.800428915005986	0.021253089075069228	2.5139315894163845e-230	0.17831799591894482	1.364e-321
RNF168_0_multinomial_train1.24	0.9223845127903613	5.375422335547615e-290	0.07761548720963878	4.782372073552487e-84	3.1090229963264415e-290
RNF168_0_multinomial_train1.25	0.8739004128311525	8.648620701688243e-240	0.09119467862927275	0.034904908539574876	5.148743018036811e-283
RNF168_0_multinomial_train1.26	0.9047104902406005	1.88e-321	0.010299587141437166	0.08498992261796223	1.053964709481164e-138
RNF168_0_multinomial_train1.27	0.6829858251150729	8.382669709150588e-238	0.2680084877507163	0.049005687134202905	7.899574074824497e-15
RNF168_0_multinomial_train1.28	0.905303775900971	2.3364499535119108e-70	0.04150914100858938	0.05318708309043959	2.5403902885815995e-108
EXO1_0_multinomial_train1.19	0.8377681407556041	0.04467061537289488	2.3683711231600847e-159	0.11756124387150096	1.136e-321
RNF168_0_multinomial_train1.29	0.8704773517869697	1.0063199334635444e-98	0.007165394573090319	0.12235725363993992	2.5275890940932002e-110
EXO1_0_multinomial_train1.20	0.8576941068290451	0.0030872567170862697	4.48744342720837e-13	0.13921863645140833	2.0115177064553863e-12
RNF168_0_multinomial_train1.30	0.846206754505449	8.462927764225074e-290	0.11418023647532063	0.0396130090192304	3.5433407290822163e-34
RNF168_0_multinomial_train1.31	0.8497765760726368	1.7162377717716759e-62	0.09133389938700924	0.058889524540354066	1.1714686977737244e-215
RNF168_0_multinomial_train1.32	0.9215455820921701	1.2786709295588727e-198	0.014311937373184485	0.028376218562560535	0.03576626197208486
RNF168_0_multinomial_train1.33	0.7537371129869299	8.94e-322	0.11817755553536292	0.1280853314777073	1.14e-321
EXO1_0_multinomial_train1.21	0.8641274917236196	6.045816955062912e-218	1.927e-321	0.1358725082763804	1.41e-321
RNF168_0_multinomial_train1.34	0.9712944518121263	6.47e-322	5.0771109175380096e-213	8.173017362952349e-263	0.0287055481878737
EXO1_0_multinomial_train1.22	0.9204060325850474	0.014461921165774213	3.3733599174725015e-139	0.06476607592397385	0.0003659703252043897
EXO1_0_multinomial_train1.23	0.8639747279348144	1.546089110425681e-171	1.398475237691765e-60	0.13602527206518564	3.566672656658779e-135
RNF168_0_multinomial_train1.35	0.7717244408876411	2.372154269668e-311	1.6101080842546042e-44	0.20194493932235566	0.026330619790003038
RNF168_0_multinomial_train1.36	0.8098952670218121	6.008588952193912e-259	0.15736299862597566	0.03274173435221218	2.9339701276797617e-216
EXO1_0_multinomial_train1.24	0.9203861542248898	3.2737188011741895e-72	0.05242409371884102	0.02718975205626921	2.2177717906231028e-101
RNF168_0_multinomial_train1.37	0.8449044706149619	1.907e-321	0.054667724665704416	0.10042780471933373	1.7349254079097875e-228
EXO1_0_multinomial_train1.25	0.839257662519478	0.0310995175438361	0.030549263349723892	0.09365837299451683	0.005435183592445379
RNF168_0_multinomial_train1.38	0.8874186449279124	1.19e-321	0.09184470577714615	2.9124013237529657e-282	0.02073664929494128
EXO1_0_multinomial_train1.26	0.9242799737681019	0.021268135193398145	5.026257465037337e-252	0.054451891038500004	9.4e-322
EXO1_0_multinomial_train1.27	0.8920461540691009	5.258487522540166e-180	5.75675907762083e-137	0.10795384593089906	1.477e-321
EXO1_0_multinomial_train1.28	0.8901694099726546	5.468202328241889e-134	1.8383863318689774e-183	0.10983059002734544	1.6e-321
EXO1_0_multinomial_train1.29	0.8894311930898646	2.0936654748774975e-178	0.00395864672485848	0.1066101601852769	3.29418841444139e-22
EXO1_0_multinomial_train1.30	0.87010138732724	1.2029459434857855e-168	1.461440177257662e-303	0.12989861267275996	8.35e-322
RNF168_0_multinomial_train1.39	0.827153213350926	3.7953587115150745e-250	8.74e-322	0.14905785337305608	0.02378893327601805
RNF168_0_multinomial_train1.40	0.7708404739330111	1.754e-321	0.1970186713262234	2.7350295196672176e-198	0.0321408547407656
EXO1_0_multinomial_train1.31	0.8349835122664924	0.0394959322779138	4.6343358465172945e-290	0.12552055545559376	1.33e-321
EXO1_0_multinomial_train1.32	0.8870600305966443	0.02257646708653168	1.2356082572121917e-117	0.0826263819069723	0.007737120409851762
EXO1_0_multinomial_train1.33	0.9060672397881856	0.0038186720822473014	3.8165227875760923e-194	0.08828181722238107	0.0018322709071861144
RNF168_0_multinomial_train1.41	0.8973870324473906	1.225e-321	0.0845487900258176	6.0531804954061514e-58	0.018064177526791923
RNF168_0_multinomial_train1.42	0.9065191940850361	2.535e-321	0.06731005125615316	0.008246301272974583	0.017924453385836123
EXO1_0_multinomial_train1.34	0.8785189403580373	0.0018440124535219014	1.5982668433803362e-199	0.11963704718844066	3.5254692944917685e-148
RNF168_0_multinomial_train1.43	0.7873151705535422	1.73e-321	0.13657490273783723	0.07610992670862056	6.385389786611968e-24
EXO1_0_multinomial_train1.35	0.8439244582761444	4.96078651281375e-177	0.038323474223963594	0.11714717073888037	0.0006048967610116197
EXO1_0_multinomial_train1.36	0.852074711231798	4.05813481937931e-56	2.36e-321	0.14792528876820207	1.117e-321
RNF168_0_multinomial_train1.44	0.8223721830024125	1.91e-321	0.1348902067572659	0.025890169942617572	0.016847440297703766
EXO1_0_multinomial_train1.37	0.8761737423321025	0.003564031251550839	1.843e-321	0.1202622264163466	1.793e-321
RNF168_0_multinomial_train1.45	0.8066683269829396	2.03e-321	0.15110862955974141	0.042223043457319163	7.473484464916698e-221
RNF168_0_multinomial_train1.46	0.9129959781780355	2.727e-321	1.0900376005729957e-51	0.042912544845739774	0.04409147697622489
RNF168_0_multinomial_train1.47	0.8967523264398407	1.3893200996674273e-182	0.048433216547381426	0.05481445701277784	8.7e-322
RNF168_0_multinomial_train1.48	0.8449416893961996	1.596e-321	0.06645706093140953	0.08860124967239083	6.13e-322
RNF168_0_multinomial_train1.49	0.8053461410226663	8.732718821331917e-92	0.057447943758484325	0.11106821561825228	0.026137699600597128
RNF168_0_multinomial_train1.50	0.8169537154007381	3.798486571649973e-09	1.5876728166726856e-120	0.16907532446573068	0.013970956335044629
EXO1_0_multinomial_train1.38	0.9131736512803772	6.948757831681426e-227	7.510760162925809e-83	0.06304116011316875	0.02378518860645421
RNF168_0_multinomial_train1.51	0.8641048723921191	2.7648767132842183e-95	0.09078104175497147	0.04511408585290959	1.546e-321
RNF168_0_multinomial_train1.52	0.8291908378793298	0.05864871482443315	1.7295403307334528e-59	0.07458710577379352	0.03757334152244351
EXO1_0_multinomial_train1.39	0.8145064266317283	0.04064263593803742	1.0777603779651675e-192	0.13430700902007398	0.010543928410160256
EXO1_0_multinomial_train1.40	0.848110364467438	0.031086304376696915	2.2139907635779807e-172	0.10917589880449076	0.011627432351374225
RNF168_0_multinomial_train1.53	0.8250629248040691	2.0808649002525096e-224	0.15587546908605207	0.00655581107947283	0.01250579503040613
EXO1_0_multinomial_train1.41	0.8501284593256049	0.056849119304355496	2.01e-321	0.09302242137003945	6.5e-322
EXO1_0_multinomial_train1.42	0.876565366737918	5.932970358642249e-175	7.1900596398401e-67	0.12343463326208201	1.517e-321
RNF168_0_multinomial_train1.54	0.7200575786126096	1.21e-321	0.1749830239050901	0.0835990963879115	0.021360301094388943
OGG1_0_multinomial_train1	8.277803790472312e-135	3.310397154707831e-145	0.0928884448774238	0.09482969421178032	0.8122818609107959
UNG_0_multinomial_train1	2.5152304404738893e-250	0.04889371308889748	1.6825026860377425e-115	0.9369658827120607	0.014140404199041784
UNG_0_multinomial_train1.1	6.836231928780554e-13	0.01281825552494084	0.15454894233611696	0.7900590993435169	0.04257370279474162
UNG_0_multinomial_train1.2	0.058148521295712116	2.386e-321	0.05731435204939483	0.8447267506508253	0.03981037600406781
OGG1_0_multinomial_train1.1	5.3927295882847337e-101	0.08466320220363517	1.1782562990614085e-14	0.07631213035974407	0.839024667436609
UNG_0_multinomial_train1.3	0.153753501859613	0.017031426094416695	0.03583196243055086	0.7425582452629867	0.050824864352432775
OGG1_0_multinomial_train1.2	7.64322494018162e-141	0.10087647167916265	7.650902193937159e-164	0.012576494364750763	0.8865470339560866
OGG1_0_multinomial_train1.3	8.630142709854109e-51	0.03500322275406913	1.588693143127377e-57	0.045225841880848286	0.9197709353650826
UNG_0_multinomial_train1.4	3.1551640178073855e-144	1.96e-321	0.1619815944953626	0.8380184055046374	2.3227641225155755e-175
UNG_0_multinomial_train1.5	0.03645042834817911	1.01e-321	0.030967350866553122	0.9325822207851655	1.0221868909917189e-13
OGG1_0_multinomial_train1.4	6.216830516616196e-252	0.04891761604103416	2.394682702195354e-99	5.9759942242470336e-31	0.9510823839589659
OGG1_0_multinomial_train1.5	1.5665514690086217e-152	0.11206031405098525	4.6157758819414034e-151	9.467975785053361e-82	0.8879396859490146
UNG_0_multinomial_train1.6	0.033921195746961064	0.009888059890733582	9.1e-322	0.9561907443623053	6.038036404023544e-154
UNG_0_multinomial_train1.7	2.103479916629814e-22	0.07162495322196791	6.313359005867525e-38	0.7577011537035144	0.17067389307451766
UNG_0_multinomial_train1.8	2.38e-321	1.16e-321	0.06813266576867294	0.9318673342313271	5.9494277438413926e-279
OGG1_0_multinomial_train1.6	9.47244589008608e-193	0.0551586696225777	4.863618248827353e-90	0.07594602879050039	0.868895301586922
UNG_0_multinomial_train1.9	0.07925002466128693	9.347573737026591e-53	0.0762496906681964	0.8445002846705167	1.3610016105946685e-45
OGG1_0_multinomial_train1.7	1.1792047893026154e-103	0.022873882142304697	4.3386961930609073e-10	0.0947549312097965	0.8823711862140292
UNG_0_multinomial_train1.10	0.013766493746207874	9.7e-322	0.15435572107499407	0.8318777851787981	5.43e-322
OGG1_0_multinomial_train1.8	0.03762536364208595	2.08e-321	3.550209903938231e-104	0.16346745905409749	0.7989071773038168
UNG_0_multinomial_train1.11	0.014933206131885998	4.891585314278914e-280	0.20807829696862076	0.7769884968994932	5.3826481245105e-310
OGG1_0_multinomial_train1.9	2.156774659868045e-104	0.03291248728495676	0.052020146150777075	0.060880650892480716	0.8541867156717854
OGG1_0_multinomial_train1.10	3.3364952075592223e-228	0.02456521848189773	0.1524196887264249	0.027162803972322444	0.795852288819355
OGG1_0_multinomial_train1.11	1.6820580746911955e-138	0.07959922788880695	1.254345403873984e-61	5.868755409095892e-16	0.9204007721111926
UNG_0_multinomial_train1.12	0.10701924981823122	1.166e-321	3.8817119825191234e-100	0.8929807501817687	6.6e-322
UNG_0_multinomial_train1.13	0.0050491538703237365	2.0871520764730187e-307	0.11337897821913394	0.8815718679105424	2.736614403376672e-81
UNG_0_multinomial_train1.14	0.0945542658077193	1.7468836429572993e-292	1.0526266320237622e-29	0.9054457341922808	9e-322
OGG1_0_multinomial_train1.12	1.0067712209479461e-132	0.06624462261006102	2.883421211893519e-136	0.014419454664580687	0.9193359227253582
OGG1_0_multinomial_train1.13	7.707744779146889e-180	0.0033061401649301394	7.384745594944339e-23	0.16734283844707176	0.829351021387998
UNG_0_multinomial_train1.15	1.7820893295650477e-232	4.951607701634049e-32	0.180478779643613	0.819521220356387	4.69776444062916e-75
UNG_0_multinomial_train1.16	0.014739056626790984	2.82e-321	0.10722212495547565	0.8189347296856788	0.0591040887320544
UNG_0_multinomial_train1.17	0.009203930654213469	1.5e-321	6.873717160121826e-56	0.9259022225249984	0.06489384682078805
OGG1_0_multinomial_train1.14	5.972219317156064e-132	0.023997388207619486	0.15026835248870163	6.48215450675062e-49	0.8257342593036789
UNG_0_multinomial_train1.18	8.788221082038608e-236	4.7545675756187166e-226	0.17070668433358008	0.82929331566642	4.35e-322
OGG1_0_multinomial_train1.15	0.014643593836317019	0.04780301282334875	0.070386182970709	0.06549557929291731	0.8016716310767079
UNG_0_multinomial_train1.19	0.002204800974216237	0.029766141831954095	0.18460730330698336	0.7834217538868463	2.1976770019516378e-119
OGG1_0_multinomial_train1.16	3.82069629803106e-57	0.02121849425409892	4.128693470783427e-21	0.1313127808160495	0.8474687249298517
UNG_0_multinomial_train1.20	4.2946655095527693e-42	7.416062537130812e-34	0.07833274976166339	0.9124360193438597	0.009231230894476939
UNG_0_multinomial_train1.21	0.08133239841953885	0.0577131234686255	7.16063648847056e-09	0.8044597565863102	0.05649471436488908
OGG1_0_multinomial_train1.17	9.530090605037098e-161	0.07558847433843711	4.3063576357363606e-78	0.031607738414566974	0.8928037872469959
UNG_0_multinomial_train1.22	5.092781378047227e-247	6.438981119e-314	0.08623786424284066	0.9137621357571595	6.4e-322
UNG_0_multinomial_train1.23	2.1491578325547288e-106	1.0229319448291512e-09	0.13117355857040766	0.8688264404066603	3.4e-322
UNG_0_multinomial_train1.24	0.022920751002946757	3.5614257984631862e-124	0.08511186136485492	0.8636036947188135	0.028363692913384767
OGG1_0_multinomial_train1.18	1.0155932915519606e-39	8.123826573534363e-82	0.11738837183781577	0.10329403575996758	0.7793175924022168
UNG_0_multinomial_train1.25	0.06447579223756081	9.73e-322	0.2606574791790332	0.674866728583406	2.6566778891390898e-51
OGG1_0_multinomial_train1.19	7.34780569070632e-55	0.08225357639390933	1.8514526786018255e-32	0.06138153886790551	0.8563648847381853
UNG_0_multinomial_train1.26	5.717252876437015e-309	0.10266439768504221	0.05208045737418853	0.8452551449407694	4.674197141672899e-199
OGG1_0_multinomial_train1.20	0.013120143447408446	0.057355203446315076	0.1277758271323352	0.0273857270006105	0.7743630989733307
UNG_0_multinomial_train1.27	0.0631029388548369	1.665e-321	0.2145670081525837	0.7223300529925794	7.76e-322
OGG1_0_multinomial_train1.21	2.8426536253942866e-179	0.03354605425104306	0.3229198883626878	0.015923510776994144	0.627610546609275
OGG1_0_multinomial_train1.22	1.3386436122357754e-33	9.793773410673993e-245	0.03341925725634077	0.11929711215621253	0.8472836305874467
UNG_0_multinomial_train1.28	0.0037008473894395047	1.294e-321	2.0683260351885642e-176	0.9913929302239738	0.004906222386586742
UNG_0_multinomial_train1.29	5.481264054726611e-213	4.7086187350593295e-153	0.14621040574265934	0.8429799027225348	0.010809691534805871
OGG1_0_multinomial_train1.23	1.5138347338200448e-152	0.054419426383619955	3.9961151458444274e-16	0.02990168412438276	0.9156788894919968
OGG1_0_multinomial_train1.24	8.798836870259807e-235	0.11083059620030866	0.0078023731560479745	5.360099802539663e-06	0.8813616705438408
OGG1_0_multinomial_train1.25	0.037411025598295386	3.3583357627971994e-17	0.18978268120116304	0.05740614447461662	0.7154001487259251
OGG1_0_multinomial_train1.26	3.2284982571361574e-237	4.757130223154376e-93	0.1833047948767978	0.01093441452750489	0.8057607905956973
UNG_0_multinomial_train1.30	2.0488405393280094e-263	6.249541049579851e-196	0.014090106399777733	0.9276222408376892	0.05828765276253324
OGG1_0_multinomial_train1.27	1.5567919108019169e-130	0.05334996529629036	0.051036625411827755	0.03792756515496757	0.8576858441369144
OGG1_0_multinomial_train1.28	0.0006440043402516731	0.03855420184984534	3.218984774526454e-07	0.12431467521054784	0.8364867967008777
UNG_0_multinomial_train1.31	3.063525905529778e-18	4.524062347895237e-95	0.25417320675671146	0.7458267932432885	6.3e-322
UNG_0_multinomial_train1.32	1.986049753962874e-106	2.0812041651603644e-216	1.5934353059286632e-168	0.9452820454582833	0.05471795454171652
UNG_0_multinomial_train1.33	0.02058770967128652	1.21e-321	0.056194104357483406	0.9232181859712301	9.72258454202046e-161
OGG1_0_multinomial_train1.29	1.6065041677699846e-56	2.364899890542795e-18	0.18625457540520196	0.07974466787763382	0.7340007567171641
OGG1_0_multinomial_train1.30	2.0475135137885884e-216	0.0659217475882625	0.07417446931963433	0.05665731377401945	0.8032464693180836
UNG_0_multinomial_train1.34	0.0086598601561677	0.026092262730143517	2.970433867336975e-47	0.8984849854950021	0.06676289161868652
OGG1_0_multinomial_train1.31	2.101976682100862e-123	0.06848862971692488	0.0632851562819094	0.04485186271188505	0.8233743512892806
UNG_0_multinomial_train1.35	0.1260818262633159	0.051305985469732515	4.092524270570872e-190	0.7863601141550849	0.036252074111866754
UNG_0_multinomial_train1.36	2.8383385290643137e-15	1.49e-321	0.1349536382794674	0.8650463617205297	9.6e-322
UNG_0_multinomial_train1.37	0.024782362521303312	3.3670386e-317	1.117e-321	0.9752176374786966	6.13e-322
OGG1_0_multinomial_train1.32	0.0008514836870843445	0.07382798393291798	5.20543354225302e-82	0.08850269882955984	0.8368178335504378
UNG_0_multinomial_train1.38	0.103868999914926	4.4291907990058924e-77	0.13169195588290344	0.7644390442021705	2.42928140487826e-97
OGG1_0_multinomial_train1.33	1.4721583334832554e-56	0.008688287472202565	0.1338289124300376	0.10945044906937754	0.7480323510283825
OGG1_0_multinomial_train1.34	1.5149053337383825e-28	0.014696989328287731	5.945826066109889e-24	0.14302478793757817	0.8422782227341341
OGG1_0_multinomial_train1.35	5.575285100159185e-83	0.06105535639124989	0.06222451927299256	0.05921372939443834	0.8175063949413192
OGG1_0_multinomial_train1.36	8.091397570996111e-80	0.014822743519181465	4.6885612361843e-65	0.0679212363681868	0.9172560201126316
OGG1_0_multinomial_train1.37	3.658686108844634e-172	2.7890413678216724e-300	0.10398235882210323	0.07926729642869354	0.8167503447492032
OGG1_0_multinomial_train1.38	2.6738581426273038e-183	0.051684533675455925	1.0552229346334523e-22	0.05960292516284327	0.888712541161701
UNG_0_multinomial_train1.39	2.810433002136378e-170	0.020639425314467594	0.07050102993843714	0.9088595447470952	2.6942433347790285e-203
OGG1_0_multinomial_train1.39	1.2387360043884036e-111	0.09806408193804626	0.049024157109858614	0.07806633980000083	0.7748454211520941
UNG_0_multinomial_train1.40	0.10190961155148211	4.4630560545130834e-85	1.0235377133092711e-186	0.898090388448518	4.84e-322
OGG1_0_multinomial_train1.40	9.993183580587551e-167	0.06069081114059617	0.15385048285418793	3.2161390326032826e-50	0.7854587060052158
OGG1_0_multinomial_train1.41	0.006707225238077703	0.013668440513228658	1.7941926113517989e-100	0.06089267097060171	0.9187316632780919
UNG_0_multinomial_train1.41	0.1820561732712755	2.05e-321	0.030344216939862806	0.7845572707111027	0.0030423390777589636
OGG1_0_multinomial_train1.42	5.070471597577792e-67	1.4962149058791124e-11	0.004904923868714528	0.11892625489493278	0.8761688212213906
UNG_0_multinomial_train1.42	0.0938513358376606	1.843e-321	0.01416619364564728	0.891982470516692	5.34e-322
OGG1_0_multinomial_train1.43	0.0017322964931709042	0.03314905410077013	0.05399095638639213	0.04357330704988605	0.8675543859697807
OGG1_0_multinomial_train1.44	0.02400093812988628	1.3697896673138313e-91	0.03749512934351241	0.13474115314278542	0.8037627793838158
OGG1_0_multinomial_train1.45	6.860155197061178e-148	1.551774349759918e-70	0.18679285631619577	0.039789561291410605	0.7734175823923936
OGG1_0_multinomial_train1.46	8.818123686883885e-67	0.0011245737567483166	0.16669476783144982	0.08887800990921542	0.7433026485025864
UNG_0_multinomial_train1.43	1.4793244508838518e-307	0.032447394400299846	0.04693724903145349	0.8568835113350198	0.06373184523322674
OGG1_0_multinomial_train1.47	0.02355770516861042	0.016941792517572947	0.06298060816198132	0.07755834300916217	0.818961551142673
OGG1_0_multinomial_train1.48	4.386947994322085e-196	0.03786924213205057	0.05188333901409985	0.11692722252455554	0.793320196329294
OGG1_0_multinomial_train1.49	1.829426862456404e-17	0.02077981769193161	0.11502453878889422	0.06685336091130953	0.7973422826078647
OGG1_0_multinomial_train1.50	4.5145621529072973e-169	0.08603945072783709	8.616837856152407e-44	0.047805275760509525	0.8661552735116534
UNG_0_multinomial_train1.44	0.08879614441266011	0.041128034883068904	4.468781648955548e-105	0.7905076374917479	0.07956818321252312
OGG1_0_multinomial_train1.51	0.020426609671571595	0.08065194467543324	2.470166687884041e-131	0.05547451993059611	0.8434469257223991
OGG1_0_multinomial_train1.52	2.7302002744370117e-75	0.034374476498008115	2.8769549134408936e-61	0.0675609151782541	0.8980646083237378
ATP2B4_0_multinomial_train1	0.0944465031201129	0.10280057665155803	0.501455031243067	0.17441071892686166	0.1268871700584005
ATP2B4_1_multinomial_train1	6.038937815053831e-82	0.10363992510671366	0.8894533211911301	0.006906753702156217	4.673663114022387e-25
ATP2B4_0_multinomial_train1.1	0.18498574563219017	1.5958767296766488e-165	0.7209765545131047	0.09403769985470503	3.686563784849067e-49
ATP2B4_1_multinomial_train1.1	7.069639797407961e-30	0.010538794580476294	0.9247973153207221	5.611840827234566e-216	0.06466389009880177
ATP2B4_1_multinomial_train1.2	8.646419156806917e-29	0.04748317138186473	0.7921700618181706	4.3543209611303134e-288	0.1603467667999647
ATP2B4_1_multinomial_train1.3	0.043168977829549426	0.06443453521255363	0.8878478250764239	0.004548661881472947	3.66e-322
ATP2B4_0_multinomial_train1.2	0.21099299405845937	1.05e-321	0.5669000856041801	0.16168660612459168	0.06042031421276882
ATP2B4_1_multinomial_train1.4	1.255e-321	0.06692748372012959	0.7634480749193889	4.147370034791866e-207	0.1696244413604815
ATP2B4_0_multinomial_train1.3	0.21034329573583882	1.15e-321	0.6365209759555015	0.15313572830865982	1.07787469432181e-84
ATP2B4_0_multinomial_train1.4	0.06914886027874251	0.004614100201389159	0.6947561680415223	0.2314808714783461	3.679323670864556e-77
ATP2B4_0_multinomial_train1.5	0.0641624029288252	0.017717418955932075	0.6418346462003812	0.22476189707882652	0.05152363483603481
ATP2B4_0_multinomial_train1.6	0.14978721746631551	8.93444880090609e-180	0.6296143321241935	0.20304519075481278	0.017553259654678216
ATP2B4_1_multinomial_train1.5	4.873521771844338e-08	0.09884413305246578	0.608393779293432	2.652145269663197e-216	0.29276203891888447
ATP2B4_0_multinomial_train1.7	0.04935648182434581	0.06542335126921558	0.5475108867558058	0.17447602460646533	0.16323325554416748
ATP2B4_1_multinomial_train1.6	1.316615585639152e-293	0.08568469809143346	0.6541520874625508	8.9e-322	0.2601632144460156
ATP2B4_1_multinomial_train1.7	4.495385620604345e-286	0.10962150709328373	0.7518816908465236	8.670273429942538e-139	0.13849680206019271
ATP2B4_1_multinomial_train1.8	2.1740158265355167e-211	0.1603107048661635	0.8396892951338366	6.055391405960497e-182	1.5647405501814435e-140
ATP2B4_1_multinomial_train1.9	0.026544997484580016	0.06270367132276142	0.7419412778177416	2.908385219452692e-233	0.168810053374917
ATP2B4_1_multinomial_train1.10	0.04293014791866007	0.13241720632405757	0.6631065766263256	1.4845346990067457e-248	0.1615460691309568
ATP2B4_1_multinomial_train1.11	8.196250539389176e-291	0.0654785141582142	0.9345214858417857	1.1411644858955739e-260	1.690037879262482e-31
ATP2B4_1_multinomial_train1.12	1.1576762982535218e-196	0.07081453417925135	0.9036192909383439	1.8568839190466698e-252	0.025566174882404806
ATP2B4_1_multinomial_train1.13	2.7397489828779226e-83	0.012741996265898012	0.904747526356104	1.250751406100218e-256	0.08251047737799815
ATP2B4_0_multinomial_train1.8	0.24625235966059428	0.017094578597460386	0.6942506601816099	0.040339079385727915	0.0020633221746076073
ATP2B4_1_multinomial_train1.14	2.3223413467745604e-177	0.12793395706455615	0.6293886441163665	0.011169178749744582	0.2315082200693329
ATP2B4_1_multinomial_train1.15	0.017455421900199775	0.09181979171389311	0.7848153100291809	1.2566141250364116e-194	0.10590947635672619
ATP2B4_0_multinomial_train1.9	0.13856307656726544	0.039618175086487906	0.42905623307495255	0.24808038263601317	0.14468213263528093
ATP2B4_0_multinomial_train1.10	0.11034931867043736	1.26e-321	0.7577997030362608	0.13185097829330186	1.8378128040385956e-199
ATP2B4_0_multinomial_train1.11	0.13494573174126623	0.0537452752159797	0.724284088620217	0.08702490442253703	8.405398581039802e-146
ATP2B4_1_multinomial_train1.16	1.655e-321	0.1345838529702426	0.6716181605701306	1.1440129803558112e-122	0.19379798645962676
ATP2B4_0_multinomial_train1.12	0.2888646338396571	2.350030775326659e-140	0.5304448986328268	0.13721589448343188	0.04347457304408406
ATP2B4_0_multinomial_train1.13	0.2666453016100371	1.784e-321	0.5807562910529935	0.1525984073369695	9.15117141219022e-82
ATP2B4_0_multinomial_train1.14	0.07106090046786658	0.09833720910784173	0.8273550450063565	1.9410157166674527e-38	0.0032468454179352267
ATP2B4_0_multinomial_train1.15	0.15244298846181686	2.018406213249975e-230	0.7474550674983175	0.09433049329649315	0.00577145074337246
ATP2B4_1_multinomial_train1.17	1.8533025313836155e-235	0.08121954725422816	0.9187804527457718	1.3748876625559336e-236	1.2576931993139987e-51
ATP2B4_1_multinomial_train1.18	4.46358600463003e-177	0.059702477836346114	0.7424054423577768	2.968447518882015e-113	0.1978920798058771
ATP2B4_1_multinomial_train1.19	0.08074417095600923	0.08701633709123772	0.5657974725994879	0.006167884537085371	0.26027413481617995
ATP2B4_1_multinomial_train1.20	1.0248301487159331e-168	0.08948904744339552	0.7795156060843336	0.05459211908355901	0.0764032273887121
ATP2B4_0_multinomial_train1.16	0.23444995017466175	8.581209265590007e-241	0.47978449294858394	0.16681235932569288	0.11895319755106146
ATP2B4_1_multinomial_train1.21	1.4359877258865071e-21	0.08825109598343432	0.8420253079449598	1.02e-321	0.06972359607160585
ATP2B4_1_multinomial_train1.22	0.12661840203225183	0.026138681081562976	0.7369908433093451	8.733843941301702e-201	0.11025207357683998
ATP2B4_0_multinomial_train1.17	0.061782381820137094	4.264591228077152e-26	0.7214524972575584	0.21676512071721316	2.0509119824017258e-10
ATP2B4_0_multinomial_train1.18	0.14948684941938192	0.04200845953573666	0.5163358315284431	0.10963131014223262	0.1825375493742058
ATP2B4_1_multinomial_train1.23	6.296891786433865e-229	0.12473069408547272	0.6061136482680536	1.36074067806607e-98	0.2691556576464736
ATP2B4_1_multinomial_train1.24	4.7576901283897166e-36	0.04232516066518073	0.9228081093951526	0.034866729939666705	1.2184146764863234e-24
ATP2B4_0_multinomial_train1.19	0.11294761395536047	0.01051997554002107	0.5755418074428867	0.18686124980200267	0.11412935325972903
ATP2B4_1_multinomial_train1.25	2.7761732868373967e-103	0.11910489424940227	0.8808951057505977	1.206e-321	8.889004641741279e-31
ATP2B4_0_multinomial_train1.20	0.06770830412589733	0.017247283828504514	0.6740465318715103	0.18039460719445932	0.06060327297962865
ATP2B4_0_multinomial_train1.21	0.16890564361083013	0.013885075051450025	0.31029772048910265	0.21610364671522203	0.29080791413339524
ATP2B4_0_multinomial_train1.22	0.21111601971646282	2.300910553981798e-288	0.3681697596288075	0.2259018887287992	0.1948123319259306
ATP2B4_0_multinomial_train1.23	0.239247202384213	0.009827557804335755	0.6045013374858103	0.09785152897820441	0.048572373347436644
ATP2B4_0_multinomial_train1.24	0.19021878423733607	7.149737393013591e-94	0.7480367988308235	0.06174441693184043	6.947588139710575e-115
ATP2B4_1_multinomial_train1.26	0.011811707787907218	0.004321002777249002	0.9838672894348439	8.331085941873856e-280	4.5e-322
ATP2B4_0_multinomial_train1.25	0.11795541054520485	0.0494767400600896	0.742085891634191	3.286887544177083e-62	0.0904819577605144
ATP2B4_1_multinomial_train1.27	0.07120452260617836	0.015649974843806078	0.7928387722199473	9.205933018388973e-235	0.12030673033006822
ATP2B4_0_multinomial_train1.26	0.2327699601400927	6.9e-322	0.5118783291446616	0.22841910428933024	0.026932606425915516
ATP2B4_1_multinomial_train1.28	1.1678384601910705e-255	0.09768887134243473	0.8541756737202408	8.2e-322	0.04813545493732451
ATP2B4_0_multinomial_train1.27	0.20409943800073763	0.06619518226891992	0.572212053924489	0.12327939570746461	0.03421393009838884
ATP2B4_1_multinomial_train1.29	1.6979388761427237e-116	0.1356704607239693	0.8643295392760306	1.047e-321	1.9242338727900745e-60
ATP2B4_0_multinomial_train1.28	0.17056315624471058	1.6238465102503956e-69	0.46064187787062005	0.2631474914340267	0.10564747445064276
ATP2B4_0_multinomial_train1.29	0.1733902324308282	3.7368602695761476e-152	0.5768069931525522	0.11619967634797777	0.13360309806864185
ATP2B4_0_multinomial_train1.30	0.18909704996273477	0.0014107944402995797	0.4285307904704254	0.17108677126861094	0.20987459385792936
ATP2B4_0_multinomial_train1.31	0.17887172452194858	0.05136448334597711	0.5671470462919543	0.20261674584012	3.2013560559883623e-289
ATP2B4_1_multinomial_train1.30	0.09908414998181131	0.03354621388701177	0.867369636131177	1.1797495293718006e-249	7.169486283538888e-65
ATP2B4_1_multinomial_train1.31	5.64745769717016e-226	0.03907687630244961	0.8921778534681918	8.45e-322	0.06874527022935871
ATP2B4_1_multinomial_train1.32	0.04116191069686088	0.007518793228527876	0.9408432735868423	2.991429600582263e-217	0.010476022487768978
ATP2B4_0_multinomial_train1.32	0.2923180306686871	2.055e-321	0.5061672721951133	0.11893069509338058	0.08258400204281899
ATP2B4_0_multinomial_train1.33	0.11459796608890456	0.006549723249080405	0.8263804284943609	0.049787283628943996	0.0026845985387101865
ATP2B4_0_multinomial_train1.34	0.13526938741216643	3.7040701729806274e-10	0.5825599503487331	0.21846656502167122	0.0637040968470224
ATP2B4_0_multinomial_train1.35	0.25700817180193714	0.012278037538093593	0.6117599332512762	0.11895385740869299	3.3344610901237464e-186
ATP2B4_1_multinomial_train1.33	0.003810971612500625	0.0635329041981107	0.8988787846332231	1.8513829335473816e-50	0.03377733955616541
ATP2B4_1_multinomial_train1.34	0.12960686448295716	0.09551570817094852	0.6502137674637232	2.4860282271242096e-162	0.12466365988237114
ATP2B4_1_multinomial_train1.35	2.708817402404053e-165	0.1306373534324742	0.7528006296202819	1.0482010241458644e-135	0.11656201694724394
ATP2B4_1_multinomial_train1.36	1.1076242742249268e-247	0.14888269606565274	0.7939238418165255	6.242281726752982e-159	0.057193462117821885
ATP2B4_0_multinomial_train1.36	0.2081401655732091	1.596e-321	0.4229347197573676	0.18798728609910392	0.18093782857031926
ATP2B4_0_multinomial_train1.37	0.3331665052948991	5.158461380502746e-207	0.6148500854270235	0.051983409278077555	2.857893756612072e-57
ATP2B4_1_multinomial_train1.37	1.21e-321	0.12018617339214406	0.696519605176537	3.1222462360124437e-175	0.18329422143131877
ATP2B4_1_multinomial_train1.38	3.333314470495683e-250	0.1250357325987608	0.8749642674012391	5.941534666942586e-223	1.655e-321
ATP2B4_1_multinomial_train1.39	8.189452436585175e-67	0.14500481217118358	0.7414222465207267	5.999898225090594e-191	0.11357294130808965
ATP2B4_1_multinomial_train1.40	3.3000906420228746e-35	0.0414437606528039	0.7732156844386994	1.544865944112639e-233	0.18534055490849682
ATP2B4_1_multinomial_train1.41	2.6930922500651495e-30	0.0955466781978518	0.7925190070683936	6.0352844770830824e-120	0.11193431473375444
ATP2B4_1_multinomial_train1.42	4.3654610934263364e-15	0.08128738323165106	0.6899685188655774	1.166e-321	0.22874409790276723
ATP2B4_0_multinomial_train1.38	0.05618067364207271	0.04249174674836262	0.7018231715031087	0.19950440810645595	5e-322
ATP2B4_0_multinomial_train1.39	0.19293792030698842	0.006150346546823261	0.5080042382342623	0.2172710320025272	0.07563646290939878
ATP2B4_0_multinomial_train1.40	0.06975021989723482	0.013063245018929035	0.6534331371305333	0.1437553418685406	0.11999805608476215
ATP2B4_1_multinomial_train1.43	1.4393704047899012e-201	0.11693446683672647	0.7460020685547375	9.426031187184015e-102	0.1370634646085359
ATP2B4_0_multinomial_train1.41	0.1462945607212766	7.001396279024489e-178	0.7145868704328552	0.1391185688458684	1.7511231879677644e-181
ATP2B4_0_multinomial_train1.42	0.20477596960437222	2.623e-321	0.5125668934400833	0.1413435502244474	0.14131358673109706
ATP2B4_0_multinomial_train1.43	0.09557448818020921	1.91e-321	0.7386058312124275	0.16581968060736324	9.367778111360165e-34
ATP2B4_0_multinomial_train1.44	0.3469753044042175	0.015234196486858663	0.49535693998131025	0.10579306503680681	0.03664049409080671
ATP2B4_1_multinomial_train1.44	0.027554008046652072	1.6550856900030284e-63	0.8918614670996723	2.8151718139663276e-222	0.08058452485367563
ATP2B4_0_multinomial_train1.45	0.21335948454938253	0.0030716821523014124	0.5292671169482108	0.14034301868898488	0.11395869766112032
ATP2B4_1_multinomial_train1.45	0.1112503681684572	0.038091818662833996	0.6889248963114727	1.5288993816893591e-205	0.16173291685723615
ATP2B4_0_multinomial_train1.46	0.13522153970892703	0.022889471246621246	0.7902943873458036	0.05159460169864808	1.0841161172803242e-249
ATP2B4_0_multinomial_train1.47	0.13584566084467253	0.04334695882036329	0.7179009979927373	0.10290638234222688	6.220950394551318e-72
ATP2B4_0_multinomial_train1.48	0.11265666664463724	1.0896528647341469e-71	0.7279028773359371	0.15944045601942577	1.3867583018509329e-80
ATP2B4_1_multinomial_train1.46	0.028610533666628957	0.0443824838554342	0.917376960973496	0.00963002150444078	3.16e-322
ATP2B4_1_multinomial_train1.47	1.8524419347666106e-108	0.07839177320573103	0.921608226794269	7.897746842389721e-217	8.756719061878871e-136
ATP2B4_1_multinomial_train1.48	0.03751916215403147	0.12491174116264753	0.6655260851573505	1.1911240144536584e-05	0.172031100285826
PMS1_0_multinomial_train1	0.017419708166791864	0.32814655690351163	0.6026520264423116	0.05178170848738494	3.901941519755649e-164
MSH6_1_multinomial_train1	1.8150851300496224e-166	0.9859072618061736	2.6589896976005767e-231	5.40519314e-315	0.014092738193826407
MSH6_0_multinomial_train1	4.0106115012977065e-286	0.9928580256710351	2.5169581618277077e-84	5.524484373138148e-72	0.007141974328964912
MSH2_0_multinomial_train1	1.2823484912718343e-248	0.9318583627662625	3.689498617173006e-184	0.06814163723373735	2.485e-321
MSH6_0_multinomial_train1.1	2.49e-321	0.9899382740022953	2.35e-321	9.624194690125573e-140	0.010061725997704767
