Samples	SBS96A	SBS96B	SBS96C	SBS96D	SBS96E	SBS96F	SBS96G	SBS96H
EXO1_0_real_train1	3.06e-322	0.857609986747553	2.7207030518529638e-241	0.0009614867531114571	0.08425887685537235	0.05652188847284145	0.0006477611711218396	1.04e-321
OGG1_0_real_train1	0.03260580856237414	2.036e-321	1.8370969826485716e-160	1.4210036022385297e-245	0.15312846977017916	1.6314889178409991e-09	0.8142657200359579	6.198477020138026e-240
RNF168_0_real_train1	2.9e-322	0.7296625201562945	0.025074108303422785	0.026165731773896854	0.2084130272369261	0.01068461252945976	1.3861468192177643e-165	1.566e-321
UNG_0_real_train1	8.799782872659495e-232	1.0783497832111794e-116	0.10268099553264638	0.8359993387683319	3.147629768955491e-82	1.22e-321	0.061319665699021725	4.8361781704343156e-95
ATP2B4_0_real_train1	2.39e-321	9.813005757480905e-106	0.1063171871282948	0.2878065331723813	0.6058762026148141	7.708450973397414e-08	3.0990093502637597e-77	5.9792132883646614e-176
ATP2B4_1_real_train1	0.050170726974514045	2.0906971769806365e-200	0.03040499565342264	0.03438711918743118	0.7261058931903778	0.15893126499425436	4.0084146929932504e-143	1.5818256493145017e-141
MLH1_0_real_train1	0.6802495232884511	0.19737341057841543	0.07945448008315843	0.03161199912096744	1.0509554845040984e-89	0.0007108483324399635	0.010599738596567666	1.4788216921611617e-18
MSH2_0_real_train1	0.5712217294510742	4.8039840497264725e-34	0.06699502418729258	0.09065059358528746	0.02781222047715951	0.0037707119137032428	6.563636927947803e-192	0.23954972038548303
MSH6_0_real_train1	0.6402497661594537	0.0001085452958645959	0.20249083885588778	0.043381743977666684	0.04721762064395125	5.519811913760471e-85	1.0520916976124548e-19	0.0665514850671761
MSH6_1_real_train1	0.6074436457790584	8.437581176439923e-33	0.1930267203211352	1.9428096182469196e-55	0.049673823511448466	1.83e-321	0.012828930032804184	0.13702688035555377
PMS1_0_real_train1	0.06675746403652495	2.1453685018706134e-269	3.444e-321	3.682526465233938e-64	9.852013988772979e-141	0.9161333802076772	0.017109155755797748	4.667554246564961e-233
PMS2_0_real_train1	0.055409311511486495	6.2901546460344474e-145	0.8592242738645061	0.0206592068450623	0.04284559596513791	0.009391533657715272	0.012470078156091866	2.2431488302295004e-90
EXO1_0_multinomial_train1	3.1e-322	0.8851898250389265	1.972457139363231e-106	0.0022770195189801574	0.07369927954652004	3.399280590657118e-49	0.03883387589557319	1.057e-321
EXO1_0_multinomial_train1.1	6.13e-322	0.8311155324699019	1.8533467766396821e-66	0.05410485854333327	0.05809151681439879	0.05668809217236605	1.7541447643843e-309	1.393e-321
EXO1_0_multinomial_train1.2	3e-322	0.8521562850727712	0.004349743871038983	5.1526655512616863e-23	8.917583261494194e-08	0.11700462073839622	0.026489261141961092	1.042e-321
EXO1_0_multinomial_train1.3	2.87e-322	0.8281783040955619	3.33e-321	0.07126970903005116	0.06913423736236785	0.008475841540231732	0.022941907971787447	1.31e-321
EXO1_0_multinomial_train1.4	3.2e-322	0.8647918704123558	3.666e-321	0.019056075854908542	1.2393351674924518e-13	0.07740316907709964	0.038748884655511975	1.097e-321
EXO1_0_multinomial_train1.5	3e-322	0.7959435447305835	3.473e-321	0.046675357528426796	0.021403640019380863	0.13597745772160882	5.52107e-318	1.02e-321
EXO1_0_multinomial_train1.6	6.27e-322	0.9025880409939989	1.011557223396002e-206	1.1198160714705672e-244	0.018930351905180186	1.5133518796046959e-92	0.07848160710082075	1.413e-321
EXO1_0_multinomial_train1.7	3.2e-322	0.8611419384256205	2.747e-321	0.014712157305692223	3.1841146806062196e-23	0.09268764389257969	0.03145826037610751	1.097e-321
EXO1_0_multinomial_train1.8	2.9e-322	0.8540131173330796	0.017844220376463462	1.3242483599534812e-27	1.0150361319149051e-23	0.09319403121191244	0.03494863107854463	1.33e-321
EXO1_0_multinomial_train1.9	2.9e-322	0.8798279612797801	2.05e-321	0.0054303398282094135	0.05818624018553295	0.05655545870647755	1.1563766181330709e-74	9.93e-322
EXO1_0_multinomial_train1.10	2.96e-322	0.8222854972544932	8.462546383998499e-106	0.0531701389766893	1.928038679384568e-62	0.08388948706462432	0.04065487670419305	1.344e-321
EXO1_0_multinomial_train1.11	3.16e-322	0.7904133691055031	3.62e-321	0.0041177200590248805	0.04694460644287441	0.15162171097706234	0.006902593415535064	1.433e-321
EXO1_0_multinomial_train1.12	3.16e-322	0.8238217396049448	1.489799164895789e-279	2.4582466789575313e-185	0.106906297631174	0.06429016100301164	0.0049818017608695	1.077e-321
EXO1_0_multinomial_train1.13	3.2e-322	0.7751401521888481	0.05581227688276448	0.06482603445717196	0.07012537566074022	0.034096160810475194	1.5802238555168087e-100	1.07e-321
EXO1_0_multinomial_train1.14	3.1e-322	0.8573632341513558	7.94005482805249e-178	2.7632702515952914e-06	0.015817798314470808	0.10598352556001496	0.020832678703906846	1.06e-321
EXO1_0_multinomial_train1.15	5.93e-322	0.8666840878432096	1.2521963623831891e-136	0.04370556690421361	0.0637040842924415	0.025906260960135232	2.4599236800659854e-52	1.354e-321
EXO1_0_multinomial_train1.16	3e-322	0.8931986228969444	4.5437866868083e-134	3.3712547724288697e-77	0.10680137710305555	7.44426983057935e-35	1.963664112560573e-35	1.03e-321
EXO1_0_multinomial_train1.17	5.73e-322	0.8782862449135477	7.096679154165064e-143	0.03535899175498103	0.046540700496713744	0.03981406283475769	1.926422126093668e-17	1.31e-321
EXO1_0_multinomial_train1.18	3.26e-322	0.8259160602532819	2.3697568992492863e-110	2.132432899666042e-132	0.11906210918366289	0.044082024885209736	0.010939805677845627	1.107e-321
EXO1_0_multinomial_train1.19	2.9e-322	0.8951666417540284	2.45e-321	5.811821120493072e-31	0.07870080962952467	0.009562471560010562	0.01657007705643652	9.93e-322
EXO1_0_multinomial_train1.20	3.06e-322	0.8687181959203848	3.03e-321	0.007058522493519476	1.0257857486195306e-08	0.0662460469607127	0.05797722436752536	1.042e-321
EXO1_0_multinomial_train1.21	6.13e-322	0.9069107562273463	2.16e-321	1.1108691921892542e-109	0.02708266824593399	0.02994614224919344	0.036060433277526276	1.403e-321
EXO1_0_multinomial_train1.22	5.83e-322	0.7944510843863735	5.254806781033026e-245	0.023942443402018038	0.02351685101266536	0.1416287401392236	0.01646088105971962	1.314e-321
EXO1_0_multinomial_train1.23	3.26e-322	0.7855712717096752	8.147809030694977e-242	0.09683268909100687	0.028914772019644326	0.08709990770181852	0.0015813594778550444	1.1e-321
EXO1_0_multinomial_train1.24	2.9e-322	0.8819217629275441	5.509520339699547e-196	0.05052266872878316	6.1747851667495195e-06	0.010602533068879655	0.056946860489626334	1.314e-321
EXO1_0_multinomial_train1.25	3e-322	0.8371534891485741	9.523594588050492e-32	0.012900238267872052	0.03746636018788736	0.11247991239566647	2.7433866730170253e-181	1.38e-321
EXO1_0_multinomial_train1.26	2.9e-322	0.8488365883892576	2.546154331476246e-09	0.025556564873751308	0.07015698343476987	0.05544986075606682	5.561036925506536e-271	1.324e-321
EXO1_0_multinomial_train1.27	3.06e-322	0.8742169168429336	3.54e-321	0.07347331708353148	0.02174558549481301	2.8050929246689205e-23	0.030564180578721928	1.057e-321
EXO1_0_multinomial_train1.28	5.4e-322	0.8307779888308808	8.262244753185446e-144	0.025604916306218934	0.028291098371003222	0.11532599649189702	6.269983907e-315	1.225e-321
EXO1_0_multinomial_train1.29	2.9e-322	0.8602712734244355	5.2840323249160195e-99	5.4856806623776206e-95	0.017849667872203996	0.12187905870336044	4.927568250206959e-192	1.013e-321
EXO1_0_multinomial_train1.30	3.1e-322	0.8976623828785399	3.44e-321	1.5409690646337325e-185	0.06919977706901363	7.634647147227465e-38	0.033137840052446334	1.393e-321
EXO1_0_multinomial_train1.31	3.1e-322	0.8785238117494314	6.549732348777754e-103	0.011010941149553201	0.05930368105118416	0.04313801363549445	0.008023552414336827	1.06e-321
EXO1_0_multinomial_train1.32	2.9e-322	0.8905301212859482	2.479325355078645e-237	0.044288414220813824	0.01720589354771008	4.021706598353197e-34	0.04797557094552799	1e-321
EXO1_0_multinomial_train1.33	2.77e-322	0.8644423804837194	1.349369522070317e-217	1.9970293545891095e-179	9.458040477564968e-18	0.08089512513748068	0.054662494378799956	1.26e-321
EXO1_0_multinomial_train1.34	3e-322	0.8192445980796939	3.47e-321	0.049641221907961705	0.059909151634515	0.06277077914071352	0.008434249237115932	1.03e-321
EXO1_0_multinomial_train1.35	6.27e-322	0.8311783877889801	3.094242993222789e-203	0.032695858860255854	0.10426247139761678	0.03186328195314737	6.008286423147498e-32	1.413e-321
EXO1_0_multinomial_train1.36	3.2e-322	0.8460339758422377	2.654227088438628e-187	1.8803703982513585e-178	0.06463175701558736	0.08504873982405621	0.004285527318118716	1.1e-321
EXO1_0_multinomial_train1.37	6.1e-322	0.8369594354914318	3.834e-321	1.0536107095009214e-53	0.12124734548765743	0.040191974396308706	0.00160124462460209	1.374e-321
EXO1_0_multinomial_train1.38	2.96e-322	0.8874820399413599	0.00010010264573667539	1.4702052497785397e-115	0.1007079103970551	0.011709947015848309	4.358312893476449e-248	1.003e-321
EXO1_0_multinomial_train1.39	3.1e-322	0.8833265524030168	8.253808602945635e-114	1.9231612985369325e-34	0.10464533818255671	0.012028109414426436	3.8825918018659895e-68	1.047e-321
EXO1_0_multinomial_train1.40	3.16e-322	0.7390291731553915	0.035086936776488616	0.05290629545650517	0.07125629705302065	0.101721297558594	3.9414580549648365e-156	1.077e-321
EXO1_0_multinomial_train1.41	3.3e-322	0.8063571648790792	8.422163949974273e-46	0.0805417569940639	4.047530044065657e-08	0.07282584899892368	0.040275188652632646	1.12e-321
EXO1_0_multinomial_train1.42	2.96e-322	0.8225640870539894	4.999495892962444e-213	0.00669229272495154	0.07646296187918727	0.09428065834187174	4.037941999595212e-165	1.02e-321
EXO1_0_multinomial_train1.43	3e-322	0.9306645516385368	1.1748171046924896e-192	7.269947002045368e-238	0.04884295899245975	2.992881303783388e-50	0.020492489369003518	1.042e-321
EXO1_0_multinomial_train1.44	3e-322	0.8435011331544473	4.18215509615596e-39	0.029334054252524475	0.06284685315482824	0.06431795943820012	7.045197858880944e-45	1.364e-321
EXO1_0_multinomial_train1.45	6e-322	0.8752857435112059	1.1650500739053897e-238	3.4646190030489816e-163	0.0001797393066642041	0.05715639202668125	0.06737812515544876	1.354e-321
EXO1_0_multinomial_train1.46	2.96e-322	0.8852304508486506	1.6854758958101204e-182	1.2805713593223413e-175	0.0369582457873089	0.026022358610578653	0.0517889447534617	1.36e-321
EXO1_0_multinomial_train1.47	3.16e-322	0.8386803553448521	0.006301796478835755	3.733376176578604e-105	0.09296122331438676	0.062056624861925355	6.510377738226923e-165	1.057e-321
EXO1_0_multinomial_train1.48	5.4e-322	0.9156054776186984	4.013564994966919e-229	0.02609278184467465	8.792144092467791e-38	1.5113145204227747e-37	0.058301740536626984	1.235e-321
EXO1_0_multinomial_train1.49	3.26e-322	0.7761529423715036	3.27e-321	0.016079292394627263	0.04657882624455013	0.12510723720653724	0.03608170178278193	1.1e-321
EXO1_0_multinomial_train1.50	3.1e-322	0.8549972375359247	4.45e-321	0.042926389909560825	0.04317486173756885	0.03292026830015957	0.02598124251678609	1.06e-321
EXO1_0_multinomial_train1.51	3.1e-322	0.8795085883189194	2.6361066091398134e-120	0.03408817968234236	0.024758861347840812	0.017465526693315914	0.04417884395758134	1.05e-321
EXO1_0_multinomial_train1.52	3.16e-322	0.8609172851524787	0.011292203995829924	8.03946074677554e-81	0.10518454465529718	0.022605966196394187	3.0152165736121447e-108	1.067e-321
EXO1_0_multinomial_train1.53	3.06e-322	0.8278713847688176	5.850264901931973e-260	1.5360466304042696e-94	0.06436444130230809	0.1077641739288744	9.529099052549875e-217	1.033e-321
EXO1_0_multinomial_train1.54	3.1e-322	0.8607739557872971	3.88e-321	1.4358383939071377e-73	0.11976215579651707	3.957497730842402e-44	0.019463888416185796	1.042e-321
EXO1_0_multinomial_train1.55	5.9e-322	0.8694903542918677	4.17e-321	1.4097136909028907e-32	0.02583498721744243	0.07362241636347903	0.031052242127210944	1.344e-321
EXO1_0_multinomial_train1.56	5.93e-322	0.9016842756465373	2.93e-321	0.020682805797465724	0.059796612150787985	0.01783630640520885	9.14930724059793e-24	1.354e-321
EXO1_0_multinomial_train1.57	3.2e-322	0.8366487769026116	4.056e-321	0.012731334606034013	0.0763954540678497	0.0646389550863658	0.009585479337138861	1.44e-321
EXO1_0_multinomial_train1.58	5.63e-322	0.8382524712525427	0.006524743851824775	0.02526532046316815	0.027279891263881268	0.10267757316858317	2.283e-321	1.28e-321
EXO1_0_multinomial_train1.59	3.06e-322	0.8134987391813373	0.0032229216346258208	0.025773663951419275	0.0513477839028975	0.1061568913297201	1.966e-321	1.04e-321
EXO1_0_multinomial_train1.60	3.06e-322	0.8464636256991179	2.131461051748479e-156	6.579193682110012e-31	0.09927272998077043	0.044903805193751326	0.009359839126360278	1.39e-321
EXO1_0_multinomial_train1.61	3.1e-322	0.8577369370119172	5.016195427506419e-106	0.023648035754067757	0.04944783929010655	0.04566026836631608	0.023506919577592326	1.057e-321
EXO1_0_multinomial_train1.62	3.1e-322	0.8683606842537082	1.645682815497887e-88	2.7947767955819476e-133	0.0871760942367025	0.044463221509589396	1.460127808262051e-230	1.06e-321
EXO1_0_multinomial_train1.63	3.2e-322	0.8446963352648464	2.703e-321	0.020293781124596306	0.12145393903662349	0.013555944573933639	2.7407630744571327e-73	1.08e-321
EXO1_0_multinomial_train1.64	3.06e-322	0.8568625518580786	1.3529088627827358e-128	0.023919005810581206	0.1192184423313402	7.253129707458291e-17	3.3227554773409317e-22	1.03e-321
EXO1_0_multinomial_train1.65	3.16e-322	0.8442405798904656	4.381212920532739e-214	4.287262824999261e-82	0.07952125427728121	0.04727291133034673	0.02896525450190658	1.42e-321
EXO1_0_multinomial_train1.66	3e-322	0.8400945646189317	1.9335474029451723e-156	0.04989110792525897	0.06813590178649001	0.04187842566931934	1.4324524670909293e-151	1.354e-321
EXO1_0_multinomial_train1.67	3.36e-322	0.8224729636577165	4.333e-321	0.045402035836312596	0.013937947580273847	0.07347283278475944	0.04471422014093753	1.136e-321
EXO1_0_multinomial_train1.68	5.83e-322	0.8296319936654191	2.06e-321	0.042757896302824276	0.1276101100317565	2.0310816395788643e-22	6.743071766509068e-137	1.31e-321
EXO1_0_multinomial_train1.69	6e-322	0.8665705533643535	3.024e-321	0.039903315790506204	0.012168316576902061	0.08135781426823807	7.390449033120712e-97	1.38e-321
EXO1_0_multinomial_train1.70	3.3e-322	0.86551922129734	9.129661676449899e-292	0.013870296579110923	0.017912817995852044	0.02414508887187282	0.07855257525582428	1.13e-321
EXO1_0_multinomial_train1.71	2.87e-322	0.8777869387545171	3.206e-321	6.468397431951059e-109	0.09160663411778903	0.03060642712769371	2.6705545542277455e-16	1.294e-321
EXO1_0_multinomial_train1.72	3.16e-322	0.8516767076340798	1.358353249066621e-278	3.909249927682573e-16	0.12758882528892987	0.019423944426080055	0.0013105226509099114	1.05e-321
EXO1_0_multinomial_train1.73	5.93e-322	0.8428592045038077	3.36e-321	0.007685628920798462	0.048832138977365394	0.0860942677823628	0.01452875981566555	1.35e-321
EXO1_0_multinomial_train1.74	2.9e-322	0.891490495311894	3.521770295655521e-201	0.011162709298649097	0.018412761228440346	0.05935753395078984	0.019576500210226763	1.01e-321
EXO1_0_multinomial_train1.75	3.1e-322	0.7629611637748348	0.006352993722742314	0.09805935886509434	0.01153654913619615	0.12108993450113234	1.0994163325660452e-23	1.41e-321
EXO1_0_multinomial_train1.76	3.3e-322	0.819523428714629	1.3049204168337522e-86	1.8931951292146198e-17	0.061452730647320035	0.11902384063805088	1.8171084960711943e-111	1.117e-321
EXO1_0_multinomial_train1.77	2.9e-322	0.8513883307792801	0.007263771854115504	2.3340286777740655e-98	0.13166834405716743	0.009679553309436944	1.1430165609924546e-157	9.73e-322
EXO1_0_multinomial_train1.78	3.06e-322	0.8391905560898871	3.88e-321	0.006956894526675834	0.08056127578841424	0.06654436894235814	0.006746904652664639	1.033e-321
EXO1_0_multinomial_train1.79	3.06e-322	0.8322550082330032	0.004063362400987708	0.011481463686350613	0.11092368256562879	0.04127648311402975	5.103836642885814e-160	1.042e-321
EXO1_0_multinomial_train1.80	3e-322	0.8674041608929739	1.4603701018302393e-30	0.054048876624754556	0.0785469624822714	1.0595306464620524e-90	4.076749508222339e-75	1.013e-321
EXO1_0_multinomial_train1.81	3.16e-322	0.8655497688573498	1.7752489356685437e-235	8.449317483760102e-128	0.09179481076181893	0.006533226975809837	0.03612219340502144	1.423e-321
EXO1_0_multinomial_train1.82	3.06e-322	0.8745110330984652	8.171383403795301e-214	5.4883089252425e-51	0.06917540460209955	0.02812649918620096	0.02818706311323437	1.042e-321
EXO1_0_multinomial_train1.83	3.16e-322	0.8034581264469558	1.4675658814820718e-259	0.00041949279087314745	0.06695571781768889	0.129166662944482	3.3233238564034436e-110	1.06e-321
EXO1_0_multinomial_train1.84	3.06e-322	0.8686270170132594	2.5769213781433342e-250	3.750822327884228e-190	0.13137298298674047	2.947590688750771e-44	6.144514895791254e-153	1.02e-321
EXO1_0_multinomial_train1.85	3.16e-322	0.8398178210844478	6.897702134096476e-57	4.223008219109405e-134	0.007930809730958456	0.1522513691845939	1.3142836893019471e-195	1.087e-321
EXO1_0_multinomial_train1.86	2.96e-322	0.8442027798072783	6.019343698555173e-60	1.9184774123944117e-90	0.08641911390732032	0.06937810628540123	2.34e-321	1.013e-321
EXO1_0_multinomial_train1.87	3.1e-322	0.8409564587028115	1.4249568203e-314	0.055766859320782326	0.004443066670182536	0.053532677128361614	0.04530093817786202	1.05e-321
EXO1_0_multinomial_train1.88	3.2e-322	0.8621160676936521	5.308318203642286e-300	4.7437619578723013e-54	9.593743310638698e-08	0.059455467165580145	0.0784283692033346	1.457e-321
EXO1_0_multinomial_train1.89	3.16e-322	0.870741612854846	2.850251543309356e-203	0.00854485351962229	0.09912746565743423	0.00023635137207157056	0.021349716596025907	1.06e-321
EXO1_0_multinomial_train1.90	5.83e-322	0.8067874228929676	0.01314269738603891	0.0509588880143535	0.0329382593820024	0.09617273232463773	1.245717346094304e-260	1.324e-321
EXO1_0_multinomial_train1.91	3e-322	0.9005965369861597	0.0008849995763577143	1.2529627293551056e-198	1.9791379444852803e-29	0.048431413696669263	0.050087049740813384	1.4e-321
EXO1_0_multinomial_train1.92	2.96e-322	0.810010708560028	4.1419146170513887e-13	3.0840740629212563e-23	0.06706751878293142	0.12292177265662636	9.941891784248099e-105	1.344e-321
EXO1_0_multinomial_train1.93	3.36e-322	0.8898321811857166	3.365e-321	0.03059910810902483	0.05669634396874496	1.829852525748057e-25	0.022872366736513744	1.16e-321
EXO1_0_multinomial_train1.94	3.2e-322	0.8134107929830792	3.19e-321	0.025401022402275236	0.023045810283805264	0.12537808922785604	0.01276428510298422	1.08e-321
EXO1_0_multinomial_train1.95	3.1e-322	0.8212524175962562	9.859700531187564e-84	4.803030826235933e-163	0.03144464802220021	0.1473029343815436	1.1230008525121254e-121	1.07e-321
EXO1_0_multinomial_train1.96	2.6e-322	0.9158883234586224	0.004481044344339049	2.594e-321	0.0670543306710648	0.012485814050967489	9.048747500624655e-05	1.206e-321
EXO1_0_multinomial_train1.97	3.36e-322	0.7896457397074638	3.82e-321	0.024824188555292042	0.09333803777141329	0.09219203362064056	3.451904634039258e-10	1.13e-321
EXO1_0_multinomial_train1.98	6.3e-322	0.8135103324183517	3.13e-321	8.678328121199626e-15	0.054231152044341556	0.11070695683724287	0.021551558700055196	1.423e-321
OGG1_0_multinomial_train1	5.5344463263833525e-247	1.754e-321	2.39e-321	5.1158852163057994e-158	0.3093410983349188	1.362885774216318e-22	0.690658901665081	2.026e-321
OGG1_0_multinomial_train1.1	0.05184332077932998	2.25e-321	1.806507613193628e-146	3.13331481662165e-241	0.09749979562453359	4.931178220284166e-72	0.8506568835961364	2.5242476540456112e-231
OGG1_0_multinomial_train1.2	0.016133456774573868	2.24e-321	0.0038146571215613378	4.939584045122264e-264	0.15896560033801962	0.07851027075416445	0.7425760150116807	3.253267986358384e-191
OGG1_0_multinomial_train1.3	0.005527723837654438	2.357e-321	3.69e-321	7.6e-322	0.07316256178898743	1.896417720652961e-120	0.9213097143733582	5.042835682497e-312
OGG1_0_multinomial_train1.4	0.026270620226233554	1.225e-321	1.97e-321	5.4e-322	7.175098773205665e-136	1.164366968555651e-249	0.9737293797737665	1.705e-321
OGG1_0_multinomial_train1.5	0.034627855993138126	1.136e-321	2.144e-321	3.486130979224763e-280	0.22144081624960324	5.3959005145463875e-76	0.7439313277572586	2.307e-321
OGG1_0_multinomial_train1.6	3.76e-321	1.44e-321	2.25e-321	4.4519069801205065e-207	0.2569321179188132	0.09370761664346018	0.6493602654377267	1.9e-321
OGG1_0_multinomial_train1.7	0.02834391695843446	3.549421399283132e-249	0.01669621611030787	7.707253413849198e-231	1.5520371531499213e-10	0.016202807070765605	0.9387570597052883	1.645731095603254e-132
OGG1_0_multinomial_train1.8	0.028418688071475018	1.467e-321	7.060365163075722e-10	4.5e-322	5.217839251079416e-28	1.2303569642206203e-243	0.9715813112224885	2.263e-321
OGG1_0_multinomial_train1.9	0.024416841759064868	1.57e-321	4.74e-321	5.73e-322	4.5346309745798084e-129	5.669804132817492e-231	0.975583158240935	2.73e-321
OGG1_0_multinomial_train1.10	0.040287781738733305	1.695e-321	0.01486969841746399	4.186079715257293e-169	7.261014996654036e-12	0.001389454868200281	0.9434530649683412	8.095560942146943e-215
OGG1_0_multinomial_train1.11	0.04447506424281452	1.453e-321	5.920408983390072e-272	5.43e-322	8.380899535691337e-34	1.825970921599944e-130	0.9555249357571854	3.305e-321
OGG1_0_multinomial_train1.12	0.052362075919319524	7.017822900353472e-256	3.4118333237711626e-84	1.6839928892521327e-201	0.11532263630847563	0.04261097017898148	0.7897043175932233	1.296483439366975e-175
OGG1_0_multinomial_train1.13	0.02052917862220911	9.169944e-317	8.199531826381416e-307	2.027975695433207e-134	0.017690787299882924	0.04873588995137591	0.9130441441265321	1.467778298510629e-227
OGG1_0_multinomial_train1.14	5.763324235073393e-196	2.29e-321	2.475e-321	4.3724388554098846e-192	0.11577906522970982	0.10128875522506164	0.7829321795452286	2.93e-321
OGG1_0_multinomial_train1.15	0.0560358870147835	2.006e-321	1.3533825724990684e-118	3.3757502339438463e-302	0.0661509563624238	2.0486135598412392e-36	0.8778131566227928	7.587920940375718e-305
OGG1_0_multinomial_train1.16	0.030966087534933878	2.41e-321	0.00997780520551686	3.5700170995834475e-264	3.58429225382491e-39	0.008599313579781692	0.9504567936797677	1.5009307711246674e-199
OGG1_0_multinomial_train1.17	0.029943362667206267	2.095e-321	1.5953601764899117e-100	1.0547467775586697e-128	8.809102131607455e-14	0.07510739522203269	0.8949492421106731	1.2125881039972841e-160
OGG1_0_multinomial_train1.18	0.007108925608845876	1.74e-321	1.7817164611777744e-266	7.833369018023701e-259	2.049526761396388e-31	0.09625085293984732	0.8966402214513068	2.59e-321
OGG1_0_multinomial_train1.19	0.04241868160653422	1.947e-321	0.003056700505961168	6.739022007713001e-280	0.12899882090920672	6.834540361239344e-93	0.825525796978298	2.1570045007814636e-210
OGG1_0_multinomial_train1.20	0.04613623840721843	2.318591095054785e-304	7.3659160653773035e-236	9.54e-322	0.0278572629239704	1.5687036858807823e-95	0.9260064986688111	6.401381138148404e-264
OGG1_0_multinomial_train1.21	0.016200093828199032	2.327e-321	5.129220673106553e-211	9.75928440760173e-230	0.14095782579729385	0.05937812788516403	0.7834639524893432	1.0808335117352002e-239
OGG1_0_multinomial_train1.22	0.06582063740184387	1.433e-321	1.81e-321	7.042698937594939e-279	0.059449042897296925	1.0674782650850222e-19	0.8747303197008592	1.5200217216355847e-308
OGG1_0_multinomial_train1.23	0.006712042685488073	1.4e-321	2.23e-321	1.9955730633969403e-169	0.281586892655255	0.004861061968200762	0.7068400026910562	2.416e-321
OGG1_0_multinomial_train1.24	0.0168454353291854	1.76e-321	3.69e-321	4.637195060514911e-209	0.32074529924665146	0.07372430102008923	0.5886849644040737	7.883476168464475e-258
OGG1_0_multinomial_train1.25	2.37e-321	1.15e-321	1.8e-321	5.354475009188333e-255	0.2217206259257368	1.3857845513142532e-136	0.7782793740742632	1.61e-321
OGG1_0_multinomial_train1.26	0.023539803895321183	2e-321	1.849591096578733e-238	1.4011747642205864e-267	0.07802994661249837	0.05829452803481226	0.8401357214573684	7.106922958715773e-219
OGG1_0_multinomial_train1.27	0.049592325875880215	2.327e-321	3.547e-321	2.2056375647718823e-239	4.589842125512803e-28	1.718921610756663e-69	0.9504076741241198	7.801320464868715e-262
OGG1_0_multinomial_train1.28	0.01014795108268514	1.803e-321	9.473576570126822e-112	1.6448526277006928e-289	0.15045447038171061	0.018480435086823458	0.8209171434487806	1.9976445041589623e-298
OGG1_0_multinomial_train1.29	0.05750398305583317	7.2779642329968e-310	4.267033402442462e-80	1.20987645e-316	0.04464354600841376	1.785396886372854e-36	0.8978524709357529	4.3972303722770313e-215
OGG1_0_multinomial_train1.30	0.0465415389160435	2.37e-321	0.0031516837664915943	4.40918247678035e-309	0.05158114685352213	0.0001774273666147621	0.898548203097328	1.0931008402706579e-214
OGG1_0_multinomial_train1.31	0.02186227795282817	1.403e-321	2.633e-321	8.9e-322	0.21172028246164104	0.07055891012818118	0.6958585294573496	2.633e-321
OGG1_0_multinomial_train1.32	0.025491899606093493	2.036e-321	0.007214216947094744	1.5356512641792004e-272	0.12737845154430144	0.0475446527135721	0.7923707791889383	9.65876950538689e-202
OGG1_0_multinomial_train1.33	0.03123813374762641	1.487e-321	2.8555392009312845e-95	4.6e-322	1.8900588769980934e-48	2.677790920561923e-232	0.9687618662523735	2.283e-321
OGG1_0_multinomial_train1.34	0.05347698403824835	1.695e-321	4.54e-321	2.741127326600416e-308	0.17730451760130714	8.970326254625913e-92	0.7692184983604445	1.9984185239816304e-284
OGG1_0_multinomial_train1.35	0.01572767934133742	1.4028765208468854e-260	0.008705252461458344	6.029118367912028e-221	0.025750193469289126	1.220193694473214e-34	0.949816874727915	3.9063792742982763e-166
OGG1_0_multinomial_train1.36	0.012507394694107207	1.443e-321	1.863e-321	7.16e-322	0.2170562925499586	2.9099063340246332e-151	0.7704363127559342	2.5e-321
OGG1_0_multinomial_train1.37	0.03926674107914848	2.22e-321	0.009197729035194085	2.559623e-317	0.15189618849119085	1.779850751355459e-56	0.7996393413944665	1.290663685698545e-264
OGG1_0_multinomial_train1.38	0.013777570080015495	2.485e-321	0.013123019724366773	8.680831332861407e-187	0.20375470424962888	0.05803090820464923	0.7113137977413395	1.2533434277734129e-131
OGG1_0_multinomial_train1.39	0.028334252007750062	2.27e-321	0.01323739285506671	8.405913526349044e-255	0.10437421993345841	8.070174308549947e-20	0.854054135203725	4.715296068846818e-184
OGG1_0_multinomial_train1.40	0.07147232056912001	1.82e-321	4.117177393334267e-275	4e-322	2.9824165451001005e-58	1.0929050418593362e-240	0.9285276794308799	2.3e-321
OGG1_0_multinomial_train1.41	0.010780006256365465	2.54e-321	0.0062241601496975055	6.47e-322	2.1631538846392634e-29	1.2542106554415682e-138	0.982995833593937	2.378378815925225e-296
OGG1_0_multinomial_train1.42	0.025187363699817805	1.487e-321	3.626e-321	4.571425670848882e-282	0.2746755599300192	0.09851386893705476	0.6016232074331083	1.5421524938843866e-289
OGG1_0_multinomial_train1.43	0.06625425518218418	2.574e-321	3.923e-321	1.15878826724255e-252	0.039041047747767794	8.602397613730389e-63	0.8947046970700481	3.5348768287500413e-214
OGG1_0_multinomial_train1.44	9.696198887218162e-148	2.03e-321	0.019374899524449988	6.587220088909944e-296	0.06266348019158532	3.860424599285411e-52	0.9179616202839646	3.914083471628344e-267
OGG1_0_multinomial_train1.45	0.017521059832607735	1.69e-321	1.69901208202315e-262	4.0770548887487897e-166	0.011901748396003605	0.13237712935931276	0.8382000624120758	1.4714544875500373e-267
OGG1_0_multinomial_train1.46	0.04309999254329768	2.68e-321	8.116759035642522e-74	9.04e-322	2.5725818069263045e-36	0.02350086088668051	0.9333991465700219	5.552754802881258e-148
OGG1_0_multinomial_train1.47	0.016009643184144145	2.026e-321	9.248143286012681e-177	2.0486500479463416e-181	0.10336240749130944	0.08828658365370025	0.7923413656708462	7.94594418351666e-244
OGG1_0_multinomial_train1.48	0.01762085858935757	2.045e-321	1.2903376281488319e-201	1.470951446601877e-151	0.0733113999759798	0.08654687191793159	0.822520869516731	1.868281275015606e-239
OGG1_0_multinomial_train1.49	0.036821863782694676	1.635e-321	3.014e-321	8.273146103900368e-292	0.3088968507507497	1.1049382017310034e-77	0.6542812854665556	2.347e-321
OGG1_0_multinomial_train1.50	0.01434591673911509	2.016e-321	0.020935606023597418	7.66e-322	2.818815657793369e-16	0.14757892707472847	0.8171395501625587	1.4857561022298852e-191
OGG1_0_multinomial_train1.51	0.06636934399962804	1.423e-321	1.754e-321	3.0171680356533708e-223	0.1668683035979736	9.796438146421742e-14	0.7667623524023004	2.604e-321
OGG1_0_multinomial_train1.52	0.03348271198488864	2.045e-321	4.011893197842954e-186	3.0752527808235e-301	0.01861586573063543	0.017970213213651862	0.929931209070824	8.475845778603454e-286
OGG1_0_multinomial_train1.53	0.033889868270034575	1.0368427634591947e-306	5.011294809450226e-144	1.278675819021824e-309	0.015868212377881788	5.149469506143809e-100	0.9502419193520837	6.153789945261533e-225
OGG1_0_multinomial_train1.54	0.012463489780202244	2.13e-321	0.005912026328560259	4.84e-322	3.731508404022892e-66	2.3006956340131805e-213	0.9816244838912376	2.806e-321
OGG1_0_multinomial_train1.55	0.02293650006647407	2.33e-321	7.813228438896882e-21	5.2689024e-316	0.06444756595858878	0.19672703050277063	0.7158889034721665	9.346607236193532e-199
OGG1_0_multinomial_train1.56	0.025913743457481566	1.95e-321	3.987e-321	1.4427568692837484e-140	0.39363322970756337	0.023292716604111596	0.5571603102308436	1.6962262217472081e-224
OGG1_0_multinomial_train1.57	0.04473247300914453	2.757e-321	5.36e-321	6.894383120304382e-232	2.3073061082381173e-35	0.0432865654769539	0.9119809615139016	1.299457171568133e-197
OGG1_0_multinomial_train1.58	0.016648567228610394	1.81e-321	6.15931564883e-312	5.2706119121232975e-284	0.38046306276255554	8.351142372400096e-23	0.6028883700088341	2.623e-321
OGG1_0_multinomial_train1.59	0.014130490985472923	1.714e-321	4.966841830436376e-07	5.569530433745015e-213	0.2421203167930608	0.07591017622784638	0.6678385193094367	4.6293476935647415e-220
OGG1_0_multinomial_train1.60	0.022434278267432793	3.526854725776515e-256	0.018049577920832706	4.9189788161679023e-147	0.0645443409781155	0.1377917823645974	0.7571800204690218	1.5346480682069517e-98
OGG1_0_multinomial_train1.61	0.04760338987820062	1.68e-321	3.716343520836261e-200	8.140771018538551e-226	0.27407396892075647	1.1586093981679865e-41	0.6783226412010429	5.386026425571596e-287
OGG1_0_multinomial_train1.62	0.024991944174924046	1.724e-321	6.745375356371798e-155	7.3e-322	0.13173840885705923	2.1848412328394534e-11	0.8432696469461683	1.0833686736146792e-301
OGG1_0_multinomial_train1.63	0.03471718036536223	1.764e-321	0.019485979059183686	7.66e-322	0.016496568694611774	0.0349619849339466	0.8943382869468957	1.5031947671318774e-240
OGG1_0_multinomial_train1.64	0.025132766815672024	1.82e-321	0.0018615614180142583	1.57086910747927e-241	0.13605599657506465	0.011537059207384799	0.8254126159838644	1.944381995240811e-170
OGG1_0_multinomial_train1.65	0.015694110892887164	4.339705522207545e-221	2.8829607386157843e-283	1.2906738133518782e-85	0.13334936266433303	0.10355602089170816	0.7474005055510715	1.9529045941739535e-117
OGG1_0_multinomial_train1.66	0.014153313516382555	2.707e-321	0.004427700867335571	2.49601781881548e-233	1.0032407183763056e-05	0.11375337741632303	0.8676555757927751	2.8743307765920855e-146
OGG1_0_multinomial_train1.67	0.022738166403107146	1.62854406e-315	1.2681454300805978e-35	4.55493144056896e-75	0.1590787571081947	0.1032276044702486	0.7149554720184494	1.108037828967687e-152
OGG1_0_multinomial_train1.68	0.009278109429933462	1.784e-321	1.99e-321	6.150996661322984e-220	0.18184959791697258	1.5615246455151265e-51	0.808872292653094	2.955e-321
OGG1_0_multinomial_train1.69	0.036806723066322745	1.74e-321	2.806e-321	3.2229154007654662e-257	0.21045047874934644	0.009756137728235258	0.7429866604560955	2.787e-321
OGG1_0_multinomial_train1.70	0.030547958633153828	1.99e-321	2.465e-321	1.2096705093229454e-87	2.3380253793355596e-13	0.02832579539784893	0.9411262459687634	2.4364439054493508e-229
OGG1_0_multinomial_train1.71	1.793e-321	1.52e-321	8.289930916627328e-86	5.892631141865882e-290	0.11137370704109988	4.9572346905835106e-55	0.8886262929589002	1.49e-321
OGG1_0_multinomial_train1.72	0.03634868515466498	1.86e-321	0.00225680303160923	6.919614484666046e-280	0.028570408381901058	0.03777275073797418	0.8950513526938506	5.059051205204175e-221
OGG1_0_multinomial_train1.73	0.0342025076298809	2.07e-321	0.012709672893245523	7.166997e-317	0.046506544076198246	0.021568431213969837	0.8850128441867056	1.814339884920416e-228
OGG1_0_multinomial_train1.74	4.185e-321	2.475e-321	1.5649864724441718e-143	3.589223168570301e-282	0.04034471913439793	0.0791924140419839	0.8804628668236182	6.128766265031935e-299
OGG1_0_multinomial_train1.75	0.035279825402404826	1.803e-321	5.95239825072923e-197	5.73e-322	2.4446309691971424e-76	3.99114060394909e-221	0.9647201745975952	3.6908371468504426e-291
OGG1_0_multinomial_train1.76	0.019898676488414202	1.087e-321	2.055e-321	1.3644995619572464e-296	0.26340143917703035	2.2056057077802324e-66	0.7166998843345553	1.73e-321
OGG1_0_multinomial_train1.77	0.01858920896494669	1.8322966175656029e-301	0.006613769510512857	4.3888775e-317	0.03168095608012983	0.0011403611163092486	0.9419757043281014	3.2460529425970662e-254
OGG1_0_multinomial_train1.78	7.74096969857017e-174	4.248462245167572e-192	0.005836855427904253	1.0203181327605165e-176	0.22336850178201853	3.059853604510376e-34	0.7707946427900771	1.701989846065105e-181
OGG1_0_multinomial_train1.79	3.854e-321	1.18e-321	2.905e-321	7.66e-322	0.035687115999155986	1.11660190788775e-115	0.9643128840008441	1.68e-321
OGG1_0_multinomial_train1.80	0.04631020590743956	2.28e-321	0.0063145293794051646	6.114727035596139e-270	0.034871493365313984	1.617500628323164e-98	0.9125037713478413	2.3270581501906358e-226
OGG1_0_multinomial_train1.81	0.016690926698488893	1.47e-321	2.8364e-320	7.16e-322	5.0189319847387875e-24	7.295509786033569e-129	0.9833090733015111	2.297e-321
OGG1_0_multinomial_train1.82	0.009576194412945077	2.357e-321	3.64e-321	9.642300613635222e-209	0.09694078713715065	0.015356968530888613	0.8781260499190157	1.0012752252886362e-223
OGG1_0_multinomial_train1.83	0.03518239517373796	1.176e-321	1.33e-321	8.94e-322	0.2177094141345698	9.597231261538274e-61	0.7471081906916921	2.115e-321
OGG1_0_multinomial_train1.84	0.006682787471433335	3.2531515e-315	0.003418376896982861	2.2691262232068397e-145	0.16599336835092646	0.04449906496375068	0.7794064023169067	5.389712942850499e-166
OGG1_0_multinomial_train1.85	0.02462626483854546	1.59e-321	3.41e-321	1.491101163062324e-254	0.29072135608001315	5.968354389433654e-141	0.6846523790814413	2.31e-321
OGG1_0_multinomial_train1.86	0.012542168078583797	2.273e-321	1.2603985944719652e-129	1.4234037296536742e-127	0.0701878859119721	0.07007959657827569	0.8471903494311684	3.480288374038589e-190
OGG1_0_multinomial_train1.87	0.03739920318975856	2.623e-321	0.017256767274451412	9.562216367400314e-244	0.08568017234110056	2.783727509775929e-16	0.8596638571946893	1.8727116047730984e-188
OGG1_0_multinomial_train1.88	0.04350800625517851	1.453e-321	3.09e-321	8.5e-322	0.34806058417160235	4.800866829987907e-27	0.6084314095732191	2.683e-321
OGG1_0_multinomial_train1.89	0.014897211420128217	1.675e-321	0.0010257731630641403	2.0283236986216442e-162	0.2197070012776797	0.02986206479544587	0.7345079493436821	4.979003374578498e-217
OGG1_0_multinomial_train1.90	0.057187467096239585	1.3579551632225687e-296	4.85790448864827e-124	1.2974688178735507e-233	0.11199528588837682	7.735326400227424e-43	0.8308172470153836	2.7713547879587204e-116
OGG1_0_multinomial_train1.91	0.03058320632118334	1.423e-321	5.0832542982163176e-51	1.2830043969494438e-243	0.20975740410224178	0.04054386971012333	0.7191155198664516	3.4877194292305083e-239
OGG1_0_multinomial_train1.92	0.02745677501095651	2.376e-321	4.886e-321	2.767904757589866e-228	0.33013465043693613	0.009580492407191991	0.6328280821449155	2.1283314135906113e-284
OGG1_0_multinomial_train1.93	0.020252056299943443	2.340569536161589e-290	0.002197460387149884	1.2350078902381684e-305	2.9911332295978996e-08	0.03145753748652954	0.9460929159150447	2.4178468194128187e-171
OGG1_0_multinomial_train1.94	0.0579069898254375	2.04e-321	4.89e-321	3.537350352164236e-204	1.6231153797159958e-11	0.036259948325244484	0.9058330618330868	1.4470697025558461e-232
OGG1_0_multinomial_train1.95	0.0002640829540254771	3.359410858556037e-169	1.874802141448356e-181	7.5200742575985e-72	2.1377013165973692e-73	0.0408080604566056	0.9589278565893689	5.172528423728719e-92
OGG1_0_multinomial_train1.96	0.026278132791605187	1.747099067006161e-276	0.013963182075091275	3.9552840825731533e-264	1.8878616005416994e-13	0.004880000329665885	0.954878684803449	1.4020129493365656e-125
OGG1_0_multinomial_train1.97	0.016917417703702663	1.357499722e-314	0.02767072412190156	4.3054563781887e-310	0.020450660446591832	6.918598482318108e-11	0.9349611976586178	3.3575471905689168e-214
OGG1_0_multinomial_train1.98	0.003997034472329149	1.146e-321	1.242206315707148e-284	2.4817205024950425e-173	0.10827163881403817	0.09360539338371479	0.7941259333299178	2.63e-321
RNF168_0_multinomial_train1	6.5e-322	0.664922992786551	0.061625042026046226	3.0760067742101823e-87	0.25278108496238294	0.02067088022501975	1.1774353692635217e-242	2.105e-321
RNF168_0_multinomial_train1.1	3.36e-322	0.599942463098438	0.07552440092341231	0.07809290319856925	0.23805508138661738	1.3925048780274812e-58	0.008385151392963128	1.803e-321
RNF168_0_multinomial_train1.2	5.5e-322	0.8074230113040045	3.39e-321	9.83e-322	0.1581835277675045	1.6e-321	0.03439346092849092	2.41e-321
RNF168_0_multinomial_train1.3	2.7e-322	0.6225963622290738	0.14061016429272333	0.08655961715058007	0.09508283104249529	2.1507044371516468e-41	0.055151025285127685	1.186e-321
RNF168_0_multinomial_train1.4	3e-322	0.5508127598414326	0.07139852158046071	0.20623042745245476	0.171558291125652	4.550122146577329e-27	1.4598039220615266e-84	1.645e-321
RNF168_0_multinomial_train1.5	2.57e-322	0.8259451569089231	3.607837338157875e-256	0.0026535658111020185	0.17140127727997498	5.313669365301081e-76	5.38615061838249e-162	1.13e-321
RNF168_0_multinomial_train1.6	6.03e-322	0.6235818903863497	0.11988931545749149	2.091635805714214e-157	0.25652879415615876	8.527046223860009e-170	1.6973210664082542e-195	1.93e-321
RNF168_0_multinomial_train1.7	2.96e-322	0.7419431228805924	0.08371545168213812	3.631207433775263e-43	0.17434142543726938	2.3625483377539678e-39	6.7819506061074094e-192	1.625e-321
RNF168_0_multinomial_train1.8	2.8e-322	0.7203580453156606	0.044905212367051424	2.27e-321	0.18409125184987415	0.05064549046741397	1.15e-321	1.255e-321
RNF168_0_multinomial_train1.9	5.8e-322	0.8199367192817189	1.986e-321	2.4e-321	0.18006328071828132	1.720797298854808e-209	4.65634943733693e-22	1.596e-321
RNF168_0_multinomial_train1.10	5.53e-322	0.6553351117600792	0.0639340927651187	0.07040652549730018	0.21032426997750198	3.504434812357236e-94	8.481135184551445e-146	1.8e-321
RNF168_0_multinomial_train1.11	2.96e-322	0.7296731292067915	0.0895414157266499	7.677923275335062e-192	0.18078545506655858	9.239279425252537e-45	6.591060815388051e-217	1.285e-321
RNF168_0_multinomial_train1.12	3e-322	0.6633769481983394	1.567201229065418e-117	0.10328726211098087	0.21800133064937105	0.015334459041308536	1.4142527700080882e-187	1.645e-321
RNF168_0_multinomial_train1.13	2.96e-322	0.6407596869354952	0.0709469873506297	0.13520724585071014	0.024875420707498527	0.12821065915566632	2.549185805267821e-251	1.344e-321
RNF168_0_multinomial_train1.14	2.96e-322	0.6502862898143231	0.08201112728030856	0.06548396482423305	0.09487572192699573	0.024865742053562588	0.082477154100577	1.28e-321
RNF168_0_multinomial_train1.15	3e-322	0.49536753912495435	0.13613927102257722	0.09471238316938987	0.10150459039940314	0.1722762162836754	8.65e-322	1.645e-321
RNF168_0_multinomial_train1.16	5.83e-322	0.5257807677124204	0.12534969817574987	2.1447544082912868e-54	0.34886953411182975	4.4538377772293613e-32	1.8669813611587012e-115	2.416e-321
RNF168_0_multinomial_train1.17	2.4e-322	0.6715305628372352	0.03301671139764303	0.04516497697701134	0.11883214192014817	0.13145560686796234	4.9214919338993504e-142	1.06e-321
