Samples	SBS96A	SBS96B	SBS96C	SBS96D	SBS96E
EXO1_0_real_train1	0.8260066874011237	0.021414374933290445	0.018159633155070503	0.11690495138453529	0.017514353125980077
OGG1_0_real_train1	6.895519001690389e-130	0.015265770387629891	0.07706733603215273	0.10060282015142985	0.8070640734287874
RNF168_0_real_train1	0.7946224833279368	6.571958731914911e-159	0.10507981788334646	0.07308171193894959	0.02721598684976704
UNG_0_real_train1	0.05963083046958225	0.0024822219213527646	0.019904526023155508	0.8214421588054146	0.09654026278049474
ATP2B4_0_real_train1	0.13803765768816972	3.5294247431429604e-09	0.5596095034709718	0.18612937137588384	0.11622346393555
ATP2B4_1_real_train1	3.614171494448249e-160	0.10199199125584504	0.7577247905621318	6.369176857567241e-169	0.1402832181820233
MLH1_0_real_train1	2.5e-321	0.9467070780846245	1.37e-321	0.05089432100612402	0.002398600909251421
MSH2_0_real_train1	2.065e-321	0.878235541298407	8.102474119183156e-200	0.11412294030093445	0.00764151840065861
MSH6_0_real_train1	1.3591409690141848e-303	0.9505408801015991	1.597540387196401e-189	0.03139883043762104	0.018060289460779796
MSH6_1_real_train1	2.9402812364165197e-262	0.9703275846746022	5.5526918666469274e-297	2.7190332745287377e-17	0.029672415325397838
PMS1_0_real_train1	6.539389046296991e-230	0.2101002277179024	0.5567581517464797	0.18993424986376567	0.04320737067185244
PMS2_0_real_train1	0.4580865635079747	0.5298752708665089	2.10385375302937e-283	3.16e-322	0.012038165625516479
EXO1_0_dirichlet_train1	0.8203661500419911	2.1808670160509878e-147	1.86e-321	0.01012112637708915	0.16951272358091987
RNF168_0_dirichlet_train1	0.7662229910034422	3.91e-321	0.0831626602614375	0.15061434873512022	4.55e-322
RNF168_0_dirichlet_train1.1	0.8620434512389116	3.093e-321	3.711106266943901e-54	2.0952481176937535e-276	0.1379565487610884
EXO1_0_dirichlet_train1.1	0.6576438603678286	0.05503109931331184	0.15463610564652028	0.13268893467233928	1.166e-321
RNF168_0_dirichlet_train1.2	0.9082392016629384	6.67e-322	9.264647575555303e-136	1.033e-321	0.09176079833706155
RNF168_0_dirichlet_train1.3	0.8762052641280536	5.387624678e-314	2.39e-321	0.029607632341732994	0.09418710353021326
RNF168_0_dirichlet_train1.4	0.881386498137262	3.295e-321	0.09664452763620486	5.003417712713819e-12	0.021968974221529793
RNF168_0_dirichlet_train1.5	0.7627589268763899	1.0221314545622565e-78	7.76e-322	0.23724107312361	1.245e-321
RNF168_0_dirichlet_train1.6	0.6737161095055846	3.4e-322	1.4873887896234612e-25	0.2655473379318752	0.06073655256254034
RNF168_0_dirichlet_train1.7	0.7850028060030756	0.08222335288060513	0.05430673059364862	2.17e-321	0.07846711052267061
RNF168_0_dirichlet_train1.8	0.8404524337388966	1.399524222925933e-172	1.833e-321	0.045541200053103345	0.11400636620800024
EXO1_0_dirichlet_train1.2	0.6288739486646546	0.10965591969311103	3.7205472985871e-291	0.24118738184285832	0.020282749799376047
EXO1_0_dirichlet_train1.3	0.8931833035513234	0.02625627960491843	1.24e-321	0.07622615639566949	0.004334260448088793
RNF168_0_dirichlet_train1.9	0.6842698396555319	1.556e-321	0.05712035339609237	0.11743988055765807	0.14116992639071782
EXO1_0_dirichlet_train1.4	0.6693298461499757	0.03302226803185225	6.297373584715516e-221	0.29764788581817203	1.46e-321
EXO1_0_dirichlet_train1.5	0.9249175750436734	2.8270606934437e-310	9.8e-322	0.07508242495632651	7.72697110002393e-42
EXO1_0_dirichlet_train1.6	0.8769836501576002	6.97e-322	4.63271192e-315	0.12301634984239972	2.1e-321
EXO1_0_dirichlet_train1.7	0.7692108041603796	0.23078919583962038	3.073e-321	5.2087041587042665e-48	8.55e-322
EXO1_0_dirichlet_train1.8	0.7860881042596783	0.14220090765110968	1.18e-321	0.07171098808921199	2.87e-322
RNF168_0_dirichlet_train1.10	0.6695754105665342	0.09715874090245843	0.11058516179859416	0.12268068673241327	2.9203380438618133e-269
EXO1_0_dirichlet_train1.9	0.653859979118752	0.19670373089814872	9.19604471823127e-305	0.021631319434456477	0.12780497054864265
RNF168_0_dirichlet_train1.11	0.7561324423323391	0.06906725558049498	0.119627638111458	0.05517266397570789	1.755672049543801e-45
RNF168_0_dirichlet_train1.12	0.7266433303307166	8.9e-322	0.2354387517037712	0.03791791796551231	9.93e-322
EXO1_0_dirichlet_train1.10	0.8998436780768528	0.01813187333943455	0.08202444858371245	3.473e-321	5.29485851724134e-31
EXO1_0_dirichlet_train1.11	0.752422492630041	1.255e-321	0.024018716832771538	0.20427129912107392	0.019287491416113547
RNF168_0_dirichlet_train1.13	0.8093152545141535	0.1128484017229154	1.636238228744247e-148	0.077836343762931	6.432865428838261e-116
RNF168_0_dirichlet_train1.14	0.8319615737637283	0.06843103019508126	0.09960739604119057	1.9018e-319	2.9e-322
RNF168_0_dirichlet_train1.15	0.7470638109997205	9.2e-322	0.11454673188617229	0.13838945711410724	2.96e-322
RNF168_0_dirichlet_train1.16	0.5988057443032465	0.03976334329563299	0.18927237867896507	0.17215853372215537	3.1e-322
EXO1_0_dirichlet_train1.12	0.8386300157411204	2.94e-321	1.184768966105944e-155	0.07164272977188474	0.08972725448699492
RNF168_0_dirichlet_train1.17	0.6606813899493851	0.18989453845682164	0.04070468331915895	2.485e-321	0.10871938827463433
EXO1_0_dirichlet_train1.13	0.958437966131502	0.0033698330175580354	0.03819220085093997	2.7804330031147204e-303	2.18e-321
RNF168_0_dirichlet_train1.18	0.8613327581803977	2.48e-321	0.036463060097872195	0.003403558478780263	0.09880062324294983
EXO1_0_dirichlet_train1.14	0.6722917879046053	0.12115971665862144	0.1002373881557452	0.02212579029807836	0.08418531698294976
RNF168_0_dirichlet_train1.19	0.7041375067860414	0.10722004219131984	0.1012904046727173	0.01452621516059786	0.07282583118932362
RNF168_0_dirichlet_train1.20	0.5122215055112839	2.4991233120724046e-42	0.06432888298815802	0.27401911229144776	0.1494304992091102
EXO1_0_dirichlet_train1.15	0.5936121097104086	0.10955716024605636	0.020963222493289753	0.2758675075502454	6.27e-322
RNF168_0_dirichlet_train1.21	0.9786300247426919	2.55e-321	2.2262869780685067e-91	3.0866470126953687e-246	0.02136997525730811
RNF168_0_dirichlet_train1.22	0.7927231850661167	2.124e-321	0.14378353835842078	0.06349327657546243	5.437979291597181e-232
EXO1_0_dirichlet_train1.16	0.9469444649939757	0.017836067881275456	7.922177294810435e-296	4.3403853690937613e-190	0.03521946712474887
EXO1_0_dirichlet_train1.17	0.6798487230155671	0.05842673373587786	5.83e-322	0.2617245432485551	2.9e-322
RNF168_0_dirichlet_train1.23	0.8263163538122907	1.206e-321	1.1052797170144242e-110	0.10284007403999035	0.07084357214771889
EXO1_0_dirichlet_train1.18	0.7107014595059591	2.114139692802168e-230	9.860996324906085e-88	0.24222076979964438	0.04707777069439653
RNF168_0_dirichlet_train1.24	0.7533391905402014	0.01996852096422971	0.07747562951986073	0.11951157059988919	0.029705088375818908
RNF168_0_dirichlet_train1.25	0.7650665421921203	9.44e-322	0.23493345780787983	1.29e-321	3.0684097965115114e-192
RNF168_0_dirichlet_train1.26	0.7331384574986114	0.11190655925262319	4.175419803883136e-279	0.10364249939882034	0.05131248384994503
RNF168_0_dirichlet_train1.27	0.7209516980492809	0.06159837879095908	0.15746534955941893	0.05998457360034111	3.36e-322
RNF168_0_dirichlet_train1.28	0.6896134622400254	1.457e-321	0.28147114398535755	0.02891539377461686	2.96e-322
EXO1_0_dirichlet_train1.19	0.7284326475645073	0.04212090584174669	0.022569240184539412	0.20687720640920662	1.19e-321
RNF168_0_dirichlet_train1.29	0.9050942388078838	1.06e-321	0.08005939055769612	5.531249210779191e-284	0.014846370634420236
EXO1_0_dirichlet_train1.20	0.6247972797744784	0.22850870142919597	1.99e-321	0.14669401879632563	6.67e-322
RNF168_0_dirichlet_train1.30	0.6775894206071145	0.09491447589800937	0.22749610265196	8.429160937988693e-10	1.4e-322
RNF168_0_dirichlet_train1.31	0.9844436452242519	1.25e-321	0.007331810376691009	2.12e-321	0.008224544399057098
RNF168_0_dirichlet_train1.32	0.6511365846907922	2.434306814687509e-19	0.23248570232639285	0.11637771298281492	1.954304414061205e-281
RNF168_0_dirichlet_train1.33	0.767545157462859	1.88936616997856e-73	9.818663210295697e-102	0.1689670599130196	0.06348778262412132
EXO1_0_dirichlet_train1.21	0.6213295852405588	0.028441811125783215	0.2628505288257222	0.03439530543448418	0.052982769373451734
RNF168_0_dirichlet_train1.34	0.7893986683294275	0.09699820103068171	0.1136031306398909	1.51e-321	1.01e-321
EXO1_0_dirichlet_train1.22	0.773753317888784	0.17121166820543976	5.865111109751316e-117	0.04006614246646692	0.014968871439309344
EXO1_0_dirichlet_train1.23	0.7858218747627831	0.08149447271009644	4.4675285911083025e-128	0.1326836525271205	1.003e-321
RNF168_0_dirichlet_train1.35	0.41606138133103154	0.04625807631172198	0.2584403400742338	0.24813604310532053	0.031104159177692263
RNF168_0_dirichlet_train1.36	0.7910209516287658	0.066614846676551	0.015079920392926079	1.186e-321	0.12728428130175706
EXO1_0_dirichlet_train1.24	0.9956973222399269	6.8e-322	3.809072361208392e-150	5.927300918236149e-82	0.004302677760073096
RNF168_0_dirichlet_train1.37	0.8896288101506127	0.03989126543378645	0.04178192513273821	4.892526339239433e-78	0.028697999282862614
EXO1_0_dirichlet_train1.25	0.9953357595271621	2.4e-321	1.433e-321	3.940060844930728e-226	0.004664240472837946
RNF168_0_dirichlet_train1.38	0.6644593139978814	1.236345268698277e-285	1.1146833553025042e-123	0.22925121278140084	0.10628947322071773
EXO1_0_dirichlet_train1.26	0.9728096859263368	9.34e-322	1.58e-321	3.523e-321	0.0271903140736631
EXO1_0_dirichlet_train1.27	0.8258813894680657	6.763987304718716e-295	0.0746854748599851	0.09943313567194939	2.37e-322
EXO1_0_dirichlet_train1.28	0.8875454946157696	0.04868234538716609	0.04804019808535464	1.507e-321	0.015731961911709672
EXO1_0_dirichlet_train1.29	0.830288269271664	2.213e-321	0.07178855607256318	0.07661146747744621	0.02131170717832675
EXO1_0_dirichlet_train1.30	0.9815337971053764	0.01476167079748175	1.917e-321	0.0037045320971418705	1.46e-321
RNF168_0_dirichlet_train1.39	0.46788090276007266	0.32485443044272977	1.82e-321	0.1716269408969992	0.03563772590019837
RNF168_0_dirichlet_train1.40	0.7966916951481755	0.05495332304127095	0.1371576894776278	1.89e-321	0.011197292332925666
EXO1_0_dirichlet_train1.31	0.7800164317805213	2.3621796068951954e-81	1.343128385313174e-32	0.0844918980385754	0.13549167018090327
EXO1_0_dirichlet_train1.32	0.7125577469629996	0.16095668740074642	7.758554995681227e-21	0.1183763399015168	0.008109225734736995
EXO1_0_dirichlet_train1.33	0.8336804448354272	1.94e-321	1.6202080941843898e-97	0.055034283940141156	0.1112852712244315
RNF168_0_dirichlet_train1.41	0.7748102186593745	0.10358123919258301	0.006882659386172836	0.0665430975391838	0.04818278522268584
RNF168_0_dirichlet_train1.42	0.8766369735101225	1.6534523294448615e-23	0.02514059202730232	0.03024464940518437	0.06797778505739085
EXO1_0_dirichlet_train1.34	0.8125395382707593	0.1456554838535137	4.1113960207564697e-268	0.04180497787572708	3.66e-322
RNF168_0_dirichlet_train1.43	0.9068111167730534	1.003e-321	1.6755812545636563e-239	0.032395271632588166	0.060793611594358504
EXO1_0_dirichlet_train1.35	0.82723508630002	0.048515514546267575	3.8147276289587077e-277	0.12424939915371246	1.714e-321
EXO1_0_dirichlet_train1.36	0.6433229968384249	0.0037481491265254556	0.2726582492623449	0.05084972680169569	0.029420877971009212
RNF168_0_dirichlet_train1.44	0.760002244610466	2.583183934941867e-271	0.23356426075191392	0.006433494637620268	4.6e-322
EXO1_0_dirichlet_train1.37	0.8613920905573386	2.194e-321	1.615368749261595e-25	0.08264941596119199	0.055958493481469446
RNF168_0_dirichlet_train1.45	0.883039109587721	1.6161462145848523e-281	1.734e-321	0.10823896353385785	0.008721926878421101
RNF168_0_dirichlet_train1.46	0.6750393832111681	1.94e-321	0.08749648414375019	0.2374641326450819	4.25e-322
RNF168_0_dirichlet_train1.47	0.7575895411410652	0.06522367295933415	1.126e-321	8e-322	0.1771867858996006
RNF168_0_dirichlet_train1.48	0.6953889366562126	1.92e-321	0.23069394265349097	7.36e-322	0.07391712069029632
RNF168_0_dirichlet_train1.49	0.9739674870768242	1.6e-321	3.941689208316333e-175	0.02603251292317568	1.98e-321
RNF168_0_dirichlet_train1.50	0.6926884949341436	0.09568392331615255	0.12228279992967608	0.08934478182002781	2.2e-322
EXO1_0_dirichlet_train1.38	0.609216782961821	1.956e-321	0.1172711356616013	0.1736460029528491	0.0998660784237285
RNF168_0_dirichlet_train1.51	0.6837786013152444	0.15707627929500478	0.03837795784432008	0.0004898124346244104	0.12027734911080631
RNF168_0_dirichlet_train1.52	0.3327070614690406	0.30757638019086947	0.019770465832822427	0.11036580922079219	0.22958028328647515
EXO1_0_dirichlet_train1.39	0.9999999999999999	7.149665950004719e-44	1.58e-321	3.2654539113614665e-147	3.6e-322
EXO1_0_dirichlet_train1.40	0.9828845038646999	3.997e-321	1.25e-321	8.59344858785065e-90	0.017115496135300032
RNF168_0_dirichlet_train1.53	0.9137968907828082	3.3e-322	0.03244346900621363	1.100017881107916e-115	0.05375964021097797
EXO1_0_dirichlet_train1.41	0.8378524799358292	3.0919719273667035e-250	0.005573554294038162	0.08065925563020378	0.07591471013992891
EXO1_0_dirichlet_train1.42	0.8320775774152241	0.09685200230765999	1.72e-321	3.7820910707521166e-106	0.07107042027711576
RNF168_0_dirichlet_train1.54	0.3633627294133789	3.06e-322	0.38136667364660826	0.2552705969400128	3.66e-322
OGG1_0_dirichlet_train1	6.242922174664723e-209	3.97e-321	0.23503817958738127	0.05776671387720456	0.7071951065354142
UNG_0_dirichlet_train1	0.05885549600930179	0.04824864638415107	0.11271166396955709	0.7779474039579926	0.002236789678997295
UNG_0_dirichlet_train1.1	0.05203895827305569	0.016662237711547546	4.681156038724093e-196	0.7976687354962775	0.13363006851911938
UNG_0_dirichlet_train1.2	5.748035886462833e-165	1.734e-321	0.22063083055429286	0.7423893904233028	0.0369797790224044
OGG1_0_dirichlet_train1.1	7.264999121267124e-68	1.09e-321	0.5836720276083289	1.12e-321	0.416327972391671
UNG_0_dirichlet_train1.3	0.06518152098394395	0.06505913434494977	0.2054369309552	0.6349412768924447	0.029381136823461405
OGG1_0_dirichlet_train1.2	0.0353351356281445	2.13e-321	0.14107836986995462	0.042902397923994605	0.7806840965779063
OGG1_0_dirichlet_train1.3	0.02894364497576852	2.4820207430537706e-281	0.24318421834418194	0.09649662707114531	0.6313755096089042
UNG_0_dirichlet_train1.4	0.04692200377895318	1.98e-321	0.311845318029194	0.5803992141661274	0.06083346402572549
UNG_0_dirichlet_train1.5	1.877e-321	4.74e-322	0.3585645270863997	0.5777236755171252	0.06371179739647503
OGG1_0_dirichlet_train1.4	7.46e-322	1.28e-321	0.09634621751651626	0.020070896824547903	0.8835828856589358
OGG1_0_dirichlet_train1.5	1.976e-321	0.0008422360467474075	0.24521659496315423	0.021319332079569483	0.732621836910529
UNG_0_dirichlet_train1.6	0.15756728678494542	0.06880834980095815	7.95e-322	0.680687344841331	0.09293701857276551
UNG_0_dirichlet_train1.7	3.39e-321	0.02177699052428208	0.12105236224997108	0.8080892645255205	0.049081382700226266
UNG_0_dirichlet_train1.8	2.61e-321	0.08336818668337224	1.186e-321	0.7151568190978731	0.20147499421875467
OGG1_0_dirichlet_train1.6	2.115e-321	2.92e-321	0.057538338733823864	1.1415420326931768e-91	0.9424616612661761
UNG_0_dirichlet_train1.9	1.4579216320595947e-154	3.09529541794111e-280	7.82983859089089e-263	0.9333773296412115	0.06662267035878845
OGG1_0_dirichlet_train1.7	6.595564904252615e-246	7.262257818450484e-214	0.46687427065386616	3.1171956443549104e-12	0.5331257293430165
UNG_0_dirichlet_train1.10	0.04627384135195504	0.059769145559112724	7.153994439680459e-49	0.7862195613072599	0.10773745178167231
OGG1_0_dirichlet_train1.8	1.635e-321	0.062039801784983716	0.00233861507137258	0.10676383212831421	0.8288577510153294
UNG_0_dirichlet_train1.11	6.327904314522434e-252	4.0591075925638e-310	1.5076273467145118e-263	0.8849884866309826	0.11501151336901749
OGG1_0_dirichlet_train1.9	0.0959842569919402	0.09731125959364552	1.8081253293456952e-63	1.6004794448471043e-118	0.8067044834144143
OGG1_0_dirichlet_train1.10	0.018274595101284475	0.021037830400888104	9.434686004262532e-301	2.4383124351137103e-273	0.9606875744978275
OGG1_0_dirichlet_train1.11	6.041169497529229e-46	0.14312042373393696	0.322817914040009	3.4896274360300007e-138	0.5340616622260541
UNG_0_dirichlet_train1.12	0.16842157224601018	3.914173776488365e-169	1.097e-321	0.6734086873410465	0.1581697404129432
UNG_0_dirichlet_train1.13	0.13354984252620342	1.4405654614399698e-143	0.045050668301472224	0.7578589230490613	0.06354056612326314
UNG_0_dirichlet_train1.14	0.021302693228656733	2.376e-321	0.027128962757545096	0.8681342713039532	0.08343407270984508
OGG1_0_dirichlet_train1.12	0.11941661283477105	7.6e-322	1.6550017340863167e-130	0.09554454243562863	0.7850388447296004
OGG1_0_dirichlet_train1.13	3.5672675670143744e-97	0.03126038487232682	5.194107324210622e-71	0.06227586780022069	0.9064637473274525
UNG_0_dirichlet_train1.15	1.08e-321	9.8e-322	0.18051364373563053	0.8194656137572174	2.0742507152062325e-05
UNG_0_dirichlet_train1.16	7.0203076281062924e-161	0.1978859841834418	0.15333199849488943	0.6487820173216686	9e-322
UNG_0_dirichlet_train1.17	7.191101756102715e-272	0.10494705344166769	6.841866577773849e-270	0.6305393649150715	0.264513581643261
OGG1_0_dirichlet_train1.14	2.9813094168713775e-210	0.10804480264364622	8.881871762508482e-49	0.2827379305919161	0.6092172667644377
UNG_0_dirichlet_train1.18	0.030254457812247372	2.56e-321	0.26682521954785154	0.7029203226399011	9.2e-322
OGG1_0_dirichlet_train1.15	3.182564622345232e-248	1.383e-321	0.36544973713991064	0.03519726727541954	0.5993529955846698
UNG_0_dirichlet_train1.19	1.1142499915260647e-229	0.25641657661081396	1.4390607231336126e-191	0.6946138075239384	0.04896961586524773
OGG1_0_dirichlet_train1.16	0.02746269646068499	2.2e-321	0.3661158725734911	0.04387843972957657	0.5625429912362474
UNG_0_dirichlet_train1.20	0.07683439459560558	0.11908564809367521	1.136e-321	0.6488375420893034	0.15524241522141582
UNG_0_dirichlet_train1.21	2.0743193799284617e-237	0.1895986460152483	0.299393313155343	0.4419869833692257	0.06902105746018301
OGG1_0_dirichlet_train1.17	1.576e-321	0.028631710676059643	0.39895448607042727	0.1750302204302262	0.39738358282328706
UNG_0_dirichlet_train1.22	1.5e-321	0.016522243263009252	0.06301714146657761	0.9204606152704131	3.36e-322
UNG_0_dirichlet_train1.23	6.97e-322	0.3715399129156875	7.95e-322	0.5609508596213342	0.06750922746297834
UNG_0_dirichlet_train1.24	0.008714320827318848	0.029780216609673824	6.8230161630281e-103	0.8240935631931653	0.13741189936984197
OGG1_0_dirichlet_train1.18	0.05858165209688689	2.79e-321	7.16782312117495e-194	0.09251909202686512	0.848899255876248
UNG_0_dirichlet_train1.25	0.08213494961018224	0.1295965859829457	0.09346271029428885	0.6948057541125834	2.7e-322
OGG1_0_dirichlet_train1.19	1.9765078348528967e-244	0.0946837168796024	0.03241378978909745	0.07800308694292427	0.7948994063883759
UNG_0_dirichlet_train1.26	0.09954161484255242	0.06866235312858762	0.10090796607221228	0.6854432661399287	0.04544479981671892
OGG1_0_dirichlet_train1.20	1.681051176809119e-29	1.96e-321	7.009923007334726e-162	0.14006676150557712	0.8599332384944227
UNG_0_dirichlet_train1.27	2.16e-321	0.14375252010593087	1.206e-321	0.7821988892276119	0.07404859066645714
OGG1_0_dirichlet_train1.21	0.12420746983270635	0.0806536474769258	1.2018646140822236e-114	2.1292500940081877e-107	0.7951388826903679
OGG1_0_dirichlet_train1.22	0.13121365878580454	0.04820780166396458	0.006566459900980253	0.018406902866936997	0.7956051767823137
UNG_0_dirichlet_train1.28	0.06752858681779081	0.1342605241553266	2.807701292662024e-181	0.6572551774483184	0.14095571157856412
UNG_0_dirichlet_train1.29	1.9710625964892707e-284	9.34e-322	1.5372077389327356e-05	0.7677222610513466	0.23226236687126417
OGG1_0_dirichlet_train1.23	0.0012628357710492782	3.804e-321	0.13408805562756876	0.06702092459815243	0.7976281840032295
OGG1_0_dirichlet_train1.24	1.1176946814700394e-137	0.06683589143104698	0.344982719640712	1.087e-321	0.588181388928241
OGG1_0_dirichlet_train1.25	4.7049522140056175e-237	1.907e-321	2.61914e-318	0.15074868090795207	0.8492513190920479
OGG1_0_dirichlet_train1.26	2.744981658230226e-27	0.15283299181566215	1.3868450994045103e-91	0.08187536966282143	0.7652916385215165
UNG_0_dirichlet_train1.30	1.121327764559643e-18	1.2e-321	0.21445000848405646	0.7855499915159434	5.63e-322
OGG1_0_dirichlet_train1.27	4.709539653406417e-134	3.0444404443815108e-102	0.0500113525610403	0.010704677035373273	0.9392839704035865
OGG1_0_dirichlet_train1.28	0.16107443475823488	1.364e-321	9.254478912581765e-12	0.20374904240438557	0.635176522828125
UNG_0_dirichlet_train1.31	1.5219340968864753e-23	0.1432673848870586	0.2213571233557601	0.6353754917571812	1.2e-322
UNG_0_dirichlet_train1.32	0.03963698795324737	1.99e-321	0.04664899196361121	0.8454875780231508	0.06822644205999084
UNG_0_dirichlet_train1.33	6.111819931547869e-99	2.2e-321	0.042684254405858345	0.8139732009683883	0.14334254462575333
OGG1_0_dirichlet_train1.29	0.17332770453170823	0.09671262215065297	1.116701002575613e-81	0.14303876562534265	0.5869209076922961
OGG1_0_dirichlet_train1.30	1.467e-321	9.54e-322	0.447630437440682	1.0775741661451071e-102	0.552369562559318
UNG_0_dirichlet_train1.34	0.10434543061054591	0.1857965089560339	0.1942058438859594	0.4545881812127184	0.06106403533474232
OGG1_0_dirichlet_train1.31	0.011767898066452124	0.003907866333732712	0.2772089738007541	0.18862739413818927	0.5184878676608716
UNG_0_dirichlet_train1.35	4.288719665902849e-145	0.1287804792512048	6.866365965036007e-183	0.6161628933785513	0.2550566273702439
UNG_0_dirichlet_train1.36	0.08656585761734882	7.110591795571316e-257	0.020486933073849908	0.8596933875333183	0.03325382177548311
UNG_0_dirichlet_train1.37	0.01160169392221089	0.13998743155964488	0.2631010161571191	0.5853098583438006	1.7224491788670703e-11
OGG1_0_dirichlet_train1.32	2.832316826763602e-222	0.11204994222315817	0.3327525763284209	1.0356833334988144e-203	0.5551974814484208
UNG_0_dirichlet_train1.38	0.021036485404768056	1.94e-321	4.6e-322	0.9112518722463061	0.06771164234892572
OGG1_0_dirichlet_train1.33	1.898828210432435e-304	2.085e-321	0.4515848027674181	7.864467194482516e-20	0.5484151972325819
OGG1_0_dirichlet_train1.34	0.07611752204293683	0.08069089939385524	0.07376440036817411	0.06269111510997208	0.7067360630850616
OGG1_0_dirichlet_train1.35	0.1307663951915424	0.002399929697793272	3.1994873980345174e-97	0.04210732034576429	0.8247263547649002
OGG1_0_dirichlet_train1.36	8.740650844565809e-136	2.92e-321	0.0014535071954295965	0.0526559935140123	0.9458904992905581
OGG1_0_dirichlet_train1.37	0.07676413571907327	0.04708527479358151	0.1771661653508612	0.028801095489318293	0.6701833286471658
OGG1_0_dirichlet_train1.38	2.2046793284795118e-64	9.761615417695164e-68	1.52752208711253e-237	0.07998730730403839	0.9200126926959618
UNG_0_dirichlet_train1.39	4.900216021287822e-24	0.08504892932521138	5.34e-322	0.7843448854605602	0.13060618521422834
OGG1_0_dirichlet_train1.39	0.00753703746419914	3.8e-321	5.514924328767688e-193	0.12323648718769126	0.8692264753481096
UNG_0_dirichlet_train1.40	1.4140212011914418e-271	0.012853952237768088	6.6e-322	0.8079221612379807	0.1792238865242513
OGG1_0_dirichlet_train1.40	4.079035469092721e-46	1.285e-321	1.116441227868165e-185	0.05731575573096156	0.9426842442690385
OGG1_0_dirichlet_train1.41	6.5778849706794225e-133	0.05984390659598654	3.608662333699559e-108	0.027096639504112563	0.9130594538999011
UNG_0_dirichlet_train1.41	0.015987276012772177	0.19978950304394874	8.7e-322	0.7545271238211992	0.0296960971220798
OGG1_0_dirichlet_train1.42	2.0212127720940437e-247	0.11207741552897506	0.07246707432386389	0.15864482318982495	0.6568106869573361
UNG_0_dirichlet_train1.42	0.03481964712246433	1.2694626785121362e-31	0.2360649289300096	0.6227919976577492	0.1063234262897769
OGG1_0_dirichlet_train1.43	4.118881614621783e-110	0.003954597455371721	2.180851364180633e-19	4.4398732548170384e-201	0.9960454025446283
OGG1_0_dirichlet_train1.44	3.7999372621921476e-134	0.02616429705560083	0.4603540122697267	1.2509429372526248e-137	0.5134816906746723
OGG1_0_dirichlet_train1.45	6.635573348977926e-272	1.88796871456698e-286	0.5382405043969108	2.5711570947985423e-285	0.46175949560308915
OGG1_0_dirichlet_train1.46	0.1943534368395492	0.02032916945013488	7.095285607099761e-178	0.12098400448097303	0.6643333892293429
UNG_0_dirichlet_train1.43	3.36e-321	0.22513034019681533	1.057e-321	0.5029554534873298	0.2719142063158547
OGG1_0_dirichlet_train1.47	1.0505798253355038e-235	3.014e-321	0.36784014554193517	0.010116335825173971	0.6220435186328909
OGG1_0_dirichlet_train1.48	9.9e-322	0.020987523064492027	0.2631983795450626	0.14303099838347338	0.572783099006972
OGG1_0_dirichlet_train1.49	0.13282944056613039	0.014870584834138539	0.28420291339174586	1.24638094156268e-64	0.5680970612079853
OGG1_0_dirichlet_train1.50	0.010376300654854	0.022496767400589496	5.454421051028657e-49	0.11076230202302871	0.8563646299215278
UNG_0_dirichlet_train1.44	1.759221368345609e-47	0.1076711783427778	7.746038954900838e-58	0.7467456835600108	0.1455831380972115
OGG1_0_dirichlet_train1.51	0.08666683460117629	7.601761859220094e-79	7.350523451487313e-122	2.228037221486475e-37	0.9133331653988237
OGG1_0_dirichlet_train1.52	1.51e-321	0.12938965806043867	0.1096527814038258	1.2460947517809644e-304	0.7609575605357355
ATP2B4_0_dirichlet_train1	0.280077953270301	0.10760094296881709	0.29830515823404424	0.15052545479614501	0.1634904907306927
ATP2B4_1_dirichlet_train1	0.048560105441838156	0.2005623574073304	0.22748539327829995	1.4510289446759623e-45	0.5233921438725314
ATP2B4_0_dirichlet_train1.1	0.046393068138670016	1.7544953173210168e-242	0.7654241424643108	0.1881827893970193	5.831208926754019e-55
ATP2B4_1_dirichlet_train1.1	0.0026823285225805295	0.12599148026716384	0.7305853391632309	3.1992652949688295e-133	0.14074085204702466
ATP2B4_1_dirichlet_train1.2	0.11782993049832356	0.17102499699738738	0.7049520347934488	1.2745562440137692e-107	0.006193037710840184
ATP2B4_1_dirichlet_train1.3	1.107e-321	9.721933472839922e-130	0.7289847360751313	0.16524826209807777	0.10576700182679091
ATP2B4_0_dirichlet_train1.2	0.3765593690161413	2.87e-321	0.4488634717031763	0.15874575460762783	0.01583140467305455
ATP2B4_1_dirichlet_train1.4	4.66990582782787e-119	0.30665560919565066	0.5813475121332237	3.682338047275241e-135	0.1119968786711255
ATP2B4_0_dirichlet_train1.3	0.16776010688731716	0.008747106206065737	0.6716580858332866	0.15183470107333052	2.08e-322
ATP2B4_0_dirichlet_train1.4	0.06427019779995807	0.06261315666918633	0.1829819238818565	0.4760552869647954	0.2140794346842037
ATP2B4_0_dirichlet_train1.5	0.16100227862898936	0.03657746299500426	0.4124070259319985	0.21193975017260042	0.1780734822714075
ATP2B4_0_dirichlet_train1.6	0.09612082667596157	0.08236388382815782	0.7170727572715548	0.02060169287187423	0.08384083935245146
ATP2B4_1_dirichlet_train1.5	0.026202880088740565	1.13e-321	0.8634634741409358	0.09258855806884694	0.017745087701476637
ATP2B4_0_dirichlet_train1.7	0.06834996809807939	0.21766421371563424	0.3888090120498041	0.3251768061364822	2.076113185373904e-102
ATP2B4_1_dirichlet_train1.6	1.126e-321	0.2604615335861646	0.6380652618453733	3.8e-322	0.10147320456846232
ATP2B4_1_dirichlet_train1.7	0.057441561061799866	0.09905341100225612	0.843505027935944	6.079748300849148e-84	3.6e-322
ATP2B4_1_dirichlet_train1.8	0.10307326736802767	3.5048802550044705e-73	0.5496725277765532	7.795964650266034e-248	0.34725420485541925
ATP2B4_1_dirichlet_train1.9	6.018273252637322e-177	0.13618148979763453	0.5137805381242985	0.2695466111411395	0.08049136093692744
ATP2B4_1_dirichlet_train1.10	2.0362239618927835e-90	0.19497981961673896	0.5478114096814097	0.01209036220435647	0.24511840849749472
ATP2B4_1_dirichlet_train1.11	1.2389237459205798e-41	0.12458668625972023	0.6849814167742269	1.383e-321	0.19043189696605298
ATP2B4_1_dirichlet_train1.12	1.13e-321	6.288772861218514e-241	0.7976481840807761	9.695221985312388e-97	0.2023518159192238
ATP2B4_1_dirichlet_train1.13	0.19108025498422437	7.271790754368277e-301	0.8089197450157755	6e-322	5.449458917563071e-45
ATP2B4_0_dirichlet_train1.8	0.14560248124167086	0.04816366702434895	0.19356222930400166	0.40377181794979655	0.20889980448018203
ATP2B4_1_dirichlet_train1.14	1.05321750559824e-149	0.009380248261071701	0.825064650044155	1.3283730647315217e-281	0.1655551016947733
ATP2B4_1_dirichlet_train1.15	0.044224753154088664	0.16600856320472468	0.745888541473245	1.28e-321	0.04387814216794151
ATP2B4_0_dirichlet_train1.9	0.2170617580478521	0.11475775644442518	0.27114952538746684	0.1700972040104532	0.22693375610980265
ATP2B4_0_dirichlet_train1.10	0.07331814935034627	1.72e-321	0.6107942421796109	0.16999456273224348	0.14589304573779938
ATP2B4_0_dirichlet_train1.11	0.20009663313402626	0.060956254285407345	0.32972007148500615	0.20155709478223438	0.207669946313326
ATP2B4_1_dirichlet_train1.16	0.10836513785146902	0.22901766732072623	0.6626171948278046	5.73e-322	3.7e-322
ATP2B4_0_dirichlet_train1.12	0.28261615351433833	1.255e-321	0.6030616965096238	0.0037746389119492018	0.1105475110640885
ATP2B4_0_dirichlet_train1.13	0.2388149585581986	0.03997589270705935	0.5763461163454292	0.13030287801410587	0.014560154375206918
ATP2B4_0_dirichlet_train1.14	0.32522802022158054	8.5e-322	0.47428792036026124	0.20048405941815833	1.0970119357583894e-53
ATP2B4_0_dirichlet_train1.15	0.2825173849887952	1.08e-321	0.5606576403548639	0.10549874773302344	0.05132622692331749
ATP2B4_1_dirichlet_train1.17	0.13151836881027282	0.13552907101962483	0.4360401642444244	0.0029111262055668704	0.294001269720111
ATP2B4_1_dirichlet_train1.18	1.02e-321	1.057e-321	0.8584396345438015	3.6964436292142317e-289	0.1415603654561985
ATP2B4_1_dirichlet_train1.19	1.645e-321	0.009431050374207123	0.990568949625793	1.5162480153640935e-73	3.16e-322
ATP2B4_1_dirichlet_train1.20	0.1614605645728396	0.15070135665102471	0.6051064554313433	0.08273162334479225	5e-322
ATP2B4_0_dirichlet_train1.16	0.11096259014855515	2.181170698663208e-106	0.8890374098514449	1.2645199895314426e-97	5.375559872578177e-190
ATP2B4_1_dirichlet_train1.21	1.6116801862072995e-252	0.048891400539348324	0.8842770196638352	0.06683157979681645	2.5e-322
ATP2B4_1_dirichlet_train1.22	0.09985435032706058	0.016669696955561104	0.8703314581952767	1.225e-321	0.013144494522101532
ATP2B4_0_dirichlet_train1.17	0.05970997856850657	1.91e-321	0.607422300987736	0.23581365939348026	0.09705406105027715
ATP2B4_0_dirichlet_train1.18	0.06500032164358475	2.2813996907354154e-106	0.43783937114004723	0.49716030721636795	3.4e-322
ATP2B4_1_dirichlet_train1.23	1.734e-321	0.1461409324652406	0.8538569209453716	1.16e-321	2.14658938764096e-06
ATP2B4_1_dirichlet_train1.24	0.0633975527969817	0.11030807059251158	0.383021661621088	0.02071731601354834	0.42255539897587047
ATP2B4_0_dirichlet_train1.19	0.3029569527954462	9.83e-322	0.31720043195008674	0.26191167375465024	0.11793094149981671
ATP2B4_1_dirichlet_train1.25	0.14693031931406647	2.643e-321	0.5424682182306213	0.10458186574051544	0.2060195967147966
ATP2B4_0_dirichlet_train1.20	0.2658623996178419	3.031096334e-315	0.35138925980794555	0.2882421585016212	0.09450618207259116
ATP2B4_0_dirichlet_train1.21	3.239087466818811e-39	0.09448174465420503	0.3722547517337875	0.31457914903554357	0.2186843545764639
ATP2B4_0_dirichlet_train1.22	0.32067849237221324	2.8327097090170616e-302	0.500050410386656	0.04801858461848742	0.1312525126226434
ATP2B4_0_dirichlet_train1.23	0.23782247515944435	0.1989440718189465	0.5382639961022765	1.3832899230481132e-125	0.024969456919332732
ATP2B4_0_dirichlet_train1.24	0.24237841572954846	2.075e-321	0.3595231129137457	0.1393462955131966	0.2587521758435093
ATP2B4_1_dirichlet_train1.26	1.14e-321	0.17368988681970265	0.6624629671751042	0.1638471460051933	3.9e-322
ATP2B4_0_dirichlet_train1.25	0.21713094337547306	0.03999769631690798	0.4146927367098542	0.18822701455100277	0.139951609046762
ATP2B4_1_dirichlet_train1.27	1.303268148877561e-92	2.25e-321	0.9462876278983835	1.047e-321	0.05371237210161636
ATP2B4_0_dirichlet_train1.26	0.18489138294616875	0.07862422660035875	0.6760778381850251	0.03180080160447104	0.028605750663976214
ATP2B4_1_dirichlet_train1.28	0.06751303866600902	0.014066158082550418	0.9125347782381618	7.76e-322	0.0058860250132788915
ATP2B4_0_dirichlet_train1.27	6.651649014211267e-122	0.04041909694278625	0.6363266731205279	0.3232542299366858	3e-322
ATP2B4_1_dirichlet_train1.29	6.928662193155817e-12	0.11322164559601824	0.701329177675766	1.5422846809266017e-259	0.18544917672128725
ATP2B4_0_dirichlet_train1.28	1.245e-321	1.067e-321	0.8928295608279385	7.66e-322	0.10717043917206145
ATP2B4_0_dirichlet_train1.29	5.029563921944599e-17	8.15e-322	0.8411643639898367	0.04842829877714593	0.11040733723301716
ATP2B4_0_dirichlet_train1.30	0.24124238743648335	2.703e-321	0.4119803279606469	0.25251490976563395	0.09426237483723575
ATP2B4_0_dirichlet_train1.31	0.27556076882979946	1.2903380461848676e-258	0.13101487964344002	0.40484190436843925	0.18858244715832134
ATP2B4_1_dirichlet_train1.30	0.029530527665791395	0.10180116122281259	0.8686683111113961	7.172372324e-314	2.447704785674859e-41
ATP2B4_1_dirichlet_train1.31	0.21323177436541174	0.10175833779520027	0.497653586275017	4.22541640599379e-93	0.187356301564371
ATP2B4_1_dirichlet_train1.32	4.167219724141439e-261	1.4850660438572994e-17	0.7360664724661701	0.016877517432279023	0.24705601010155084
ATP2B4_0_dirichlet_train1.32	0.02980478574771695	0.13654188053114358	0.8336533337211395	5.550955239130853e-138	5.75170513466367e-231
ATP2B4_0_dirichlet_train1.33	0.010199739685667512	0.024744729148837203	0.6185200253516535	0.21454279666166215	0.13199270915217953
ATP2B4_0_dirichlet_train1.34	0.204418105638868	0.1721876457042829	0.5896960910794969	0.03369815757735204	3.06e-322
ATP2B4_0_dirichlet_train1.35	1.625e-321	0.038789645718387014	0.7606679067046714	0.06494330253886385	0.1355991450380777
ATP2B4_1_dirichlet_train1.33	0.03688871400616864	0.10302792501383178	0.8600833609799996	7.76e-322	4.84e-322
ATP2B4_1_dirichlet_train1.34	1.625e-321	0.060899079106357265	0.7295340493028718	1.265e-321	0.209566871590771
ATP2B4_1_dirichlet_train1.35	1.8280032504578435e-233	0.13381462088763593	0.8661853791123642	9.5e-322	4.25e-322
ATP2B4_1_dirichlet_train1.36	1.186e-321	0.012890066975477106	0.8461439678477592	1.3316506048394855e-284	0.1409659651767637
ATP2B4_0_dirichlet_train1.36	0.2002156831520502	0.06613133679671289	0.6250065893451422	0.10864639070609458	3.66e-322
ATP2B4_0_dirichlet_train1.37	0.007512424091969048	2.02e-321	0.668612341174398	0.3238752347336329	3.387745531009876e-182
ATP2B4_1_dirichlet_train1.37	1.2975408945039212e-125	0.18844076737647997	0.6222116457495938	1.0013962439364885e-252	0.18934758687392633
ATP2B4_1_dirichlet_train1.38	1.62e-321	0.09584264102535411	0.7209863315014974	6.3e-322	0.18317102747314853
ATP2B4_1_dirichlet_train1.39	2.458217290173735e-309	0.1286021480220366	0.844705283083442	0.02110784099131105	0.005584727903210394
ATP2B4_1_dirichlet_train1.40	5.73e-322	0.23519972847783582	0.7439643845324353	5.24e-322	0.02083588698972883
ATP2B4_1_dirichlet_train1.41	1.9316558415374093e-177	0.15902768153781932	0.6927960815358791	7.2e-322	0.14817623692630158
ATP2B4_1_dirichlet_train1.42	0.0029758048686088657	0.07259785980914145	0.6337044115186472	1.0521922071938067e-158	0.2907219238036026
ATP2B4_0_dirichlet_train1.38	0.20126100973098424	8.854112628449537e-213	0.7743605617532929	6.115338496164882e-184	0.024378428515722812
ATP2B4_0_dirichlet_train1.39	0.24076809684150344	1.215e-321	0.5134187560378329	0.023763984759597907	0.2220491623610658
ATP2B4_0_dirichlet_train1.40	0.19683080897482724	2.088038249877596e-91	0.6187395395805961	0.18442965144457663	5.178980952948022e-263
ATP2B4_1_dirichlet_train1.43	1.853e-321	0.027129671193302358	0.8452028754875511	0.12766745331914656	3.85e-322
ATP2B4_0_dirichlet_train1.41	1.1062501487250028e-91	0.06004483181915881	0.5039759702841464	0.09364714155052274	0.34233205634617203
ATP2B4_0_dirichlet_train1.42	0.19449790417040588	1.966e-321	0.5401436788718993	0.1775548212827546	0.08780359567494032
ATP2B4_0_dirichlet_train1.43	0.23658131748978756	0.02536262557643162	0.5194318311529642	0.06434666077401113	0.15427756500680556
ATP2B4_0_dirichlet_train1.44	2.026e-321	0.05051908211951985	0.5644812725266632	0.3025476509364784	0.08245199441733848
ATP2B4_1_dirichlet_train1.44	0.17093372123184986	1.3328356020271403e-284	0.7501640369839417	4.2985233914106305e-208	0.07890224178420842
ATP2B4_0_dirichlet_train1.45	0.3139365629638103	3.011778527327567e-66	0.34322483619592736	0.11156206476793916	0.23127653607232324
ATP2B4_1_dirichlet_train1.45	0.1153669934356734	0.12345488872546215	0.4329660218375143	6.7e-322	0.3282120960013502
ATP2B4_0_dirichlet_train1.46	0.29021040595774267	9.8e-322	0.5409100799765718	0.1688795140656855	2.4931571103359696e-261
ATP2B4_0_dirichlet_train1.47	0.03344682061364113	0.06242020028165621	0.24985268139114675	0.4413801858651527	0.2129001118484033
ATP2B4_0_dirichlet_train1.48	0.1989790619996071	5.6e-322	0.7386013366956586	0.06241960130473434	3.841208276813708e-193
ATP2B4_1_dirichlet_train1.46	0.03004777671969335	0.2738832014172472	0.5214830064014451	0.001338675602938955	0.1732473398586754
ATP2B4_1_dirichlet_train1.47	5.889577103299645e-271	0.10769246466121818	0.8923075353387817	1.6801812481726885e-55	9.4e-323
ATP2B4_1_dirichlet_train1.48	0.17550489355290336	8.3e-322	0.7353083314730521	6.27e-322	0.08918677497404445
PMS1_0_dirichlet_train1	1.324e-321	0.3343641068236265	0.5298740192227469	1.0202007921277141e-12	0.13576187395260636
MSH6_1_dirichlet_train1	0.08564398016088466	0.8836462010974673	5.14e-322	2.678760765971618e-228	0.030709818741648034
MSH6_0_dirichlet_train1	1.813e-321	0.8588265237887889	1.94e-321	0.141173476211211	1.215e-321
MSH2_0_dirichlet_train1	5.2e-322	0.7790622802509246	2.003888411902606e-276	0.20933206237840146	0.011605657370673811
MSH6_0_dirichlet_train1.1	1.1615607268817073e-263	0.9201756211632919	2.016e-321	0.06549816636219963	0.014326212474508446
MLH1_0_dirichlet_train1	9.93e-322	0.9152863843790651	7.9e-322	0.06216365401188239	0.022549961609052413
MSH6_1_dirichlet_train1.1	2.12e-321	0.961248491775639	3.69628561511414e-52	2.194e-321	0.03875150822436097
MLH1_0_dirichlet_train1.1	0.12385850752663939	0.8761414924733605	2.57e-322	6.3e-322	3.2e-322
PMS1_0_dirichlet_train1.1	1.196e-321	0.1566610309541969	0.7213214199911295	0.12201754905467341	4.45e-322
PMS1_0_dirichlet_train1.2	0.09977657708647167	0.00670630512736184	0.4805911256088591	0.34876645933595096	0.06415953284135643
MSH6_1_dirichlet_train1.2	1.15e-321	0.9753882373419767	7.2e-322	6.27e-322	0.024611762658023388
MSH6_1_dirichlet_train1.3	1.1109710163476692e-157	0.8086315806401951	2.34e-321	0.1913684193598049	9.63e-322
PMS1_0_dirichlet_train1.3	0.01929689789591649	0.28439323320313115	0.35434745346390273	0.2520831246187746	0.08987929081827505
PMS1_0_dirichlet_train1.4	0.11980193880458254	0.16719518768464878	0.06655881380746874	0.4407675005033459	0.20567655919995398
PMS2_0_dirichlet_train1	0.5047699091458573	0.49523009085414277	3.54e-321	8.4e-322	5.066305098947974e-83
MSH6_1_dirichlet_train1.4	0.18388210468925734	0.742841394769511	0.01796865144684872	0.03132122329223128	0.023986625802151586
MSH6_0_dirichlet_train1.2	1.438864332813002e-155	0.9615761108932386	0.0240140959074307	0.014409793199330662	1.635e-321
PMS1_0_dirichlet_train1.5	9.14e-322	0.08001490055110122	0.7569042473235341	0.16308085212536463	8.338782689993117e-101
PMS1_0_dirichlet_train1.6	1.255e-321	0.15093449447727114	0.5802165376545761	0.26884896786815277	2.57e-322
PMS1_0_dirichlet_train1.7	0.05903509537494124	0.2091933083231991	0.5747772383669545	0.15699435793490527	7.1e-322
MSH6_1_dirichlet_train1.5	0.26452139122911755	0.7007566704981399	1.25e-321	9.83e-322	0.034721938272742475
MLH1_0_dirichlet_train1.2	1.21e-321	0.8899005941117343	5e-322	0.11009940588826576	3.2e-322
PMS1_0_dirichlet_train1.8	0.12192241107670401	0.26779587518125847	0.17866012010883717	1.4415783905909815e-176	0.4316215936332003
PMS1_0_dirichlet_train1.9	6.607419294265578e-193	0.34032362742596567	0.4660439330290641	0.19363243954497017	4.45e-322
MLH1_0_dirichlet_train1.3	2.41e-321	1.0	3.26e-322	2.5e-322	4.35e-322
MSH2_0_dirichlet_train1.1	0.02062452124764495	0.9793754787523552	7.8e-322	5.189516950603703e-112	1.03e-321
MSH6_1_dirichlet_train1.6	0.02004518783510768	0.9681749488498765	2.74e-321	3.284360725854801e-42	0.01177986331501581
