Samples	SBS96A	SBS96B	SBS96C	SBS96D	SBS96E
ATP2B4_real_train_fold1	0.018651831518915644	0.30577502299769566	0.5401848866618022	8.94821729581337e-74	0.13538825882158645
ATP2B4_real_train_fold1.1	0.08364527615853849	0.3241246805542634	0.46886768654078603	0.06989065907498497	0.0534716976714272
EXO1_real_train_fold1	0.5934435466125134	0.08540450592931456	0.07240595740891724	0.20965929676646927	0.03908669328278548
MLH1_real_train_fold1	0.046995203175978544	0.004295751575269373	0.0299428720953829	0.21914127831954108	0.6996248948338281
MSH6_real_train_fold1	0.035586172530391286	0.008589980640341685	0.004264179583350219	0.14613518162139752	0.8054244856245192
MSH6_real_train_fold1.1	0.015924849315016403	0.001426454479133617	0.05335022586183372	0.11952508434592778	0.8097733859980885
MSH6_real_train_fold1.2	8.856215002211452e-42	0.016779391077773622	0.019265900150122413	0.15188671671226533	0.8120679920598388
OGG1_real_train_fold1	0.07665188510713	0.7882598028280425	0.07985448927068163	0.03953156479056965	0.015702258003576056
PMS1_real_train_fold1	2.49e-321	0.14855294690324192	0.43981164430489406	0.24057024472217398	0.17106516406969008
PMS2_real_train_fold1	0.5158402916146247	0.03235882117403316	0.0005355499760111576	7.5e-322	0.4512653372353308
RNF168_real_train_fold1	0.5650806610929816	0.08668031950429889	0.14200723928884973	0.20623178011386975	3.6e-321
UNG_real_train_fold1	0.02126180823855102	0.1448688342391795	0.23940515934223203	0.5750013623652661	0.01946283581477125
ATP2B4_multinomial_train_fold1	0.07311088566301296	0.25427999984847416	0.5226539491486664	1.4455903778820032e-64	0.14995516533984649
ATP2B4_multinomial_train_fold1.1	0.03497709152212184	0.44404985451862544	0.4492149569370112	0.07175809702224148	3.325e-321
ATP2B4_multinomial_train_fold1.2	0.14552147773423077	0.24421532657095898	0.5405816329910802	0.030747299556534276	0.038934263147195794
ATP2B4_multinomial_train_fold1.3	0.014412946179040846	0.1893413588858468	0.7119653252446922	0.029401359947072592	0.05487900974334751
ATP2B4_multinomial_train_fold1.4	0.18707768675850892	0.37609381842485545	0.3740298602298743	0.043463888761239466	0.019334745825521776
ATP2B4_multinomial_train_fold1.5	0.11722310140913363	0.25439549910489373	0.503806824680622	0.07449905390609812	0.0500755208992525
ATP2B4_multinomial_train_fold1.6	0.12946156916396123	0.26441765878268103	0.594881288815617	6.061398452323867e-85	0.011239483237740792
ATP2B4_multinomial_train_fold1.7	0.1035534463033761	0.5032450323103728	0.2188856733786134	0.07715402322057979	0.09716182478705787
ATP2B4_multinomial_train_fold1.8	0.07588796982378343	0.3652772285833504	0.4015951253905288	0.1096782788185597	0.0475613973837777
ATP2B4_multinomial_train_fold1.9	0.00016095704249096228	0.36697140170093984	0.4716863414309076	0.07744076251720779	0.08374053730845385
ATP2B4_multinomial_train_fold1.10	0.01966223567323547	0.40884117454414703	0.5066599464697934	0.05280729933156251	0.012029343981261488
ATP2B4_multinomial_train_fold1.11	0.041030333519029454	0.31056489464518905	0.48553526459473606	0.03164221094902941	0.13122729629201615
ATP2B4_multinomial_train_fold1.12	0.10979269372449853	0.3278052714740546	0.385871443637803	0.05933738004178572	0.11719321112185818
ATP2B4_multinomial_train_fold1.13	0.07016165494033631	0.4410732325304244	0.3364805704529972	0.08929587237106348	0.06298866970517872
ATP2B4_multinomial_train_fold1.14	0.0611657632577988	0.43401802484671914	0.35081922402297344	0.04866660540208255	0.10533038247042599
ATP2B4_multinomial_train_fold1.15	0.051098736352896135	0.3597770681441157	0.5062012958286575	0.05290298035607015	0.03001991931826058
ATP2B4_multinomial_train_fold1.16	3.0541952181466105e-201	0.2945852590524024	0.5433902289434299	8.780283340943125e-05	0.16193670917075834
ATP2B4_multinomial_train_fold1.17	0.019332751100601175	0.28150839695970326	0.6302314704213149	0.018026280658047032	0.05090110086033368
ATP2B4_multinomial_train_fold1.18	3.176088467355325e-139	0.3535213900482192	0.4235171982077566	0.04523717287402932	0.17772423886999475
ATP2B4_multinomial_train_fold1.19	0.10194190753568237	0.31711737774179294	0.4366035794925831	0.06255188715664863	0.08178524807329297
ATP2B4_multinomial_train_fold1.20	0.04320404627845687	0.2711553355624049	0.5205056503378062	9.982686488435605e-134	0.16513496782133202
ATP2B4_multinomial_train_fold1.21	0.16844192773261618	0.350080988797444	0.3509445560594102	0.1305325274105296	5.04461691243363e-154
ATP2B4_multinomial_train_fold1.22	3.650398332694364e-10	0.4380329647557253	0.3475152921343627	0.0769826096088984	0.13746913313597395
ATP2B4_multinomial_train_fold1.23	0.014024504460549335	0.27634867404286784	0.5778538974285075	0.059273252954406046	0.07249967111366924
ATP2B4_multinomial_train_fold1.24	0.007947701101938934	0.29767030484321577	0.5249317584264984	0.01240830706375137	0.15704192856459562
ATP2B4_multinomial_train_fold1.25	0.09653813464544209	0.2832730550364588	0.4117458545933219	0.13322336831320158	0.07521958741157549
ATP2B4_multinomial_train_fold1.26	0.0676168049660448	0.24740723968808645	0.5066716854508024	0.08570368169544827	0.09260058819961808
ATP2B4_multinomial_train_fold1.27	2.7254897e-315	0.36583027167338045	0.46946389965339796	0.046164801141863686	0.11854102753135794
ATP2B4_multinomial_train_fold1.28	0.07559235476476663	0.31474511189569143	0.5543536039280665	1.5482599101088224e-236	0.05530892941147542
ATP2B4_multinomial_train_fold1.29	2.95e-321	0.29114252041075417	0.5332961228703849	0.03616521451817425	0.13939614220068672
ATP2B4_multinomial_train_fold1.30	0.14978310692408928	0.23971105930581926	0.5179591268325906	0.0067401624093130965	0.08580654452818763
ATP2B4_multinomial_train_fold1.31	1.625e-321	0.3278144195917873	0.5381830712919733	9.44290024542873e-44	0.13400250911623932
ATP2B4_multinomial_train_fold1.32	0.04336033824203832	0.14976711451589916	0.6983020202607175	0.10857052698134496	2.66e-321
ATP2B4_multinomial_train_fold1.33	2.46e-321	0.2662751028436453	0.6155256609282631	0.015388893079155733	0.10281034314893588
ATP2B4_multinomial_train_fold1.34	0.11830679718587159	0.35173334456799765	0.4166026190410391	0.0524281981449047	0.06092904106018685
ATP2B4_multinomial_train_fold1.35	0.05150009844997647	0.40246949183323233	0.3630561565551438	0.13414517862315425	0.04882907453849314
ATP2B4_multinomial_train_fold1.36	0.13638074194341027	0.2605629076472381	0.46481257911903906	0.019446600332174477	0.11879717095813815
ATP2B4_multinomial_train_fold1.37	0.12914697227901395	0.3019728085018977	0.44102403166898074	0.02669550393472459	0.10116068361538298
ATP2B4_multinomial_train_fold1.38	2.273e-321	0.34847996993782604	0.5745626778673808	0.018502583287806938	0.05845476890698608
ATP2B4_multinomial_train_fold1.39	0.08035671852729169	0.2975744243329491	0.4898535458928076	2.574e-321	0.13221531124695163
ATP2B4_multinomial_train_fold1.40	0.06450803934201967	0.29986983363156144	0.41413941785350095	0.10594382581079947	0.11553888336211844
ATP2B4_multinomial_train_fold1.41	0.11567024794157993	0.257092713526337	0.5342291293837462	0.04682964581773313	0.04617826333060371
ATP2B4_multinomial_train_fold1.42	0.07500347291073625	0.3353312690938446	0.4366701915039264	0.021738094529268195	0.13125697196222447
ATP2B4_multinomial_train_fold1.43	0.1502147829273113	0.2832767665047314	0.5398409195642624	2.38e-321	0.026667531003694817
ATP2B4_multinomial_train_fold1.44	0.12877405004528805	0.25142122652034626	0.5437727024134748	0.07603202102089077	6.260680495098939e-187
ATP2B4_multinomial_train_fold1.45	0.06537557977029906	0.337485143113245	0.5031224813424298	0.07791359413084994	0.016103201643176104
ATP2B4_multinomial_train_fold1.46	0.1551342404231463	0.37630249044013386	0.3583733318723734	0.06061777576012436	0.049572161504221945
ATP2B4_multinomial_train_fold1.47	0.23062469782524217	0.3377961968430463	0.343724666517798	0.06196850273436886	0.025885936079544796
ATP2B4_multinomial_train_fold1.48	0.024253675492305622	0.3895296667407395	0.5317237072751908	1.206e-321	0.05449295049176405
ATP2B4_multinomial_train_fold1.49	0.11852663825216869	0.2030166755098157	0.60718151339861	0.04707296880994516	0.024202204029460564
ATP2B4_multinomial_train_fold1.50	1.7748052725835873e-144	0.2563725894855395	0.5897153995845816	0.010184056588410607	0.14372795434146826
ATP2B4_multinomial_train_fold1.51	0.18259650440671304	0.23385758182321384	0.4023595466718082	0.18118636709826513	1.4296268985352586e-190
ATP2B4_multinomial_train_fold1.52	0.13660354375595388	0.31434239792057067	0.44518300064079763	0.07562530012028727	0.028245757562390707
ATP2B4_multinomial_train_fold1.53	0.03178412017893974	0.22654087475554363	0.668228925814214	0.056399773030636736	0.017046306220665892
ATP2B4_multinomial_train_fold1.54	0.1387664708380149	0.37971502842323657	0.3766584668924905	0.05632525576131864	0.0485347780849394
ATP2B4_multinomial_train_fold1.55	0.11040881057723552	0.2956646709687646	0.4394388155166412	4.354091423644248e-58	0.1544877029373588
ATP2B4_multinomial_train_fold1.56	0.013743246948356717	0.40273740722843687	0.3721649373505871	0.11655894239979085	0.09479546607282846
ATP2B4_multinomial_train_fold1.57	2.974e-321	0.3659053600637066	0.4854976425592863	3.253070600710538e-209	0.14859699737700705
ATP2B4_multinomial_train_fold1.58	8.511128463396421e-190	0.3792865409865881	0.43388129006761933	2.8452802516403475e-104	0.1868321689457926
ATP2B4_multinomial_train_fold1.59	0.09089848693140977	0.39736844665702564	0.31889665764433517	0.0875963300583577	0.10524007870887184
ATP2B4_multinomial_train_fold1.60	0.07325347181038933	0.2948698558127362	0.5340418386981988	0.02704861029417774	0.07078622338449794
ATP2B4_multinomial_train_fold1.61	0.02979649223643407	0.42661477481614485	0.32033488559976686	0.011221341006692627	0.21203250634096166
ATP2B4_multinomial_train_fold1.62	3.881674697461231e-158	0.31090240594978846	0.5617388632092937	0.03438464624847655	0.09297408459244123
ATP2B4_multinomial_train_fold1.63	0.02340302768741221	0.29350069053278166	0.5134017947436473	1.344e-321	0.16969448703615872
ATP2B4_multinomial_train_fold1.64	0.09321200758394525	0.30414517790769685	0.43584906768144616	0.0700360028741278	0.09675774395278391
ATP2B4_multinomial_train_fold1.65	4.098601324870754e-130	0.342603119585179	0.5582231749264208	0.01222683371987761	0.08694687176852271
ATP2B4_multinomial_train_fold1.66	0.039944673145025596	0.3586401508547501	0.4322646070303833	0.09930162393029957	0.06984894503954141
ATP2B4_multinomial_train_fold1.67	0.04982295760386796	0.32419367148192335	0.4551776634275392	2.347e-321	0.17080570748666946
ATP2B4_multinomial_train_fold1.68	7.431165378822313e-12	0.2665267980021888	0.5711949386989572	2.367e-321	0.16227826329142292
ATP2B4_multinomial_train_fold1.69	7.311423730402036e-87	0.2619782958156389	0.5506315385452452	0.006266076878901299	0.18112408876021446
ATP2B4_multinomial_train_fold1.70	0.0313479390087501	0.3859942433355199	0.4114180734520383	0.10437618144497525	0.06686356275871631
ATP2B4_multinomial_train_fold1.71	0.2253341306966498	0.20693689502836535	0.4622327461669291	0.10549622810805571	1.7550366637164928e-156
ATP2B4_multinomial_train_fold1.72	0.0789412232051066	0.20884154879485395	0.6084878446193577	1.294e-321	0.1037293833806816
ATP2B4_multinomial_train_fold1.73	0.012397452820847636	0.21560064712930746	0.7520081581252164	1.823e-321	0.019993741924628588
ATP2B4_multinomial_train_fold1.74	4.296286449440713e-35	0.34601073919592107	0.5241724295246595	0.026857006687331673	0.10295982459208776
ATP2B4_multinomial_train_fold1.75	0.08732446467300524	0.45507246428458925	0.24471192370237715	0.12010294466727618	0.09278820267275208
ATP2B4_multinomial_train_fold1.76	0.13940122057409493	0.3293428678078519	0.41589566805766365	0.07100125389193099	0.0443589896684584
ATP2B4_multinomial_train_fold1.77	0.026722278796029984	0.375684552625006	0.44381425308125355	0.0035816867048115543	0.1501972287928989
ATP2B4_multinomial_train_fold1.78	0.13009297682445864	0.25254672316269655	0.5234109697447217	0.05718549485076125	0.03676383541736172
ATP2B4_multinomial_train_fold1.79	1.537e-321	0.3597332838477286	0.47594393216875186	1.206e-321	0.16432278398351946
ATP2B4_multinomial_train_fold1.80	0.003703651783926461	0.2449348376232618	0.666190208134526	0.00863521595310965	0.07653608650517595
ATP2B4_multinomial_train_fold1.81	0.038561907855454734	0.42706752486543686	0.36525379613422854	0.0978517835994968	0.07126498754538303
ATP2B4_multinomial_train_fold1.82	2.614e-321	0.3290379790909413	0.5239601523535884	1.344e-321	0.14700186855547026
ATP2B4_multinomial_train_fold1.83	0.05732943186319307	0.5683911045418537	0.3120394560439184	0.06151518516548882	0.0007248223855459003
ATP2B4_multinomial_train_fold1.84	1.36e-321	0.3657024795423238	0.4775157363118824	0.07985118659585898	0.07693059754993474
ATP2B4_multinomial_train_fold1.85	0.019061021604183152	0.35556675388766373	0.5510588533070914	0.00536295368225962	0.06895041751880239
ATP2B4_multinomial_train_fold1.86	0.018239762021135298	0.3709169922758584	0.5611481167456778	0.010877207247098347	0.03881792171023014
ATP2B4_multinomial_train_fold1.87	0.14870932336817283	0.29196343198326025	0.48416032682283217	0.03149832933352761	0.04366858849220713
ATP2B4_multinomial_train_fold1.88	0.08365496102953261	0.2114367020751065	0.5427120401434612	0.10013979855888508	0.06205649819301455
ATP2B4_multinomial_train_fold1.89	2.01e-321	0.3277425690310931	0.523005677940905	8.921649833086811e-208	0.14925175302800187
ATP2B4_multinomial_train_fold1.90	0.10309920687689066	0.39240475035911604	0.34900842491565354	0.13128886060736156	0.024198757240978204
ATP2B4_multinomial_train_fold1.91	0.19287100200561835	0.31365233368234174	0.48063816581445795	0.012838498497581912	4.5293795642685145e-250
ATP2B4_multinomial_train_fold1.92	0.03967648193053542	0.22202112276247862	0.5805796721821763	0.07439897602375456	0.08332374710105493
ATP2B4_multinomial_train_fold1.93	0.0349274700142297	0.3104036769167364	0.5290060257125931	0.009976872102519628	0.11568595525392107
ATP2B4_multinomial_train_fold1.94	0.08378367381467883	0.3158277465109646	0.4946456228073396	0.06569415322661454	0.040048803640402565
ATP2B4_multinomial_train_fold1.95	7.831829038451302e-221	0.27673736916381064	0.5304557796909848	4.9795127498500425e-11	0.19280685109540943
ATP2B4_multinomial_train_fold1.96	0.009659164019031332	0.33345853469768655	0.46920617533525877	1.364e-321	0.18767612594802324
ATP2B4_multinomial_train_fold1.97	0.17240815672186235	0.340738650989806	0.3976237625138498	0.08301667694433555	0.006212752830146422
RNF168_multinomial_train_fold1	0.5592414013436551	0.07401471388367427	0.17161963918473327	0.19512424558793748	1.665e-321
RNF168_multinomial_train_fold1.1	0.6033046792361649	0.08976858440064335	0.1074323982003028	0.19949433816288875	3.791167337521381e-196
RNF168_multinomial_train_fold1.2	0.5731723777823243	0.0823204144116446	0.13836577521282856	0.20614143259320236	2.550194439120912e-209
RNF168_multinomial_train_fold1.3	0.5993431990173615	0.07468787626657612	0.10483889719102413	0.22113002752503816	1.7188965632822035e-90
RNF168_multinomial_train_fold1.4	0.5362893974625285	0.07538415905782883	0.15272840512293157	0.23559803835671117	3.157e-321
RNF168_multinomial_train_fold1.5	0.5663552975246657	0.08374131639809128	0.15612250835203925	0.19378087772520375	2.72e-321
RNF168_multinomial_train_fold1.6	0.5251508141109265	0.0854303056531552	0.18049519012852372	0.2089236901073947	3.3292283884137e-311
EXO1_multinomial_train_fold1	0.5981191114484051	0.06364484984445964	0.07583501028108883	0.21548523158467803	0.04691579684136837
EXO1_multinomial_train_fold1.1	0.6059999509242677	0.0985905096460773	0.042019118363390874	0.21319224152519115	0.04019817954107283
EXO1_multinomial_train_fold1.2	0.5942224211750412	0.07516213846117165	0.061457824718513264	0.23574684621109107	0.03341076943418283
RNF168_multinomial_train_fold1.7	0.57730447369882	0.08231892013084188	0.13996038365280852	0.17204246043349097	0.028373762084038474
EXO1_multinomial_train_fold1.3	0.6264113264792455	0.06031429528394267	0.07777738146720777	0.19881840292285907	0.03667859384674496
RNF168_multinomial_train_fold1.8	0.5442882861090551	0.07427938198131076	0.1863950738821053	0.19503725802752875	1.616e-321
EXO1_multinomial_train_fold1.4	0.5899502055622001	0.07024606796935265	0.1213870238417693	0.17146929767863	0.046947404948047805
EXO1_multinomial_train_fold1.5	0.5424808621223041	0.09935874259385777	0.08510563968820853	0.21638661937647774	0.056668136219151885
EXO1_multinomial_train_fold1.6	0.6180789622236722	0.08903033939695437	0.04516736638506231	0.18511203208976634	0.06261129990454478
EXO1_multinomial_train_fold1.7	0.5979428580938707	0.07696134170344046	0.08067138370520328	0.2149818024738652	0.029442614023620303
RNF168_multinomial_train_fold1.9	0.5839449958464891	0.09751656118064761	0.1203573744839569	0.19818106848890654	2.465e-321
RNF168_multinomial_train_fold1.10	0.5843687893617681	0.1068473255790146	0.12737835974215858	0.1814055253170588	1.275e-321
EXO1_multinomial_train_fold1.8	0.606570675120478	0.0780669130801012	0.08262108874211911	0.2007200811139666	0.03202124194333506
EXO1_multinomial_train_fold1.9	0.582773049326251	0.08321987542048119	0.07238629926977326	0.22132884265790229	0.04029193332559234
RNF168_multinomial_train_fold1.11	0.5710546032249237	0.13952312417321375	0.02540145098878817	0.2640208216130742	2.406e-321
EXO1_multinomial_train_fold1.10	0.5788215247537405	0.09714772173383072	0.05930935748383507	0.18587412453591948	0.07884727149267431
EXO1_multinomial_train_fold1.11	0.5921601582360385	0.08153084122496443	0.07494480344310302	0.22326313566213574	0.028101061433758224
EXO1_multinomial_train_fold1.12	0.5673533770568218	0.08756043920916799	0.07866316471263762	0.22401532967656454	0.04240768934480793
RNF168_multinomial_train_fold1.12	0.538837322338506	0.06963893002722053	0.18813147162861663	0.2033922760056568	2.92e-321
RNF168_multinomial_train_fold1.13	0.5709848305157833	0.10453523958989253	0.09410666546642643	0.23037326442789777	2.926735668889201e-113
EXO1_multinomial_train_fold1.13	0.6222201979222907	0.08611876455699875	0.043125833200110014	0.2018943496887248	0.046640854631875964
EXO1_multinomial_train_fold1.14	0.5860755189514341	0.08261640739716387	0.07941585948405432	0.22494853646716986	0.026943677700177856
EXO1_multinomial_train_fold1.15	0.5666521852000044	0.08211006660397929	0.09929146453564894	0.22320063802228216	0.028745645638085265
EXO1_multinomial_train_fold1.16	0.5955338407467956	0.09010379027615847	0.045449899494215185	0.22389798613432405	0.04501448334850676
RNF168_multinomial_train_fold1.14	0.5815173978795906	0.045987036110670516	0.20496917372073561	0.1675263922890033	2.29e-321
RNF168_multinomial_train_fold1.15	0.5089347321296516	0.08785065481974799	0.20749046742418803	0.1957241456264125	1.6165650312160957e-133
RNF168_multinomial_train_fold1.16	0.5734207289223792	0.09253670909740576	0.10191834254221746	0.23212421943799752	1.7006205098497843e-271
RNF168_multinomial_train_fold1.17	0.5692790725364694	0.09656965218266617	0.14298707798522847	0.19116419729563588	1.56e-321
RNF168_multinomial_train_fold1.18	0.5755185809988789	0.07264758145058774	0.15911427619021415	0.1927195613603193	7.86e-322
EXO1_multinomial_train_fold1.17	0.595112153300295	0.08435437089769418	0.06649548908205315	0.19271741318360058	0.06132057353635704
EXO1_multinomial_train_fold1.18	0.5660017085073816	0.09845292811170496	0.07235581248338363	0.21493650253956414	0.0482530483579655
RNF168_multinomial_train_fold1.19	0.5802827999891864	0.0977336086282017	0.11580581900387228	0.20617777237873974	3.538e-321
EXO1_multinomial_train_fold1.19	0.5960791541296159	0.10678409369091134	0.058343728164842006	0.18517269328646102	0.05362033072816985
EXO1_multinomial_train_fold1.20	0.6021273395844282	0.07165926068851192	0.10255578850804575	0.20548017898744794	0.018177432231566093
EXO1_multinomial_train_fold1.21	0.5647244169585693	0.08083237810777025	0.1112215672396768	0.20686205820844092	0.036359579485542824
RNF168_multinomial_train_fold1.20	0.5821100667185495	0.08152926507566705	0.1431568724098842	0.19320379579589925	5.110809781801138e-271
EXO1_multinomial_train_fold1.22	0.5995349712366405	0.08918327574248139	0.10095857056588366	0.20135469316116253	0.008968489293831964
EXO1_multinomial_train_fold1.23	0.5835131483574165	0.07940128856138522	0.08005624644787229	0.20207222469804653	0.05495709193527948
RNF168_multinomial_train_fold1.21	0.566822136564501	0.08223777225622492	0.1555929930895681	0.19534709808970613	1.566e-321
RNF168_multinomial_train_fold1.22	0.5765660213646009	0.08472457240198228	0.12435461984828983	0.214354786385127	3.873e-321
RNF168_multinomial_train_fold1.23	0.559439775879074	0.055181745105208055	0.16398941176197962	0.22138906725373844	2.87e-321
EXO1_multinomial_train_fold1.24	0.5873014632904637	0.07410478667205324	0.07847405600300845	0.22689310290530576	0.03322659112916885
RNF168_multinomial_train_fold1.24	0.5551713377279694	0.1121659190059968	0.12393369956417671	0.20872904370185683	6.313482579592436e-199
EXO1_multinomial_train_fold1.25	0.5859230093329104	0.08688534313643512	0.08201227575208234	0.21608295141584868	0.02909642036272341
RNF168_multinomial_train_fold1.25	0.6027038247619495	0.05337079749763935	0.13050294803724427	0.21342242970316694	3.483e-321
EXO1_multinomial_train_fold1.26	0.5335037571615949	0.08524987391094185	0.11332264469597929	0.2321357669758124	0.035787957255671625
RNF168_multinomial_train_fold1.26	0.5964555103386459	0.09503022415435379	0.11916860500108009	0.18934566050592028	8.692348903239506e-281
EXO1_multinomial_train_fold1.27	0.5850695734840047	0.09752586831922197	0.03546734049518939	0.2429851766601796	0.038952041041404366
RNF168_multinomial_train_fold1.27	0.5075699710539536	0.04261950669361046	0.21929444676561563	0.23051607548682038	1.487e-321
RNF168_multinomial_train_fold1.28	0.523305010782615	0.09790196360523223	0.1760881477681569	0.20270487784399585	2.456e-321
RNF168_multinomial_train_fold1.29	0.5955145897466876	0.05610052354048734	0.14734672867309714	0.20103815803972797	1.887e-321
EXO1_multinomial_train_fold1.28	0.6176648097381165	0.06916005344719446	0.06996625226306791	0.2186209292341542	0.024587955317466843
RNF168_multinomial_train_fold1.30	0.5671403863038311	0.07524746975390753	0.14899503189972174	0.20861711204253977	2.717e-321
RNF168_multinomial_train_fold1.31	0.5812268177052089	0.06771780709375129	0.1780582966777587	0.17299707852328114	2.19e-321
EXO1_multinomial_train_fold1.29	0.5990391199775509	0.08822790323263133	0.06581090683876933	0.21153292258055234	0.03538914737049625
EXO1_multinomial_train_fold1.30	0.5949930460481476	0.06683407006898708	0.08338606177263679	0.2262105217921861	0.028576300318042328
RNF168_multinomial_train_fold1.32	0.6003336287901244	0.08818690922449311	0.11221825144344304	0.19926121054193943	1.586e-321
RNF168_multinomial_train_fold1.33	0.5872367691967435	0.07682931380305082	0.11689428833448609	0.21903962866571955	1.95e-321
RNF168_multinomial_train_fold1.34	0.5602369878455067	0.10990483547092257	0.11956670409306065	0.2102914725905101	1.54e-321
RNF168_multinomial_train_fold1.35	0.6090791236598401	0.06530506864589108	0.09528179359301883	0.23033401410125004	1.606e-321
EXO1_multinomial_train_fold1.31	0.5989285386545105	0.07072537491948695	0.0877888589034586	0.22229077818486645	0.020266449337677645
RNF168_multinomial_train_fold1.36	0.5389120667082843	0.06570538658046557	0.17363300467783743	0.22174954203341277	2.075e-321
RNF168_multinomial_train_fold1.37	0.5984223382751618	0.06348180446292913	0.13169103124732523	0.20640482601458363	2.0906658910355928e-224
RNF168_multinomial_train_fold1.38	0.5681481009479413	0.11105767875697382	0.09452031593520853	0.22627390435987638	1.517e-321
RNF168_multinomial_train_fold1.39	0.5274074985663294	0.12663757650266086	0.11359273588807824	0.23236218904293146	1.73e-321
EXO1_multinomial_train_fold1.32	0.5545291764560254	0.07473121093822277	0.10725162745783298	0.22341340955377542	0.04007457559414329
RNF168_multinomial_train_fold1.40	0.580573424471053	0.10288940472071278	0.0867731280062668	0.2288345132368623	0.0009295295651051183
RNF168_multinomial_train_fold1.41	0.529568841341285	0.055914360270611904	0.19412324601562073	0.22039355237248223	2.177042531086923e-279
RNF168_multinomial_train_fold1.42	0.5679945801898082	0.0778973605699145	0.15344396869438948	0.18797723564716096	0.012686854898726906
EXO1_multinomial_train_fold1.33	0.5788732172316806	0.06504325338510138	0.09166601890154005	0.22652556646847474	0.03789194401320319
EXO1_multinomial_train_fold1.34	0.5462582199048098	0.08136836284401329	0.08614353566163922	0.21886254224839102	0.06736733934114658
RNF168_multinomial_train_fold1.43	0.5391123459496995	0.08562650324368105	0.15225898275909217	0.22300216804752734	3.9767441663378957e-42
RNF168_multinomial_train_fold1.44	0.5627745116946913	0.06799118639376987	0.14413047178942043	0.22510383012211835	2.4e-321
RNF168_multinomial_train_fold1.45	0.5985432307786311	0.08336082298768684	0.13979488248010635	0.17830106375357574	1.887e-321
EXO1_multinomial_train_fold1.35	0.6105914713634739	0.08164966096077629	0.08428510362348275	0.20659366897402084	0.01688009507824615
EXO1_multinomial_train_fold1.36	0.5720860387588268	0.09807885072983608	0.07563970378132728	0.21743578843077174	0.03675961829923807
RNF168_multinomial_train_fold1.46	0.5767564661928796	0.09087571845375073	0.09157403940014214	0.24079377595322762	1.96e-321
RNF168_multinomial_train_fold1.47	0.5302121850359327	0.12479532443051616	0.09332093138353237	0.2516715591500187	1.3148895785120465e-106
RNF168_multinomial_train_fold1.48	0.5417198438459605	0.08404050863646974	0.14471535737429203	0.22952429014327766	9.599162891029313e-64
EXO1_multinomial_train_fold1.37	0.5692256990394755	0.08542637064813552	0.08965637919161903	0.2151928467038741	0.04049870441689571
EXO1_multinomial_train_fold1.38	0.5684651813115147	0.07575468671472883	0.08395071571379696	0.22220068521346542	0.049628731046494116
RNF168_multinomial_train_fold1.49	0.5156876580376492	0.08031974616124692	0.19000356820153758	0.20656696471673627	0.007422062882830029
RNF168_multinomial_train_fold1.50	0.5772794699209461	0.11094696029057319	0.12033801346887199	0.1914355563196087	9.805289241713354e-195
RNF168_multinomial_train_fold1.51	0.5770299878455485	0.0641227656525561	0.14303083547471615	0.2158164110271791	4.9588922488584104e-207
RNF168_multinomial_train_fold1.52	0.5605799484722274	0.07109690558675481	0.17453048778245311	0.19379265815856478	1.0278620321752282e-273
EXO1_multinomial_train_fold1.39	0.6027740512797773	0.08326771653516112	0.08175375749185261	0.19980340351097323	0.032401071182235834
EXO1_multinomial_train_fold1.40	0.6096652261604419	0.08184307266940506	0.08183268119783418	0.20041065529196578	0.026248364680353
EXO1_multinomial_train_fold1.41	0.5788276657634681	0.09268815079163742	0.07470606127848897	0.20889459201904134	0.04488353014736397
RNF168_multinomial_train_fold1.53	0.5850260413635756	0.07963630420032097	0.12459553839952567	0.21074211603657775	3.434e-321
EXO1_multinomial_train_fold1.42	0.6093684929176839	0.09333239750199515	0.06060673554365644	0.20529941391560164	0.031392960121062824
EXO1_multinomial_train_fold1.43	0.6140488693699533	0.09324348708374612	0.07412258751330882	0.20490514169469548	0.013679914338296345
MSH6_multinomial_train_fold1	0.028031904912215154	0.0030116843383049337	0.0078038688407619594	0.1724558609998863	0.7886966809088315
MLH1_multinomial_train_fold1	0.03714168350214013	0.0005240842126822561	0.051311084708757275	0.23067232327644716	0.6803508242999733
PMS1_multinomial_train_fold1	1.89e-321	0.12083634584093725	0.5659197258118465	0.14260924443269976	0.17063468391451644
MLH1_multinomial_train_fold1.1	0.05460500610827779	2.7720776324140906e-306	0.021948928754932095	0.23795684932444833	0.6854892158123418
MSH6_multinomial_train_fold1.1	0.013325401892457813	0.022369786572514053	1.0535932357190922e-37	0.1355810256613363	0.8287237858736919
PMS1_multinomial_train_fold1.1	5.9672323160422666e-257	0.03477897978641987	0.5681230959688949	0.2105565572897865	0.1865413669548988
MSH6_multinomial_train_fold1.2	0.015559724884458975	0.01778149959585839	0.0038957908138540455	0.15565717377964194	0.8071058109261866
MSH6_multinomial_train_fold1.3	0.02343248436085453	0.004609812656433798	0.016182883250516276	0.11729379046898844	0.8384810292632068
PMS2_multinomial_train_fold1	0.4682440868997062	0.03609748079486891	9.482362525486828e-21	7.4e-322	0.4956584323054247
MSH6_multinomial_train_fold1.4	0.018032124060542505	0.01355271902659475	1.357419835475148e-88	0.17331086765450446	0.7951042892583583
MSH6_multinomial_train_fold1.5	5.601080472968645e-144	0.006776986755564846	6.4572189396090045e-208	0.14830737439273706	0.8449156388516981
MSH6_multinomial_train_fold1.6	0.0131747181629915	0.005563590276207292	0.0633990799121499	0.12562594806896132	0.79223666357969
MSH6_multinomial_train_fold1.7	0.01912853285605388	2.006e-321	0.06162385145173858	0.12185992622071272	0.7973876894714949
PMS1_multinomial_train_fold1.2	9.071001894113557e-205	0.19575854833770273	0.3657321303016461	0.2983202501384581	0.14018907122219323
MSH6_multinomial_train_fold1.8	0.07540431027155853	0.0006642118158880511	0.027962776569942723	0.11780120082461654	0.7781675005179942
MLH1_multinomial_train_fold1.2	0.08727071034309143	0.0032319776583172263	0.03220222414229112	0.20716982649575222	0.6701252613605481
MSH6_multinomial_train_fold1.9	1.3552875928022402e-212	0.009250714279561078	0.03381355315490925	0.17026823070173394	0.7866675018637957
MSH6_multinomial_train_fold1.10	1.3365588398291445e-62	0.018163516071182252	0.029724718724915264	0.11156380528640802	0.8405479599174945
MLH1_multinomial_train_fold1.3	0.03229885029879298	1.097e-321	0.04502948551369095	0.21484976287204974	0.7078219013154664
MSH6_multinomial_train_fold1.11	0.021769614347631413	0.014666458024756204	0.013931301233135919	0.1283617399201879	0.8212708864742886
PMS1_multinomial_train_fold1.3	1.52e-321	0.12446400832953743	0.44507330418392654	0.2895498270766666	0.1409128604098696
MLH1_multinomial_train_fold1.4	0.04182578531123913	1.6212109719308374e-297	0.024421133322892082	0.23820514795377634	0.6955479334120924
MSH6_multinomial_train_fold1.12	0.058071405347004	0.004019587000454266	0.004650146639107724	0.13977410696235504	0.7934847540510791
PMS2_multinomial_train_fold1.1	0.49767808593058127	0.02329512134973109	0.0003693238402355577	7.5e-322	0.4786574688794521
MSH6_multinomial_train_fold1.13	0.010808828358558923	0.0015007546758228681	0.006049186004660633	0.18036970667821672	0.8012715242827408
MSH6_multinomial_train_fold1.14	0.011228555758596792	0.018509531035292147	0.025109325002849268	0.12443739958423247	0.8207151886190294
MSH6_multinomial_train_fold1.15	0.06367344359026497	0.011870676723622482	6.670323728806211e-23	0.14968557151124542	0.7747703081748673
PMS1_multinomial_train_fold1.4	2.396e-321	0.10523485552691861	0.5229558218290478	0.21396430930613103	0.15784501333790263
MSH6_multinomial_train_fold1.16	0.036592265556999695	0.009828093860928075	0.004303598427808182	0.13300745158770122	0.8162685905665629
MSH6_multinomial_train_fold1.17	0.018870961575248615	1.5980877202486792e-267	0.057727557155917604	0.10692174981049211	0.8164797314583416
MSH6_multinomial_train_fold1.18	0.04251193483409926	0.004345360446307846	0.0027923891674786843	0.12018728338855024	0.830163032163564
MSH6_multinomial_train_fold1.19	5.3791549626186e-96	0.007296418675100495	0.03592536248286548	0.1644918755391226	0.7922863433029115
PMS2_multinomial_train_fold1.2	0.5078199325429577	0.03251689371147773	0.002445618477254208	7.16e-322	0.4572175552683104
PMS2_multinomial_train_fold1.3	0.5255566907141476	0.024759104954745145	2.7726605219553428e-12	3.5e-322	0.4496842043283346
PMS1_multinomial_train_fold1.5	2e-321	0.1410081897841667	0.3444461402304375	0.31878531434428564	0.19576035564111016
MSH6_multinomial_train_fold1.20	0.00045529368233806485	0.0005310895782263932	0.06098417600724454	0.10442101458076657	0.8336084261514243
MLH1_multinomial_train_fold1.5	0.03258725788427169	0.013541619966216374	0.008407612203046285	0.23131029819455892	0.7141532117519065
PMS1_multinomial_train_fold1.6	2.006e-321	0.21821168908916502	0.41988351972387306	0.1875191564435075	0.1743856347434544
MSH6_multinomial_train_fold1.21	0.05660007767299965	0.00488266501766373	0.0006623929870123494	0.14126645502856644	0.7965884092937578
MLH1_multinomial_train_fold1.6	0.0680796807231489	0.019218233389339912	0.003109184609091422	0.24694579706781006	0.6626471042106097
MSH6_multinomial_train_fold1.22	0.028697551722125816	0.007622136448455235	1.0718749096728393e-53	0.14277032355625485	0.8209099882731642
MSH6_multinomial_train_fold1.23	0.04879918377645837	0.00885946112840655	0.0009220366670656516	0.1357360995485082	0.8056832188795612
MSH6_multinomial_train_fold1.24	0.04770947186273779	0.007265870495591111	9.052108390377298e-34	0.15547956729647358	0.7895450903451974
PMS1_multinomial_train_fold1.7	1.92e-321	0.12796304284127744	0.46484950490901467	0.22685813486718825	0.1803293173825196
PMS2_multinomial_train_fold1.4	0.5526159014189279	0.021766016842007414	9.300998931351721e-211	7.9e-322	0.42561808173906474
MLH1_multinomial_train_fold1.7	0.05586365318396726	0.011233857251469638	0.02523414175324092	0.23673903253543693	0.6709293152758853
MSH6_multinomial_train_fold1.25	0.009020382908187458	0.0040008529361221104	1.0047104423041883e-42	0.1269202764178598	0.8600584877378308
MSH6_multinomial_train_fold1.26	0.05712256033741373	0.00919992085146453	1.1459940524741154e-22	0.12952682148500147	0.8041506973261203
PMS2_multinomial_train_fold1.5	0.47052276099830015	0.02758128127385609	0.01595939571144742	7.36e-322	0.48593656201639646
MLH1_multinomial_train_fold1.8	0.027625303717524072	2.068663932310489e-149	0.038864314477930526	0.23696014457792872	0.6965502372266168
PMS1_multinomial_train_fold1.8	3.55e-321	0.15388208361895603	0.3703974154921159	0.3067106132366256	0.16900988765230232
MSH6_multinomial_train_fold1.27	0.03416205905827222	0.0012991378888503786	0.02505844224202818	0.13990937136025067	0.7995709894505987
MSH6_multinomial_train_fold1.28	0.019185653985924447	1.71e-321	0.055912005657732244	0.11738528755821524	0.8075170527981282
MSH6_multinomial_train_fold1.29	0.007752555802260167	0.003091418605470016	0.009717866376618792	0.16647005079886207	0.812968108416789
MSH6_multinomial_train_fold1.30	0.007693803129327165	0.015616404690622044	0.023353128365781153	0.12509292193213103	0.8282437418821385
MSH6_multinomial_train_fold1.31	2.3256143490758855e-137	0.01585254914457195	0.015811610554291238	0.15349668922058418	0.8148391510805526
MSH6_multinomial_train_fold1.32	0.0036684764206845045	0.01905330203279933	6.011719551639091e-236	0.19108313182085646	0.7861950897256598
MLH1_multinomial_train_fold1.9	0.07231006156410609	1.5420350872225602e-127	0.04965212725239171	0.20564191895544856	0.6723958922280537
PMS2_multinomial_train_fold1.6	0.534938275406182	0.02214856937278855	0.008602281653923747	7.4e-322	0.4343108735671057
MSH6_multinomial_train_fold1.33	0.017354039860120886	0.006931899927534984	0.009945171263713616	0.1503003219055362	0.8154685670430944
PMS2_multinomial_train_fold1.7	0.5073053141156161	0.029485428020672687	2.55e-321	1.08e-321	0.4632092578637114
MSH6_multinomial_train_fold1.34	3.181921942326169e-182	0.035389240525627745	0.01787726702834381	0.16284813989308164	0.7838853525529467
MLH1_multinomial_train_fold1.10	0.06344913501258659	0.0013565477284221243	0.04273055917997355	0.22343589239027037	0.6690278656887474
MSH6_multinomial_train_fold1.35	3.725281270341331e-27	0.03445121232966443	6.151014957148745e-30	0.1477460281321627	0.8178027595381727
PMS2_multinomial_train_fold1.8	0.5088693277003278	0.02194748706357341	0.02264078532714122	7.7e-322	0.4465423999089576
PMS1_multinomial_train_fold1.9	1.24e-321	0.11170256309360689	0.5262896399797956	0.19910691641470887	0.16290088051188856
PMS1_multinomial_train_fold1.10	1.97e-321	0.13121714036543233	0.4017901386264269	0.2645250629466283	0.20246765806151237
PMS1_multinomial_train_fold1.11	2.055e-321	0.14209027827871537	0.33011507206138613	0.2291082642125269	0.29868638544737164
MSH6_multinomial_train_fold1.36	0.03221646885148936	0.011090849995371048	0.02166282679437071	0.10997899844660941	0.8250508559121597
PMS2_multinomial_train_fold1.9	0.5325088144861202	0.041326029095273324	2.2970607944184125e-173	3.85e-322	0.4261651564186065
MLH1_multinomial_train_fold1.11	0.050022830053881695	1.7458143493837448e-67	0.035515994317667214	0.2283515898267013	0.6861095858017499
MSH6_multinomial_train_fold1.37	0.02973357467769143	0.004683485287773041	0.02657061194966753	0.12838609310924673	0.8106262349756211
MSH6_multinomial_train_fold1.38	3.2151217079716424e-63	0.0012754167916203356	0.0633262986023377	0.10937492442153662	0.8260233601845052
MSH6_multinomial_train_fold1.39	0.04500376427251408	0.004302345092971862	0.0033732963086163612	0.13958315851803832	0.8077374358078593
MSH6_multinomial_train_fold1.40	0.04158832385392823	0.004983876797117126	2.73e-321	0.17283432430372772	0.780593475045227
MSH6_multinomial_train_fold1.41	0.043400993777531725	0.014813863252380797	0.009152908564984316	0.132897899679295	0.7997343347258082
MSH6_multinomial_train_fold1.42	0.03724076462489668	1.7610361757796749e-115	0.022290516726444012	0.13727856257811807	0.8031901560705411
PMS1_multinomial_train_fold1.12	4.847e-321	0.1533957167106558	0.3698073440952546	0.30280892890320255	0.17398801029088712
PMS2_multinomial_train_fold1.10	0.5324839612652864	0.022882217008184488	0.007499622618263096	7.36e-322	0.43713419910826584
MSH6_multinomial_train_fold1.43	0.030305405758633764	0.008837799700618022	2.7e-321	0.17708899670475423	0.7837677978359939
PMS2_multinomial_train_fold1.11	0.5432124175208652	0.017692027860576977	1.67e-321	7.3e-322	0.43909555461855765
PMS2_multinomial_train_fold1.12	0.5245450080570672	0.025431826903077992	0.0056251413494848405	7.3e-322	0.44439802369037
PMS1_multinomial_train_fold1.13	1.7924732169317294e-28	0.1914116951984321	0.43962587243990625	0.23593312129321897	0.13302931106844262
PMS1_multinomial_train_fold1.14	1.5e-321	0.16003579193472273	0.386220749807036	0.3149836139894225	0.13875984426881874
PMS2_multinomial_train_fold1.13	0.5007731644287059	0.03013500835924815	0.00454346943756486	7.36e-322	0.46454835777448106
PMS1_multinomial_train_fold1.15	9.107863058424622e-195	0.1104383372428674	0.5026702929165419	0.17665260949866368	0.21023876034192698
MSH6_multinomial_train_fold1.44	0.04308669204005419	0.023169473317435324	3.2900417684534825e-47	0.13779972422951606	0.7959441104129944
PMS2_multinomial_train_fold1.14	0.4841310935567721	0.031167659867757467	0.002223230597831848	3.5e-322	0.4824780159776386
MSH6_multinomial_train_fold1.45	0.007409471428202426	0.003449196522070138	0.047891393837734234	0.13269737249745633	0.8085525657145367
MSH6_multinomial_train_fold1.46	8.154059913373316e-06	0.015282532965622816	0.03408930919064425	0.16017130497259233	0.7904486988112274
MSH6_multinomial_train_fold1.47	1.259334377805589e-06	0.019803454187491985	0.00015376173302904313	0.1604823858379346	0.8195591389071665
PMS1_multinomial_train_fold1.16	5.49788785537748e-180	0.2528388760674159	0.30060185916807974	0.3011327993118783	0.14542646545262586
PMS2_multinomial_train_fold1.15	0.45821999742599334	0.0441700477623978	0.029565007916889784	7.46e-322	0.4680449468947192
PMS2_multinomial_train_fold1.16	0.5184116136789486	0.03998559446974352	1.4710253056468757e-190	1.18e-321	0.4416027918513079
UNG_multinomial_train_fold1	0.09217393298899995	0.16989016337835344	0.21043626839101714	0.5109816206813698	0.016518014560259503
OGG1_multinomial_train_fold1	0.10995730676357054	0.7801930612649274	0.050042769567037564	0.052318200651606056	0.007488661752858437
OGG1_multinomial_train_fold1.1	0.08827167278366846	0.7679413216806975	0.08683359662596116	0.04669619602086563	0.010257212888807238
UNG_multinomial_train_fold1.1	0.03960119430950129	0.2154172531234406	0.2614693393477166	0.48351221321934135	6.956978385843073e-138
UNG_multinomial_train_fold1.2	0.05218065776921394	0.14916387435300765	0.2091427898356853	0.5707077318138948	0.018804946228198227
UNG_multinomial_train_fold1.3	0.07844909806842916	0.2077541126365012	0.19524794755555275	0.5109162164375282	0.007632625301988609
