Samples	SBS96A	SBS96B	SBS96C	SBS96D	SBS96E
EXO1_0_real_train1	0.06193390233716396	0.5867719469819306	0.09540214485234601	0.02560709901313176	0.2302849068154277
OGG1_0_real_train1	0.8249999912149094	0.011690450940726738	0.08105735122006978	0.06065721101112274	0.021594995613171204
RNF168_0_real_train1	0.09181954601957854	0.5794344485054741	0.14125368600905577	0.0076831387122259015	0.1798091807536658
UNG_0_real_train1	0.12477317852952949	0.0834612921276465	0.2547851318256469	2.4507239492787735e-224	0.5369803975171771
ATP2B4_0_real_train1	0.2788760431963307	0.15809108721851173	0.3958247809283252	0.010948823719753925	0.1562592649370785
ATP2B4_1_real_train1	0.3454324349818246	0.03246844358420627	0.5010664641941713	0.12103265723979795	1.2685841243822004e-96
MLH1_0_real_train1	0.005536385499039515	4.508782792991399e-211	7.307450169275947e-127	0.8077321472567953	0.1867314672441653
MSH2_0_real_train1	0.002156774618121828	4.13e-321	0.0601565499867063	0.7624375394757776	0.1752491359193943
MSH6_0_real_train1	0.011408634759448389	0.009326171390361569	0.027899788183115466	0.8194288097789874	0.13193659588808718
MSH6_1_real_train1	0.02650897380127093	0.020543690410938936	0.0011925794294340205	0.8334815631381945	0.11827319322016143
PMS1_0_real_train1	0.1838033598333562	2.8963014605277047e-296	0.4802035749069036	0.16038294273414988	0.17561012252559033
PMS2_0_real_train1	0.027510443881236555	0.5143741878222617	0.024589779782032164	0.4335255885144696	1.22e-321
EXO1_0_multinomial_train1	0.0842800669563572	0.6176402452291123	0.05030118542179069	0.011872949601222326	0.23590555279151743
RNF168_0_multinomial_train1	0.092295139566094	0.5427049165655682	0.20049504164474358	0.0052825652875258	0.15922233693606835
RNF168_0_multinomial_train1.1	0.10283320077326984	0.582327507087141	0.20071755599417856	1.4e-321	0.11412173614541082
EXO1_0_multinomial_train1.1	0.07680821780071091	0.5777845922052626	0.0640569496008603	0.08993580715375382	0.19141443323941243
RNF168_0_multinomial_train1.2	0.09167536634046589	0.5667207909651958	0.21492070665940674	0.05814103638153717	0.06854209965339449
RNF168_0_multinomial_train1.3	0.09548792359023632	0.506655228466815	0.14834591192460125	0.03387060915451962	0.2156403268638279
RNF168_0_multinomial_train1.4	0.1128322401093879	0.5292924445429478	0.17700072944226605	0.043982164971381285	0.13689242093401685
RNF168_0_multinomial_train1.5	0.023442709370913032	0.5659733541249408	0.21673940088117347	2.18e-321	0.19384453562297274
RNF168_0_multinomial_train1.6	0.10498163105982103	0.5309975172804049	0.11443530807986137	7.103139708622717e-287	0.2495855435799128
RNF168_0_multinomial_train1.7	0.06552643545332569	0.5915156643555678	0.10439652193073955	0.019673000115302635	0.21888837814506426
RNF168_0_multinomial_train1.8	0.13316328648783424	0.6120931559993897	0.10278389174660686	0.008640307981715098	0.14331935778445398
EXO1_0_multinomial_train1.2	0.03201387492994586	0.5797688010986002	0.15429863591882584	0.01107148306400044	0.22284720498862756
EXO1_0_multinomial_train1.3	0.0948096372849856	0.6390910897227587	0.02457656232651738	0.04810090393292178	0.1934218067328164
RNF168_0_multinomial_train1.9	0.07579482005460512	0.6101612450306483	0.14211128366378803	3.014e-321	0.17193265125095847
EXO1_0_multinomial_train1.4	0.056882243473804696	0.5907341988599869	0.10163299998215732	0.0028754021019059446	0.24787515558214507
EXO1_0_multinomial_train1.5	0.06838573304112518	0.5815925568890591	0.08443052848230691	0.03362185223152824	0.23196932935598058
EXO1_0_multinomial_train1.6	0.058928890988946464	0.5921907947821717	0.09106162817537812	1.401600299098671e-90	0.25781868605350367
EXO1_0_multinomial_train1.7	0.07322678081753047	0.5900184128003054	0.05211993150081837	0.02890171690586255	0.25573315797548324
EXO1_0_multinomial_train1.8	0.05751495340868006	0.5247834735149771	0.125833146819351	0.02542958194190492	0.266438844315087
RNF168_0_multinomial_train1.10	0.1674560631724403	0.5216864552050557	0.06526110458709819	2.696181765362739e-205	0.24559637703540582
EXO1_0_multinomial_train1.9	0.04656951277027587	0.648608844762061	0.06826769830753739	0.05708001084808354	0.17947393331204228
RNF168_0_multinomial_train1.11	0.04502223321581647	0.5558559051733271	0.16977924760010468	0.014671465078419658	0.21467114893233222
RNF168_0_multinomial_train1.12	0.08653743619407318	0.5727205242361351	0.15544245682020752	0.05804221273525489	0.12725737001432924
EXO1_0_multinomial_train1.10	0.042777219963645495	0.5983853906851417	0.08781781729063455	0.028976225467519025	0.24204334659305915
EXO1_0_multinomial_train1.11	0.06723801116586477	0.5609793603555634	0.07565852506621344	0.03768359798833773	0.25844050542402064
RNF168_0_multinomial_train1.13	0.08241879325386242	0.5735543426230167	0.068827462964932	0.16279742105537967	0.11240198010280918
RNF168_0_multinomial_train1.14	0.09275909558352036	0.5518907601876908	0.16854076717642894	0.026366307348474533	0.16044306970388522
RNF168_0_multinomial_train1.15	0.081126330814457	0.5813798465654567	0.07078747660763891	0.02781091018352566	0.23889543582892156
RNF168_0_multinomial_train1.16	0.10929610874513836	0.5458441484197125	0.1564133713451708	0.02097965703909207	0.16746671445088646
EXO1_0_multinomial_train1.12	0.09034763372349788	0.6076229741496368	0.08715267017196865	0.0039212882312800075	0.2109554337236165
RNF168_0_multinomial_train1.17	0.07765632673831345	0.5114141816055097	0.18906266379562417	0.031021527324757846	0.1908453005357948
EXO1_0_multinomial_train1.13	0.0869528565293766	0.5828413604626456	0.08714727976269936	0.0064374340615492255	0.2366210691837294
RNF168_0_multinomial_train1.18	0.11866003461759879	0.5460230010757162	0.19693591128212376	2.1869221516021643e-306	0.13838105302456113
EXO1_0_multinomial_train1.14	0.07510530681147418	0.5837318124665113	0.0665925489467135	0.02280767081392125	0.25176266096137967
RNF168_0_multinomial_train1.19	0.0880039053473068	0.656615510911614	0.07649065304700686	0.022249114917005302	0.15664081577706704
RNF168_0_multinomial_train1.20	0.028186604201988666	0.5988422819499245	0.12546597098689993	1.492341234685307e-119	0.2475051428611869
EXO1_0_multinomial_train1.15	0.06254736024589956	0.5751202083269384	0.09435044746978707	0.023086027302484134	0.2448959566548908
RNF168_0_multinomial_train1.21	0.13035214997740888	0.5521168343633241	0.09913881275452903	0.009134826094082192	0.2092573768106557
RNF168_0_multinomial_train1.22	0.10318833400698749	0.4701712602066527	0.182370962860691	0.04074277194258574	0.2035266709830831
EXO1_0_multinomial_train1.16	0.045603312005794115	0.5558693549835889	0.10149593326067827	0.020129060990683137	0.2769023387592556
EXO1_0_multinomial_train1.17	0.04793252739241251	0.605595441739595	0.09649327818237187	0.02701754905324457	0.2229612036323762
RNF168_0_multinomial_train1.23	0.09322818923169723	0.641027220371711	0.06807799712609643	2.196087337121345e-05	0.19764463239712413
EXO1_0_multinomial_train1.18	0.05184789723536154	0.5332098906849054	0.11686754493570348	0.031371820053832496	0.26670284709019704
RNF168_0_multinomial_train1.24	0.06051098301834396	0.6403065022143816	0.16608338593853278	0.00027259873017281965	0.13282653009856882
RNF168_0_multinomial_train1.25	0.06015239837804794	0.5851805133527791	0.1967800961451841	0.006240633995356108	0.15164635812863278
RNF168_0_multinomial_train1.26	0.0584993769126716	0.6143012560811035	0.12127136493514815	2.816e-321	0.20592800207107687
RNF168_0_multinomial_train1.27	0.13613190839189307	0.47671270422914613	0.21026690584371002	0.0019676630948425814	0.1749208184404083
RNF168_0_multinomial_train1.28	0.0635560614332566	0.6057062128518653	0.13575264501336987	0.024248437192135784	0.1707366435093725
EXO1_0_multinomial_train1.19	0.042882664655912076	0.5512711500654908	0.12593097094503578	0.055356583325883266	0.22455863100767792
RNF168_0_multinomial_train1.29	0.05562969984264585	0.5855625241326662	0.135154488540688	0.02089894933974267	0.20275433814425742
EXO1_0_multinomial_train1.20	0.06544982395621275	0.5690648481637892	0.10411519230633468	0.02622771412265343	0.2351424214510099
RNF168_0_multinomial_train1.30	0.08907441358716237	0.591449131633047	0.15095587010798361	0.004313285016876146	0.16420729965493075
RNF168_0_multinomial_train1.31	0.07049950059932401	0.5613858803584131	0.17364064285858063	0.0233092915274587	0.17116468465622364
RNF168_0_multinomial_train1.32	0.08616510381045919	0.6229858867241563	0.13169586667322875	0.014424361961452687	0.1447287808307029
RNF168_0_multinomial_train1.33	0.0639666406476823	0.5204124076529384	0.2338805220360247	1.023e-321	0.18174042966335463
EXO1_0_multinomial_train1.21	0.06547203729626791	0.5957360115595762	0.06281271569447357	9.634657900140085e-179	0.2759792354496823
RNF168_0_multinomial_train1.34	0.08625480325332657	0.6968555899260165	0.08002605294045888	7.26e-322	0.13686355388019816
EXO1_0_multinomial_train1.22	0.06646884754833685	0.6121902602474416	0.07539269856317642	0.0346391944771056	0.2113089991639395
EXO1_0_multinomial_train1.23	0.06098244139993377	0.5791448003901866	0.11310747588443229	0.005323701214969597	0.24144158111047787
RNF168_0_multinomial_train1.35	0.09214449829231446	0.535127801645042	0.11409484775895586	1.2928142398538811e-135	0.25863285230368777
RNF168_0_multinomial_train1.36	0.08751963638731862	0.5559508812241071	0.19713821731408063	0.0024227085266353456	0.15696855654785824
EXO1_0_multinomial_train1.24	0.06696084871738173	0.614680330565744	0.1310919905968994	0.021043667654165276	0.16622316246580945
RNF168_0_multinomial_train1.37	0.06555323567789913	0.5742009287902319	0.15531634694874835	1.115877057278128e-266	0.20492948858312066
EXO1_0_multinomial_train1.25	0.07610724288449996	0.5499885529756726	0.10829610221289356	0.0495343591074074	0.21607374281952657
RNF168_0_multinomial_train1.38	0.09771853984559226	0.6451413280222438	0.14952909075393736	4.461571473757e-312	0.10761104137822668
EXO1_0_multinomial_train1.26	0.04178394776010276	0.6138171241296355	0.10747785707626717	0.03381953903639026	0.20310153199760428
EXO1_0_multinomial_train1.27	0.04867449821393542	0.6032360186544274	0.12333695329405131	0.002227738123381755	0.2225247917142041
EXO1_0_multinomial_train1.28	0.05062789211032939	0.5970280860174886	0.11506765337495324	0.0041409723386228664	0.2331353961586057
EXO1_0_multinomial_train1.29	0.06319460996899944	0.5992317786876015	0.11035515741199715	0.007972727999928228	0.21924572593147357
EXO1_0_multinomial_train1.30	0.03650340678963499	0.5893559910437337	0.13907673644137528	1.5846061940879884e-48	0.23506386572525606
RNF168_0_multinomial_train1.39	0.11487575735615992	0.575986746798258	2.095e-321	1.193167910324793e-267	0.30913749584558226
RNF168_0_multinomial_train1.40	0.1413061597485954	0.5534163311366848	0.18293734523647823	5.077526144307679e-303	0.12234016387824165
EXO1_0_multinomial_train1.31	0.05014598343185179	0.562405098438111	0.10275451730121879	0.04554522497799682	0.23914917585082152
EXO1_0_multinomial_train1.32	0.07333616135169414	0.5880450372851423	0.0791507795369056	0.0414744196745111	0.21799360215174682
EXO1_0_multinomial_train1.33	0.07466469507556994	0.603935964640271	0.06234024104349058	0.026413647968060807	0.2326454512726077
RNF168_0_multinomial_train1.41	0.0927488406392278	0.6276856762233262	0.14554714936160193	2.095e-321	0.13401833377584424
RNF168_0_multinomial_train1.42	0.08562076434594368	0.6279387610103618	0.14348751143561914	1.513303105935477e-62	0.1429529632080755
EXO1_0_multinomial_train1.34	0.06646641363574919	0.5883733551597365	0.08192025579702322	0.021387713177878975	0.24185226222961206
RNF168_0_multinomial_train1.43	0.09760601696375987	0.5492574262555543	0.16267613591557262	1.94e-321	0.19046042086511336
EXO1_0_multinomial_train1.35	0.07499876036810017	0.56765899048235	0.12377952445694378	0.005666560839589436	0.22789616385301664
EXO1_0_multinomial_train1.36	0.055751982109745524	0.5765788681652482	0.09255117319488149	0.005705383558758579	0.2694125929713662
RNF168_0_multinomial_train1.44	0.10505523017951585	0.5783323100877044	0.17134506791233153	2.89e-321	0.14526739182044832
EXO1_0_multinomial_train1.37	0.07231253415183102	0.6004271602609347	0.04349886001164381	0.015146450431759875	0.26861499514383075
RNF168_0_multinomial_train1.45	0.08535918708764699	0.5620303338880568	0.1945283104132825	2.673e-321	0.1580821686110137
RNF168_0_multinomial_train1.46	0.09851683963724786	0.6247879219177496	0.10075006875430767	6.854120993585857e-172	0.17594516969069487
RNF168_0_multinomial_train1.47	0.03627852781873226	0.5978593423121814	0.2064857161781915	0.013349420080438639	0.14602699361045637
RNF168_0_multinomial_train1.48	0.028392397913214944	0.5702210564327855	0.24756247151240604	2.2e-321	0.15382407414159335
RNF168_0_multinomial_train1.49	0.10193525608490511	0.5386580268490959	0.13261237860027392	0.019204097750915583	0.20759024071480955
RNF168_0_multinomial_train1.50	0.08001807153359382	0.5473547505129546	0.10455971478884908	0.026909492475199085	0.2411579706894034
EXO1_0_multinomial_train1.38	0.08792845122523815	0.6173882248075411	0.0816187331371352	0.005686038259522137	0.20737855257056348
RNF168_0_multinomial_train1.51	0.05702611494981333	0.5761977076959309	0.20227167599405582	0.01848011189214116	0.14602438946805874
RNF168_0_multinomial_train1.52	0.09426092572755305	0.536857329271524	0.09127404087230201	0.08123984228526325	0.19636786184335764
EXO1_0_multinomial_train1.39	0.08400179086314016	0.5412831593753475	0.0625492422232499	0.05371657659874055	0.2584492309395218
EXO1_0_multinomial_train1.40	0.0789011846943526	0.5727066370672806	0.07478235855245456	0.043291852220417905	0.23031796746549443
RNF168_0_multinomial_train1.53	0.11282710197202726	0.5729005417010253	0.1578572183857976	0.0051396775410264	0.15127546040012327
EXO1_0_multinomial_train1.41	0.02308434515613722	0.5708423329489125	0.1417398478445324	0.05730011645527782	0.20703335759513988
EXO1_0_multinomial_train1.42	0.04515663407459466	0.5887840203188704	0.13866497997893576	0.0023900893974094463	0.22500427623018973
RNF168_0_multinomial_train1.54	0.12415096683892467	0.515979378301387	0.19106122126524153	1.37e-321	0.16880843359444705
OGG1_0_multinomial_train1	0.8235466028129338	3.5040324947504726e-78	0.12291503707664857	0.02297472442685632	0.03056363568356121
UNG_0_multinomial_train1	0.11883748022536707	0.01302994161444819	0.19625628132350054	0.049508004091425147	0.622368292745259
UNG_0_multinomial_train1.1	0.16165063541077007	0.06631891689438542	0.2801138852425984	0.014593549904186444	0.47732301254805964
UNG_0_multinomial_train1.2	0.14311575759555348	0.08510502091169762	0.23125467585818593	1.784e-321	0.5405245456345631
OGG1_0_multinomial_train1.1	0.809349861917827	0.0031959123159418755	0.06896355696384554	0.10428812880755316	0.014202539994832609
UNG_0_multinomial_train1.3	0.1440661999088581	0.14989195076926273	0.19975312969696674	0.019736464475598077	0.4865522551493142
OGG1_0_multinomial_train1.2	0.8512238952137617	0.011196580959019339	7.175420890486502e-297	0.10176931903781851	0.035810204789400585
OGG1_0_multinomial_train1.3	0.8826638858917861	0.02644890520488564	0.015822397955462614	0.054682890516985085	0.020381920430880638
UNG_0_multinomial_train1.4	0.11604846461749181	0.025170373906800752	0.3388882164648686	1.81e-321	0.5198929450108387
UNG_0_multinomial_train1.5	0.1002849468420503	0.09426910490754799	0.24349184325138828	8.35e-322	0.5619541049990133
OGG1_0_multinomial_train1.4	0.9229443138693308	4.09e-321	1.16730739516075e-134	0.07562642605550841	0.0014292600751608766
OGG1_0_multinomial_train1.5	0.8585881323632529	0.01649988007605822	9.142666094011234e-175	0.12491198756068886	4.683014003054359e-74
UNG_0_multinomial_train1.6	0.1283617356126506	0.1200919688475865	0.08039091613102742	2.946736582379134e-170	0.6711553794087355
UNG_0_multinomial_train1.7	0.24220559754853802	0.050087744982248474	0.16078713444605708	0.06252272768287871	0.4843967953402777
UNG_0_multinomial_train1.8	0.09088828185341848	1.7851088581980546e-184	0.3300570539956947	1.12e-321	0.5790546641508869
OGG1_0_multinomial_train1.6	0.8572689488370139	1.8313665205682357e-160	0.009927644388708896	0.07613663498960657	0.05666677178467067
UNG_0_multinomial_train1.9	0.1092888071754742	0.10441476971367791	0.2520580069473618	5.3218748762576886e-15	0.5342384161634808
OGG1_0_multinomial_train1.7	0.8489197006232065	5.5201643581197445e-05	0.08634503733732901	0.05901611720070991	0.005663943195173365
UNG_0_multinomial_train1.10	0.08258083969569102	0.0685254631148077	0.3728259420925134	5.43e-322	0.47606775509698795
OGG1_0_multinomial_train1.8	0.7676496640449494	0.09081728422083304	0.04872981139495137	2.737e-321	0.09280324033926626
UNG_0_multinomial_train1.11	0.11648665948625109	0.05122240599801476	0.34671503603145526	1.917e-321	0.48557589848427896
OGG1_0_multinomial_train1.9	0.8408442079035906	4.861948536311749e-95	0.08853732735652627	0.06486306172175631	0.0057554030181269636
OGG1_0_multinomial_train1.10	0.8162756582377395	2.19e-321	0.12753039068788263	0.05619395107437791	2.2688950175496943e-80
OGG1_0_multinomial_train1.11	0.8952374215937827	0.0027905878507055765	1.0617123555796631e-25	0.10197199055551179	2.7207110623268427e-27
UNG_0_multinomial_train1.12	0.06254210927514575	0.12834868622469064	0.2699943314893531	7.76e-322	0.5391148730108104
UNG_0_multinomial_train1.13	0.1196796320624835	0.06714854604903583	0.2648931902214898	1.59e-321	0.5482786316669908
UNG_0_multinomial_train1.14	0.06679518746765015	0.11148009555952289	0.27593679759843087	2.124e-321	0.5457879193743962
OGG1_0_multinomial_train1.12	0.8839727601327757	0.012404348274589787	6.698270460622881e-224	0.07549767076896355	0.028125220823670864
OGG1_0_multinomial_train1.13	0.8066365079309248	5.89e-321	0.09620710154612028	0.03778819004820437	0.05936820047475059
UNG_0_multinomial_train1.15	0.12505797071387106	8.01934917794537e-43	0.35259115594509377	0.017730168379249425	0.5046207049617857
UNG_0_multinomial_train1.16	0.17612110701670583	0.07226320338162702	0.23213259724805982	2.204e-321	0.5194830923536075
UNG_0_multinomial_train1.17	0.16059456943887893	0.06801497411014762	0.18849706882222714	1.107e-321	0.5828933876287461
OGG1_0_multinomial_train1.14	0.8367509155483592	4.443288006590087e-83	0.11262442261205248	0.0506246618395883	1.374e-321
UNG_0_multinomial_train1.18	0.08385971214968072	0.0027209875796329126	0.4175227413590653	2.5727029256590627e-188	0.4958965589116211
OGG1_0_multinomial_train1.15	0.7779009395808005	0.03874132857677636	0.11860526612923068	0.0647524657131925	1.1835466458607923e-57
UNG_0_multinomial_train1.19	0.12635760390490108	0.04674519590772072	0.30375981001812985	0.026834872745660463	0.496302517423588
OGG1_0_multinomial_train1.16	0.819837628573684	0.010740661968415154	0.06757693690583169	0.04769800376655416	0.05414676878551486
UNG_0_multinomial_train1.20	0.12601373900004295	0.05946560564265364	0.24890534177738374	1.938166106128423e-31	0.5656153135799195
UNG_0_multinomial_train1.21	0.13599434196496438	0.10340577253292639	0.20389270661453054	0.051505081825651264	0.5052020970619275
OGG1_0_multinomial_train1.17	0.8743360064598633	1.0373284719923646e-49	0.007916627804492428	0.09726921567991638	0.020478150055727742
UNG_0_multinomial_train1.22	0.07508946655201959	7.635073553486116e-175	0.37159474064019243	3.2265135e-317	0.5533157928077879
UNG_0_multinomial_train1.23	0.04924650844888625	0.011013018328003304	0.44548743714858546	0.007974430671565579	0.4862786054029593
UNG_0_multinomial_train1.24	0.14056162340313388	0.07427687863813318	0.24749877961589517	2.949534565418587e-98	0.5376627183428377
OGG1_0_multinomial_train1.18	0.7879037414722374	0.016166364194572073	0.13903945529454104	0.023411681120636955	0.03347875791801267
UNG_0_multinomial_train1.25	0.1420797265976446	0.09935305902398801	0.3330032997314101	8.4e-322	0.4255639146469573
OGG1_0_multinomial_train1.19	0.8221698182726603	0.014469379058682877	0.0493781959702009	0.09608115226443674	0.01790145443401925
UNG_0_multinomial_train1.26	0.0924798961259646	7.460982368355222e-192	0.26105878302972835	0.09894996977836484	0.5475113510659422
OGG1_0_multinomial_train1.20	0.7670687701888094	0.04042940248019254	0.12718378648798165	0.06531804084301654	3.2237080864544875e-225
UNG_0_multinomial_train1.27	0.10856166273226524	0.10147498989419408	0.3492895390040639	1.245e-321	0.4406738083694768
OGG1_0_multinomial_train1.21	0.710351335954609	5.015e-321	0.22636978930669993	0.063278874738691	1.7669503139939338e-129
OGG1_0_multinomial_train1.22	0.8222199821241307	0.03491608992012169	0.10052483084616579	0.005059832097096175	0.03727926501248552
UNG_0_multinomial_train1.28	0.11579363622090476	0.08525219270644553	0.17484880726606006	8.4e-322	0.6241053638065894
UNG_0_multinomial_train1.29	0.1497351127470222	0.015098236979305906	0.27372416500732105	4.199433341848263e-51	0.5614424852663509
OGG1_0_multinomial_train1.23	0.8746078510437838	5.287e-321	0.05019652315562109	0.07519562580059509	8.02332909683178e-284
OGG1_0_multinomial_train1.24	0.8367822299967285	2.055e-321	0.049172620531607425	0.11404514947166415	2.065e-321
OGG1_0_multinomial_train1.25	0.7340496867930979	0.05148792535167315	0.18761383857054578	0.026848549284683127	6.920500549824373e-172
OGG1_0_multinomial_train1.26	0.8335944882820421	2.574e-321	0.14041933013202818	0.025986181585929892	2.994e-321
UNG_0_multinomial_train1.30	0.157949556775727	0.0002290082429663597	0.23890315219496525	1.3253956061991896e-53	0.6029182827863415
OGG1_0_multinomial_train1.27	0.8385776940656511	3.0282024674115497e-139	0.08198650754230462	0.07943579839204427	1.0787788634840513e-242
OGG1_0_multinomial_train1.28	0.7923379065908138	0.02334841416931891	0.10392194299422425	0.0604886763922922	0.019903059853350887
UNG_0_multinomial_train1.31	0.11777909815785356	0.04559215686444744	0.38765866605394783	5.6431824613361964e-74	0.4489700789237512
UNG_0_multinomial_train1.32	0.1629440227336057	0.055127246581338156	0.16006168244781144	2.46e-321	0.6218670482372448
UNG_0_multinomial_train1.33	0.09565431499330992	0.07647678195035626	0.2739662397796213	8.1e-322	0.5539026632767124
OGG1_0_multinomial_train1.29	0.7622782829061694	0.014147954313797818	0.18621023999164993	0.032365147380114416	0.004998375408268379
OGG1_0_multinomial_train1.30	0.7933327925264911	2.58e-321	0.11533461423133588	0.09133259324217315	7.950382424720039e-67
UNG_0_multinomial_train1.34	0.15501272435488425	0.06469649525480435	0.2007541632996952	0.019810720957934826	0.5597258961326813
OGG1_0_multinomial_train1.31	0.8005424953942751	1.1097439117454116e-190	0.11658901743809487	0.08286848716762996	3.122e-321
UNG_0_multinomial_train1.35	0.13409423186292957	0.1567325935659615	0.13726194200633196	0.03648779649159567	0.5354234360731811
UNG_0_multinomial_train1.36	0.09890969335981498	0.05504788618083399	0.32741914405973593	8.35e-322	0.518623276399615
UNG_0_multinomial_train1.37	0.0835097240848744	0.10559961576219853	0.19146478100633907	1.087e-321	0.6194258791465879
OGG1_0_multinomial_train1.32	0.801284971808663	0.041015982503679195	0.028940228190108035	0.07435161797379211	0.05440719952375772
UNG_0_multinomial_train1.38	0.11053823170863382	0.12600258033201037	0.2882734943326571	1.3385986440504912e-31	0.4751856936266987
OGG1_0_multinomial_train1.33	0.7590653889392762	0.010223560102195503	0.17182682981177555	0.040484533923960356	0.018399687222792373
OGG1_0_multinomial_train1.34	0.8033416851842159	0.023055188061608604	0.09459945498870129	0.042280323396811696	0.036723348368662624
OGG1_0_multinomial_train1.35	0.7988940400850035	3.1709217871464034e-49	0.11945283260645585	0.08165312730854063	9.074552288601625e-205
OGG1_0_multinomial_train1.36	0.8887823202982716	0.01800341103452628	0.015045220168345586	0.039957637690561286	0.038211410808295314
OGG1_0_multinomial_train1.37	0.8345339251586029	4.8366228246707284e-132	0.13333907479134058	0.015987480300136112	0.01613951974992048
OGG1_0_multinomial_train1.38	0.8571550459507056	3.883e-321	0.0567562841525718	0.0747583565932235	0.011330313303499153
UNG_0_multinomial_train1.39	0.09140842559588523	0.012110551000993215	0.3146254291748188	0.024549515940388518	0.557306078287914
OGG1_0_multinomial_train1.39	0.7613631950906404	1.3926898662865116e-160	0.11065148314906778	0.1168158499600141	0.011169471800277764
UNG_0_multinomial_train1.40	0.05416766650063984	0.12319883413777685	0.27638156858243024	9.81971683562896e-203	0.546251930779153
OGG1_0_multinomial_train1.40	0.7963685342397866	7.1039866015467e-282	0.12770490265390916	0.07592656310630416	1.813e-321
OGG1_0_multinomial_train1.41	0.875086346301079	0.053852886648372705	1.473240876312799e-41	0.02683666132361845	0.04422410572692976
UNG_0_multinomial_train1.41	0.10072137082146926	0.173399342133314	0.2160739088262814	1.78e-321	0.5098053782189353
OGG1_0_multinomial_train1.42	0.8452481413806073	0.0023892111770882295	0.09105462975712772	0.034114345382626095	0.027193672302550428
UNG_0_multinomial_train1.42	0.04795315724104002	0.1045076378967015	0.32419085466565883	1.29e-321	0.5233483501965996
OGG1_0_multinomial_train1.43	0.8350259809562594	0.026223783179259857	0.0859567527422941	0.05279348312218662	5.703997283168826e-184
OGG1_0_multinomial_train1.44	0.7740602937775436	0.050876754162014315	0.12565616463558776	0.020085771861909164	0.029321015562945047
OGG1_0_multinomial_train1.45	0.809950172840604	1.1739165647130782e-281	0.15651797023673325	0.03353185692264007	2.2671816688668206e-14
OGG1_0_multinomial_train1.46	0.764589720717368	0.008068516583717426	0.18838948531202362	0.033562055947759364	0.005390221439131597
UNG_0_multinomial_train1.43	0.15985925279504204	4.605e-321	0.25329146637453265	0.041130147968265064	0.5457191328621602
OGG1_0_multinomial_train1.47	0.7912365875724557	0.03999497020918925	0.12427333069726994	0.044495111521085096	4.434241406045753e-138
OGG1_0_multinomial_train1.48	0.7809698896672648	2.74e-321	0.12336402242504563	0.06642928163774062	0.0292368062699491
OGG1_0_multinomial_train1.49	0.7921769483416026	0.029869550699393784	0.12773922634437665	0.044766590924971324	0.0054476836896557605
OGG1_0_multinomial_train1.50	0.837870891867522	1.9147320637412795e-307	0.04741207469752936	0.10343571763968253	0.011281315795266002
UNG_0_multinomial_train1.44	0.16375669253717004	0.12317434563420128	0.16760146466318632	0.029994463808711232	0.5154730333567312
OGG1_0_multinomial_train1.51	0.8035785197753791	0.06924279706011947	3.1208028698393465e-58	0.07400836494792545	0.05317031821657582
OGG1_0_multinomial_train1.52	0.8664815882209662	0.022368472196672824	0.024167547973765337	0.058683357147445395	0.0282990344611501
ATP2B4_0_multinomial_train1	0.3098542555479558	0.11096314920817464	0.3102463553101473	0.10244832741260164	0.16648791252112063
ATP2B4_1_multinomial_train1	0.29553491931500914	0.021670512179426123	0.4955717965336657	0.10934499467089118	0.07787777730100798
ATP2B4_0_multinomial_train1.1	0.24653402770653937	0.1880126342136966	0.43873925197417896	1.2459696741621136e-22	0.126714086105585
ATP2B4_1_multinomial_train1.1	0.3698045945360593	0.06377642982595597	0.5043174140820296	0.05347860489565535	0.008622956660299799
ATP2B4_1_multinomial_train1.2	0.4151573674280041	0.07028695420107632	0.42663814371223174	0.08791753465868785	7.382029232711424e-300
ATP2B4_1_multinomial_train1.3	0.22188673892007627	0.061852616179578455	0.6447187558531335	0.06486856291481831	0.006673326132393456
ATP2B4_0_multinomial_train1.2	0.26124399679962784	0.20228064390750236	0.3871023470962174	9.3e-322	0.14937301219665258
ATP2B4_1_multinomial_train1.4	0.42487704955537475	1.79e-321	0.45361426972979935	0.12150868071482589	8.489908300533851e-215
ATP2B4_0_multinomial_train1.3	0.21333341600668837	0.20922120092006527	0.44092376250163423	1.354e-321	0.13652162057161202
ATP2B4_0_multinomial_train1.4	0.2406845404815884	0.10446604175703295	0.4492401437610589	0.015385605886431111	0.1902236681138885
ATP2B4_0_multinomial_train1.5	0.2763853864656131	0.10633549253526958	0.4172322368243937	0.02629270982426214	0.17375417435046145
ATP2B4_0_multinomial_train1.6	0.25208699216078556	0.15862699291940432	0.3905993771781284	1.0872375835020149e-62	0.19868663774168155
ATP2B4_1_multinomial_train1.5	0.48166053267534736	0.059631780959770585	0.33558677192521813	0.12312091443966391	1.389249514833485e-166
ATP2B4_0_multinomial_train1.7	0.34728380958086885	0.09314421341435311	0.3541727530118326	0.063385758202744	0.14201346579020144
ATP2B4_1_multinomial_train1.6	0.4730227584543858	2.1160913365486427e-78	0.3901963771987109	0.13678086434690312	8.4e-322
ATP2B4_1_multinomial_train1.7	0.3911250823222628	4.16e-321	0.4456758117877606	0.14637709087352077	0.016822015016455864
ATP2B4_1_multinomial_train1.8	0.2642303431678734	1.054900016795727e-05	0.5310502509673414	0.1919249996886268	0.012783857175990364
ATP2B4_1_multinomial_train1.9	0.4110873433662994	0.08523003221749972	0.4012044488173152	0.09272577336730915	0.00975240223157657
ATP2B4_1_multinomial_train1.10	0.3682721050863623	0.09140835944734867	0.3918014678605166	0.14851806760577235	1.503868895232626e-250
ATP2B4_1_multinomial_train1.11	0.31838499605681664	3.871347394875477e-40	0.5519124312111994	0.12970257176655692	9.654269755649148e-10
ATP2B4_1_multinomial_train1.12	0.3220191431140046	0.016448265359222614	0.5426514286105655	0.11888116291620739	1.672854938935437e-309
ATP2B4_1_multinomial_train1.13	0.3769991860395205	0.06075532552881719	0.5045974851629611	0.0576480032687011	1.4099741884664222e-224
ATP2B4_0_multinomial_train1.8	0.24140371975408062	0.21044408866685413	0.41838969713991214	0.0356319982291042	0.0941304962100488
ATP2B4_1_multinomial_train1.14	0.4470768799351895	0.001884669196269965	0.34654260485911825	0.13078787616082843	0.07370796984859394
ATP2B4_1_multinomial_train1.15	0.3645749055991162	0.0829273685761587	0.4175560264500452	0.11565054215092155	0.019291157223758414
ATP2B4_0_multinomial_train1.9	0.3072747811533017	0.12878599785364497	0.31444253315837467	0.045851532348631284	0.2036451554860473
ATP2B4_0_multinomial_train1.10	0.22888005220666005	0.14672225003149608	0.5155952214508128	1.19e-321	0.10880247631103107
ATP2B4_0_multinomial_train1.11	0.22600478537963686	0.13616890726127695	0.4782881470460376	0.0685807374866958	0.09095742282635287
ATP2B4_1_multinomial_train1.16	0.41509746047608953	2.24e-321	0.4131306314899557	0.1632642967257758	0.008507611308179041
ATP2B4_0_multinomial_train1.12	0.2442988822711365	0.2423510795299884	0.34185722922649364	0.0018511529847463828	0.1696416559876351
ATP2B4_0_multinomial_train1.13	0.2094213475370239	0.2285110219037692	0.3934934148529947	2.71e-321	0.16857421570621223
ATP2B4_0_multinomial_train1.14	0.2789179320920682	0.1059539889266124	0.448761952399661	0.10144158437316234	0.06492454220849599
ATP2B4_0_multinomial_train1.15	0.2634528515097994	0.1688767527553508	0.4430555547776016	4.782740672101678e-171	0.12461484095724826
ATP2B4_1_multinomial_train1.17	0.30764756829615875	5.179170931099956e-39	0.5474150642655189	0.1339978519373234	0.01093951550099879
ATP2B4_1_multinomial_train1.18	0.4510981465140963	0.01064128865168413	0.4119811897396599	0.0974230865947516	0.02885628849980808
ATP2B4_1_multinomial_train1.19	0.4378000661561017	0.10408363906246976	0.3182740094035679	0.08674152181282463	0.053100763565036194
ATP2B4_1_multinomial_train1.20	0.34612938842570473	0.004486109940959634	0.44480000160226374	0.10622454689592217	0.09835995313514967
ATP2B4_0_multinomial_train1.16	0.2928059212340237	0.2124477315683465	0.3399392085926696	2.5971375675641223e-81	0.15480713860496015
ATP2B4_1_multinomial_train1.21	0.34112173809047147	0.07199913703133883	0.4617292339555603	0.12514989092262946	1.73e-321
ATP2B4_1_multinomial_train1.22	0.3549386665988607	0.15293930966267746	0.41078017414363854	0.06374691853496325	0.01759493105985994
ATP2B4_0_multinomial_train1.17	0.25542403729096885	0.09788314801987802	0.4485425562101206	0.012316410407934415	0.18583384807109798
ATP2B4_0_multinomial_train1.18	0.36692017817383715	0.16240152220667797	0.2816347330394582	0.04206095257312491	0.14698261400690169
ATP2B4_1_multinomial_train1.23	0.4747896462298442	1.5186862261553866e-214	0.3455226799444066	0.1468891521218827	0.03279852170386642
ATP2B4_1_multinomial_train1.24	0.3115716594992153	0.04898237818211441	0.4877984806839817	0.05698297781646466	0.09466450381822392
ATP2B4_0_multinomial_train1.19	0.32366660814677334	0.11534217430986934	0.35869444159858976	0.027013032537733628	0.1752837434070339
ATP2B4_1_multinomial_train1.25	0.27793494645647976	0.0490835106787852	0.5248299661241705	0.1481515767405645	1.556e-321
ATP2B4_0_multinomial_train1.20	0.3021547343245356	0.0953584018908824	0.3979491611188837	0.030829214933448847	0.17370848773224953
ATP2B4_0_multinomial_train1.21	0.41442027920894664	0.14927155495598982	0.215663922324542	0.0313887326506915	0.18925551085982983
ATP2B4_0_multinomial_train1.22	0.33487154853274725	0.2004894732215927	0.2807628020356515	3.21378990505465e-171	0.1838761762100084
ATP2B4_0_multinomial_train1.23	0.26605323052691876	0.21260678135855726	0.3626912627057439	0.02494681172050801	0.13370191368827217
ATP2B4_0_multinomial_train1.24	0.24483774247785275	0.20054336465418202	0.44760274942782385	0.001953963769657324	0.10506217967048408
ATP2B4_1_multinomial_train1.26	0.2504902737529516	0.07302010833744717	0.6541051699503391	0.02238444795926214	7.56e-322
ATP2B4_0_multinomial_train1.25	0.3355718075663745	0.12462190672020339	0.42127446701793914	0.07419625165564801	0.04433556703983497
ATP2B4_1_multinomial_train1.27	0.3836194580679865	0.1256825685355817	0.42316632145823185	0.05507575935018932	0.012455892588010631
ATP2B4_0_multinomial_train1.26	0.22337799629554306	0.21432557909950914	0.35841475103616105	5.4e-322	0.20388167356878678
ATP2B4_1_multinomial_train1.28	0.33089707731854223	0.0004831929307383481	0.5164244791128725	0.15219525063784684	1.176e-321
ATP2B4_0_multinomial_train1.27	0.24034978944516322	0.17169321837077303	0.36835592732537803	0.07656545440343132	0.14303561045525442
ATP2B4_1_multinomial_train1.29	0.2761249660204662	0.04868699151878766	0.5117633334885753	0.1634247089721708	1.1172647620319186e-241
ATP2B4_0_multinomial_train1.28	0.28239932092302406	0.17928325618408547	0.32304347985065585	0.0035820960359208495	0.2116918470063139
ATP2B4_0_multinomial_train1.29	0.33463291897251224	0.1812434415200823	0.3541279015916323	0.0026863387168147576	0.1273093991989585
ATP2B4_0_multinomial_train1.30	0.3685268590238149	0.1741372086107501	0.2747252677403874	0.01965361814039607	0.16295704648465142
ATP2B4_0_multinomial_train1.31	0.17131075654314729	0.1540889108817303	0.46337207213820353	0.052906495362822575	0.15832176507409634
ATP2B4_1_multinomial_train1.30	0.27169483133439576	0.14192778602522638	0.5187144138603093	0.06766296878006865	3.1957662995847464e-138
ATP2B4_1_multinomial_train1.31	0.36328096368905555	0.008035296648983125	0.5277502623850088	0.10093347727695265	1.01e-321
ATP2B4_1_multinomial_train1.32	0.317375553308888	0.09370100152281925	0.5332092169500122	0.05571422821828068	1.146568482454139e-49
ATP2B4_0_multinomial_train1.32	0.2737095406379713	0.2452812177948045	0.3236762873558512	2.707e-321	0.15733295421137308
ATP2B4_0_multinomial_train1.33	0.2786406820029288	0.14857214283396852	0.4634303391521255	0.02048157965757628	0.08887525635340092
ATP2B4_0_multinomial_train1.34	0.27957032278679206	0.14388382406699465	0.36978836671913307	0.013519821364718262	0.193237665062362
ATP2B4_0_multinomial_train1.35	0.19871282266675327	0.23386113091961272	0.41678172873419106	0.023700661551633112	0.12694365612780986
ATP2B4_1_multinomial_train1.33	0.3221741790036074	0.06284733655214188	0.5035175492897048	0.07113493092485478	0.04032600422969121
ATP2B4_1_multinomial_train1.34	0.3354671976354952	0.13117558207229213	0.39927299736678545	0.12354027801856349	0.010543944906863594
ATP2B4_1_multinomial_train1.35	0.377066507361354	0.00926014630501736	0.4110526724681711	0.1579979276442825	0.044622746221175014
ATP2B4_1_multinomial_train1.36	0.33189174839811864	0.00022613143017020522	0.4509641134995923	0.18391397460135728	0.03300403207076156
ATP2B4_0_multinomial_train1.36	0.3347548592127454	0.19363552751598886	0.30673337233262665	1.546e-321	0.16487624093863915
ATP2B4_0_multinomial_train1.37	0.21540001812395354	0.27838516548259484	0.39292670869436375	0.000782282429787002	0.11250582526930085
ATP2B4_1_multinomial_train1.37	0.4234694540970393	1.275e-321	0.39513282124182736	0.16486351413383382	0.01653421052729941
ATP2B4_1_multinomial_train1.38	0.23802706843902047	3.8915576547876016e-193	0.6116819325707535	0.15029099899022613	1.675e-321
ATP2B4_1_multinomial_train1.39	0.3522164373306072	0.049288568610249134	0.4311009480704615	0.16739404598014615	8.536069413177014e-12
ATP2B4_1_multinomial_train1.40	0.43609055212808356	0.0619746364102809	0.419809569479531	0.08212524198210462	1.1637913586318466e-121
ATP2B4_1_multinomial_train1.41	0.3694346877757974	0.04403237599118393	0.44644577981129774	0.1164008241743572	0.023686332247363714
ATP2B4_1_multinomial_train1.42	0.43677422935153	0.07180915419682087	0.38610751819158656	0.10530909826006271	1.24e-321
ATP2B4_0_multinomial_train1.38	0.20192108503312262	0.07914933668932472	0.5303358931820464	0.04415528907378484	0.14443839602172126
ATP2B4_0_multinomial_train1.39	0.2673413206000125	0.17303756461436445	0.3439060618999058	0.02373868109730767	0.19197637178840965
ATP2B4_0_multinomial_train1.40	0.34235496764698975	0.10960168205724997	0.3891053167460071	0.02547267194261568	0.1334653616071376
ATP2B4_1_multinomial_train1.43	0.38767244849509197	0.003380050935352727	0.43822174372324596	0.14830063354792278	0.02242512329838641
ATP2B4_0_multinomial_train1.41	0.24033422588357925	0.15918052460245707	0.4366324653110927	1.9152543030438394e-75	0.163852784202871
ATP2B4_0_multinomial_train1.42	0.3290030572940503	0.19205712732878433	0.32167472702428274	1.5987245312277234e-251	0.15726508835288258
ATP2B4_0_multinomial_train1.43	0.2608630852861515	0.1282008070034603	0.43569972219264874	1.937e-321	0.17523638551773935
ATP2B4_0_multinomial_train1.44	0.22308638998927702	0.2741926466718116	0.3256552295774795	0.029397903661015978	0.14766783010041593
ATP2B4_1_multinomial_train1.44	0.3707488266555209	0.09232459346682069	0.49929899653499454	0.03762758334265978	4.063870420743335e-15
ATP2B4_0_multinomial_train1.45	0.30807496013801194	0.19658012572941652	0.32186705711072716	0.0233081417325268	0.1501697152893176
ATP2B4_1_multinomial_train1.45	0.38096408050275754	0.15511941643021085	0.3927368714709092	0.07117963159612233	2.6025597450286514e-65
ATP2B4_0_multinomial_train1.46	0.23583861301414996	0.13714063602940926	0.5090279886677835	0.031665436289207954	0.08632732599944931
ATP2B4_0_multinomial_train1.47	0.23730128486771995	0.14415194793697292	0.449690259013116	0.05355643943839573	0.11530006874379556
ATP2B4_0_multinomial_train1.48	0.24582605869126237	0.13929717683473522	0.45862642882867555	0.007522191641009544	0.14872814400431744
ATP2B4_1_multinomial_train1.46	0.22044807831222446	0.051471256681213065	0.6766091969904833	0.05147146801607916	2.1843420229394918e-24
ATP2B4_1_multinomial_train1.47	0.2723941671112064	0.026359512482909228	0.5927171610929229	0.10852915931296156	1.69e-321
ATP2B4_1_multinomial_train1.48	0.3828498806853069	0.08111526821946927	0.3696223483812317	0.11686569391218984	0.04954680880180221
PMS1_0_multinomial_train1	0.16915444763142132	0.025724358434872394	0.4526290955866913	0.24668231717318603	0.10580978117382905
MSH6_1_multinomial_train1	0.02039447973987396	0.046284158660231035	0.021864013024625626	0.8113013754028043	0.10015597317246505
MSH6_0_multinomial_train1	0.005098058261603324	5.519651536287754e-109	0.05110784058000356	0.8218696412272488	0.12192445993114435
MSH2_0_multinomial_train1	2.8105880473105287e-269	1.1196797320285856e-177	0.07533899506004423	0.758557123394327	0.16610388154562858
MSH6_0_multinomial_train1.1	0.020116303961697293	1.4373624940551298e-48	0.012088139903852923	0.8276067484807782	0.1401888076536716
MLH1_0_multinomial_train1	0.0016980772911437464	0.006789598189280683	1.641708815951229e-153	0.776884489867568	0.21462783465200758
MSH6_1_multinomial_train1.1	0.03175545945861352	8.427175816035016e-33	0.010975038257836361	0.8412523148777503	0.11601718740579987
MLH1_0_multinomial_train1.1	0.017490965581786266	7.768804530412273e-289	2.19e-321	0.791594368347451	0.1909146660707627
PMS1_0_multinomial_train1.1	0.151448683357598	0.04271630177471004	0.48192657569395825	0.1468302929182851	0.1770781462554486
