Samples	SBS96A	SBS96B	SBS96C	SBS96D	SBS96E
EXO1_0_real_train1	0.8249621267223981	0.02082206953458074	0.023691227700564033	0.11479649292814716	0.015728083114309913
OGG1_0_real_train1	3.832268072699001e-123	0.01459314426776387	0.07843576515977765	0.11717853087650505	0.7897925596959533
RNF168_0_real_train1	0.7941295218714833	7.576524230879686e-152	0.10981616977111709	0.06985321294862581	0.026201095408773876
UNG_0_real_train1	0.04411748033544539	1.615552263688068e-113	0.04064548200086552	0.8312238762122548	0.08401316145143449
ATP2B4_0_real_train1	0.13568398218293276	1.517997101160322e-19	0.5661407202461024	0.1831374690079395	0.11503782856302519
ATP2B4_1_real_train1	5.893402791820767e-164	0.1023239743959234	0.7530174494215895	1.4182827826064004e-176	0.144658576182487
MLH1_0_real_train1	2.5e-321	0.9375128104366087	1.36e-321	0.059512553131623964	0.00297463643176732
MSH2_0_real_train1	2.07e-321	0.8693411226613227	1.325871372375716e-194	0.12269234291880954	0.007966534419867787
MSH6_0_real_train1	5.769693378977826e-305	0.9438076433544129	6.38798669352233e-190	0.037550015343098236	0.018642341302488704
MSH6_1_real_train1	8.735233802928649e-262	0.9654658913221027	1.5123528197940744e-294	0.004262441013004884	0.0302716676648923
PMS1_0_real_train1	4.138901198771246e-221	0.20639987974906215	0.5655198754407543	0.1840615713763802	0.044018673433803286
PMS2_0_real_train1	0.45675469146710235	0.5296879417859341	4.0255231169512676e-295	6.23e-322	0.013557366746963478
EXO1_0_dirichlet_train1	0.8189894080312409	2.0191376771521471e-143	1.877e-321	0.01488692980252977	0.1661236621662295
RNF168_0_dirichlet_train1	0.7691510049639729	4.37e-321	0.09151345448456566	0.13933554055146147	4.5e-322
RNF168_0_dirichlet_train1.1	0.8642194386126921	3.113e-321	5.492201536273652e-50	9.58615422251353e-257	0.13578056138730787
EXO1_0_dirichlet_train1.1	0.6567491583370053	0.05453880328718342	0.16055481947079234	0.128157218905019	1.15e-321
RNF168_0_dirichlet_train1.2	0.909264408401225	6.67e-322	3.267006511750085e-140	1.04e-321	0.090735591598775
RNF168_0_dirichlet_train1.3	0.8758694420247206	1.1912635896619552e-304	2.4e-321	0.03152971464793872	0.09260084332734056
RNF168_0_dirichlet_train1.4	0.8800103189234465	7.6467e-320	0.09606950344124149	0.00098752260223117	0.02293265503308077
RNF168_0_dirichlet_train1.5	0.7636965439851158	1.0634230162696859e-94	1.04e-321	0.23630345601488406	1.497e-321
RNF168_0_dirichlet_train1.6	0.6721544063029772	3.4e-322	0.005294786822864077	0.2652467648717863	0.05730404200237254
RNF168_0_dirichlet_train1.7	0.784393320888109	0.0833602149369108	0.054170864722060716	2.42e-321	0.07807559945291964
RNF168_0_dirichlet_train1.8	0.8365600769831115	3.444227593963374e-177	1.843e-321	0.05189000152221955	0.1115499214946688
EXO1_0_dirichlet_train1.2	0.631601651751627	0.10663759781382669	3.316891888671931e-250	0.24165775354239324	0.02010299689215312
EXO1_0_dirichlet_train1.3	0.8913863632944252	0.02482795309751088	1.24e-321	0.07908972589199642	0.004695957716067425
RNF168_0_dirichlet_train1.9	0.6801635060814499	1.556e-321	0.05645490599789265	0.12477497730699431	0.13860661061366325
EXO1_0_dirichlet_train1.4	0.6690088093331972	0.02802776592947574	6.731902344129161e-190	0.302963424737327	1.16e-321
EXO1_0_dirichlet_train1.5	0.9199328514068758	4.46e-321	9.8e-322	0.08006714859312425	5.567284127482278e-34
EXO1_0_dirichlet_train1.6	0.8768570605980628	6.97e-322	4.957123996300986e-279	0.12314293940193727	2.1e-321
EXO1_0_dirichlet_train1.7	0.7687414573483986	0.2312585426516014	3.523e-321	2.3812021806197803e-95	8.6e-322
EXO1_0_dirichlet_train1.8	0.7854459028116005	0.13976843871572872	1.477e-321	0.0747856584726706	2.87e-322
RNF168_0_dirichlet_train1.10	0.6675412055543899	0.09510122580694534	0.11391803796698066	0.1234395306716842	1.5750529485515064e-281
EXO1_0_dirichlet_train1.9	0.6546644003864983	0.19866946588513526	1.5676111029220924e-294	0.020792419639438207	0.12587371408892822
RNF168_0_dirichlet_train1.11	0.751707843910566	0.06750057091214146	0.1205977213236418	0.060193863853650845	1.352466696233208e-26
RNF168_0_dirichlet_train1.12	0.7248189110978752	8.94e-322	0.24027692146857813	0.034904167433546705	9.83e-322
EXO1_0_dirichlet_train1.10	0.8974014037714669	0.01934398880808243	0.08277567487546146	8.170170381469798e-291	0.0004789325449891615
EXO1_0_dirichlet_train1.11	0.750339793159812	1.255e-321	0.03390327303033102	0.20010062181321872	0.015656311996638122
RNF168_0_dirichlet_train1.13	0.8075160983417907	0.11140870369709976	5.108582133011804e-130	0.08107519796110949	2.7308713022596607e-90
RNF168_0_dirichlet_train1.14	0.8284425068111648	0.06908666924864222	0.10247082394019287	1.96e-321	2.9e-322
RNF168_0_dirichlet_train1.15	0.7457184899645177	9.24e-322	0.12055620176546428	0.13372530827001794	2.9e-322
RNF168_0_dirichlet_train1.16	0.5992753816535294	0.04114026250296852	0.198768278275142	0.16081607756836008	3.06e-322
EXO1_0_dirichlet_train1.12	0.8355652424760387	2.95e-321	1.0984874496904308e-157	0.07644071106734203	0.08799404645661936
RNF168_0_dirichlet_train1.17	0.6595323030780867	0.19156111969298104	0.041540666524048274	2.174e-321	0.107365910704884
EXO1_0_dirichlet_train1.13	0.9569990293981067	0.003568811405371768	0.039432159196521564	1.36604e-319	1.428356194505878e-301
RNF168_0_dirichlet_train1.18	0.8633471752678819	2.505e-321	0.039629482747023	0.00038482004718002954	0.0966385219379151
EXO1_0_dirichlet_train1.14	0.6695428297605277	0.11894464779767563	0.09412936822198045	0.031912590429827116	0.08547056378998906
RNF168_0_dirichlet_train1.19	0.7031316797089658	0.1087772402316038	0.10461787299704454	0.011932150631636128	0.07154105643074969
RNF168_0_dirichlet_train1.20	0.5061857509670655	3.732843238007325e-88	0.0695236699524238	0.28014151442244994	0.14414906465806074
EXO1_0_dirichlet_train1.15	0.5933763019814503	0.10775042946619806	0.027763055780355584	0.27111021277199626	6.2e-322
RNF168_0_dirichlet_train1.21	0.9782653893903139	2.56e-321	7.812054955813704e-92	9.748072923909564e-273	0.02173461060968609
RNF168_0_dirichlet_train1.22	0.7941052182799879	2.134e-321	0.14909492675207953	0.05679985496793263	1.6542286033985356e-240
EXO1_0_dirichlet_train1.16	0.9452136778273089	0.01943533761970301	1.4151757607354973e-298	1.4866731528401288e-191	0.03535098455298823
EXO1_0_dirichlet_train1.17	0.6829277987316009	0.05454185421408303	5.9e-322	0.26253034705431616	2.9e-322
RNF168_0_dirichlet_train1.23	0.8277799794252548	1.21e-321	3.386609705493827e-87	0.10242810812976214	0.06979191244498291
EXO1_0_dirichlet_train1.18	0.7095371614344526	1.9724717305040424e-259	7.283258352277892e-59	0.24429516990023337	0.046167668665314014
RNF168_0_dirichlet_train1.24	0.7521510733191517	0.019529913432351043	0.08333217895153765	0.11715742779516472	0.027829406501794888
RNF168_0_dirichlet_train1.25	0.7622156173807989	9.5e-322	0.23778438261920107	1.3e-321	2.4999666804625705e-153
RNF168_0_dirichlet_train1.26	0.7312694745298713	0.10898597994609524	3.0911817488106965e-280	0.10925441143801758	0.05049013408601588
RNF168_0_dirichlet_train1.27	0.7215218076425591	0.06646983849702334	0.1676512124821456	0.044357141378272076	3.3e-322
RNF168_0_dirichlet_train1.28	0.6949365121344298	1.47e-321	0.29212249320803135	0.012940994657538826	2.96e-322
EXO1_0_dirichlet_train1.19	0.7290461851716651	0.043041824768451094	0.030045961952038076	0.1978660281078458	9.44e-322
RNF168_0_dirichlet_train1.29	0.9044851634965435	1.067e-321	0.07946161337219372	2.1195076830271412e-303	0.016053223131262676
EXO1_0_dirichlet_train1.20	0.6272565072379578	0.22588538329379662	2.337e-321	0.14685810946824557	6.67e-322
RNF168_0_dirichlet_train1.30	0.6730257109988858	0.09488733182408336	0.23208695717703082	5.165504433688548e-102	1.4e-322
RNF168_0_dirichlet_train1.31	0.98404144853299	1.25e-321	0.006769562825344409	1.774e-321	0.009188988641665684
RNF168_0_dirichlet_train1.32	0.6502716345832414	1.1336624756382628e-16	0.2388784070358969	0.11084995838086154	7.677472441632668e-291
RNF168_0_dirichlet_train1.33	0.7632683145440748	1.814844789735981e-100	1.2598485722209738e-93	0.17453259537995638	0.06219909007596876
EXO1_0_dirichlet_train1.21	0.6195532253359017	0.026781993563479264	0.2579850738184944	0.0399151121153976	0.05576459516672717
RNF168_0_dirichlet_train1.34	0.786353001602432	0.09748674399399555	0.11616025440357253	1.51e-321	1.003e-321
EXO1_0_dirichlet_train1.22	0.7737646640439969	0.17267700298184926	1.0837368518991096e-91	0.0379804289915759	0.015577903982577844
EXO1_0_dirichlet_train1.23	0.7867110821136529	0.08005628954116163	8.659590071319935e-83	0.13323262834518548	1.01e-321
RNF168_0_dirichlet_train1.35	0.4151046938520564	0.04439955644186383	0.27155900468778577	0.24149067186947518	0.027446073148818896
RNF168_0_dirichlet_train1.36	0.7899739371064457	0.0693493529020126	0.014987216678272866	1.19e-321	0.12568949331326879
EXO1_0_dirichlet_train1.24	0.994990748380599	6.8e-322	6.467287182523406e-151	2.0068346196413172e-120	0.005009251619401137
RNF168_0_dirichlet_train1.37	0.8879539299706806	0.041461288124493324	0.041157414922999264	4.241472246044469e-86	0.029427366981826766
EXO1_0_dirichlet_train1.25	0.994645359987363	2.41e-321	1.433e-321	5.5568945912497637e-210	0.0053546400126370935
RNF168_0_dirichlet_train1.38	0.6634314884338135	1.76685574322e-312	2.6869285249814974e-101	0.23274616948122803	0.10382234208495844
EXO1_0_dirichlet_train1.26	0.9726317461947409	9.4e-322	1.586e-321	3.933e-321	0.027368253805259105
EXO1_0_dirichlet_train1.27	0.8268470037460021	1.8733236274700514e-293	0.08096432024092397	0.09218867601307386	2.3e-322
EXO1_0_dirichlet_train1.28	0.886003040766773	0.05044837762872426	0.04586308361790979	1.517e-321	0.017685497986592857
EXO1_0_dirichlet_train1.29	0.8338346871080278	2.67e-321	0.08224847861854384	0.06538341454884675	0.018533419724581578
EXO1_0_dirichlet_train1.30	0.9830431382150726	0.016941222580882702	2.253e-321	1.563920404475284e-05	1.764e-321
RNF168_0_dirichlet_train1.39	0.4703669515671265	0.3207282344714084	1.83e-321	0.17361085881898436	0.03529395514248078
RNF168_0_dirichlet_train1.40	0.7938445427087848	0.057187203536843034	0.13557128511643984	1.9e-321	0.01339696863793229
EXO1_0_dirichlet_train1.31	0.7798400183611507	5.544297585484172e-84	8.78441133202626e-22	0.08728386058434172	0.1328761210545077
EXO1_0_dirichlet_train1.32	0.7085238703068313	0.15676428938655448	6.394757133829268e-28	0.12674898995199968	0.007962850354614642
EXO1_0_dirichlet_train1.33	0.8341117802286593	1.95e-321	2.5041686613987726e-90	0.056610792972959276	0.10927742679838151
RNF168_0_dirichlet_train1.41	0.7746735535936262	0.10487469943611527	0.014299967114321101	0.06071443179434417	0.045437348061593316
RNF168_0_dirichlet_train1.42	0.8782727936209223	0.000996048782026779	0.0325489650772125	0.0233299979700077	0.06485219454983075
EXO1_0_dirichlet_train1.34	0.8155568499878387	0.14686007506177873	1.8383411025162647e-193	0.03758307495038254	3.7e-322
RNF168_0_dirichlet_train1.43	0.9047102098461931	1.01e-321	1.588963970009623e-238	0.035516838349319145	0.059772951804487766
EXO1_0_dirichlet_train1.35	0.8304040461044399	0.04831303386963647	1.8258588983973144e-217	0.12128292002592357	1.72e-321
EXO1_0_dirichlet_train1.36	0.6416229462098175	0.0037080528278629734	0.27269301096053095	0.05086300604050089	0.031112983961287484
RNF168_0_dirichlet_train1.44	0.7591813096951715	5.567650476133737e-255	0.23913033124175606	0.0016883590630725493	4.55e-322
EXO1_0_dirichlet_train1.37	0.8597323752211654	2.2e-321	1.5563543082031457e-14	0.08517130206650186	0.055096322712317285
RNF168_0_dirichlet_train1.45	0.8826256504158385	2.055254807716493e-293	1.74e-321	0.1081826614179686	0.009191688166192709
RNF168_0_dirichlet_train1.46	0.6687439953798416	1.93e-321	0.09141106368678072	0.2398449409333777	4.2e-322
RNF168_0_dirichlet_train1.47	0.7578138085283378	0.06769690985133647	1.136e-321	8.05e-322	0.17448928162032573
RNF168_0_dirichlet_train1.48	0.696044597899367	1.937e-321	0.22798605257298257	7.4e-322	0.07596934952765044
RNF168_0_dirichlet_train1.49	0.9764871751488406	1.606e-321	6.249798423525015e-132	0.023512824851159395	3.718554947530656e-309
RNF168_0_dirichlet_train1.50	0.691658628974924	0.09653411128281328	0.12912187246727533	0.08268538727498721	2.17e-322
EXO1_0_dirichlet_train1.38	0.6078213210732268	1.966e-321	0.12507800703378585	0.17130770655614608	0.09579296533684127
RNF168_0_dirichlet_train1.51	0.6805089903977971	0.15638147805574393	0.034416830045131075	0.008999610685210475	0.11969309081611745
RNF168_0_dirichlet_train1.52	0.33430457006006853	0.30779566600118957	0.03132620527609726	0.10545339266463391	0.22112016599801065
EXO1_0_dirichlet_train1.39	0.9999999999999999	6.512180807848673e-33	1.586e-321	8.779710790444399e-171	3.6e-322
EXO1_0_dirichlet_train1.40	0.9824600089400332	4.007e-321	1.255e-321	5.058316897482661e-82	0.017539991059966686
RNF168_0_dirichlet_train1.53	0.9134927415481209	3.36e-322	0.03341186158259515	2.5557544369916752e-118	0.053095396869283946
EXO1_0_dirichlet_train1.41	0.8389766753277704	1.4058619376551112e-245	0.011467571660634347	0.07670485572928394	0.07285089728231128
EXO1_0_dirichlet_train1.42	0.8313592562232752	0.09814000967186051	1.477e-321	2.940863084745097e-118	0.07050073410486431
RNF168_0_dirichlet_train1.54	0.36848145506959706	3.1e-322	0.3966334811060912	0.2348850638243117	3.56e-322
OGG1_0_dirichlet_train1	1.7270419567871915e-230	3.206e-321	0.21722173328667593	0.0877592856087963	0.6950189811045278
UNG_0_dirichlet_train1	0.05481567841874436	0.027902414958049477	0.11666632654729057	0.8006155800759156	8.319948483779573e-57
UNG_0_dirichlet_train1.1	0.05191880881166886	1.2241554420627496e-23	1.0337141611931086e-165	0.8207276919610849	0.1273534992272461
UNG_0_dirichlet_train1.2	7.49942843006937e-210	1.21e-321	0.24056184437403233	0.7322805220852782	0.027157633540689462
OGG1_0_dirichlet_train1.1	3.241836118960797e-50	1.497e-321	0.585973520688341	1.136e-321	0.4140264793116591
UNG_0_dirichlet_train1.3	0.05753346103916818	0.0460354734669694	0.20821758400600865	0.6624182551041692	0.025795226383684606
OGG1_0_dirichlet_train1.2	0.03765604088091591	2.184e-321	0.14044678367229207	0.05761840988726773	0.7642787655595245
OGG1_0_dirichlet_train1.3	0.03139826111026483	1.2696192295474029e-284	0.24704597279798793	0.10399861159104606	0.6175571545007011
UNG_0_dirichlet_train1.4	0.03674867417917918	1.64e-321	0.33184235919184557	0.5788751601587916	0.052533806470183804
UNG_0_dirichlet_train1.5	1.863e-321	4.64e-322	0.3749652529151387	0.5692796035461807	0.05575514353868063
OGG1_0_dirichlet_train1.4	7.5e-322	1.314e-321	0.08886818086856539	0.04380944831285986	0.8673223708185749
OGG1_0_dirichlet_train1.5	2.243e-321	0.0006884610842553665	0.2396741405318823	0.03854783447694655	0.7210895639069159
UNG_0_dirichlet_train1.6	0.14116871066480272	0.042381119270912454	7.95e-322	0.7309438887571292	0.08550628130715551
UNG_0_dirichlet_train1.7	3.38e-321	0.0015609900779587978	0.13802868801419207	0.8215743496935688	0.03883597221428015
UNG_0_dirichlet_train1.8	2.62e-321	0.06647395573484917	9.09281267344614e-310	0.7391801384224511	0.1943459058426997
OGG1_0_dirichlet_train1.6	2.41e-321	4.427e-321	0.07281607317010354	5.979539441231406e-28	0.9271839268298965
UNG_0_dirichlet_train1.9	2.789988790099574e-195	1.75e-321	6.439919341969324e-213	0.9381738100414796	0.06182618995852031
OGG1_0_dirichlet_train1.7	2.315921168049287e-238	3.019459934015413e-202	0.46565463002054075	0.0076492411036710815	0.5266961288757881
UNG_0_dirichlet_train1.10	0.038674357277391	0.03568248886890626	5.7643093428687876e-39	0.8250446170890385	0.10059853676466408
OGG1_0_dirichlet_train1.8	1.645e-321	0.061477145789753676	0.0034860375620618805	0.1239822924704819	0.8110545241777024
UNG_0_dirichlet_train1.11	1.4013005443065e-311	1.487e-321	1.7277731413305436e-233	0.8922759438152593	0.10772405618474064
OGG1_0_dirichlet_train1.9	0.10768945737112928	0.10212581085074088	3.172941043486372e-54	6.80696065403095e-51	0.7901847317781299
OGG1_0_dirichlet_train1.10	0.031286045010170786	0.02778985785131406	9.697983288905871e-294	4.843893763045824e-176	0.9409240971385152
OGG1_0_dirichlet_train1.11	2.799574921323802e-34	0.1473136610939906	0.32725731037680794	4.553397502708508e-106	0.5254290285292015
UNG_0_dirichlet_train1.12	0.14717714426600625	2.98e-321	9.73e-322	0.7016691625287184	0.15115369320527552
UNG_0_dirichlet_train1.13	0.11620785840441014	2.0855304899981702e-271	0.061224798400288875	0.7686516495375743	0.05391569365772679
UNG_0_dirichlet_train1.14	0.0018693900417170145	1.67e-321	0.04550459862146246	0.8807134508385495	0.07191256049827087
OGG1_0_dirichlet_train1.12	0.11909808193509351	7.76e-322	9.257712914256235e-133	0.11435057330560697	0.7665513447592994
OGG1_0_dirichlet_train1.13	1.473253191718963e-88	0.031002251573455715	2.758289201782038e-72	0.08147042377902718	0.887527324647517
UNG_0_dirichlet_train1.15	1.06e-321	9.5e-322	0.18073487575978972	0.8192651242402104	2.5392910474758393e-68
UNG_0_dirichlet_train1.16	3.5694902354492787e-163	0.18446362183580844	0.15880858522616542	0.656727792938026	7.56e-322
UNG_0_dirichlet_train1.17	2.2365107287386694e-267	0.08935207420338148	4.92996619227364e-251	0.654688082948961	0.2559598428476577
OGG1_0_dirichlet_train1.14	2.989210800947226e-197	0.10360270586666975	9.965789224515025e-40	0.3000490463832657	0.5963482477500647
UNG_0_dirichlet_train1.18	0.023675880496240878	1.976e-321	0.27718469261943685	0.6991394268843221	7.07e-322
OGG1_0_dirichlet_train1.15	4.273488084894655e-239	1.423e-321	0.3672780417136832	0.043126837415871	0.5895951208704457
UNG_0_dirichlet_train1.19	6.002138838974806e-235	0.23756547585213572	2.5828524624387595e-156	0.7176325234201325	0.044802000727731675
OGG1_0_dirichlet_train1.16	0.02949835593894706	2.25e-321	0.36612079195617603	0.051737911758479305	0.5526429403463977
UNG_0_dirichlet_train1.20	0.07353680964495374	0.1007870443221566	1.14e-321	0.6772275879148426	0.14844855811804694
UNG_0_dirichlet_train1.21	6.7023031194068295e-264	0.17017811587378326	0.290921142723438	0.46997438160229477	0.06892635980048388
OGG1_0_dirichlet_train1.17	1.58e-321	0.028356721092187242	0.40802312113087	0.17509041547410464	0.388529742302838
UNG_0_dirichlet_train1.22	1.497e-321	2.672562849288417e-17	0.067971476319426	0.932028523680574	2.17e-322
UNG_0_dirichlet_train1.23	7e-322	0.3567821257668508	9.14e-322	0.5789992094899905	0.06421866474315878
UNG_0_dirichlet_train1.24	0.010638992604417552	0.010270033682472323	6.61184585332568e-70	0.8480509026237644	0.1310400710893457
OGG1_0_dirichlet_train1.18	0.06084574030041336	2.38e-321	6.176699091627408e-194	0.11000793526421507	0.8291463244353716
UNG_0_dirichlet_train1.25	0.08069195793760765	0.11909419650612481	0.10204212757768771	0.6981717179785798	1.33e-322
OGG1_0_dirichlet_train1.19	2.718597016097805e-233	0.09724793773420506	0.0396012196465509	0.08633378691527507	0.7768170557039691
UNG_0_dirichlet_train1.26	0.09232893942502113	0.04847624810673045	0.10551536608880939	0.7138441195189272	0.03983532686051173
OGG1_0_dirichlet_train1.20	1.2044842294707143e-26	1.6e-321	8.440336497504885e-162	0.15991975136556572	0.8400802486344343
UNG_0_dirichlet_train1.27	2.164e-321	0.12581290098001438	1.0272315204932991e-294	0.8044439956106588	0.06974310340932675
OGG1_0_dirichlet_train1.21	0.13489867552191095	0.08636307221231648	1.3840994044032956e-103	7.924258771324561e-41	0.7787382522657725
OGG1_0_dirichlet_train1.22	0.13425425742234628	0.04675039439034209	0.0030562674002249635	0.03673605525150482	0.7792030255355819
UNG_0_dirichlet_train1.28	0.070725920073292	0.11908734140260326	6.519158462516028e-146	0.6747274880089827	0.1354592505151219
UNG_0_dirichlet_train1.29	1.212096e-318	9.14e-322	0.02549188455986792	0.7608197420331667	0.2136883734069653
OGG1_0_dirichlet_train1.23	0.0022665711263709708	3.893e-321	0.13149024812094756	0.08494627653381497	0.7812969042188666
OGG1_0_dirichlet_train1.24	6.07507140115823e-125	0.07211119309302426	0.34860262935965153	1.26e-321	0.5792861775473241
OGG1_0_dirichlet_train1.25	4.112264378122735e-233	1.95e-321	7.643e-321	0.16992600139783018	0.8300739986021699
OGG1_0_dirichlet_train1.26	3.56268926160818e-39	0.1454891572016099	1.4966455219299704e-103	0.10868398154126449	0.7458268612571255
UNG_0_dirichlet_train1.30	3.884690251758315e-40	9.5e-322	0.2260158556219641	0.773984144378036	4.6e-322
OGG1_0_dirichlet_train1.27	5.861173737089124e-122	1.366473092928799e-80	0.04805543517150669	0.0303194244080936	0.9216251404203996
OGG1_0_dirichlet_train1.28	0.1621872113720886	1.383e-321	7.046793922514877e-05	0.21767958981933236	0.620062730869354
UNG_0_dirichlet_train1.31	2.3252477229723065e-35	0.1268325518581873	0.22556679767235652	0.647600650469456	1.2e-322
UNG_0_dirichlet_train1.32	0.012941465292363842	1.39e-321	0.05641427706596288	0.8710975318642522	0.059546725777421164
UNG_0_dirichlet_train1.33	2.9123253262148608e-154	1.527e-321	0.06143950884536059	0.809630718007444	0.12892977314719534
OGG1_0_dirichlet_train1.29	0.16790046472623188	0.08987183552611601	4.8708265499229465e-93	0.16972349354632818	0.5725042062013239
OGG1_0_dirichlet_train1.30	1.487e-321	9.9e-322	0.45483476898149133	2.899641142489288e-78	0.5451652310185088
UNG_0_dirichlet_train1.34	0.09619823289986827	0.16973517740964988	0.18979632025683266	0.48428450723881133	0.05998576219483782
OGG1_0_dirichlet_train1.31	0.015202501439325151	0.0036034019719671157	0.2899507586532502	0.18701311994022352	0.5042302179952343
UNG_0_dirichlet_train1.35	9.542430692224173e-159	0.11025381901275597	6.317580931932665e-172	0.6444691158499833	0.24527706513726075
UNG_0_dirichlet_train1.36	0.0668468092645355	2.016e-321	0.040980577114715984	0.8699236862906009	0.022248927330147602
UNG_0_dirichlet_train1.37	0.011290155481007728	0.12950437449256083	0.27076233085499696	0.5884431391714344	2.0854463773909036e-68
OGG1_0_dirichlet_train1.32	6.245123930006325e-213	0.11648346408576196	0.3375865795157244	3.43130092173286e-164	0.5459299563985136
UNG_0_dirichlet_train1.38	0.005076742420212381	1.265e-321	4.55e-322	0.932216451309959	0.06270680626982862
OGG1_0_dirichlet_train1.33	8.356664307093348e-288	2.52e-321	0.45817315388149227	0.001040861532699952	0.5407859845858077
OGG1_0_dirichlet_train1.34	0.07723326918308356	0.07926143881556844	0.070927885143679	0.0802303205937698	0.6923470862638993
OGG1_0_dirichlet_train1.35	0.1345345821101499	0.002297494473773143	1.1250664740594396e-96	0.05695215095891769	0.8062157724571593
OGG1_0_dirichlet_train1.36	4.314713435760236e-124	3.01e-321	0.0009409539006084944	0.07221119909172409	0.9268478470076673
OGG1_0_dirichlet_train1.37	0.07985550691958407	0.04920880219425853	0.18149191143284654	0.034222519061669565	0.6552212603916412
OGG1_0_dirichlet_train1.38	1.3894025622648412e-57	1.6659858159055797e-65	1.9531373133943927e-239	0.10003386991793378	0.899966130082066
UNG_0_dirichlet_train1.39	2.1018548309943924e-41	0.06128793133090029	5.4e-322	0.8158249113506781	0.12288715731842162
OGG1_0_dirichlet_train1.39	0.009765571727892506	3.89e-321	3.886769000698513e-193	0.14125200159554369	0.8489824266765639
UNG_0_dirichlet_train1.40	2.984e-321	3.0829330790228306e-115	6.57e-322	0.8313808741593627	0.16861912584063732
OGG1_0_dirichlet_train1.40	2.013549950186363e-35	1.33e-321	4.512028159693097e-188	0.07695984540475755	0.9230401545952425
OGG1_0_dirichlet_train1.41	9.735340086024692e-123	0.06090203114258411	1.1262191907952225e-109	0.04464990909855514	0.8944480597588608
UNG_0_dirichlet_train1.41	0.011250387450179488	0.17830879979201525	1.02e-321	0.7851502397477861	0.025290573010019298
OGG1_0_dirichlet_train1.42	1.953892286422305e-242	0.10985807282946856	0.07649387740775605	0.17202960945749698	0.6416184403052784
UNG_0_dirichlet_train1.42	0.018400711117806626	1.0322790826012526e-143	0.24610379012701578	0.6363152439821326	0.09918025477304518
OGG1_0_dirichlet_train1.43	3.315681761921835e-70	0.01664356205290857	3.755630193581005e-05	1.3430355471751963e-113	0.9833188816451556
OGG1_0_dirichlet_train1.44	7.587608597028305e-124	0.030139063493104686	0.46296396581880955	2.7697951316004415e-113	0.5068969706880857
OGG1_0_dirichlet_train1.45	6.742380556833818e-256	4.802519053122842e-242	0.5428330024223988	6.138346119513066e-251	0.457166997577601
OGG1_0_dirichlet_train1.46	0.1909979165345767	0.013658854872672333	1.024753554260451e-188	0.1467652463968534	0.6485779821958975
UNG_0_dirichlet_train1.43	3.35e-321	0.20263605150592026	9.24e-322	0.5361408732418378	0.26122307525224187
OGG1_0_dirichlet_train1.47	9.100339935945774e-226	3.1e-321	0.36857382923568377	0.01888557730603393	0.6125405934582824
OGG1_0_dirichlet_train1.48	9.93e-322	0.021168581810003608	0.2703149658813435	0.1482940021938021	0.5602224501148508
OGG1_0_dirichlet_train1.49	0.13679813256037632	0.017653335949870425	0.28882309597161715	1.1081370953899152e-48	0.5567254355181362
OGG1_0_dirichlet_train1.50	0.013548162252748198	0.020471130875829614	1.5031021612575504e-48	0.12926503658831062	0.8367156702831116
UNG_0_dirichlet_train1.44	1.5219719616560124e-43	0.0895082968925744	1.187347680154683e-27	0.771086244567491	0.13940545853993447
OGG1_0_dirichlet_train1.51	0.09421959213404833	2.202164278940686e-59	1.8911646386349572e-121	0.012143143425221754	0.89363726444073
OGG1_0_dirichlet_train1.52	1.53e-321	0.13638533496227603	0.11800160766187158	3.822956673302989e-254	0.7456130573758525
ATP2B4_0_dirichlet_train1	0.2799949635902965	0.10857518820048538	0.30913349427496106	0.14392442154600638	0.1583719323882506
ATP2B4_1_dirichlet_train1	0.053665424519537215	0.20180546739273728	0.2315465016706939	1.7290188326793234e-28	0.5129826064170315
ATP2B4_0_dirichlet_train1.1	0.0472290890733648	6.6044521319453655e-239	0.7808980862792116	0.17187282464742337	1.0215204496424245e-52
ATP2B4_1_dirichlet_train1.1	0.0030447485493381916	0.12570430869586402	0.7258223917635613	1.2372460871375657e-124	0.1454285509912364
ATP2B4_1_dirichlet_train1.2	0.11580034694684495	0.17047379233364657	0.7003510725094726	8.615479988197398e-134	0.013374788210035965
ATP2B4_1_dirichlet_train1.3	1.11e-321	3.0174520412440485e-128	0.7379645864309874	0.15605052921220613	0.10598488435680631
ATP2B4_0_dirichlet_train1.2	0.377437327022124	2.89e-321	0.4594419182746847	0.1478477151128755	0.0152730395903157
ATP2B4_1_dirichlet_train1.4	9.850675320787614e-121	0.30613862423630145	0.5783020793244761	7.161901316207975e-137	0.11555929643922257
ATP2B4_0_dirichlet_train1.3	0.16975097410684867	0.013747238028369116	0.6903905866869336	0.12611120117784844	2.08e-322
ATP2B4_0_dirichlet_train1.4	0.06448603595225859	0.05466332146962288	0.20056212047939814	0.4773086153432895	0.20297990675543104
ATP2B4_0_dirichlet_train1.5	0.1580089833518624	0.032510549405363576	0.4157407072164305	0.218703558827569	0.17503620119877458
ATP2B4_0_dirichlet_train1.6	0.09429691423212792	0.08331329155326209	0.7145692797502345	0.019297390021431656	0.08852312444294382
ATP2B4_1_dirichlet_train1.5	0.027725881277015366	1.146e-321	0.8723343414513228	0.07909499240782411	0.020844784863837684
ATP2B4_0_dirichlet_train1.7	0.06855222499430118	0.21475728222783116	0.3999426824632686	0.31674781031459925	9.203286564952274e-132
ATP2B4_1_dirichlet_train1.6	1.13e-321	0.26153166371291126	0.631085831598367	3.85e-322	0.10738250468872171
ATP2B4_1_dirichlet_train1.7	0.05196853448962873	0.096313116792038	0.8517183487183332	1.5691950279988254e-143	3.56e-322
ATP2B4_1_dirichlet_train1.8	0.10672643982864695	1.2143329245576157e-52	0.5484870998503395	9.495498390192777e-235	0.34478646032101373
ATP2B4_1_dirichlet_train1.9	1.255600724448304e-178	0.13078543995555314	0.5216971969609576	0.26840958710777213	0.07910777597571728
ATP2B4_1_dirichlet_train1.10	3.043158207094321e-93	0.19295309078963271	0.5411649256922874	0.019748585101795998	0.24613339841628395
ATP2B4_1_dirichlet_train1.11	9.331015026102203e-41	0.12542151816430716	0.6812402521087354	1.4e-321	0.19333822972695752
ATP2B4_1_dirichlet_train1.12	9.04e-322	2.8366039152416833e-230	0.7939455240952658	1.2534953925625996e-100	0.20605447590473425
ATP2B4_1_dirichlet_train1.13	0.18528521592042474	1.780506018208614e-309	0.8130657764797083	6.03e-322	0.001649007599867026
ATP2B4_0_dirichlet_train1.8	0.1461772365424785	0.041315473539013374	0.20957007176869397	0.40411797126896976	0.1988192468808445
ATP2B4_1_dirichlet_train1.14	1.20049905010104e-154	0.011015657125626724	0.8184909693634123	1.1958404415437033e-276	0.17049337351096094
ATP2B4_1_dirichlet_train1.15	0.04255051335149406	0.16620733853652228	0.7401526407347172	1.3e-321	0.05108950737726654
ATP2B4_0_dirichlet_train1.9	0.2157243188850438	0.11285314110128654	0.2772851444011841	0.17285290633071632	0.22128448928176925
ATP2B4_0_dirichlet_train1.10	0.0734571156312497	1.74e-321	0.619747227439569	0.1629793697528971	0.14381628717628434
ATP2B4_0_dirichlet_train1.11	0.19842406717651825	0.05730305367658762	0.33286623057477516	0.20758658650855433	0.20382006206356468
ATP2B4_1_dirichlet_train1.16	0.10295126696338328	0.227222692325683	0.6698260407109338	5.73e-322	4.3e-322
ATP2B4_0_dirichlet_train1.12	0.2794885064666087	1.27e-321	0.5992292277360274	0.007367721832314556	0.11391454396504941
ATP2B4_0_dirichlet_train1.13	0.2330806068173704	0.03379373933764846	0.5658955191095545	0.1458653343710164	0.021364800364410214
ATP2B4_0_dirichlet_train1.14	0.32094247101934675	8.5e-322	0.4826274771077098	0.19643005187294355	2.038784560237653e-53
ATP2B4_0_dirichlet_train1.15	0.2830582913484364	1.097e-321	0.5664271421957687	0.09801853396814991	0.052496032487644985
ATP2B4_1_dirichlet_train1.17	0.13261997811367993	0.13683271581032103	0.43761950977225617	0.002313335005157284	0.2906144612985855
ATP2B4_1_dirichlet_train1.18	1.02e-321	1.077e-321	0.8527219721952568	8.796064185360973e-299	0.1472780278047433
ATP2B4_1_dirichlet_train1.19	1.64e-321	0.0053321738625217215	0.9946678261374784	1.2487971196411183e-142	3.1e-322
ATP2B4_1_dirichlet_train1.20	0.1605184872020595	0.15080380275737088	0.6174184753866472	0.07125923465392257	4.9e-322
ATP2B4_0_dirichlet_train1.16	0.10307707640105881	2.4561951228824935e-117	0.8969229235989413	1.1995884975926216e-140	1.015858249313223e-151
ATP2B4_1_dirichlet_train1.21	4.31394054216344e-252	0.05308520945438023	0.9027729849044784	0.044141805641141445	2.47e-322
ATP2B4_1_dirichlet_train1.22	0.0948483219205484	0.018733627830571514	0.8652045694852747	1.24e-321	0.021213480763605373
ATP2B4_0_dirichlet_train1.17	0.06140348774957598	1.93e-321	0.6253865928941342	0.2203579735536268	0.09285194580266287
ATP2B4_0_dirichlet_train1.18	0.06282390417200102	8.703817244850783e-139	0.45233935527536534	0.4848367405526337	2.67e-322
ATP2B4_1_dirichlet_train1.23	1.734e-321	0.14493498946940786	0.8461950217898778	1.05e-321	0.008869988740714313
ATP2B4_1_dirichlet_train1.24	0.06379649685799757	0.11048608044239339	0.38063461203023674	0.028132663338130987	0.41695014733124136
ATP2B4_0_dirichlet_train1.19	0.30464566598050463	9.9e-322	0.3342318280712462	0.24965966750883686	0.11146283843941228
ATP2B4_1_dirichlet_train1.25	0.14896032927249983	2.683e-321	0.5495267633233178	0.09845703285841162	0.20305587454577087
ATP2B4_0_dirichlet_train1.20	0.2585473356941298	2.574e-321	0.35664627891620815	0.29269109447968067	0.09211529090998134
ATP2B4_0_dirichlet_train1.21	7.463834307472155e-41	0.09019444185603596	0.3846635823861897	0.3139045989218422	0.2112373768359321
ATP2B4_0_dirichlet_train1.22	0.3174568327544625	4.299305620406e-312	0.49724467159234875	0.05245449541017245	0.13284400024301626
ATP2B4_0_dirichlet_train1.23	0.23494849102000448	0.19963450615764233	0.5355918599956826	3.55484757544565e-132	0.029825142826670575
ATP2B4_0_dirichlet_train1.24	0.24101206188624558	2.1e-321	0.3619047386111933	0.1425319906108477	0.2545512088917134
ATP2B4_1_dirichlet_train1.26	1.146e-321	0.17481358150928952	0.6792932472995831	0.14589317119112744	3.3e-322
ATP2B4_0_dirichlet_train1.25	0.21506425781709979	0.038140123115009944	0.42120309002367495	0.18837881183777405	0.13721371720644138
ATP2B4_1_dirichlet_train1.27	1.4744250474730671e-99	2.28e-321	0.9374857971667939	1.057e-321	0.06251420283320612
ATP2B4_0_dirichlet_train1.26	0.1824383171963405	0.07897516638859683	0.6748009916029556	0.030155948725882332	0.033629576086224675
ATP2B4_1_dirichlet_train1.28	0.06451425554067308	0.015123773525613384	0.9044696211059935	7.86e-322	0.015892349827720028
ATP2B4_0_dirichlet_train1.27	1.5612123038565294e-126	0.037961880188918204	0.6503034792925174	0.31173464051856437	2.37e-322
ATP2B4_1_dirichlet_train1.29	1.2768063016585402e-08	0.11298861221444609	0.6983750989099656	4.9453740322049283e-250	0.18863627610752529
ATP2B4_0_dirichlet_train1.28	1.25e-321	1.087e-321	0.8855160697900253	7.76e-322	0.1144839302099746
ATP2B4_0_dirichlet_train1.29	7.809682816168606e-15	8.3e-322	0.8436981696615482	0.04276851792360181	0.11353331241484214
ATP2B4_0_dirichlet_train1.30	0.2415001532630883	2.416e-321	0.42650537732144844	0.24215118036270317	0.08984328905276019
ATP2B4_0_dirichlet_train1.31	0.2745716860253378	3.6326901643036476e-286	0.15396198306585268	0.3949110588026721	0.17655527210613742
ATP2B4_1_dirichlet_train1.30	0.02458461658035858	0.09960206453130507	0.8744734856376665	1.2630698e-316	0.001339833250669731
ATP2B4_1_dirichlet_train1.31	0.21367970578143974	0.10200915879866218	0.4963481368652152	6.218284983758732e-83	0.18796299855468285
ATP2B4_1_dirichlet_train1.32	9.058777294311293e-258	0.001205141693306617	0.7379310770597611	0.013779748354492867	0.2470840328924394
ATP2B4_0_dirichlet_train1.32	0.023706329030951986	0.13462769345585016	0.8416659775131978	5.826768649002383e-169	7.542029782765681e-194
ATP2B4_0_dirichlet_train1.33	0.010396977205459498	0.024472501787305218	0.6310572634393457	0.20518661539666153	0.12888664217122808
ATP2B4_0_dirichlet_train1.34	0.20151347427337682	0.17331165474420984	0.6005265999409086	0.02464827104150471	3e-322
ATP2B4_0_dirichlet_train1.35	1.63e-321	0.03777484197995805	0.7579573174639174	0.06563012959643544	0.1386377109596892
ATP2B4_1_dirichlet_train1.33	0.03125510601983863	0.10069406490944285	0.8680508290707184	6.27e-322	6.680060700266856e-309
ATP2B4_1_dirichlet_train1.34	1.625e-321	0.06264781128265638	0.7251480231407844	1.275e-321	0.21220416557655933
ATP2B4_1_dirichlet_train1.35	2.1088106812628715e-255	0.12962475350887834	0.8703752464911216	8.15e-322	4.74e-322
ATP2B4_1_dirichlet_train1.36	1.19e-321	0.013740051836424004	0.8396072062503691	2.3041106389698663e-299	0.14665274191320687
ATP2B4_0_dirichlet_train1.36	0.19910924617941117	0.06792397186473026	0.6383753092705746	0.0945914726852839	3.6e-322
ATP2B4_0_dirichlet_train1.37	0.006345432927543767	2.036e-321	0.6834365740934583	0.310217992978998	3.632371000359899e-195
ATP2B4_1_dirichlet_train1.37	2.1191848448373178e-126	0.18913939347637335	0.6195613118676254	3.015322304140988e-259	0.19129929465600126
ATP2B4_1_dirichlet_train1.38	1.625e-321	0.09719291815931205	0.7155843549024337	6.4e-322	0.18722272693825434
ATP2B4_1_dirichlet_train1.39	9.25435537646766e-310	0.13135655549338762	0.8481065153087345	0.009288446167367147	0.011248483030510719
ATP2B4_1_dirichlet_train1.40	5.73e-322	0.2350460703481434	0.7358781589756729	5.34e-322	0.029075770676183756
ATP2B4_1_dirichlet_train1.41	5.282799638980666e-175	0.15986928702200576	0.6865404026819009	5.83e-322	0.15359031029609352
ATP2B4_1_dirichlet_train1.42	0.0036636230802821667	0.0741350011650605	0.631896719631464	1.237887647499256e-143	0.2903046561231934
ATP2B4_0_dirichlet_train1.38	0.19963923637215883	1.4060259379888854e-212	0.7682911564824098	1.1413998133414473e-199	0.03206960714543145
ATP2B4_0_dirichlet_train1.39	0.2429267292106183	1.235e-321	0.5174656009993805	0.019749487699774717	0.2198581820902266
ATP2B4_0_dirichlet_train1.40	0.19086413151404136	1.6289216666799655e-116	0.6275962055042574	0.1815396629817012	3.755864651047125e-251
ATP2B4_1_dirichlet_train1.43	1.86e-321	0.029975729431882557	0.8633682766915061	0.10665599387661141	4.3e-322
ATP2B4_0_dirichlet_train1.41	4.409882771286162e-90	0.060487291064550974	0.5080037910147734	0.09426779875250921	0.3372411191681665
ATP2B4_0_dirichlet_train1.42	0.191461414613287	1.98e-321	0.5488554597309176	0.17340429170020638	0.08627883395558898
ATP2B4_0_dirichlet_train1.43	0.23400152895021148	0.02550789686083549	0.5181164356859369	0.06731518932458978	0.15505894917842628
ATP2B4_0_dirichlet_train1.44	2.03e-321	0.04618710874774	0.5743907165755059	0.29926218651516595	0.08015998816158826
ATP2B4_1_dirichlet_train1.44	0.16971548333908826	1.7449103466129738e-290	0.7456538756867872	4.1947628001957815e-219	0.08463064097412465
ATP2B4_0_dirichlet_train1.45	0.31516102946051866	1.33830253243268e-62	0.348004989598673	0.10965213731916953	0.22718184362163885
ATP2B4_1_dirichlet_train1.45	0.11578955635717288	0.12659421305654053	0.4320622576460258	6.77e-322	0.3255539729402606
ATP2B4_0_dirichlet_train1.46	0.2897473594834967	9.9e-322	0.5527313538155973	0.15752128670090598	1.310256766556687e-267
ATP2B4_0_dirichlet_train1.47	0.03467944668114744	0.05710093448434827	0.27084525272891624	0.4358873139925832	0.2014870521130048
ATP2B4_0_dirichlet_train1.48	0.19887932357990687	5.63e-322	0.7516527071551375	0.049467969264955725	1.0859278433497575e-181
ATP2B4_1_dirichlet_train1.46	0.030953133953224358	0.2735339755966499	0.5215730930818713	1.91966926848381e-13	0.17393979736806242
ATP2B4_1_dirichlet_train1.47	1.641318356647781e-294	0.10227250893631065	0.8977274910636892	1.236581795728813e-139	1.43e-322
ATP2B4_1_dirichlet_train1.48	0.1747929120936034	8.45e-322	0.7302865792333313	6.3e-322	0.09492050867306538
PMS1_0_dirichlet_train1	1.334e-321	0.33252946496234326	0.5290661280882192	2.2129269779120236e-34	0.13840440694943765
MSH6_1_dirichlet_train1	0.08881541620048644	0.8795819306915234	5.14e-322	1.0807342641836078e-147	0.031602653107990195
MSH6_0_dirichlet_train1	1.5e-321	0.842386895203587	1.68e-321	0.15761310479641297	9.1e-322
MSH2_0_dirichlet_train1	5.2e-322	0.7679124440534106	1.3413703145484397e-271	0.2205904786261438	0.01149707732044558
MSH6_0_dirichlet_train1.1	4.61447152950813e-271	0.9103263652488285	1.724e-321	0.07513724431215464	0.014536390439016821
MLH1_0_dirichlet_train1	9.93e-322	0.9031680314290899	7.86e-322	0.07474925919877887	0.02208270937213135
MSH6_1_dirichlet_train1.1	2.13e-321	0.9602741428489007	3.2530270963193815e-31	4.890565489445223e-261	0.03972585715109946
MLH1_0_dirichlet_train1.1	0.12864453111564528	0.8713554688843548	2.57e-322	8.35e-322	3.3e-322
PMS1_0_dirichlet_train1.1	1.206e-321	0.15823425816571438	0.7389973264969186	0.10276841533736697	4.94e-322
PMS1_0_dirichlet_train1.2	0.10089377649093671	0.0009946409998113504	0.49336425694710595	0.34368083664991433	0.06106648891223155
MSH6_1_dirichlet_train1.2	1.15e-321	0.9738294932178587	7.26e-322	6.2e-322	0.02617050678214139
MSH6_1_dirichlet_train1.3	1.2370832196718723e-141	0.8030391980646816	3.61541928039247e-289	0.1969608019353185	9.83e-322
PMS1_0_dirichlet_train1.3	0.023368190856612497	0.2766110050079071	0.36314016631336365	0.2494947013750154	0.08738593644710138
PMS1_0_dirichlet_train1.4	0.1243610468090878	0.15922041766176082	0.08874000728811504	0.43465330473247354	0.19302522350856272
PMS2_0_dirichlet_train1	0.5049941475830881	0.49446441393767077	4e-321	8.35e-322	0.0005414384792410747
MSH6_1_dirichlet_train1.4	0.18327337224092996	0.7385816378368707	0.019653734654330186	0.03451199568302465	0.02397925958484444
MSH6_0_dirichlet_train1.2	2.5866846171213682e-155	0.957010948716161	0.02800892970582332	0.01498012157801575	1.324e-321
PMS1_0_dirichlet_train1.5	9.2e-322	0.07816174952001934	0.7721027962047197	0.14973545427526103	1.7197987825162123e-87
PMS1_0_dirichlet_train1.6	1.26e-321	0.14944253952626993	0.5993443684404328	0.2512130920332974	2.5e-322
PMS1_0_dirichlet_train1.7	0.061260972663982276	0.20414317296880602	0.5858631381828836	0.14873271618432804	7.86e-322
MSH6_1_dirichlet_train1.5	0.26555892332454367	0.6989963140451766	1.255e-321	1.23e-321	0.03544476263027983
MLH1_0_dirichlet_train1.2	1.21e-321	0.8797117591271251	5e-322	0.1202882408728748	3.26e-322
PMS1_0_dirichlet_train1.8	0.12920755699431385	0.26627504268829044	0.18023015990422417	3.869778289837475e-146	0.42428724041317156
PMS1_0_dirichlet_train1.9	4.190923660325173e-181	0.33691522614797215	0.47935078831269684	0.1837339855393309	4.4e-322
MLH1_0_dirichlet_train1.3	2.426e-321	1.0	3.3e-322	2.47e-322	4.55e-322
MSH2_0_dirichlet_train1.1	0.02589939397144281	0.9741006060285571	7.86e-322	5.530295046141687e-74	1.606e-321
