Samples	SBS96A	SBS96B	SBS96C	SBS96D	SBS96E
EXO1_0_real_train1	0.5714484346105873	0.09673681075819622	0.04785306688952871	0.11200524827650929	0.17195643946517866
OGG1_0_real_train1	0.005597273523213136	3.177774076346674e-164	0.7044292191991737	0.11740781036849181	0.1725656969091212
RNF168_0_real_train1	0.5576878184649589	0.05509166045382397	0.07855249494578968	0.135889124885844	0.1727789012495835
UNG_0_real_train1	0.06888131124668644	0.08226781780110026	0.09179284245042593	0.2670573673657194	0.4900006611360679
ATP2B4_0_real_train1	0.1590800647501568	0.02971331116035327	0.28567827036829885	0.3394293106998796	0.1860990430213115
ATP2B4_1_real_train1	0.08764353669866924	0.11848134109314264	0.40471376633331346	0.38916135587487455	7.497743624432381e-140
MLH1_0_real_train1	0.004881504005621832	0.8427035694360918	1.0138446651592334e-15	0.04095799927580397	0.11145692728248141
MSH2_0_real_train1	3.117839528743743e-184	0.7907972637454868	0.0022235743207202284	0.09224977232753448	0.11472938960625842
MSH6_0_real_train1	0.02969974394095258	0.819375583761044	0.011479402482204895	0.058093883096815596	0.08135138671898304
MSH6_1_real_train1	0.042551214704425445	0.8383546870766013	0.02638338102960924	0.03932017746958228	0.053390539719781735
PMS1_0_real_train1	0.027727469723336985	0.18299868212099585	0.2313808531541752	0.37007603785776455	0.18781695714372743
PMS2_0_real_train1	0.49288473662612353	0.43148448511563603	0.03299224350385354	0.042638534754386885	7.36e-322
EXO1_0_dirichlet_train1	0.5958021508858351	0.06773804727873313	0.19493850933267864	0.02095815174016006	0.12056314076259318
RNF168_0_dirichlet_train1	0.5586567874793507	0.050237111029632506	0.025887970839266958	0.2008419042742952	0.1643762263774547
RNF168_0_dirichlet_train1.1	0.6478850643742585	0.04055299885620315	0.15806269468385972	0.04838616252646907	0.10511307955920958
EXO1_0_dirichlet_train1.1	0.4717905885088214	0.12072436612881697	0.06282518015868253	0.21539197210514532	0.1292678930985339
RNF168_0_dirichlet_train1.2	0.7450442471611015	1.784e-321	0.11817696364551408	0.08448360819628459	0.052295180997099844
RNF168_0_dirichlet_train1.3	0.6006094931356849	0.04762468027747049	0.10479134591302855	0.03749824046943337	0.2094762402043827
RNF168_0_dirichlet_train1.4	0.6248890133334536	0.04251143792995557	0.07141651430546235	0.12451079154301294	0.13667224288811555
RNF168_0_dirichlet_train1.5	0.5273726625788926	0.05004161748570285	0.00011989891372779523	0.05074382722976451	0.37172199379191234
RNF168_0_dirichlet_train1.6	0.4752293233141842	3.8e-322	0.04690589631851647	0.11199684184446852	0.3658679385228306
RNF168_0_dirichlet_train1.7	0.6139481647384643	0.13245597903994347	0.1222253462997681	0.09605795372692351	0.035312556194900625
RNF168_0_dirichlet_train1.8	0.5650700339542273	0.02188478685220142	0.09874843689344326	0.030237441758978974	0.28405930054114914
EXO1_0_dirichlet_train1.2	0.40046644378349183	0.1251953059767804	0.004752915464753816	0.09445999298337847	0.37512534179159557
EXO1_0_dirichlet_train1.3	0.6472964933625008	0.10526979169279065	0.04496498236799679	0.04203508652008266	0.1604336460566289
RNF168_0_dirichlet_train1.9	0.48670566957890693	2.64e-321	0.14333053368018311	0.09266909819570048	0.2772946985452095
EXO1_0_dirichlet_train1.4	0.4646942832440799	0.10887690366317516	0.003074303668525897	0.15638640699231754	0.2669681024319015
EXO1_0_dirichlet_train1.5	0.6831309356961756	0.051650073937974876	0.032814966894290684	0.017060711393431512	0.21534331207812765
EXO1_0_dirichlet_train1.6	0.6436615661615426	2.223e-321	0.015472534344508156	0.0796268461230985	0.2612390533708508
EXO1_0_dirichlet_train1.7	0.5565511616819923	0.24111090228355006	0.002186570466202442	0.06322198018524569	0.1369293853830097
EXO1_0_dirichlet_train1.8	0.5711939444969854	0.17850332986920045	8e-322	0.11883406942789844	0.13146865620591586
RNF168_0_dirichlet_train1.10	0.4641483175739495	0.14846350312459689	0.04936004577889863	0.15447828602496355	0.18354984749759132
EXO1_0_dirichlet_train1.9	0.49542232898090344	0.2403471861783945	0.15354986913181604	0.020525156444364378	0.0901554592645217
RNF168_0_dirichlet_train1.11	0.5407299769505416	0.1304781773924179	0.06700252575292077	0.12225153139852049	0.13953778850559923
RNF168_0_dirichlet_train1.12	0.5611779078738532	3.636e-321	0.08515540348780899	0.17234207772771884	0.18132461091061888
EXO1_0_dirichlet_train1.10	0.6358059722586861	0.11358087400176682	0.06604215475901902	0.09615396912999087	0.08841702985053727
EXO1_0_dirichlet_train1.11	0.5515730654106301	1.0671633001456466e-233	0.03403001112892893	0.16592065675112552	0.24847626670931539
RNF168_0_dirichlet_train1.13	0.5368465590140415	0.15668466484463617	0.009032405372496301	0.08180612212625545	0.21563024864257044
RNF168_0_dirichlet_train1.14	0.6106078335970984	0.14156542224330387	0.045312840238971794	0.2025139039206261	6.13e-322
RNF168_0_dirichlet_train1.15	0.5846667060598567	1.102927167292301e-78	0.026736079936277097	0.25034483860776674	0.13825237539609941
RNF168_0_dirichlet_train1.16	0.42161549730021863	0.12323690308749671	0.06107611954157815	0.26462550060879625	0.12944597946191036
EXO1_0_dirichlet_train1.12	0.6358378004655402	0.04976462716653228	0.12423151930573595	0.07470254525208017	0.11546350781011153
RNF168_0_dirichlet_train1.17	0.467868381366616	0.19350419369833174	0.1130478134779502	0.07541085398881066	0.15016875746829156
EXO1_0_dirichlet_train1.13	0.6680710416038892	0.06834525613416012	0.034785483520166485	0.09620811434775894	0.13259010439402535
RNF168_0_dirichlet_train1.18	0.6217819882189092	0.0037652664109416125	0.12195947409134747	0.09110741077346796	0.16138586050533382
EXO1_0_dirichlet_train1.14	0.48446253220497004	0.20548750696960702	0.15874894260217703	0.12752859176314763	0.023772426460098185
RNF168_0_dirichlet_train1.19	0.4884982716701185	0.14491545521414834	0.11258513208625494	0.11456916032292892	0.13943198070654927
RNF168_0_dirichlet_train1.20	0.33914764089734717	0.04256927966309225	0.15278920206612492	0.1435670787733215	0.32192679860011414
EXO1_0_dirichlet_train1.15	0.45262241482866816	0.17652263478951555	0.01025105081207438	0.19190912744204594	0.168694772127696
RNF168_0_dirichlet_train1.21	0.6993588315345689	0.048040603596197384	0.046096281910972044	0.07211837327984398	0.1343859096784177
RNF168_0_dirichlet_train1.22	0.6036756258252828	0.03758587377148181	0.08119174032202994	0.1566552479724328	0.12089151210877257
EXO1_0_dirichlet_train1.16	0.6712218777102961	0.1058567015393569	0.07226176262973254	0.04788906909727751	0.10277058902333701
EXO1_0_dirichlet_train1.17	0.5103376713859771	0.10989771091025205	3.6e-322	0.13692255906424958	0.24284205863952135
RNF168_0_dirichlet_train1.23	0.558854381870082	1.873e-321	0.059342973108931295	0.0938867860888953	0.28791585893209143
EXO1_0_dirichlet_train1.18	0.517851055948853	0.05940496537887655	0.06840041995362993	0.10422023664430648	0.2501233220743343
RNF168_0_dirichlet_train1.24	0.546269612970057	0.08929161701689547	0.078598886681984	0.14591725540282213	0.13992262792824114
RNF168_0_dirichlet_train1.25	0.6594417100345703	0.015549930729698533	0.12211827552936054	0.20030077281095554	0.002589310895415163
RNF168_0_dirichlet_train1.26	0.47923934100858256	0.13574499214916744	0.0493794836315456	0.07776175500811816	0.25787442820258616
RNF168_0_dirichlet_train1.27	0.49614016895527824	0.10846170401224137	0.02484701592174352	0.23392022305889124	0.1366308880518457
RNF168_0_dirichlet_train1.28	0.5505263915235339	0.0027067400872438745	0.0864545609020487	0.2986846542678324	0.06162765321934108
EXO1_0_dirichlet_train1.19	0.46996073349203804	0.10191104127878238	2.66e-321	0.18038704660761581	0.2477411786215637
RNF168_0_dirichlet_train1.29	0.6804324713270304	3.063e-321	0.06132021218802642	0.09332051759386001	0.16492679889108322
EXO1_0_dirichlet_train1.20	0.4549423496279148	0.2656375086444308	1.2727719398860858e-223	0.12969737191348543	0.14972276981416888
RNF168_0_dirichlet_train1.30	0.5297993139592657	0.1337609524014577	0.05768538603326112	0.27875434760601553	1.2289552127298087e-161
RNF168_0_dirichlet_train1.31	0.749718391128235	0.0019054391071862016	0.03581487000059984	0.07628825824061829	0.13627304152336084
RNF168_0_dirichlet_train1.32	0.46241249553503483	0.0810328946515734	0.09654454318337351	0.24516949149209738	0.11484057513792077
RNF168_0_dirichlet_train1.33	0.5305245929208146	0.09463887610489044	0.0900895502188165	0.12955725053090686	0.15518973022457172
EXO1_0_dirichlet_train1.21	0.4538075335592683	0.09700660970958554	0.17385923806830347	0.21452353480056266	0.06080308386228006
RNF168_0_dirichlet_train1.34	0.618437351471083	0.14596890495497689	0.058340317572128965	0.14716536965645372	0.030088056345357418
EXO1_0_dirichlet_train1.22	0.5030568569614877	0.217200178108409	0.02396702365146569	0.07675709238580902	0.17901884889282865
EXO1_0_dirichlet_train1.23	0.5462465985869194	0.15735864806911073	0.01081611043189965	0.1322868508199301	0.1532917920921403
RNF168_0_dirichlet_train1.35	0.28581519339256756	0.09164586486433306	0.11031966704064275	0.24391863635969893	0.26830063834275786
RNF168_0_dirichlet_train1.36	0.5944142391110221	0.14601043439538405	0.15443334294353325	0.07173436106254474	0.03340762248751592
EXO1_0_dirichlet_train1.24	0.7407771040471346	1.774e-321	0.02838161975084295	0.09284194330553852	0.1379993328964839
RNF168_0_dirichlet_train1.37	0.6340411592589139	0.09871414031733328	0.06785205179263451	0.07463368168720647	0.12475896694391173
EXO1_0_dirichlet_train1.25	0.7074065491832756	0.027051939723774652	0.027383910092900164	0.023887397831029934	0.21427020316901976
RNF168_0_dirichlet_train1.38	0.4948124672307356	0.06090283893797071	0.12916951349674716	0.0977064978824598	0.2174086824520868
EXO1_0_dirichlet_train1.26	0.7522688351250699	9.294554547012882e-44	0.06474880066488341	0.01837294629643457	0.16460941791361205
EXO1_0_dirichlet_train1.27	0.5976005339556076	0.05274246162323871	0.01777395631274401	0.24058121681685385	0.09130183129155592
EXO1_0_dirichlet_train1.28	0.6892784543383706	0.13303681474630247	0.0777142208624825	0.09511633155271353	0.004854178500130954
EXO1_0_dirichlet_train1.29	0.6069528598331471	0.03808756940024873	0.07508354794896381	0.13541289282004323	0.14446312999759714
EXO1_0_dirichlet_train1.30	0.6816508529989778	0.08486971398378422	0.018240630505655765	0.06784456064778956	0.1473942418637927
RNF168_0_dirichlet_train1.39	0.30728928428133606	0.3058421476327845	0.024637371505528066	0.07787668206122725	0.2843545145191241
RNF168_0_dirichlet_train1.40	0.5737707209110964	0.13932487729267082	0.08554508683165372	0.13015821186093834	0.07120110310364067
EXO1_0_dirichlet_train1.31	0.5355451411188156	0.049450862013381024	0.13275194353364023	0.09382639912879534	0.18842565420536797
EXO1_0_dirichlet_train1.32	0.4955515177480214	0.22306674338963256	0.037791545843828336	0.09076360210213866	0.15282659091637904
EXO1_0_dirichlet_train1.33	0.6355765358293789	0.04259752052385156	0.14586156101981634	0.0833105907873215	0.0926537918396316
RNF168_0_dirichlet_train1.41	0.5345064783343441	0.14549299543438002	0.06256672874316477	0.07948806408120536	0.17794573340690578
RNF168_0_dirichlet_train1.42	0.5586165888590804	0.04619317440348594	0.06775810406715695	0.08852236906117823	0.23890976360909846
EXO1_0_dirichlet_train1.34	0.5943571215498114	0.19721771395459928	0.0035714986000149646	0.12748888048303825	0.07736478541253626
RNF168_0_dirichlet_train1.43	0.6421715925935954	1.55e-321	0.06491735993564149	0.04055328007344498	0.2523577673973182
EXO1_0_dirichlet_train1.35	0.573034219548193	0.10965754291846658	0.011367442175907532	0.10428424113925755	0.20165655421817527
EXO1_0_dirichlet_train1.36	0.4795921877205114	0.05802869250932824	0.1405742877501922	0.1875928750431976	0.13421195697677063
RNF168_0_dirichlet_train1.44	0.5783401842741693	0.03266713201620683	0.07878762732550403	0.1897951922417011	0.12040986414241872
EXO1_0_dirichlet_train1.37	0.5976463604253521	0.019251857684916496	0.0639526116326601	0.09409921658130163	0.22504995367576977
RNF168_0_dirichlet_train1.45	0.6206094174051385	0.042573025634779244	0.03128570749962717	0.05545835853592107	0.25007349092453396
RNF168_0_dirichlet_train1.46	0.49026881077996254	0.05002216493856955	0.024924388933505022	0.24744896393369767	0.18733567141426516
RNF168_0_dirichlet_train1.47	0.5925830352132077	0.11153339167332098	0.18259511282194008	0.00865642192265565	0.10463203836887558
RNF168_0_dirichlet_train1.48	0.5959595627576498	0.03494129471354399	0.17717613072600535	0.18725772029839646	0.004665291504404322
RNF168_0_dirichlet_train1.49	0.6994045567875024	0.021834164306580743	0.01688541671784192	0.08967575667701051	0.17220010551106443
RNF168_0_dirichlet_train1.50	0.5193730517397657	0.14769388558959892	0.02330385806413042	0.2508407880101197	0.05878841659638538
EXO1_0_dirichlet_train1.38	0.44918419072490257	5.937764186512584e-295	0.137696573952146	0.14465435564215762	0.26846487968079374
RNF168_0_dirichlet_train1.51	0.47524433832028146	0.17991128478788174	0.1326002709980441	0.0701997596435578	0.14204434625023485
RNF168_0_dirichlet_train1.52	0.24164228175995364	0.27979972970553546	0.20439879488747784	0.1056772721688671	0.16848192147816596
EXO1_0_dirichlet_train1.39	0.6879767122542705	0.06036328395983232	1.54e-321	0.085567602207044	0.1660924015788531
EXO1_0_dirichlet_train1.40	0.6984855970619026	0.055766982640347684	0.048306870335992756	0.022588869544187526	0.17485168041756952
RNF168_0_dirichlet_train1.53	0.6436022668368595	7.8e-322	0.06588983190189476	0.07589476300615587	0.21461313825508987
EXO1_0_dirichlet_train1.41	0.6262466511707784	0.051168305366829814	0.1061558120718145	0.0935715531134509	0.1228576782771265
EXO1_0_dirichlet_train1.42	0.6306999814431234	0.15887870985463035	0.10736947759316301	0.03451405077973169	0.06853778032935166
RNF168_0_dirichlet_train1.54	0.3129402197981297	3.66e-322	0.07929984571803987	0.38416669633383194	0.22359323814999854
OGG1_0_dirichlet_train1	0.01637168311467114	2.233e-321	0.697741808942522	0.14573628266092195	0.1401502252818848
UNG_0_dirichlet_train1	0.08579419732262251	0.10128136122176518	0.042482275419924956	0.2867118298998822	0.4837303361358052
UNG_0_dirichlet_train1.1	0.07414822278844435	0.08549749133357752	0.12091389083503482	0.22093932103485045	0.49850107400809285
UNG_0_dirichlet_train1.2	0.045787000917979444	0.04041564970378908	0.11455653220545513	0.3625084118491406	0.43673240532363566
OGG1_0_dirichlet_train1.1	0.12203216031824302	1.3e-321	0.5606843037988142	0.2859556795809289	0.03132785630201398
UNG_0_dirichlet_train1.3	0.09124105418485468	0.12587852991531745	0.09994037394601893	0.2880321925678418	0.3949078493859671
OGG1_0_dirichlet_train1.2	0.06786725263266417	8.5e-322	0.6856782247949345	0.10630417577552326	0.14015034679687807
OGG1_0_dirichlet_train1.3	0.030769513938655978	1.033e-321	0.5602945773480155	0.1642440467746936	0.2446918619386349
UNG_0_dirichlet_train1.4	0.08452844979519386	3.492876820998089e-46	0.13757700936784273	0.34235944673752045	0.435535094099443
UNG_0_dirichlet_train1.5	0.020143161203073728	1.013e-321	0.1779407050789703	0.41617978946460066	0.3857363442533554
OGG1_0_dirichlet_train1.4	1.25e-321	1.616e-321	0.8612748693469097	0.1214857930495387	0.01723933760355182
OGG1_0_dirichlet_train1.5	7.208104757903832e-285	1.1373250159459514e-115	0.7519165851875104	0.18242685590397456	0.06565655890851496
UNG_0_dirichlet_train1.6	0.17508422186212166	0.13340785914008987	0.09827577336335513	0.12221977361423307	0.4710123720202002
UNG_0_dirichlet_train1.7	5.627e-321	0.1207866319533824	0.095353078187597	0.3226033609239715	0.4612569289350492
UNG_0_dirichlet_train1.8	2.699072433760574e-297	0.15990886109250696	0.20384411748217626	0.17383643889081318	0.4624105825345035
OGG1_0_dirichlet_train1.6	4.2489569367165283e-287	2.45e-321	0.8709199625746441	0.09734406502044513	0.03173597240491081
UNG_0_dirichlet_train1.9	2.546104888473555e-277	0.030831822449737773	0.037413084586521636	0.22810427697585892	0.7036508159878817
OGG1_0_dirichlet_train1.7	0.020650427516664356	2.337e-321	0.6243848619487127	0.2614272296071276	0.0935374809274954
UNG_0_dirichlet_train1.10	0.06088794330738398	0.11408635674202601	0.08828693719705223	0.22311970654691596	0.5136190562066217
OGG1_0_dirichlet_train1.8	2.866e-321	0.07890258076347886	0.7785260096116545	0.08724259329293045	0.05532881633193602
UNG_0_dirichlet_train1.11	1.1707664397924286e-215	0.055972507988047586	0.0975944847541073	0.24436447412909507	0.6020685331287501
OGG1_0_dirichlet_train1.9	0.12420520366471705	0.06919530075770984	0.7034555065452095	0.04428644977420481	0.058857539258158884
OGG1_0_dirichlet_train1.10	0.06265395272034982	3.4e-321	0.7658538076874327	2.96e-322	0.1714922395922174
OGG1_0_dirichlet_train1.11	0.08583836530784057	0.1152638073352718	0.5838537831986685	0.17574166953482268	0.039302374623396356
UNG_0_dirichlet_train1.12	0.1989575402928661	0.060942592500887585	0.16339923429405895	0.15590372432352367	0.4207969085886637
UNG_0_dirichlet_train1.13	0.1268204699748292	0.07622991948042876	0.08313591437925344	0.2661708415150619	0.44764285465042675
UNG_0_dirichlet_train1.14	0.06632409837720678	0.021504105552437293	0.08241882140341032	0.27263166773782604	0.5571213069291195
OGG1_0_dirichlet_train1.12	0.11315136019897416	3.5e-322	0.617737171733812	0.03623732974699289	0.23287413832022083
OGG1_0_dirichlet_train1.13	0.022088073046146763	0.004004074420694853	0.7801695303001086	0.050002256219182875	0.14373606601386693
UNG_0_dirichlet_train1.15	1.78e-321	0.02276840232500868	0.05891985154039771	0.36922978382749977	0.549081962307094
UNG_0_dirichlet_train1.16	5.481460571512855e-24	0.24248657368210794	0.037124037315818995	0.31817967078443693	0.40220971821763607
UNG_0_dirichlet_train1.17	0.009103468917390112	0.18100316022199703	0.26765746583326494	0.1465678991142001	0.39566800591314777
OGG1_0_dirichlet_train1.14	3.57e-321	0.07742540582136659	0.5081948083981456	0.11853588036892194	0.29584390541156574
UNG_0_dirichlet_train1.18	0.07257722738691115	0.03316302036054368	0.07623461870465002	0.4134376660738456	0.40458746747404944
OGG1_0_dirichlet_train1.15	0.027280739714195142	1.285e-321	0.6645755106605483	0.25081657515493555	0.057327174470321075
UNG_0_dirichlet_train1.19	4.245865872885151e-118	0.28146521740613645	0.028826663171124995	0.1993676907707591	0.49034042865197947
OGG1_0_dirichlet_train1.16	0.06840174216028017	7.26e-322	0.5573001755548919	0.2032428215985255	0.17105526068630267
UNG_0_dirichlet_train1.20	0.06902824395818791	0.1670054722552147	0.13183722819836832	0.17966740952666085	0.45246164606156825
UNG_0_dirichlet_train1.21	0.0048656507312789445	0.22537424507937118	0.16893813404605273	0.29522033511111817	0.3056016350321791
OGG1_0_dirichlet_train1.17	2.243e-321	0.0334007915091205	0.4707561343351462	0.3031696286920396	0.19267344546369375
UNG_0_dirichlet_train1.22	1.453e-321	0.1232682529953222	7.76e-322	0.4057315651692375	0.47100018183544023
UNG_0_dirichlet_train1.23	4.25e-322	0.4071399739135271	0.06442030527071783	0.16483421515713698	0.3636055056586181
UNG_0_dirichlet_train1.24	0.04522467329343441	0.0933599330361793	0.11929295578110032	0.23231719835271097	0.509805239536575
OGG1_0_dirichlet_train1.18	0.05801805441916285	8.1e-322	0.6500660813533838	0.016522416532031646	0.27539344769542157
UNG_0_dirichlet_train1.25	0.11908959135813765	0.20548142069981307	2.162519443890251e-26	0.35408294149047603	0.32134604645157333
OGG1_0_dirichlet_train1.19	7.166060404375752e-26	0.06716859046539797	0.699009701556822	0.11291991845754713	0.12090178952023314
UNG_0_dirichlet_train1.26	0.12226042777033484	0.12912750661055702	0.08407057821605032	0.25979077780751064	0.40475070959554715
OGG1_0_dirichlet_train1.20	1.7160574251180358e-101	3.2e-322	0.6319657134685187	0.04005745237788583	0.32797683415359546
UNG_0_dirichlet_train1.27	1.714e-321	0.1861328350214957	0.05375543649256752	0.1970116140766357	0.5631001144093012
OGG1_0_dirichlet_train1.21	0.10157581290708058	0.018493733079463077	0.6193033845634304	0.012635621355056395	0.24799144809496967
OGG1_0_dirichlet_train1.22	0.13850909113875046	0.015323821461241153	0.6804908442145355	0.05598115592208555	0.10969508726338743
UNG_0_dirichlet_train1.28	0.09695077302011348	0.19391683281207264	0.1418946416442513	0.19862217363473217	0.36861557888883034
UNG_0_dirichlet_train1.29	0.03965680328726221	0.014642681074512541	0.24394243637804197	0.2765989537351666	0.4251591255250169
OGG1_0_dirichlet_train1.23	0.06061063310946308	1.275e-321	0.7074620181022931	0.08463040573501156	0.14729694305323215
OGG1_0_dirichlet_train1.24	0.08855107315175555	0.06514993631657423	0.6503518489708509	0.19594714156081927	6.4e-322
OGG1_0_dirichlet_train1.25	2.213e-321	6.47e-322	0.6438704878331101	1.17e-321	0.3561295121668899
OGG1_0_dirichlet_train1.26	0.02465971103589668	0.07705802494298376	0.6161444232310069	0.030883846821386965	0.25125399396872555
UNG_0_dirichlet_train1.30	0.05274796111412395	1.8199389786371728e-202	0.02295674989697237	0.3958639568976615	0.528431332091242
OGG1_0_dirichlet_train1.27	0.048069979757346976	0.0014782404799603662	0.8701663460231829	0.08028543373950979	2.3545143085073537e-143
OGG1_0_dirichlet_train1.28	0.13675069149211203	1.04e-321	0.5203324932064721	0.06521554468793977	0.27770127061347605
UNG_0_dirichlet_train1.31	0.09749947612067135	0.200533451473545	0.03208518758441166	0.48924262582371125	0.18063925899766062
UNG_0_dirichlet_train1.32	0.07421641081174406	2.3438596486047325e-14	0.05257154955342866	0.25906032105308474	0.6141517185817191
UNG_0_dirichlet_train1.33	0.04568347781676057	0.007776725008663637	0.1277233286403015	0.3046552978473182	0.5141611706869561
OGG1_0_dirichlet_train1.29	0.1862331658212226	0.09563531916124018	0.5230344246564291	0.05711606881532448	0.13798102154578337
OGG1_0_dirichlet_train1.30	0.00016709959426520324	1.27e-321	0.6790716538407733	0.28002694041387294	0.04073430615108879
UNG_0_dirichlet_train1.34	0.11441329480636273	0.19369211809550005	0.11179257770047533	0.22207251642787307	0.3580294929697888
OGG1_0_dirichlet_train1.31	0.008480773934840292	1.53e-321	0.46906573459424217	0.2325520276895041	0.2899014637814135
UNG_0_dirichlet_train1.35	7.6282997365605e-311	0.12562078997377396	0.1804531469572942	0.15155804441302018	0.5423680186559117
UNG_0_dirichlet_train1.36	0.10093915760676213	0.07035552728194744	0.04356746577037558	0.28740074976269553	0.4977370995782193
UNG_0_dirichlet_train1.37	0.06636071541055537	0.15102665371668486	0.07018179614368425	0.3130483986439688	0.3993824360851067
OGG1_0_dirichlet_train1.32	0.027439359754011232	0.10949065683251606	0.6142452898518864	0.21078333875758365	0.03804135480400262
UNG_0_dirichlet_train1.38	0.09765614105241623	0.020028840500521155	0.05722127077752106	0.12089720893869099	0.7041965387308506
OGG1_0_dirichlet_train1.33	0.006627653263405042	2.19e-321	0.6508850117420933	0.2892673979327903	0.05321993706171134
OGG1_0_dirichlet_train1.34	0.09475501876283074	0.03433216862707349	0.5981174862310744	0.06575395866340153	0.20704136771561985
OGG1_0_dirichlet_train1.35	0.09054287363210306	1.097e-321	0.6394330746185296	0.03491037070605867	0.23511368104330854
OGG1_0_dirichlet_train1.36	0.023431807548141934	1.334e-321	0.8148559108704283	0.07742558978178724	0.08428669179964264
OGG1_0_dirichlet_train1.37	0.07773145995168208	0.018546069478710625	0.6095355047545495	0.14828110799215924	0.14590585782289864
OGG1_0_dirichlet_train1.38	3.42e-321	6.7e-322	0.6709256865147901	0.0032797203716898983	0.32579459311351994
UNG_0_dirichlet_train1.39	0.032298501399606785	0.1244241780400775	0.10255725362670787	0.06195083679562731	0.6787692301379804
OGG1_0_dirichlet_train1.39	0.0034110067973891936	7.1e-322	0.655413795572789	0.014655598283154023	0.3265195993466677
UNG_0_dirichlet_train1.40	1.0147834271643589e-283	0.05629949860519223	0.13031797526638694	0.17584086016523537	0.6375416659631855
OGG1_0_dirichlet_train1.40	0.04199130814457707	4.05e-322	0.7682698592905255	0.004774517159961712	0.1849643154049356
OGG1_0_dirichlet_train1.41	0.018391229313187034	0.009884213031710519	0.7644391431286475	0.026544196591787382	0.1807412179346677
UNG_0_dirichlet_train1.41	0.047134533515178954	0.2235455049355333	0.012948846861887998	0.1732858164248547	0.5430852982625451
OGG1_0_dirichlet_train1.42	3.87e-321	0.07343140917971928	0.5714667409148932	0.1223393388247366	0.23276251108065088
UNG_0_dirichlet_train1.42	0.0867504860546317	0.07534077436108874	0.1837633032854026	0.313014497573575	0.34113093872530187
OGG1_0_dirichlet_train1.43	0.05500295932502205	0.0025908280860064267	0.8820669155546483	0.060339297034323024	3.3769370614107602e-46
OGG1_0_dirichlet_train1.44	0.044227061729661975	0.009366298668861052	0.607172667852111	0.2576020654102635	0.08163190633910254
OGG1_0_dirichlet_train1.45	0.05531952448492735	0.011035775610363514	0.6217622014969033	0.3118824984078058	1.8543810133780876e-117
OGG1_0_dirichlet_train1.46	0.10374755009883502	1.04e-321	0.48407382794001563	0.030086047039954756	0.3820925749211946
UNG_0_dirichlet_train1.43	6.02422663019744e-12	0.23736263135979868	0.25275634596249213	0.09762431748455495	0.41225670518713
OGG1_0_dirichlet_train1.47	6.437696605610619e-121	1.255e-321	0.6462666940429195	0.24526151779130403	0.10847178816577652
OGG1_0_dirichlet_train1.48	1.146e-321	0.059217016731868945	0.6359847081129362	0.25077765456357987	0.05402062059161503
OGG1_0_dirichlet_train1.49	0.13327148329431546	2.31e-321	0.5396947985880542	0.17464753622840123	0.1523861818892291
OGG1_0_dirichlet_train1.50	0.034763170805067495	4.363e-321	0.70222750307202	0.06548591328179808	0.19752341284111458
UNG_0_dirichlet_train1.44	0.026622972708983658	0.18561368719166843	0.1481467097991298	0.22896925306118698	0.4106473772390311
OGG1_0_dirichlet_train1.51	0.09980331512566185	1.91e-321	0.7594648065586274	0.00750562336538201	0.13322625495032894
OGG1_0_dirichlet_train1.52	4.466e-321	0.14090182866179035	0.7462722423212796	0.11282592901693009	1.2618466023026618e-205
ATP2B4_0_dirichlet_train1	0.23921736180669212	0.1237563541219317	0.23932604743403152	0.20584320260761452	0.19185703402973023
ATP2B4_1_dirichlet_train1	0.14045098673711318	0.14944358415957482	0.5479094832427115	0.13389048582611893	0.0283054600344814
ATP2B4_0_dirichlet_train1.1	0.09503425365519018	3.1169008496358297e-152	0.22729407982593436	0.44650868290616286	0.23116298361271276
ATP2B4_1_dirichlet_train1.1	0.10380028247115007	0.09957405862813344	0.37039621242224086	0.36406874186759824	0.06216070461087728
ATP2B4_1_dirichlet_train1.2	0.20406946532847306	0.17149833966674952	0.26589074249982864	0.3585414525049486	3.3644914775264118e-102
ATP2B4_1_dirichlet_train1.3	1.81e-321	0.054555894666521054	0.380477490388426	0.47349358038970646	0.09147303455534658
ATP2B4_0_dirichlet_train1.2	0.3469947331141624	0.025089790730895394	0.1881148976995478	0.3359895708056523	0.1038110076497422
ATP2B4_1_dirichlet_train1.4	0.07858319483011175	0.2878101084072484	0.31323713896449656	0.301237313424778	0.01913224437336539
ATP2B4_0_dirichlet_train1.3	0.22216240258478331	0.06045295520969598	0.207249650374682	0.5101349918308389	2.194e-321
ATP2B4_0_dirichlet_train1.4	0.10445412979034763	0.09864921075238585	0.2564246564136358	0.2577508591574726	0.2827211438861582
ATP2B4_0_dirichlet_train1.5	0.1761523648667287	0.04061160380654056	0.2772391859651614	0.26786414403577063	0.2381327013257985
ATP2B4_0_dirichlet_train1.6	0.14874485337945142	0.08367870690401391	0.31457617848767233	0.34360930792874755	0.10939095330011483
ATP2B4_1_dirichlet_train1.5	0.11773089689394742	1.03e-321	0.2922914995640328	0.4437692220780871	0.14620838146393275
ATP2B4_0_dirichlet_train1.7	0.09161478489412188	0.2231539454324393	0.11765730744376571	0.31438329779264185	0.25319066443703114
ATP2B4_1_dirichlet_train1.6	0.009982798905295581	0.28976670566417145	0.33940253434498935	0.36084796108554373	1.73e-322
ATP2B4_1_dirichlet_train1.7	0.1514393158828175	0.09570251327051285	0.27924277771592754	0.4736153931307421	3.66e-322
ATP2B4_1_dirichlet_train1.8	0.1836830933407041	0.011347467360681698	0.5107875437585052	0.29418189554010904	7.3e-322
ATP2B4_1_dirichlet_train1.9	1.9920741037568033e-44	0.12455996682241627	0.2218197505093106	0.37734525891251725	0.276275023755756
ATP2B4_1_dirichlet_train1.10	0.05483245895094268	0.18465202242565443	0.4173830221129633	0.3124558585542133	0.03067663795622619
ATP2B4_1_dirichlet_train1.11	0.12142687514456417	0.11503412168213198	0.40613817370241023	0.3305520139517507	0.02684881551914287
ATP2B4_1_dirichlet_train1.12	2.74e-321	0.029150038330225916	0.5178595923015905	0.4529903693681835	8.5e-322
ATP2B4_1_dirichlet_train1.13	0.31942066260945295	0.016195025738717284	0.2921239410714711	0.3722603705803589	6.13e-322
ATP2B4_0_dirichlet_train1.8	0.12370579725319554	0.05869993409299057	0.2312451856608802	0.2632319621339603	0.3231171208589734
ATP2B4_1_dirichlet_train1.14	0.08561858773388814	0.038351915197296985	0.4347328706342892	0.3965410940959201	0.044755532338605755
ATP2B4_1_dirichlet_train1.15	0.16031468061605172	0.17149426695688308	0.307640403967147	0.36055062128715487	2.7172763520485767e-08
ATP2B4_0_dirichlet_train1.9	0.24348604844761468	0.12511295205453843	0.2948331662519038	0.21759936108332711	0.11896847216261586
ATP2B4_0_dirichlet_train1.10	0.14504482835964144	2.09e-321	0.32783608699283223	0.3532068933463173	0.17391219130120905
ATP2B4_0_dirichlet_train1.11	0.1903285209525733	0.07746569426542686	0.29150633453839736	0.2341626447781511	0.20653680546545147
ATP2B4_1_dirichlet_train1.16	0.19492787037448406	0.20910683680184153	0.19312477106628662	0.4028405217573877	5.83e-322
ATP2B4_0_dirichlet_train1.12	0.2778850965407167	1.003e-321	0.2765644489093234	0.2633254444589613	0.1822250100909988
ATP2B4_0_dirichlet_train1.13	0.2335464518777868	0.05564895592444316	0.20816971991593966	0.2968184480442785	0.20581642423755192
ATP2B4_0_dirichlet_train1.14	0.2732227854195015	1.34e-321	0.14320410028300432	0.30556697733027005	0.27800613696722415
ATP2B4_0_dirichlet_train1.15	0.2719540631350408	2.416e-321	0.2383907222478973	0.34051332522078537	0.14914188939627646
ATP2B4_1_dirichlet_train1.17	0.17317532065800798	0.11510047508781351	0.40486922962352434	0.2509751871195876	0.055879787511066356
ATP2B4_1_dirichlet_train1.18	0.003158830088318255	1.2893248553483526e-73	0.4852772036445418	0.51156396626714	4.84e-322
ATP2B4_1_dirichlet_train1.19	0.02903263487223267	0.05026419138964617	0.3307195099561459	0.5899836637819752	4.84e-322
ATP2B4_1_dirichlet_train1.20	0.20999929126422953	0.1276239976294303	0.1788625444445082	0.34792611346842317	0.1355880531934088
ATP2B4_0_dirichlet_train1.16	0.1773468871433116	0.014444175755769525	0.2885314553822068	0.4355753929831865	0.0841020887355256
ATP2B4_1_dirichlet_train1.21	0.05721576283783182	0.07795566938390003	0.2773966253330434	0.5874319424452248	1.976e-321
ATP2B4_1_dirichlet_train1.22	0.18804561156732919	0.03915592921967152	0.28761481457433014	0.3950235824086281	0.0901600622300411
ATP2B4_0_dirichlet_train1.17	0.1142023190422199	2.25e-321	0.2632123409512203	0.38611267154570905	0.23647266846085066
ATP2B4_0_dirichlet_train1.18	0.09979285176095976	0.03421001668971349	0.10083639692497835	0.47895131208153285	0.28620942254281545
ATP2B4_1_dirichlet_train1.23	0.032203463086031975	0.17538358707898483	0.3132314739177715	0.4791814759172116	8.55e-322
ATP2B4_1_dirichlet_train1.24	0.1335048067390645	0.12149193846334563	0.5261487758374052	0.2122698962555285	0.006584582704656376
ATP2B4_0_dirichlet_train1.19	0.26879685541045567	1.186e-321	0.2043978228389432	0.25526023959608396	0.2715450821545171
ATP2B4_1_dirichlet_train1.25	0.17709376313325478	2.2127391590447663e-285	0.3607238028556322	0.3199070518807015	0.14227538213041158
ATP2B4_0_dirichlet_train1.20	0.21463871191848977	0.01540268869577465	0.19342524951875562	0.2766616633704917	0.2998716864964882
ATP2B4_0_dirichlet_train1.21	0.05444803812916524	0.112088477630499	0.31140153599567766	0.2929663664529765	0.22909558179168144
ATP2B4_0_dirichlet_train1.22	0.28793374233582975	0.009432363387794093	0.28813828595198293	0.29809673623582855	0.1163988720885648
ATP2B4_0_dirichlet_train1.23	0.22573903732158745	0.18377024742823503	0.1954594027432117	0.2903014100306893	0.10472990247627667
ATP2B4_0_dirichlet_train1.24	0.25850732240701124	2.873595043947621e-104	0.3697492039585959	0.22518961307957885	0.14655386055481417
ATP2B4_1_dirichlet_train1.26	4.654e-321	0.23452040704393134	0.24535009175363826	0.5201295012024305	2.94616394005997e-309
ATP2B4_0_dirichlet_train1.25	0.1584550826058455	0.012359889626949356	0.20388700950338154	0.26765954451681556	0.3576384737470082
ATP2B4_1_dirichlet_train1.27	0.13633740852078058	0.011941532851824687	0.3979694482257067	0.4537516104016881	6.47e-322
ATP2B4_0_dirichlet_train1.26	0.17222265670910836	0.08376467049421456	0.24257681498166986	0.36245318020455874	0.1389826776104484
ATP2B4_1_dirichlet_train1.28	0.20376603663200105	0.04487289329501549	0.3255254733804814	0.42583559669250215	6.23e-322
ATP2B4_0_dirichlet_train1.27	0.03624538001491411	0.06064228619523976	0.15397444195700855	0.5314146555945836	0.2177232362382541
ATP2B4_1_dirichlet_train1.29	0.12790053764056572	0.09608221128011617	0.4164143818080509	0.35960286927126733	1.6106878006445724e-73
ATP2B4_0_dirichlet_train1.28	0.06821023236667183	4.295081837463874e-158	0.4505244371536849	0.48126533047964326	3.16e-322
ATP2B4_0_dirichlet_train1.29	0.13387326523538387	7.5e-322	0.4067037947257994	0.4594229400388168	3.617046289758287e-202
ATP2B4_0_dirichlet_train1.30	0.23227709003055397	3.3364944888062557e-106	0.21646381586590568	0.31916622336250344	0.2320928707410368
ATP2B4_0_dirichlet_train1.31	0.20813052330811074	0.02202052139770215	0.19532345503083093	0.2109850242864586	0.36354047597689754
ATP2B4_1_dirichlet_train1.30	0.14788561457024918	0.10858056933192572	0.2970508641042466	0.42327475882636834	0.023208193167210157
ATP2B4_1_dirichlet_train1.31	0.23551706468249325	0.10436376056180516	0.3480578425438613	0.25479305314226347	0.0572682790695766
ATP2B4_1_dirichlet_train1.32	0.04114790258996769	0.035530594966652514	0.5078418005456801	0.4154797018976997	3.6626725187587125e-180
ATP2B4_0_dirichlet_train1.32	0.14615093185006775	0.13529256441702103	0.27412451653338016	0.44443198719953103	3.999284695082267e-109
ATP2B4_0_dirichlet_train1.33	0.06477918964842427	0.044534573633240385	0.31164235792479494	0.39014084053515485	0.18890303825838534
ATP2B4_0_dirichlet_train1.34	0.2183155460958654	0.15914895371176724	0.16262255727481073	0.3905319044129243	0.06938103850463252
ATP2B4_0_dirichlet_train1.35	0.0033752072535865405	0.10738422826918126	0.4375590372671189	0.45168152721011334	7.28251582821736e-302
ATP2B4_1_dirichlet_train1.33	0.17678990887303747	0.08336084700753127	0.2702352434098486	0.4696140007095826	2.08e-322
ATP2B4_1_dirichlet_train1.34	0.05254720054534166	0.10255612695890554	0.4791510981875793	0.36574557430817345	8.3e-322
ATP2B4_1_dirichlet_train1.35	0.09333267247991159	0.14926241585860012	0.2874038904285187	0.4700010212329696	3.85e-322
ATP2B4_1_dirichlet_train1.36	9.782887058567009e-182	0.057890266892834955	0.4634061987815216	0.4787035343256434	2.96e-322
ATP2B4_0_dirichlet_train1.36	0.2465568232366519	0.10040043483740617	0.20122518904900688	0.41089217438026115	0.04092537849667406
ATP2B4_0_dirichlet_train1.37	0.09622639244696908	1.716052781971908e-229	0.2098240318936195	0.46042707862600774	0.2335224970334037
ATP2B4_1_dirichlet_train1.37	0.11549774839248657	0.1760007678575132	0.39484726869953046	0.31365421505046975	1.649127716340706e-155
ATP2B4_1_dirichlet_train1.38	0.020147925575664756	0.12255720150615208	0.43460961707387724	0.42268525584430594	6.77e-322
ATP2B4_1_dirichlet_train1.39	0.03390495326796649	0.16110984881626644	0.32255374693921146	0.43628434021374063	0.046147110762814976
ATP2B4_1_dirichlet_train1.40	1.364e-321	0.2821718153271571	0.2970510135567375	0.42077717111610546	4.6e-322
ATP2B4_1_dirichlet_train1.41	0.10545784257732345	0.1588982115505154	0.3916592124090862	0.343984733463075	5.6e-322
ATP2B4_1_dirichlet_train1.42	0.12586938432061057	0.07924933897676804	0.4914907605236849	0.30339051617893664	6.460698034738082e-76
ATP2B4_0_dirichlet_train1.38	0.24487530354108938	0.018620077901636545	0.2966827912698213	0.40601330938004254	0.03380851790741025
ATP2B4_0_dirichlet_train1.39	0.2637291238746282	1.433e-321	0.3688074692430485	0.25891798452300013	0.10854542235932317
ATP2B4_0_dirichlet_train1.40	0.20284957567865386	0.0367157577906076	0.20030779982446562	0.3558732064471466	0.20425366025912628
ATP2B4_1_dirichlet_train1.43	0.016377649232843797	0.09309378548887601	0.29478452702406016	0.5911593293659408	0.004584708888279248
ATP2B4_0_dirichlet_train1.41	0.08922573200642452	0.053210221517802636	0.4735701930956945	0.2833519439055487	0.10064190947452964
ATP2B4_0_dirichlet_train1.42	0.1547910229494605	1.18e-321	0.20363907045542268	0.3414288093988964	0.3001410971962204
ATP2B4_0_dirichlet_train1.43	0.2316472923267622	0.05398317664697214	0.31297822733781566	0.2767055450982978	0.12468575859015221
ATP2B4_0_dirichlet_train1.44	1.781087391734838e-297	0.12134345611360742	0.2826435849040956	0.42496338857869675	0.17104957040360036
ATP2B4_1_dirichlet_train1.44	0.2546740868949199	1.2521566837939629e-31	0.3408889733247047	0.3818511594738334	0.022585780306541913
ATP2B4_0_dirichlet_train1.45	0.26515483008409013	0.03168058190582132	0.3333193554468431	0.23172998158367492	0.13811525097957064
ATP2B4_1_dirichlet_train1.45	0.21819960264869848	0.13728998987340557	0.44273207424782934	0.19195757216164505	0.009820761068421687
ATP2B4_0_dirichlet_train1.46	0.26209337757236845	7.46e-322	0.14837016615839255	0.349387249057987	0.24014920721125194
ATP2B4_0_dirichlet_train1.47	0.039688202705059114	0.0828292938553286	0.2511569288563965	0.2683755944673017	0.35794998011591406
ATP2B4_0_dirichlet_train1.48	0.2297561197061531	7.1e-322	0.23325886691024342	0.4449880509922628	0.09199696239134075
ATP2B4_1_dirichlet_train1.46	0.11262993002961413	0.240336234752359	0.3438359737440606	0.28522515921345665	0.017972702260509635
ATP2B4_1_dirichlet_train1.47	0.07012868485236459	0.07940795608869353	0.233761327275145	0.616702031783797	1.83e-322
ATP2B4_1_dirichlet_train1.48	0.2790030231738946	1.08e-321	0.3410186849070963	0.3799782919190091	9.9e-322
PMS1_0_dirichlet_train1	3.84e-321	0.2998969763810679	0.32417667800861394	0.33612200736154807	0.03980433824876989
MSH6_1_dirichlet_train1	0.14334073194095645	0.7249134099013927	0.030078441542536725	6.5e-322	0.1016674166151142
MSH6_0_dirichlet_train1	2.485e-321	0.7855650267430823	9.5e-322	0.10391714626574877	0.11051782699116895
MSH2_0_dirichlet_train1	4.3e-322	0.7167064150233914	0.007436317609106137	0.1290077041012157	0.14684956326628681
MSH6_0_dirichlet_train1.1	0.030278072934699907	0.7394642926893681	1.275e-321	0.03299599513727443	0.1972616392386576
MLH1_0_dirichlet_train1	1.08e-321	0.8146876458662242	0.018961486386266657	0.007841896136903235	0.15850897161060584
MSH6_1_dirichlet_train1.1	1.8134347757838794e-191	0.8756849960642816	0.03546387206642166	0.047548539632439275	0.0413025922368575
MLH1_0_dirichlet_train1.1	0.22519807194909827	0.7393078788440259	4.05e-322	9.54e-322	0.03549404920687573
PMS1_0_dirichlet_train1.1	2.376e-321	0.1732623270445227	0.24519297298498183	0.5266458939583842	0.05489880601211128
PMS1_0_dirichlet_train1.2	0.10908407335383372	0.005746915211953949	0.19345084299690357	0.3286690174516401	0.3630491509856687
MSH6_1_dirichlet_train1.2	1.9513464763218108e-253	0.9525747212876254	0.0354468362571583	0.003621591350590432	0.00835685110462588
MSH6_1_dirichlet_train1.3	0.0570680259096929	0.716730210640379	1.023e-321	0.12383122268038595	0.10237054076954233
PMS1_0_dirichlet_train1.3	0.05190650400251978	0.20842221656264237	0.18054877839015046	0.29075957802820884	0.26836292301647846
PMS1_0_dirichlet_train1.4	0.10819332275045858	0.13642168628032264	0.18430441880078183	0.20044709899136667	0.3706334731770702
PMS2_0_dirichlet_train1	0.5131730566913704	0.4199348413752657	0.026644991817699245	0.04024711011566489	1.013e-321
MSH6_1_dirichlet_train1.4	0.19248604304421155	0.6549534002063264	0.03926466872886293	0.07283491195177147	0.040460976068827696
MSH6_0_dirichlet_train1.2	0.0692191803647951	0.8179554274922944	2.491191882099633e-85	0.10161737923205295	0.011208012910857457
PMS1_0_dirichlet_train1.5	1.13e-321	0.09078226125808594	0.26261020015364495	0.5075374143894504	0.13907012419881856
