Samples	SBS96A	SBS96B	SBS96C	SBS96D	SBS96E
BRCA_TCGA-3C-AAAU	0.16929687575014402	0.1974353575197303	0.25060887144697025	0.3415547164440854	0.0411041788390701
BRCA_TCGA-3C-AALI	2.57e-321	0.03772682313037558	0.8850404076092189	0.0073753268869844995	0.06985744237342094
BRCA_TCGA-3C-AALJ	0.3463059523879509	0.16871469348519108	0.30310431979210695	0.12345079161443437	0.058424242720316814
BRCA_TCGA-3C-AALK	0.28970965574989804	0.290619066303459	0.2926600854133312	0.08207203086620647	0.04493916166710524
BRCA_TCGA-4H-AAAK	0.3511061495137374	0.20379597229243535	0.00154346446720473	0.2031700985439605	0.24038431518266196
BRCA_TCGA-5L-AAT0	0.03465645766527688	0.01275893895361783	0.8207373269486279	0.03879588433790763	0.0930513920945698
BRCA_TCGA-5L-AAT1	7.56e-322	0.013681803973720113	0.9224700334414035	0.0015839954206185744	0.062264167164257665
BRCA_TCGA-5T-A9QA	0.34771668271614103	0.45177696308579685	0.0721760909590578	0.1283302632390042	0.0
BRCA_TCGA-A1-A0SB	0.7944652208644106	0.014492728941783786	0.03581754050820315	0.12002273276878862	0.03520177691681377
BRCA_TCGA-A1-A0SD	0.6092457194399583	0.2000842652507631	0.0991608713195142	0.08702227365853898	0.004486870331225452
BRCA_TCGA-A1-A0SE	0.12889463096451226	0.10923434467247731	0.41483939580827855	0.1516534994177967	0.19537812913693522
BRCA_TCGA-A1-A0SF	6.77e-322	0.02655164962673492	0.7909412326002632	0.1333230163719567	0.049184101401045136
BRCA_TCGA-A1-A0SG	0.391295776835352	0.16776683569054637	0.1294735046992093	0.10560130232878559	0.2058625804461066
BRCA_TCGA-A1-A0SH	1.196e-321	0.08240657814206724	0.8436876531835671	0.06957859111324877	0.004327177561116729
BRCA_TCGA-A1-A0SI	1.33e-321	0.02108762860121899	0.9400714206921665	0.005402263985544719	0.033438686721069734
BRCA_TCGA-A1-A0SJ	0.14085151183188216	0.23551575216834364	0.3375792363955663	0.28605349960420795	0.0
BRCA_TCGA-A1-A0SK	0.6497947414139297	0.12450731793822875	0.11205479423301447	0.0778511753281764	0.03579197108665075
BRCA_TCGA-A1-A0SM	8.905182191678423e-199	0.34560781199059604	0.04342906256218332	0.24337694466228335	0.3675861807849374
BRCA_TCGA-A1-A0SN	0.11824359810330592	0.14642780735146166	0.4687250009558619	0.1280682693633885	0.13853532422598205
BRCA_TCGA-A1-A0SO	0.4732348116203814	0.07273104114732805	0.26293072295522063	0.06501919841179347	0.12608422586527637
BRCA_TCGA-A1-A0SP	0.36625217349933004	0.2010979672865494	0.1828502227001435	0.24979963651397716	5.5e-322
BRCA_TCGA-A2-A04N	0.3023102070268183	0.22427313246774663	0.22600944198862002	0.08387216216185298	0.16353505635496218
BRCA_TCGA-A2-A04R	0.4042429283885258	0.06574171998935016	0.24009640030271603	0.12773286072546514	0.1621860905939428
BRCA_TCGA-A2-A04U	0.6346329448120622	0.10215630329016209	0.10479555959979613	0.09108883616441885	0.06732635613356053
BRCA_TCGA-A2-A04W	3.577e-321	0.06614447868193309	0.7690244043552122	0.06444346544141102	0.1003876515214437
BRCA_TCGA-A2-A0CK	0.40776589394548735	0.2294333628454041	0.19038190062586804	0.17241884258324053	3.85e-322
BRCA_TCGA-A2-A0CL	0.05298960903867693	0.0824223759714989	0.8130703522024473	0.034361211830882706	0.017156450956494346
BRCA_TCGA-A2-A0CR	1.2e-321	0.021858821062966265	0.9781411789370338	1.4545389430924782e-190	1.24e-321
BRCA_TCGA-A2-A0CS	0.4413106755694922	0.20653984753897278	0.047086372802279876	0.28237198493875837	0.022691119150496673
BRCA_TCGA-A2-A0CV	1.383e-321	0.2609575463612481	0.0967798863407492	0.437685969085046	0.20457659821295657
BRCA_TCGA-A2-A0CW	0.25595055075635775	0.14716772886665308	0.4865582872210489	0.03395584804647625	0.07636758510946406
BRCA_TCGA-A2-A0D3	0.1873373293757016	0.45722394351054646	0.051081893736862345	0.27293584861250114	0.031420984764388586
BRCA_TCGA-A2-A0EN	0.6328077537283241	0.16072529657482262	0.08605424901421052	0.051287353218342296	0.06912534746430042
BRCA_TCGA-A2-A0EP	0.4509132497125153	6.47e-322	0.5291501915749961	0.019936558712488346	0.0
BRCA_TCGA-A2-A0ES	0.45636363587698114	0.1894466351783185	0.1330053403195254	0.15116323643268836	0.07002115219248656
BRCA_TCGA-A2-A0EW	0.28896669965011745	0.3422513583048048	0.1666022864099596	0.15051689956078634	0.051662756074331656
BRCA_TCGA-A2-A0ST	0.6202147095554784	0.017959162479925694	0.23799036297314224	0.1238357649914537	1.33e-321
BRCA_TCGA-A2-A0SU	0.3183239388094993	0.116220737976591	0.21255884114757753	0.3528964820663323	7.3e-322
BRCA_TCGA-A2-A0SX	0.2957281874624533	3.093e-321	0.336263246263114	0.29061167237110086	0.0773968939033321
BRCA_TCGA-A2-A0SY	0.05668415547854717	0.06378529998866868	0.8087047028333186	0.012603620864982876	0.05822222083448253
BRCA_TCGA-A2-A0T0	0.38450505190010276	0.08389283558976436	0.3265718280796122	0.11778815349091976	0.08724213093960095
BRCA_TCGA-A2-A0T1	0.6440762331383666	0.08880894811671984	0.03406767363154425	0.1211102141552437	0.11193693095812578
BRCA_TCGA-A2-A0T3	0.0351328818902798	0.4784265169400136	0.11713245931812956	0.19380913316376916	0.17549900868780796
BRCA_TCGA-A2-A0T4	0.08481117808153422	0.23944452837743244	0.41926948050253265	0.2564748130385007	0.0
BRCA_TCGA-A2-A0T5	0.49568171797046134	0.16411409997484358	0.10922430300967867	0.2117966215530011	0.019183257492015177
BRCA_TCGA-A2-A0T6	0.4030367260806461	0.2378160225590547	0.12286004025879961	0.21665427070985852	0.019632940391640943
BRCA_TCGA-A2-A0T7	0.35312760132637955	0.310232072660521	0.15441098317102966	0.10510495257168496	0.07712439027038488
BRCA_TCGA-A2-A0YC	0.07313584180221214	0.39397033936798614	0.36761456311315627	0.16527925571664542	2.065e-321
BRCA_TCGA-A2-A0YD	0.1464578397166311	0.06038666141776472	0.5966181187402593	0.038095413266639074	0.15844196685870582
BRCA_TCGA-A2-A0YE	0.22443392743703222	0.18511059411071593	0.30955715773382675	0.20932543766459027	0.0715728830538347
BRCA_TCGA-A2-A0YF	0.15425316710606726	0.2621377004661001	0.1474357543483767	0.19995590399068766	0.2362174740887684
BRCA_TCGA-A2-A0YG	0.34826622498339055	0.2370479075717709	0.26901993581411354	0.09751429257669654	0.04815163905402847
BRCA_TCGA-A2-A0YH	0.2850594906865628	0.02743450785593547	0.5933469826976401	0.049239812508806255	0.04491920625105553
BRCA_TCGA-A2-A0YI	0.4913672643874649	0.031069137105450055	0.23984253487770088	0.13532575637383892	0.10239530725554515
BRCA_TCGA-A2-A0YJ	0.4496217297877786	0.2208897287915323	0.10737228237709791	0.1530404633950727	0.06907579564851851
BRCA_TCGA-A2-A0YK	7.8e-322	9.436024689530691e-126	0.9820538099639892	1.635e-321	0.017946190036010903
BRCA_TCGA-A2-A0YL	0.14339041763211346	0.05338453710226103	0.7730193084316643	0.030205736833961088	1.93e-322
BRCA_TCGA-A2-A0YM	0.16949898550152728	0.16679161499619247	0.4687107604616898	0.14277344069951056	0.05222519834107974
BRCA_TCGA-A2-A0YT	0.18369748329878446	0.08073296807766714	0.352352906743973	0.19736031370800816	0.18585632817156722
BRCA_TCGA-A2-A1FV	0.4814465982179037	0.11055033263177577	0.2765812064392818	0.13142186271103862	1.724e-321
BRCA_TCGA-A2-A1FW	0.4861203524844232	0.16909638840706473	0.1304440454938551	0.11015505181031923	0.10418416180433762
BRCA_TCGA-A2-A1FX	0.1714656953448858	0.2241725677167267	0.10041782712325356	0.2302422195207419	0.27370169029439206
BRCA_TCGA-A2-A1FZ	0.5253723086981523	0.19725591095063133	0.10948463788111683	0.16788714247009956	0.0
BRCA_TCGA-A2-A1G0	0.5728684664919081	0.04504020570329355	0.2742656805046158	0.0	0.10782564730018254
BRCA_TCGA-A2-A1G1	0.5335346697241311	0.1889220806255345	0.23961758229912808	0.018047160782510126	0.019878506568696292
BRCA_TCGA-A2-A1G6	0.5994627018493144	8.7e-322	0.15044482766815181	0.25009247048253375	0.0
BRCA_TCGA-A2-A259	0.38986098156386206	0.11050837807073874	0.34132269802038645	0.07401633476214527	0.08429160758286751
BRCA_TCGA-A2-A25A	0.09113214595647154	0.045636135642300145	0.8143320109631188	0.04029023050831494	0.008609476929794632
BRCA_TCGA-A2-A25B	0.256236068194141	0.13736566712012407	0.2716324904859676	0.16930724941653508	0.1654585247832322
BRCA_TCGA-A2-A25C	0.37803998902397307	0.09447100820128072	0.2723010228255413	0.03282271306022785	0.2223652668889771
BRCA_TCGA-A2-A25D	0.41254337549198183	0.16569327295764663	0.31279577457647695	0.09771013712913443	0.011257439844760127
BRCA_TCGA-A2-A25E	0.3686503503368024	0.13258732712706972	0.31414107034739613	0.08821908460900386	0.09640216757972803
BRCA_TCGA-A2-A25F	0.8212924394076369	0.046686278868528275	0.09641986349064703	0.015953194990845528	0.019648223242342177
BRCA_TCGA-A2-A3KD	0.5191012167598702	0.25179785302758967	0.14516441454611212	0.08393651566642792	0.0
BRCA_TCGA-A2-A3XT	0.4252884154739085	0.05310374411491892	0.49085201284722	0.030755827563952537	1.255e-321
BRCA_TCGA-A2-A3XU	0.3938189284582463	0.38521794860895353	0.05737656056327545	0.16358656236952474	7.76e-322
BRCA_TCGA-A2-A3XV	0.4415562302895093	0.09936832167596828	0.05066105660660084	0.2867238975289456	0.12169049389897589
BRCA_TCGA-A2-A3XW	2.535e-321	0.390654080587159	0.2298295559978357	0.14119778895725268	0.23831857445775267
BRCA_TCGA-A2-A3XX	0.44489999723856466	0.07439685157937677	0.1665411351527707	0.20765714905797442	0.10650486697131348
BRCA_TCGA-A2-A3XZ	0.18094110175699935	0.14226176937076662	0.5394248843370949	0.06532349756038425	0.07204874697475497
BRCA_TCGA-A2-A3Y0	0.30411119632100814	0.09886399561950117	0.45782424679693356	0.1242491676711162	0.014951393591440964
BRCA_TCGA-A2-A4S1	0.2263434077202688	0.27049331290323275	0.18481813284789145	0.19554772370985415	0.1227974228187529
BRCA_TCGA-A2-A4S2	0.3915367118719386	0.13686327023328976	0.3141217732002587	0.15747824469451294	0.0
BRCA_TCGA-A2-A4S3	0.3969411795465414	0.12335629522171658	0.28059498269943506	0.12286203079746366	0.07624551173484313
BRCA_TCGA-A7-A0CE	0.37313356769834416	0.07332515660696362	0.33493083343258745	0.16454582737535106	0.054064614886753806
BRCA_TCGA-A7-A0CH	0.07794510700787466	0.5510680417862555	0.22969132122062494	0.01837776114442583	0.12291776884081933
BRCA_TCGA-A7-A0D9	0.4076836813351017	5.73e-322	0.45542530512340984	0.13689101354148842	2.47e-322
BRCA_TCGA-A7-A0DA	0.36699421016947853	0.14585010447616642	0.33121438523318225	0.08171806469981993	0.0742232354213529
BRCA_TCGA-A7-A0DB	0.2789629683994875	0.12235895487892344	0.4817835915004032	0.09674195323417975	0.02015253198700606
BRCA_TCGA-A7-A13D	0.3751782994488475	0.17300333654753014	0.3486521250330159	0.10095692853036482	0.0022093104402416456
BRCA_TCGA-A7-A13E	0.5467186082970458	0.19426625756882912	0.0676682138014402	0.19134692033268483	6.97e-322
BRCA_TCGA-A7-A13F	0.2068596872647832	0.29227103555144984	0.1379158112601305	0.17961366037204796	0.1833398055515883
BRCA_TCGA-A7-A13G	0.09559134816682406	0.16105041627137745	0.48299334882751643	0.2603648867342821	6.5e-322
BRCA_TCGA-A7-A26E	0.2629841190445532	0.16630298579908354	0.38534112528660236	0.06638898517936363	0.11898278469039729
BRCA_TCGA-A7-A26F	0.6015977988054235	0.14907515188364678	0.13016462003147994	2.174e-321	0.11916242927944984
BRCA_TCGA-A7-A26G	0.1594723039921228	0.10773007356892299	0.5252961002746537	0.12591229929988063	0.08158922286441987
BRCA_TCGA-A7-A26H	0.13462333644309202	0.148039193232798	0.6646962543495303	0.041501706895332495	0.011139509079247208
BRCA_TCGA-A7-A26I	0.3225045262625657	0.1600818481538095	0.3698886080892375	0.05958780335896662	0.08793721413542055
BRCA_TCGA-A7-A26J	0.5781021556618751	0.07005171851699539	0.22892427415221356	0.0565080287522297	0.06641382291668627
BRCA_TCGA-A7-A2KD	0.097399749180481	0.35439522908745813	0.2895316818400577	0.19455331582671903	0.06412002406528437
BRCA_TCGA-A7-A3RF	0.7393488206731695	0.016286045173408235	0.13475502301670658	0.10961011113671577	0.0
BRCA_TCGA-A7-A425	0.6625014739179529	0.14375180920804348	0.032104436886850024	0.1616422799871537	0.0
BRCA_TCGA-A7-A4SC	2.300811197233613e-137	0.3639896888811116	0.1699430806265771	0.24815954320950945	0.21790768728280202
BRCA_TCGA-A7-A4SD	0.4576713107475163	0.32019080079501944	0.03632937655345421	0.154783864422348	0.031024647481661963
BRCA_TCGA-A7-A4SE	0.31538440860487	0.04060988123553805	0.6028843277707367	0.04112138238885523	4.39e-321
BRCA_TCGA-A7-A56D	0.08663700752881152	0.08646223856942983	0.6575195145766304	0.08546252208459582	0.08391871724053242
BRCA_TCGA-A7-A5ZV	0.3293655275037992	0.20970807059930638	0.3193601302378012	0.109309086211903	0.03225718544719038
BRCA_TCGA-A7-A5ZW	0.42441499244658387	0.010552227202364872	0.3844990001175764	0.08744811480367741	0.0930856654297974
BRCA_TCGA-A7-A5ZX	0.2544306451723393	0.1395752940300189	0.2771793793630478	0.11187529511930865	0.21693938631528523
BRCA_TCGA-A7-A6VV	0.40774186607872176	0.2581194923774236	0.2340652765112521	0.10007336503260236	3.2e-322
BRCA_TCGA-A7-A6VW	0.5551791876327201	0.13736135338075225	0.2482053288610862	0.040402763671652325	0.01885136645378918
BRCA_TCGA-A7-A6VX	0.3362817550548925	0.06394998836787513	0.5350103924246301	0.05834188401104887	0.006415980141553458
BRCA_TCGA-A7-A6VY	0.30381972816767583	0.11958642079001233	0.38995142168311725	0.09559051250802042	0.09105191685117424
BRCA_TCGA-A8-A075	0.27772286533365537	0.08918320003119272	0.5391092277788847	0.0690865113674615	0.024898195488805622
BRCA_TCGA-AC-A23C	0.12542666699585986	0.0546517906219858	0.6429525884068972	0.1001570687708439	0.07681188520441314
BRCA_TCGA-AC-A23E	0.24096936412508116	0.44817533632046724	5.166051386688219e-20	0.15588334467021897	0.15497195488423254
BRCA_TCGA-AC-A23H	4.3e-322	2.37e-321	0.9988464905781752	4.84e-321	0.0011535094218247902
BRCA_TCGA-AC-A2B8	0.041164750384698905	0.06692920944410029	0.8608511214780822	0.013385007830038001	0.017669910863080614
BRCA_TCGA-AC-A2BK	0.23271119863178372	0.29383815049116413	0.11409554203453284	0.3082016795733389	0.05115342926918033
BRCA_TCGA-AC-A2BM	0.4212785293701822	0.20893592104198971	0.13755301015864993	0.2051916383360562	0.027040901093122183
BRCA_TCGA-AC-A2FB	0.2206213307220761	0.18476101684454993	0.4630707559904694	0.13154689644290468	0.0
BRCA_TCGA-AC-A2FF	0.37103227803436184	3.1e-322	0.6246270545766904	0.004340667388947774	2.6e-322
BRCA_TCGA-AC-A2FG	0.5136228107381648	0.06831742243708784	0.3261787337222877	0.048558396047302554	0.0433226370551572
BRCA_TCGA-AC-A2FK	0.11387049207943033	2.67e-321	0.8034688065162352	0.02625266206341465	0.05640803934091981
BRCA_TCGA-AC-A2FO	0.26759936918198873	8.877651133715679e-42	0.5987763788416087	1.645e-321	0.13362425197640257
BRCA_TCGA-AC-A2QH	0.5032288562187295	0.07954633334672859	0.15919414958104675	0.25803066085349524	7.46e-322
BRCA_TCGA-AC-A3HN	0.32591738189943054	0.12575105279497428	0.21952824089528183	0.30065112899799956	0.028152195412313882
BRCA_TCGA-AC-A3OD	0.19432748112397183	0.09308101376968335	0.2998125628587973	0.19339096118527865	0.21938798106226892
BRCA_TCGA-AC-A3QP	0.44532254308582864	0.15493247390642692	0.11330992448705343	0.09242640835717612	0.194008650163515
BRCA_TCGA-AC-A3QQ	0.2721352910622731	0.33143659248598367	0.12356433927327248	0.2727055604339461	0.00015821674452453453
BRCA_TCGA-AC-A3W5	0.21055216926970843	0.08265660012908084	0.5861288013270756	0.10125765420384651	0.019404775070288725
BRCA_TCGA-AC-A3YI	0.0910213662545211	0.22259308430460845	0.12739996694603709	0.29887050266185633	0.26011507983297716
BRCA_TCGA-AC-A3YJ	0.26845684901850986	0.2667680297518907	0.2482754452036016	0.191557908628233	0.024941767397764873
BRCA_TCGA-AC-A4ZE	0.4133884821074707	0.13548972610247179	0.2532776722565962	0.17217666187304553	0.025667457660415924
BRCA_TCGA-AC-A5EH	0.29231933838360213	0.17209863543359888	0.3585380644931059	0.08087022382094414	0.09617373786874907
BRCA_TCGA-AC-A5EI	0.35549535332065685	0.13606197485601854	0.37812088076497674	0.08069691109264521	0.04962487996570264
BRCA_TCGA-AC-A5XS	8.4e-322	0.017811428868082513	0.9186806570256927	9.467054235550321e-136	0.06350791410622487
BRCA_TCGA-AC-A5XU	0.27833598891824063	0.21602756320133248	0.2598561394573279	0.22799240414174385	0.01778790428135505
BRCA_TCGA-AC-A62V	0.19188296596222246	0.23121263864120517	0.14794391830710119	0.34749708661254797	0.08146339047692316
BRCA_TCGA-AC-A62X	0.3075050016291321	0.33639994307907817	0.042452424033802914	0.2530574019513193	0.06058522930666741
BRCA_TCGA-AC-A62Y	0.33110743389273606	0.10729633964354829	0.47420033419359064	0.08739589227012493	5.34e-322
BRCA_TCGA-AC-A6IV	0.3831537265963232	0.2407125066366781	0.06069309462494283	0.08935077803689881	0.22608989410515706
BRCA_TCGA-AC-A6IW	0.11999782070489551	0.12892887565172462	0.641568323358107	0.1095049802852729	1.166e-321
BRCA_TCGA-AC-A6IX	0.17508597137664667	0.09987848403514991	0.6202619277527519	0.10477361683545162	4.64e-322
BRCA_TCGA-AC-A6NO	0.6279596283091822	0.12306405304187976	0.1257213924132393	0.10265835223836228	0.02059657399733652
BRCA_TCGA-AC-A7VB	0.5284081666461519	0.20948183030249293	1.8255346863967158e-93	0.26211000305135523	7.66e-322
BRCA_TCGA-AC-A7VC	0.49354092984720555	0.20536498493415145	0.02299146315347062	0.14627208177598588	0.1318305402891865
BRCA_TCGA-AC-A8OP	0.3245824096572707	0.17079810879696938	0.21213239761398156	0.15215428861436522	0.1403327953174131
BRCA_TCGA-AC-A8OQ	0.4765245162154106	0.08394393276559178	0.2433379372928204	0.11938055975313788	0.07681305397303943
BRCA_TCGA-AC-A8OR	0.23252788877861566	0.3175440290195585	0.096351872244387	0.353576209957439	0.0
BRCA_TCGA-AC-A8OS	0.3996451550880812	0.16811462101016938	0.40327152402008326	0.028968699881666147	6.2e-322
BRCA_TCGA-AN-A0XL	0.36029416153459826	0.3104204605313463	0.08134438100521263	0.0678549198556863	0.18008607707315652
BRCA_TCGA-AN-A0XN	0.45304218600804724	0.06637130542446365	0.266727707387686	0.12404359194670224	0.08981520923310098
BRCA_TCGA-AN-A0XO	0.28737992423052955	0.026716379908630888	0.4226260829941988	0.09252514553960461	0.17075246732703625
BRCA_TCGA-AN-A0XP	0.2033877574694445	0.17909863714663557	0.40065500027753287	0.15645595547148183	0.06040264963490526
BRCA_TCGA-AN-A0XR	0.36137037754267376	0.23730215348954037	0.33005976664971204	0.07126770231807371	0.0
BRCA_TCGA-AN-A0XS	0.18958240914976213	0.21533120259357708	0.3768577262862368	0.08863942065752357	0.12958924131290034
BRCA_TCGA-AN-A0XT	0.6018494272005598	0.20081386915103294	0.05458724576623834	0.14274945788216895	8.1e-322
BRCA_TCGA-AN-A0XU	0.4165840719632631	0.10895883120418913	0.2977674394270819	0.028058414353702214	0.14863124305176376
BRCA_TCGA-AN-A0XV	0.17697319599150205	0.17176428341620045	0.2335871993520382	0.3021631250701361	0.11551219617012319
BRCA_TCGA-AN-A0XW	4.05e-322	1.927e-321	1.0	8.548443980948311e-179	1.73e-322
BRCA_TCGA-AO-A03M	4.2e-322	1.324e-321	0.9999999999999999	5.93e-322	1.5878624444057826e-243
BRCA_TCGA-AO-A03N	0.06891357581016658	0.06026267004967327	0.7353861390251523	0.06987416780596285	0.06556344730904512
BRCA_TCGA-AO-A03U	0.11984726840383333	7.9e-322	0.8427740432413448	0.0032962959047642707	0.03408239245005763
BRCA_TCGA-AO-A03V	0.3248381773695132	0.1162175019645769	0.42708775242849695	0.03366354461495178	0.09819302362246103
BRCA_TCGA-AO-A0JG	0.34757310007120434	9.24e-322	0.30898052498600825	0.02998218523984649	0.31346418970294093
BRCA_TCGA-AO-A124	0.44618742722674254	0.12179759921251442	0.2075670577832259	0.09949944145186818	0.12494847432564898
BRCA_TCGA-AO-A125	0.24030221418509956	0.3091005326881662	0.1698463708482717	0.14444008231208844	0.1363107999663739
BRCA_TCGA-AO-A126	0.6320726392963796	0.1017686196899446	0.19847954466954854	3.5e-322	0.0676791963441273
BRCA_TCGA-AO-A128	0.48567809367705084	0.22007705045951267	0.010947217044312448	0.28019165282105557	0.003105985998068468
BRCA_TCGA-AO-A129	0.4196317376761776	0.044583703380091766	0.4529642609109811	0.07967184908866497	0.0031484489440845647
BRCA_TCGA-AO-A12A	2.27e-321	0.3652108646867901	0.36162698541811955	0.27316214989509036	0.0
BRCA_TCGA-AO-A12B	0.4579619066882312	0.33060804108992475	0.04024711137376804	0.17118294084807578	0.0
BRCA_TCGA-AO-A12D	0.16197160485841247	0.1285567948870616	0.5815497618972637	0.011911324255747643	0.11601051410151468
BRCA_TCGA-AO-A12E	0.3511569584116725	0.24276978029243956	0.14791090469053825	0.22570296373170365	0.03245939287364609
BRCA_TCGA-AO-A12F	0.0641543110255275	0.32990551453156053	9.04e-322	0.4480159683266387	0.15792420611627328
BRCA_TCGA-AO-A12G	0.5770331593949066	0.10320025350463305	0.237768687027785	0.08199790007267536	2.1e-322
BRCA_TCGA-AO-A12H	0.6741694326828688	0.16455600602829212	0.05555540061219511	0.06784427450704114	0.037874886169602946
BRCA_TCGA-AO-A1KO	0.489616377723761	0.01606830406725161	0.06377678604252393	0.058236930719631805	0.3723016014468317
BRCA_TCGA-AO-A1KR	0.31143513338162626	0.23633971081225483	0.351558282505394	0.05065182432868138	0.050015048972043445
BRCA_TCGA-AO-A1KT	0.3438847648435567	0.2681109356977833	0.1551367959041273	0.16295811556471798	0.06990938798981484
BRCA_TCGA-AQ-A04H	0.48536349222359254	0.19573484250136453	0.06979177342565379	0.19699294674381235	0.052116945105576906
BRCA_TCGA-AQ-A0Y5	0.2713816185831631	0.17016235874799207	0.3627072071676789	0.1409157828649487	0.054833032636217124
BRCA_TCGA-AQ-A1H2	0.518155252098533	0.147814772635028	0.09103909532264576	0.16120904099644498	0.08178183894734836
BRCA_TCGA-AQ-A1H3	0.45372871883147914	0.37029488684536155	0.0	0.17597639432315912	0.0
BRCA_TCGA-AQ-A54O	0.17869572230371947	0.3411234243130627	0.29695918809186134	0.18322166529135653	1.44e-321
BRCA_TCGA-AQ-A7U7	0.13864099069773014	0.007836090769673884	0.74196925510119	0.06534052867542796	0.046213134755978026
BRCA_TCGA-AR-A0TP	0.5857776054170055	0.06013812034281439	0.32791693591434495	0.026167338325835104	2.475e-321
BRCA_TCGA-AR-A0TQ	0.15005219429694522	0.2162181158241559	0.48650890296945226	0.09654619808514037	0.05067458882430615
BRCA_TCGA-AR-A0TR	0.09954550411466404	0.4825427789107781	0.1611094720302205	0.1584997180023057	0.09830252694203154
BRCA_TCGA-AR-A0TS	0.19120406839897933	0.2835202329277914	0.35968287913085417	0.1655928195423751	6.2e-322
BRCA_TCGA-AR-A0TT	0.23509539256153802	0.17045904717640784	0.3631237771328899	0.1856771848737041	0.04564459825546006
BRCA_TCGA-AR-A0TU	0.5182169123938845	1.865474120842554e-248	0.2688865660293086	0.14332209257500125	0.06957442900180562
BRCA_TCGA-AR-A0TV	0.5021753261576771	0.22513695593443453	0.1803796204000359	0.09201886040218263	0.00028923710566982155
BRCA_TCGA-AR-A0TW	0.4740593664085162	0.16719174948022153	0.09220461433681097	0.12956865780475216	0.1369756119696992
BRCA_TCGA-AR-A0TX	7.86e-322	0.015586835179926223	0.9543711433722244	4.496e-321	0.030042021447849298
BRCA_TCGA-AR-A0TZ	0.1847336392246043	0.07276795678126018	0.44421167168676057	0.0945806556691687	0.2037060766382062
BRCA_TCGA-AR-A0U0	0.17374209949876554	0.18550698003906288	0.3735952238601119	0.11334415983150853	0.15381153677055132
BRCA_TCGA-AR-A0U1	0.3151674383093377	0.12525535896356382	0.39995363121779737	0.09003389884694887	0.06958967266235218
BRCA_TCGA-AR-A0U2	0.39350739877037877	0.17166640628434887	0.03052992947671469	0.3772196193495754	0.027076646118982115
BRCA_TCGA-AR-A0U3	0.27225162565552147	0.1455800687502967	0.05839133209199453	0.31617980884093444	0.20759716466125266
BRCA_TCGA-AR-A0U4	0.11959646351903357	0.11030117020039587	0.6190698153229817	0.06418715737610359	0.08684539358148548
BRCA_TCGA-AR-A1AH	0.45233079271888765	0.023190232764451812	0.18355606098025407	0.18603447154496366	0.15488844199144283
BRCA_TCGA-AR-A1AI	0.3120602181977716	0.10839637364183753	0.3363953815001949	0.12499393872342734	0.11815408793676865
BRCA_TCGA-AR-A1AJ	0.2994916347476828	0.07993052468695364	0.5338338338963936	0.07703341703593237	0.009710589633037617
BRCA_TCGA-AR-A1AK	0.1983032871838507	0.09017023440419543	0.5647668992197392	0.07421676132954791	0.07254281786266653
BRCA_TCGA-AR-A1AL	0.18921765543098035	0.20756685448576612	0.4359980492556764	0.16052880470789713	0.006688636119679951
BRCA_TCGA-AR-A1AN	0.6019453834714054	0.07298601968257581	0.13853021498133347	0.17970036552492194	0.00683801633976347
BRCA_TCGA-AR-A1AO	0.28874665260293714	0.08928056202623194	0.4480737277481176	0.08509955926156255	0.0887994983611509
BRCA_TCGA-AR-A1AP	0.31868114158000904	0.17898983914587896	0.24989518083842147	0.16311617423996733	0.08931766419572329
BRCA_TCGA-AR-A1AQ	0.14312514276980232	0.40787352218463513	0.22124117596892728	0.22776015907663524	9.63e-322
BRCA_TCGA-AR-A1AR	0.34931025243248914	0.13792552769190808	0.29005659355515984	0.21866476479980504	0.004042861520637695
BRCA_TCGA-AR-A1AS	0.10707899162776537	0.012249046868686815	0.5459574174363405	0.20712719497918133	0.12758734908802608
BRCA_TCGA-AR-A1AT	5.944e-321	0.5286995425169815	0.21191891230818968	0.22941456694871293	0.029966978226115847
BRCA_TCGA-AR-A1AU	0.6024650360444722	0.08014593387856321	0.12902317647139086	0.18836585360557376	0.0
BRCA_TCGA-AR-A1AV	0.4035934579705194	0.10203148918608386	0.15401071051126056	0.24318748282981054	0.09717685950232569
BRCA_TCGA-AR-A1AW	0.1739815404945803	0.36696639934701625	0.19327309476905402	0.25111130282860583	0.014667662560743764
BRCA_TCGA-AR-A1AX	0.38025416884023644	0.11219071106680213	0.19384441170112682	0.12044679353458627	0.19326391485724834
BRCA_TCGA-AR-A1AY	0.3740331351449132	0.19296369758435394	0.3025635386201572	0.09543617039452192	0.035003458256053666
BRCA_TCGA-AR-A24H	0.36575496621241094	0.09787723481748219	0.3995208443113418	0.06430819882243625	0.07253875583632881
BRCA_TCGA-AR-A24K	0.6603541275205966	0.12932975917499032	0.03643446423368427	0.09256474850965608	0.08131690056107269
BRCA_TCGA-AR-A24L	0.3974513629709605	0.071601423620293	0.38790856698939036	0.14303864641935618	8.9e-322
BRCA_TCGA-AR-A24M	0.5361644702920179	0.1259119059343863	0.11143803179401952	0.22648559197957624	5.24e-322
BRCA_TCGA-AR-A24N	0.3802500188144341	0.25157463304454625	0.21057825195781477	0.15759709618320503	2.37e-322
BRCA_TCGA-AR-A24O	0.5915356102844356	0.34271866871960815	0.050271503770051226	0.015474217225905008	3.1777900116298624e-85
BRCA_TCGA-AR-A24P	0.5204328924971251	0.036579122370399744	0.04123314181433516	0.18092836342451463	0.22082647989362542
BRCA_TCGA-AR-A24Q	0.28799842409327664	0.05431704909383136	0.49058328552588726	0.09392852960690776	0.07317271168009709
BRCA_TCGA-AR-A24R	0.3225630567863493	0.3423785079473781	0.07390731469329492	0.2611511205729776	2.564e-321
BRCA_TCGA-AR-A24S	0.36034003506172796	0.18279919599534253	0.2951576203542572	0.1356729062502773	0.026030242338395057
BRCA_TCGA-AR-A24T	0.3729658825743408	0.3024633660928451	0.14749686270689	0.1225656755570664	0.054508213068857586
BRCA_TCGA-AR-A24U	0.21122889715444337	0.05478213362432824	0.5551000274949621	0.13896849033652459	0.0399204513897417
BRCA_TCGA-AR-A24V	0.05000363006825328	0.31823696534821744	0.25443558940350236	0.22356770887922772	0.15375610630079908
BRCA_TCGA-AR-A24W	0.28219714766224413	0.05984251911062708	0.27294400278933745	0.2195435515459214	0.16547277889186993
BRCA_TCGA-AR-A24X	0.5144532645216725	0.1094607945482587	0.03487101371947403	0.165316185079778	0.17589874213081674
BRCA_TCGA-AR-A24Z	0.33314348687639384	0.25711068097686085	0.25120985991953065	0.14623232903740696	0.012303643189807877
BRCA_TCGA-AR-A250	0.15444795451683072	0.1471026531183536	0.5037207195779274	0.10405105544569584	0.09067761734119249
BRCA_TCGA-AR-A251	0.31843543507260225	0.12086260524698939	0.4826415887417384	0.07591603306507938	0.0021443378735904587
BRCA_TCGA-AR-A252	0.10742632081568626	0.6078941261628836	0.022183122813195885	0.2624964302082344	0.0
BRCA_TCGA-AR-A254	0.40700684841224577	0.17282417829959268	0.1892970758221222	0.10963950141424082	0.12123239605179863
BRCA_TCGA-AR-A255	0.0788340948547271	0.1616446735384789	0.5332646896119385	0.04776304313325509	0.1784934988616004
BRCA_TCGA-AR-A256	0.3398880827732604	0.0818456101454956	0.4165780003329541	0.08760653855056698	0.07408176819772296
BRCA_TCGA-AR-A2LE	1.087e-321	0.013830046303434021	0.8965866955188717	0.007663550075730804	0.08191970810196361
BRCA_TCGA-AR-A2LH	0.053697947820410374	0.03214268193160366	0.7551028704554101	0.06726583965194272	0.09179066014063296
BRCA_TCGA-AR-A2LK	0.3667503066271526	0.26510614359464413	0.16829457483439206	0.199187138560921	0.0006618363828901982
BRCA_TCGA-AR-A2LL	0.671116602877552	0.224028614052879	9.893100980667334e-275	0.03038590382486309	0.07446887924470595
BRCA_TCGA-AR-A2LM	0.5560466463296946	0.04986791656049962	0.13329468563499858	9.195e-321	0.2607907514748072
BRCA_TCGA-AR-A2LN	0.11329775567897872	0.12954860721878547	0.5919690844154665	0.06452940320604905	0.10065514948072023
BRCA_TCGA-AR-A2LO	0.37116253295795487	0.1686853241215363	0.29985580509950394	0.11574051463467237	0.0445558231863326
BRCA_TCGA-AR-A2LQ	0.3408575723855069	0.4806542822312304	8.45e-322	0.1784881453832626	0.0
BRCA_TCGA-AR-A2LR	0.4347923476774316	0.11599426941569468	0.12852736444604454	0.21269968528151653	0.10798633317931274
BRCA_TCGA-AR-A5QM	0.5742621653689554	0.17730880492268247	0.03383477423226738	0.1690392551884529	0.04555500028764193
BRCA_TCGA-AR-A5QN	0.19212717903129123	0.3093224909696566	0.18753190800592917	0.23846290708111037	0.07255551491201274
BRCA_TCGA-AR-A5QP	0.48280505413513575	0.1500807477283032	0.17261183484030843	0.11140148359607113	0.08310087970018148
BRCA_TCGA-AR-A5QQ	0.3018753010336237	0.25905139312252556	0.33830136768825136	0.09723226274271445	0.003539675412884864
BRCA_TCGA-B6-A0I1	0.6672745994220064	0.10900969740791173	0.14472494518567489	0.03918766614415549	0.03980309184025149
BRCA_TCGA-B6-A0IH	0.26475040041167464	0.15051009933509824	0.11229423184725974	0.36439037815355424	0.10805489025241304
BRCA_TCGA-B6-A0RH	0.49933576789246614	0.05329098245051499	0.44737324965701875	3.923e-321	1.7698183475855532e-237
BRCA_TCGA-B6-A0RL	0.1742026717277289	0.2772956311335903	0.368420724017159	0.1403641438466078	0.039716829274914066
BRCA_TCGA-B6-A0RM	0.3939240636386139	0.19640864118842202	0.24094865871889784	0.15148396691243415	0.01723466954163205
BRCA_TCGA-B6-A0RN	0.4781723876747236	0.2309234892519128	0.07388370336995823	0.18533126465004965	0.03168915505335561
BRCA_TCGA-B6-A0RO	0.20795186939177646	0.19773412363396342	0.26570212655376346	0.09204969759135882	0.23656218282913788
BRCA_TCGA-B6-A0RP	0.05623299595130998	0.4498059527789062	0.15976348758731698	0.3341975636824667	7.66e-322
BRCA_TCGA-B6-A0RQ	0.2576729709806541	0.08452686237954746	0.4924363194320621	0.09748653749797101	0.06787730970976542
BRCA_TCGA-B6-A0RT	0.0422288868995717	0.2293320857693456	0.5510237473130692	0.09721284325066641	0.08020243676734706
BRCA_TCGA-B6-A0RU	0.1705012085799465	0.18096666367462366	0.25151605566923096	0.18475121856646418	0.21226485350973473
BRCA_TCGA-B6-A0RV	0.13037768975916006	0.02675254710639671	0.8112287956456173	0.01019869070199582	0.02144227678682993
BRCA_TCGA-B6-A0WS	0.012890488164162309	0.2140602331009714	0.4243020937312545	0.20397757271268	0.1447696122909319
BRCA_TCGA-B6-A0WT	0.12497275721438296	0.348562207894352	0.05676477664939929	0.17228381520581057	0.29741644303605513
BRCA_TCGA-B6-A0WV	0.5961915155301424	0.07478768674975235	0.24727884048237395	0.08174195723773132	4.3e-322
BRCA_TCGA-B6-A0WW	0.016209304485781513	0.3232442094853561	0.42616504724907234	0.09778584023631316	0.13659559854347697
BRCA_TCGA-B6-A0WX	0.5046134898732436	0.21257483475262906	0.028494261716713515	0.11569823978853037	0.13861917386888353
BRCA_TCGA-B6-A0WY	0.30395248324280494	0.015589014272252654	0.3326479674632612	0.24640524309887882	0.10140529192280233
BRCA_TCGA-B6-A0WZ	1.71e-321	0.021759331324320324	0.9116372138391171	0.03169319020029302	0.03491026463626946
BRCA_TCGA-B6-A0X0	0.17684231344318285	0.39006421101302635	0.20936270420988737	0.0005889597244168708	0.22314181160948665
BRCA_TCGA-B6-A0X1	0.22018743520129547	0.1342867602503255	0.46174046522730205	0.05506036697925911	0.12872497234181787
BRCA_TCGA-B6-A0X4	0.09829138321080631	0.3514206052212769	0.04509411271220548	0.0	0.5051938988557112
BRCA_TCGA-B6-A0X5	0.17124033363537045	0.014068521682478614	0.2216379751683015	0.09396057426176228	0.49909259525208716
BRCA_TCGA-B6-A0X7	0.4010621415736224	0.19134263616090838	0.28444888948553926	0.07629861522485662	0.0468477175550733
BRCA_TCGA-B6-A1KN	0.41401964832777083	0.14476706906390968	0.18178180235417554	0.16144295950341656	0.09798852075072743
BRCA_TCGA-B6-A2IU	0.05059842312974049	0.1900953096615655	0.41533235075673214	0.16310989851949867	0.18086401793246318
BRCA_TCGA-B6-A401	0.4236656216615914	0.12582891321824277	0.08817825636183152	0.2912953642598668	0.0710318444984676
BRCA_TCGA-B6-A409	0.4361372489319345	0.19301775692100573	0.20267902782274852	0.1376105312534578	0.030555435070853454
BRCA_TCGA-B6-A40B	0.0617432643549779	0.2406010930196132	0.544744865970342	0.152910776655067	3.18e-321
BRCA_TCGA-B6-A40C	0.6040254646128668	0.19764391978733273	0.11056121545969136	0.0849086188495561	0.002860781290552906
BRCA_TCGA-BH-A0AU	0.5584116467135611	0.0957387381476981	0.1771361947296686	0.16871342040907217	0.0
BRCA_TCGA-BH-A0AV	0.31139384243862106	0.06728657937367793	0.450760154270368	0.09986415986018225	0.0706952640571508
BRCA_TCGA-BH-A0AY	0.3893171977794331	0.1307884294091084	0.2294578183715252	0.07375771727841106	0.17667883716152227
BRCA_TCGA-BH-A0AZ	0.23536404674471875	0.10660935607639836	0.6255796258829651	0.009521781147617994	0.02292519014829979
BRCA_TCGA-BH-A0B0	9.1e-322	0.005508577272885607	0.8083827893675477	0.06395644390209851	0.12215218945746822
BRCA_TCGA-BH-A0B3	0.10050510376090967	0.28144683933165726	0.2624374693980477	0.21958160380414515	0.13602898370524033
BRCA_TCGA-BH-A0B6	3.85e-322	0.021872360000637844	0.9478042404706452	0.0016748584011766674	0.028648541127540325
BRCA_TCGA-BH-A0B7	0.12284484306301281	0.24121195840840576	0.32979227061257776	0.16708034312155287	0.1390705847944508
BRCA_TCGA-BH-A0B8	0.4513090784792221	0.007134939606521354	0.35967819145626845	0.0927927892426518	0.08908500121533623
BRCA_TCGA-BH-A0BA	0.32344025856816283	0.09697625243679342	0.42863344662181724	0.14914111628438778	0.0018089260888386435
BRCA_TCGA-BH-A0BC	0.3223512481758956	0.1130311532270319	0.3598496031086156	0.1510907956810912	0.053677199807365676
BRCA_TCGA-BH-A0BF	0.3502887004282951	0.17777917699902904	0.2964256271544327	0.13784710295681096	0.037659392461432184
BRCA_TCGA-BH-A0BG	0.1664252484648031	0.18866469696596105	0.4462297477648246	0.1986803068044113	0.0
BRCA_TCGA-BH-A0BJ	0.5371280808818129	0.023884495457800872	0.12165763271954949	0.16903639064589954	0.14829340029493715
BRCA_TCGA-BH-A0BL	0.4575208673006417	0.1774654228625235	0.09545517390747407	0.11724976925628709	0.15230876667307358
BRCA_TCGA-BH-A0BM	0.0866978124067161	0.20558108632771868	0.4499441075121221	0.14052188265809384	0.11725511109534911
BRCA_TCGA-BH-A0BO	0.41918398420552627	0.21196793439528946	0.2095133571643753	0.10229233687604437	0.05704238735876456
BRCA_TCGA-BH-A0BP	0.22940222017222162	0.15957980329144775	0.42008998508903017	0.08609485321596477	0.10483313823133564
BRCA_TCGA-BH-A0BQ	0.27654827573967516	0.290591030097333	0.15818707034836843	0.15233802873148694	0.12233559508313639
BRCA_TCGA-BH-A0BS	0.36269969308058836	0.3285454607095558	0.18368272512850514	0.12507212108135074	0.0
BRCA_TCGA-BH-A0BT	0.06711059912172498	0.2577559852520833	0.27357216281881463	0.2823352468764595	0.11922600593091758
BRCA_TCGA-BH-A0BV	0.43011095119842846	0.13112196329200865	0.36440910430707446	0.07369541369699623	0.0006625675054921501
BRCA_TCGA-BH-A0BW	0.4532975258949993	0.10743025712218908	0.3289539846882416	0.09787980477711564	0.012438427517454232
BRCA_TCGA-BH-A0BZ	0.33850959699164085	0.06821932929510366	0.3747171808044075	0.13344775911843143	0.08510613379041668
BRCA_TCGA-BH-A0C0	0.2806118954845529	0.17122319468425606	0.3046058851044138	0.16834178120826074	0.07521724351851661
BRCA_TCGA-BH-A0C1	0.3305311252130342	0.15405262517306512	0.24549637927675533	0.2699198703371454	1.24e-321
BRCA_TCGA-BH-A0C3	0.944484675229712	0.018727591605612232	1.29e-321	6.033e-321	0.03678773316467579
BRCA_TCGA-BH-A0C7	0.5897104645141393	0.14286129737638947	0.10323191008933748	0.1368036198948595	0.027392708125274015
BRCA_TCGA-BH-A0DD	0.3451570348855355	0.12524416940602334	0.22601161139005088	0.2516396432509358	0.0519475410674544
BRCA_TCGA-BH-A0DE	0.5932716006618467	0.10446706185897979	0.2158843579625188	0.006793415978044236	0.07958356353861036
BRCA_TCGA-BH-A0DG	0.2024600592602091	0.07385742544883292	0.45384555840880325	0.016652401540861787	0.2531845553412928
BRCA_TCGA-BH-A0DH	0.3221068881692352	0.17592417351267778	0.33474367216002365	0.1277216217495797	0.03950364440848367
BRCA_TCGA-BH-A0DI	0.25216163530541535	0.07704908137371101	0.521189950861821	0.1495993324590525	3e-322
BRCA_TCGA-BH-A0DK	0.44532015182026263	0.17499290352366006	0.24251274464895514	0.044183878486059605	0.09299032152106254
BRCA_TCGA-BH-A0DL	0.17485052701210968	0.19239021841294496	0.3943917745474841	0.2107122771877248	0.02765520283973641
BRCA_TCGA-BH-A0DO	0.2552221697479547	0.028916761515459632	0.3480838835396838	0.22068758978260652	0.1470895954142955
BRCA_TCGA-BH-A0DP	5.815e-321	0.37655747409573276	0.5445300157279453	0.011171428656466175	0.06774108151985579
BRCA_TCGA-BH-A0DQ	0.23722403743918283	0.4684223511881186	0.12675838207969511	0.1675952292930035	1.265e-321
BRCA_TCGA-BH-A0DT	0.46580670206908226	0.1439232181790021	0.27758002207743504	0.11269005767448047	0.0
BRCA_TCGA-BH-A0DV	0.3097062111577943	0.031668617926903904	0.6318391746673789	0.026785996247922883	7.7e-322
BRCA_TCGA-BH-A0DX	0.22012182296081562	0.03603238615328065	0.6681675498325851	0.04626805837344393	0.029410182679874594
BRCA_TCGA-BH-A0DZ	8.1e-322	0.006458874585472828	0.9489781684959666	8.80830371518895e-104	0.044562956918560645
BRCA_TCGA-BH-A0E0	0.4535150182253128	0.27314997706948224	0.08368278208793092	0.13211639472722983	0.057535827890044175
BRCA_TCGA-BH-A0E1	0.580374189756953	0.012396387643750707	0.25105995805119463	0.052758136573455475	0.10341132797464617
BRCA_TCGA-BH-A0E9	0.2371352360184109	0.37067559825336305	0.10334878247756944	0.28884038325065653	8.9e-322
BRCA_TCGA-BH-A0EA	0.35039352460564666	0.10542394003325353	0.24375039065843776	0.19723614442434081	0.10319600027832121
BRCA_TCGA-BH-A0EI	0.3434241308481041	0.3463357565035917	0.09485015216520813	0.18708141423878455	0.028308546244311453
BRCA_TCGA-BH-A0H3	0.7333864493580158	0.02919848373738562	0.1618747783088227	0.07554028859577586	0.0
BRCA_TCGA-BH-A0H5	7.6e-322	0.007936428909953504	0.8867258349686338	5.848251462943479e-281	0.10533773612141276
BRCA_TCGA-BH-A0H7	0.5640438701407914	0.001549633042271671	0.2661062920637172	0.08116257568157438	0.08713762907164525
BRCA_TCGA-BH-A0H9	0.5432617942673744	0.00022439432033471543	0.3201585518337146	0.09455165561835267	0.04180360396022352
BRCA_TCGA-BH-A0HA	0.4862779830135785	0.16205877757609286	0.12379907814931296	0.2278641612610156	2.448091832765531e-103
BRCA_TCGA-BH-A0HI	0.241742479561384	0.2761986366279063	0.29068489712899315	0.05001045193725335	0.14136353474446317
BRCA_TCGA-BH-A0HK	0.12886556762665474	0.04676686518446571	0.6461285284147192	0.12368564031947706	0.05455339845468318
BRCA_TCGA-BH-A0HN	0.26158081795279764	0.2938996978994606	0.22731291774347134	0.0949129881941093	0.12229357821016122
BRCA_TCGA-BH-A0HP	7.95e-322	0.006475189696681015	0.9493325623275531	0.008158090120650267	0.036034157855115684
BRCA_TCGA-BH-A0RX	0.28538258454239857	0.3964133590368797	0.09797581381961265	0.12903806348876487	0.09119017911234412
BRCA_TCGA-BH-A0W3	0.20949238290083602	0.42018365718193806	0.3653777320983831	0.004946227818842926	2.55e-321
BRCA_TCGA-BH-A0W4	0.36606316812882467	0.0881567292879512	0.33602854162355805	0.03783972487747216	0.17191183608219382
BRCA_TCGA-BH-A0W5	0.2990045537304847	0.3113220943779056	0.01668436867996006	0.22842471645219267	0.14456426675945708
BRCA_TCGA-BH-A0W7	4.1e-322	0.010669684376411213	0.981058784252837	2.465871915370085e-69	0.008271531370751895
BRCA_TCGA-BH-A0WA	0.29919578843047273	0.17225186956772334	0.47570611791558437	0.05163530305888447	0.0012109210273352296
BRCA_TCGA-BH-A18F	0.32463502385601684	0.13331832405806035	0.3782696977540948	0.024952657036746248	0.13882429729508186
BRCA_TCGA-BH-A18G	0.4748738305815494	0.19259347883042893	1.4599589815809337e-181	0.3077482750064873	0.0247844155815343
BRCA_TCGA-BH-A18H	0.34511658583516697	0.10890642942682671	0.44210889441426515	0.07746068544118549	0.026407404882555677
BRCA_TCGA-BH-A18I	0.0927929830441687	0.28753862780912764	0.24028018738017048	0.25032492775123383	0.12906327401529938
BRCA_TCGA-BH-A18J	9.73e-322	0.029670418359316417	0.9090825297649513	0.06124705187573223	1.11e-321
BRCA_TCGA-BH-A18K	0.06142201710302385	0.12906864375341834	0.6763994685232031	0.05996133831877203	0.07314853230158255
BRCA_TCGA-BH-A18L	0.4263739617847533	0.1768335416312345	0.09088411284372701	0.23037804364242984	0.07553034009785545
