Samples	SBS96A	SBS96B	SBS96C	SBS96D	SBS96E
ATP2B4_real_train_fold1	7.180728463608672e-85	0.0564527673696687	0.8596113459647068	6.997529797339632e-268	0.0839358866656244
ATP2B4_real_train_fold1.1	0.269673568283079	0.011996074640392311	0.5440712882350948	0.07217053661054029	0.1020885322308935
MLH1_real_train_fold1	2.17e-321	0.9910402428165443	1.26e-321	0.008959757183455616	1.255e-321
MSH2_real_train_fold1	2.05e-321	0.9196326202101127	4.884559798950855e-263	0.08036737978988741	6.8812797391873e-310
MSH6_real_train_fold1	3.3697362928542232e-307	0.9917722092433153	1.5669939530797083e-180	8.862471881031912e-39	0.00822779075668453
MSH6_real_train_fold1.1	1.9225280847597407e-147	0.9900834651562568	0.0022779965735583003	0.005129633511147256	0.002508904759037615
OGG1_real_train_fold1	2.8474561308084218e-49	0.030057503491453325	5.606141545733735e-13	0.1153473177796884	0.8545951787282977
PMS1_real_train_fold1	2.0325111233030718e-78	0.24012760754934212	0.6424328976508623	0.11743949479979543	1.5164992916680627e-306
PMS2_real_train_fold1	0.4880712710253579	0.5119287289746421	2.67e-322	2.7e-322	2.6e-322
RNF168_real_train_fold1	0.9626487975707554	0.02843487255923919	6.836209886030119e-46	4.399101191595343e-146	0.008916329870005393
UNG_real_train_fold1	5.134571515088218e-66	0.06044875708243663	1.0328802164295742e-48	0.8490873134373004	0.09046392948026305
ATP2B4_multinomial_train_fold1	0.03616944632111	0.11188860216585697	0.7744897132329427	6.766096186601976e-205	0.07745223828009012
ATP2B4_multinomial_train_fold1.1	0.2474826170246211	1.7726251239615397e-92	0.47076388410262204	0.14535742194230122	0.13639607693045572
ATP2B4_multinomial_train_fold1.2	0.13292545449200785	1.7410269847096977e-121	0.6639119172817389	0.15776388266545247	0.04539874556080069
ATP2B4_multinomial_train_fold1.3	5.146763782556755e-139	0.08504809703933063	0.7494506320959265	1.190445208219506e-08	0.16550125896029066
ATP2B4_multinomial_train_fold1.4	0.13971049895989116	0.05147803379776145	0.7383795869377668	0.061802022680125586	0.00862985762445499
ATP2B4_multinomial_train_fold1.5	0.14280683706474065	0.08415984309988388	0.6272256275724586	0.14580769226291695	3.0376774150351167e-175
ATP2B4_multinomial_train_fold1.6	0.2119529398198206	0.027120808502522426	0.25820423499740686	0.22405351317073988	0.2786685035095101
ATP2B4_multinomial_train_fold1.7	0.21622865092386148	0.06832022382570051	0.54594947028523	0.09659353408378485	0.07290812088142314
ATP2B4_multinomial_train_fold1.8	0.23442069590580383	4.354087309514084e-171	0.4762731539419356	0.0817896682851062	0.2075164818671545
ATP2B4_multinomial_train_fold1.9	0.21329476838837597	0.024134588510229347	0.4402075815267191	0.1986491922570184	0.12371386931765718
ATP2B4_multinomial_train_fold1.10	0.20537532016422072	0.09274516745236695	0.2569827677275789	0.2170394322455929	0.22785731241024051
ATP2B4_multinomial_train_fold1.11	4.88610076762242e-43	0.05215064715724344	0.7477521811399702	3.266089157109225e-135	0.20009717170278643
ATP2B4_multinomial_train_fold1.12	0.03299761566050891	1.89e-321	0.838093923133706	5.53097696e-316	0.12890846120578503
ATP2B4_multinomial_train_fold1.13	0.19809951471894835	2.965079801111467e-256	0.5841724502284356	0.103448586077889	0.11427944897472714
ATP2B4_multinomial_train_fold1.14	1.0969949855506432e-218	1.107e-321	0.9992093322945691	6.03e-322	0.0007906677054308051
ATP2B4_multinomial_train_fold1.15	6.151969327615525e-62	0.11825733506814229	0.8817426568005859	8.131271780188732e-09	5.889095757922312e-286
ATP2B4_multinomial_train_fold1.16	6.348306810712323e-66	0.11920785825726357	0.7695815784448604	3.0855887671967596e-62	0.111210563297876
ATP2B4_multinomial_train_fold1.17	3.682794048591561e-267	0.0628590074856253	0.9371409925143745	7.86e-322	3.4857084208885686e-123
ATP2B4_multinomial_train_fold1.18	4.4154406978204726e-231	0.16235944655215712	0.7286868357331706	1.18e-321	0.10895371771467226
ATP2B4_multinomial_train_fold1.19	0.22619170444651016	1.61e-321	0.4612780983384459	0.23889583992261437	0.0736343572924296
ATP2B4_multinomial_train_fold1.20	7.86215513576562e-124	0.09671923707985271	0.8384685405592488	7.458724330861195e-76	0.06481222236089842
ATP2B4_multinomial_train_fold1.21	0.2758409375407065	0.02951779631972878	0.17940580165092143	0.25581533907383947	0.2594201254148039
ATP2B4_multinomial_train_fold1.22	0.275447757540777	1.614251367939391e-14	0.27948046796470694	0.1697920986664493	0.27527967582805063
ATP2B4_multinomial_train_fold1.23	1.38e-321	1.275e-321	0.9836681536330033	5.8e-322	0.01633184636699678
ATP2B4_multinomial_train_fold1.24	2.050179770675362e-99	0.07677270511625726	0.9176166868152567	4.5399869338707495e-222	0.005610608068486139
ATP2B4_multinomial_train_fold1.25	0.27573594897195625	2.5554621994377327e-114	0.5846853796561191	0.10216840520613114	0.03741026616579361
ATP2B4_multinomial_train_fold1.26	0.23796425076775088	0.049264745548712185	0.6286015087694232	0.08416949491411377	1.8633887000272283e-124
ATP2B4_multinomial_train_fold1.27	0.21428433472651648	2.164e-321	0.6991712330956489	0.08654443217783474	3.283559393604299e-217
ATP2B4_multinomial_train_fold1.28	0.26597012562683137	1.98e-321	0.539384026275416	0.07890522295657766	0.11574062514117489
ATP2B4_multinomial_train_fold1.29	2.6889215315105698e-263	0.059443824185183784	0.7321057254424922	1.023e-321	0.20845045037232415
ATP2B4_multinomial_train_fold1.30	0.202025279615863	1.477e-321	0.6148270701680703	0.18314765021606677	4.8e-322
ATP2B4_multinomial_train_fold1.31	1.393e-321	0.012365984618823411	0.9025422027914431	7.9e-322	0.08509181258973351
ATP2B4_multinomial_train_fold1.32	0.2629578718711758	0.028531795054333727	0.5554959397239673	0.05810047143365095	0.0949139219168722
ATP2B4_multinomial_train_fold1.33	3.1677540218453756e-184	0.11928032371888858	0.6515225203202943	1.429469236282834e-69	0.22919715596081724
ATP2B4_multinomial_train_fold1.34	0.34545556702778113	0.04599130952840831	0.26578627722947673	0.20651882731624505	0.1362480188980889
ATP2B4_multinomial_train_fold1.35	0.20741220756229004	0.01378843697268989	0.5735395092343698	0.20525984623065016	1.622680527043009e-293
ATP2B4_multinomial_train_fold1.36	0.03158924824428733	0.03185877134509732	0.7775988135587846	0.0652597724563497	0.09369339439548116
ATP2B4_multinomial_train_fold1.37	0.1371732655239831	0.027895018834091945	0.5215188625373951	0.1479326671426894	0.16548018596184041
ATP2B4_multinomial_train_fold1.38	0.264762822846573	5.685340745885687e-107	0.4206893441542321	0.10205024053161915	0.21249759246757574
ATP2B4_multinomial_train_fold1.39	4.52985428854933e-204	1.556e-321	0.8374420797580522	6.77e-322	0.16255792024194796
ATP2B4_multinomial_train_fold1.40	7.699314312981315e-81	2.194e-321	1.0	6.045739305284011e-150	4.25e-322
ATP2B4_multinomial_train_fold1.41	0.10667902280101564	0.039897053408887946	0.6024038629935338	0.050597246236649136	0.20042281455991348
ATP2B4_multinomial_train_fold1.42	1.819520257887135e-307	1.2505747399689307e-71	0.8983756544978378	7e-322	0.10162434550216205
ATP2B4_multinomial_train_fold1.43	0.10659797349549067	0.12009847916589467	0.7557249957410889	0.017578551597525895	1.994072365120363e-216
ATP2B4_multinomial_train_fold1.44	0.3217926169967259	1.48e-321	0.3682193209503015	0.11582933692032185	0.1941587251326506
ATP2B4_multinomial_train_fold1.45	0.29998987723847675	4.645491860229574e-133	0.591426028924756	5.057415024483092e-156	0.10858409383676736
ATP2B4_multinomial_train_fold1.46	0.32099611737905753	0.05345498793297576	0.3034492455793308	0.07827479951837264	0.24382484959026332
ATP2B4_multinomial_train_fold1.47	0.2180762364889991	1.0542841952596064e-165	0.6400910287496229	0.0033460665429775878	0.13848666821840053
ATP2B4_multinomial_train_fold1.48	2.301955825919649e-187	0.08514694716101558	0.8315015318270033	5.0617626591228383e-70	0.0833515210119813
ATP2B4_multinomial_train_fold1.49	0.2419701818441589	0.03806030494805562	0.2117867436347194	0.2271421601065987	0.28104060946646725
ATP2B4_multinomial_train_fold1.50	2.481442482564683e-20	0.029868688457796166	0.8425609071461858	4.4973748203624e-310	0.12757040439601808
ATP2B4_multinomial_train_fold1.51	0.34389692128837956	0.06708233088338016	0.14660887195209824	0.15705032789060386	0.2853615479855382
ATP2B4_multinomial_train_fold1.52	0.206515469818473	0.05698949550194071	0.6755930006306652	0.06090203404892127	2.4367910119604877e-21
ATP2B4_multinomial_train_fold1.53	0.23351451556254002	0.03333718538033478	0.6936927958639221	0.0036196806177639916	0.0358358225754391
ATP2B4_multinomial_train_fold1.54	0.18759252444532076	0.04094819709256809	0.5360013000075411	0.22242953731594217	0.013028441138627877
ATP2B4_multinomial_train_fold1.55	7.295559308225261e-116	0.007701638873188725	0.9218850507990195	1.07e-321	0.07041331032779174
ATP2B4_multinomial_train_fold1.56	0.26370106250124226	0.06632474287228844	0.4822460469718802	2.654338821861802e-208	0.18772814765458914
ATP2B4_multinomial_train_fold1.57	9.133241240434183e-55	0.09024680055565902	0.8428572581258899	6.2398394721284056e-111	0.06689594131845104
ATP2B4_multinomial_train_fold1.58	0.009826352484472011	0.08284741511874646	0.8320515376334345	0.003243720041870176	0.07203097472147674
ATP2B4_multinomial_train_fold1.59	0.27701345850534836	1.4914392550607143e-172	0.6675302925548624	0.05545624893978908	4.74e-322
ATP2B4_multinomial_train_fold1.60	0.12544437646582876	4.336108041957435e-236	0.8384941858979695	2.4601807480637367e-90	0.036061437636201565
ATP2B4_multinomial_train_fold1.61	0.008035966194493023	0.08113426413880714	0.9108297696666999	5.58018373310515e-77	8.547498206681096e-131
ATP2B4_multinomial_train_fold1.62	0.32188254994105225	2.24742844916759e-276	0.35683616886913583	0.13499157477633755	0.1862897064134742
ATP2B4_multinomial_train_fold1.63	8.441049468771542e-163	0.0024960465734926657	0.9027848257712635	2.896194458794e-312	0.09471912765524367
ATP2B4_multinomial_train_fold1.64	0.24169108177668347	1.705e-321	0.4835400808212542	0.13637681086833953	0.1383920265337228
ATP2B4_multinomial_train_fold1.65	9.8e-322	0.059858709378340334	0.8786765405698764	7.36e-322	0.06146475005178315
ATP2B4_multinomial_train_fold1.66	2.4317083110920037e-105	1.1805566785778497e-137	0.9999999999999999	6.052645456404981e-171	3.31825929564905e-283
ATP2B4_multinomial_train_fold1.67	0.06091985217557229	0.045014560717076234	0.6173622825055163	2.0661049646953825e-104	0.2767033046018352
ATP2B4_multinomial_train_fold1.68	3.750233077569212e-19	7.411560927758524e-40	0.9999999999999999	1.3028414430005147e-217	8.108781953746848e-152
ATP2B4_multinomial_train_fold1.69	2.4109186354304257e-275	1.105984145455465e-220	0.9999999999999999	6.27e-322	1.9588826657289537e-111
ATP2B4_multinomial_train_fold1.70	0.2143945742169702	1.6697045805853782e-07	0.4845931869527269	0.07945644001574222	0.2215556318441026
ATP2B4_multinomial_train_fold1.71	0.19912507208297364	5.1411129053787776e-85	0.7503271825453758	3.2661305799122146e-30	0.05054774537165061
ATP2B4_multinomial_train_fold1.72	1.0846370776678514e-94	0.13404380568594557	0.6670053831928112	5.4e-322	0.19895081112124322
ATP2B4_multinomial_train_fold1.73	3.2793606103691097e-256	0.07043693777727604	0.7996762922540797	3.67922766271315e-309	0.12988676996864423
ATP2B4_multinomial_train_fold1.74	1.9968915248916948e-156	0.12718360586315114	0.7888410388471314	7.95e-322	0.08397535528971738
ATP2B4_multinomial_train_fold1.75	0.19747030532804452	2.5809768110543244e-125	0.7807170467051149	0.02181264796684047	1.1680237422620064e-135
ATP2B4_multinomial_train_fold1.76	0.42118991941186357	0.016528248588974927	0.3882013359948542	0.03406726483720379	0.14001323116710346
ATP2B4_multinomial_train_fold1.77	3.1672474267601126e-69	0.0341657184982035	0.9640044882439284	2.070098936039103e-291	0.0018297932578681497
ATP2B4_multinomial_train_fold1.78	0.275682996604012	0.037347580313483904	0.6162469385295314	0.009305673131062306	0.06141681142191051
ATP2B4_multinomial_train_fold1.79	6.274692665297637e-137	0.14909690738248788	0.6289718212499806	9.88695627953237e-282	0.22193127136753146
ATP2B4_multinomial_train_fold1.80	5.500763494456147e-18	0.008640819754259005	0.8417703395175944	2.8927090317744695e-197	0.14958884072814677
ATP2B4_multinomial_train_fold1.81	0.2865294642352754	3.268554186775193e-123	0.48557016986822343	0.06926136766579512	0.15863899823070607
ATP2B4_multinomial_train_fold1.82	1.56e-321	0.019541149411089937	0.8448040463612133	7.9e-322	0.13565480422769668
ATP2B4_multinomial_train_fold1.83	0.2778923676311402	8.25e-322	0.6492057090328865	0.025363738249047717	0.04753818508692546
ATP2B4_multinomial_train_fold1.84	0.255239505673662	0.04488744207904909	0.408079210388405	0.16304305819810336	0.12875078366078058
ATP2B4_multinomial_train_fold1.85	0.2178228084255968	0.03319962214020115	0.6936365561114078	1.957398019195794e-64	0.055341013322794196
ATP2B4_multinomial_train_fold1.86	0.23715593428607853	1.724e-321	0.7225754455094865	4.033796434809637e-70	0.040268620204434974
ATP2B4_multinomial_train_fold1.87	0.27201170831001226	1.2640090748903416e-73	0.5324994227562465	0.056904057114807484	0.1385848118189338
ATP2B4_multinomial_train_fold1.88	0.3040288566552719	0.0767211570181065	0.47810140598547324	5.393810136896335e-46	0.1411485803411484
ATP2B4_multinomial_train_fold1.89	7.411451138501847e-122	0.026513865164320277	0.9682782177362167	6.415545702800089e-287	0.005207917099463053
ATP2B4_multinomial_train_fold1.90	0.26820331094658867	2.019580583359613e-105	0.5959700928047983	1.4342460776509016e-90	0.13582659624861307
ATP2B4_multinomial_train_fold1.91	0.38454419927604794	0.012763051614408839	0.41163244228618256	2.6551296105816855e-07	0.19106004131039966
ATP2B4_multinomial_train_fold1.92	1.1e-321	0.010521565910880026	0.9488543953867407	9.3e-322	0.04062403870237936
ATP2B4_multinomial_train_fold1.93	4.5788851076432585e-33	0.0758199857619472	0.8296216776837524	1.21e-321	0.09455833655430033
ATP2B4_multinomial_train_fold1.94	0.2594603985960333	5.732873453119156e-139	0.6788075675764443	0.018935551295393597	0.042796482532128866
ATP2B4_multinomial_train_fold1.95	1.374e-321	0.17510097178857104	0.824899028211429	3.072463078588542e-163	1.585306676058172e-126
ATP2B4_multinomial_train_fold1.96	0.01033725878419618	0.14625296326759288	0.721951478278818	1.53736559753281e-144	0.12145829966939291
ATP2B4_multinomial_train_fold1.97	0.19024962559850825	0.02324667143181328	0.6059214101550758	0.18058229281460259	4.121480198331898e-229
PMS2_multinomial_train_fold1	0.47618933286269394	0.5238106671373061	2.7e-322	2.8e-322	2.7e-322
PMS1_multinomial_train_fold1	6.319300103456679e-50	0.20736693447899035	0.5595927296413428	0.23304033587966697	4.05e-322
MSH6_multinomial_train_fold1	1.6283757684482e-310	0.9647278954963342	7.263061685720952e-188	0.023834969747025356	0.011437134756640504
MLH1_multinomial_train_fold1	1.47e-321	0.9808458438178379	7.1e-322	0.01915415618216217	2.9e-322
MSH2_multinomial_train_fold1	2.045e-321	0.8932866840544769	6.3108684660571525e-230	0.10671331594552315	1.517e-321
MSH6_multinomial_train_fold1.1	4.243304469006932e-177	0.9947119452843523	2.376e-321	1.278511389841437e-240	0.005288054715647692
MSH6_multinomial_train_fold1.2	3.90005105537e-313	0.9963816012001714	1.3357063309310113e-86	0.0008956695647642742	0.0027227292350643843
MLH1_multinomial_train_fold1.1	1.53e-321	0.966576344425379	1.215e-321	0.033423655574620965	8.94e-322
MSH6_multinomial_train_fold1.3	5.452451237683132e-269	0.9935120939977103	5.364684588424889e-48	3.213639462496503e-100	0.006487906002289632
PMS2_multinomial_train_fold1.1	0.46230385138236635	0.5376961486176335	2.67e-322	2.7e-322	2.67e-322
MLH1_multinomial_train_fold1.2	2.8953663667927153e-292	0.9745401408866292	1.255e-321	0.025459859113370776	1.85e-321
PMS1_multinomial_train_fold1.1	3.2538019229638846e-06	0.2837121600520262	0.6094902921953376	0.10679429395071328	5.7e-322
MSH6_multinomial_train_fold1.4	2.9469688665957492e-179	0.9882481207864776	3.4781942244209292e-189	1.4587580989682725e-261	0.011751879213522354
MSH6_multinomial_train_fold1.5	8.297578164529777e-259	0.973938762409523	0.018780267170865762	0.007280970419611271	1.0566791548474962e-254
MSH6_multinomial_train_fold1.6	9.696582865995516e-157	0.9974469231148755	3.404270155825334e-64	4.407055443008581e-31	0.002553076885124393
MSH2_multinomial_train_fold1.1	2.016e-321	0.9090084323822438	4.2186916742631677e-246	0.09099156761775604	1.023e-321
PMS2_multinomial_train_fold1.2	0.5249223156761657	0.47507768432383446	2.5e-322	2.67e-322	2.47e-322
PMS1_multinomial_train_fold1.2	0.04410567420989331	0.1867849954023524	0.6032640347517034	0.16584529563605102	4.8e-322
MSH6_multinomial_train_fold1.7	3.842143058604543e-24	0.9749587532257721	8.658196214824423e-122	0.02504124677422782	3.612606564649483e-49
MLH1_multinomial_train_fold1.3	8.84926e-319	0.990920268007071	2.05e-321	0.006386711486710773	0.0026930205062181078
MSH6_multinomial_train_fold1.8	1.7803097859060173e-292	1.0	2.134e-321	3.738574114210826e-259	1.67e-321
PMS1_multinomial_train_fold1.3	1.0471850201326351e-148	0.20849858814750633	0.6031640179678203	0.14807534632216013	0.04026204756251327
MSH6_multinomial_train_fold1.9	3.08e-321	0.9847815561626122	3.107181960688572e-274	1.0728136764711997e-61	0.015218443837387637
MSH6_multinomial_train_fold1.10	1.9407877323648088e-38	0.9857509074447178	1.6409923208494137e-39	0.011568939860191939	0.0026801526950902214
MSH2_multinomial_train_fold1.2	1.364e-321	0.8900330682657897	1.0025477436078728e-232	0.10996693173421022	9.4e-322
PMS1_multinomial_train_fold1.4	0.01767468116781466	0.26877894875467334	0.644200593696619	0.069345776380893	4.94e-322
MSH6_multinomial_train_fold1.11	2.55315677148873e-223	0.9842898872301424	0.010960120667134834	0.004749992102722644	2.6774434472132995e-16
MSH6_multinomial_train_fold1.12	2.39e-321	0.9827849873073061	1.606e-321	1.982721467218685e-307	0.017215012692693987
MLH1_multinomial_train_fold1.4	1.5656774425438073e-271	1.0	5.34e-322	3.916107804584885e-80	3.3e-322
PMS1_multinomial_train_fold1.5	0.02334246299053375	0.19199566906120138	0.6325297545338567	0.15213211341440827	1.499708757122151e-122
MLH1_multinomial_train_fold1.5	2.49e-321	0.9855426744306093	1.01e-321	0.014457325569390736	9.4e-322
MSH6_multinomial_train_fold1.13	1.3912417954627818e-17	0.9698415327695813	6.082207604123968e-22	0.030158467230418845	1.88e-321
MSH6_multinomial_train_fold1.14	9.779887569997754e-175	0.970811109004762	0.016380997679892557	0.01280789331534556	3.7901218181852795e-90
MSH2_multinomial_train_fold1.3	8.22718783148741e-301	0.9142083455552081	2.183261489242171e-236	0.08579165444479181	1.6e-321
MLH1_multinomial_train_fold1.6	2.856e-321	1.0	1.56e-321	2.1870998953237054e-144	1.95e-321
PMS2_multinomial_train_fold1.3	0.43131246288397235	0.5686875371160276	2.87e-322	2.9e-322	2.87e-322
PMS1_multinomial_train_fold1.6	0.0031939491782524763	0.2821865448685007	0.5606454521147728	0.15397405383847396	9.058209638358197e-70
MSH6_multinomial_train_fold1.15	2.51e-321	0.9897787802291679	4.784818402716868e-146	3.69526766057117e-20	0.01022121977083212
MSH2_multinomial_train_fold1.4	2.61e-321	0.9073934963186833	2.2143593716109482e-254	0.09260650368131675	1.554293717681e-311
PMS1_multinomial_train_fold1.7	2.7184654592415208e-11	0.19287610512477074	0.698933027361004	0.10819086748704045	2.6418620676108777e-93
MSH2_multinomial_train_fold1.5	2.016e-321	0.9610805555004753	1.117621883116771e-267	0.0389194444995246	1.9584739025462472e-233
PMS2_multinomial_train_fold1.4	0.4965321280699449	0.5034678719300552	2.5e-322	2.6e-322	2.47e-322
MSH6_multinomial_train_fold1.16	2.51e-321	0.988483349407741	5.099048927851659e-262	9.691519098889307e-171	0.011516650592259037
MSH2_multinomial_train_fold1.6	2.02e-321	0.8917306851169264	1.7636849e-316	0.10826931488307369	1e-321
MLH1_multinomial_train_fold1.7	1.54e-321	0.9876887416895476	1e-321	0.012311258310452452	1.24e-321
MSH6_multinomial_train_fold1.17	1.6747735826168242e-154	0.9900756278366905	2.067422212999587e-129	0.009924372163029386	2.801657777861106e-13
MSH2_multinomial_train_fold1.7	1.383e-321	0.9134248205614238	3.3699203595645325e-191	0.08052643487722606	0.006048744561350042
MSH2_multinomial_train_fold1.8	1.383e-321	0.9000664716932624	2.8043857049565347e-143	0.09772395560315937	0.002209572703578367
MLH1_multinomial_train_fold1.8	1.15e-321	1.0	4.74e-322	1.84e-321	2.9e-322
PMS2_multinomial_train_fold1.5	0.509135462836464	0.49086453716353595	2.6e-322	2.7e-322	2.5e-322
MSH2_multinomial_train_fold1.9	1.774e-321	0.9277708636326216	1.58e-321	0.07222913636737827	1.616e-321
MSH6_multinomial_train_fold1.18	1.916934491796741e-270	0.9974814907994665	5.120162495491521e-213	0.002518509200533619	6.310791228047541e-79
MSH6_multinomial_train_fold1.19	2.826e-321	0.9856137953617767	6.37854854730299e-151	0.014386204638223252	1.887e-321
PMS1_multinomial_train_fold1.8	0.019683611898583454	0.18507109074253766	0.5861950243330412	0.20905027302583795	3.183391475446776e-120
PMS2_multinomial_train_fold1.6	0.5318494626986712	0.4681505373013288	2.6e-322	2.8e-322	2.57e-322
MSH6_multinomial_train_fold1.20	2.409523105769889e-266	0.9849070415710849	2.1278695098274187e-265	5.614727275389824e-168	0.015092958428915108
PMS2_multinomial_train_fold1.7	0.5055059655567109	0.4944940344432892	2.57e-322	2.67e-322	2.47e-322
PMS2_multinomial_train_fold1.8	0.5183398307699782	0.4816601692300218	2.7e-322	2.8e-322	2.67e-322
MSH6_multinomial_train_fold1.21	4.961234771732968e-176	0.9746014173306392	8.375152280436112e-280	0.025398582669360775	3.13e-321
MLH1_multinomial_train_fold1.9	1.873e-321	0.9945576546076277	1.27e-321	0.005442345392372172	1.27e-321
PMS2_multinomial_train_fold1.9	0.47984630922476457	0.5201536907752353	5.6e-322	2.87e-322	2.7e-322
MSH6_multinomial_train_fold1.22	4.105259641615625e-156	0.9835844943024405	1.7255917011658707e-192	3.754445978245875e-122	0.016415505697559365
PMS1_multinomial_train_fold1.9	0.06561469385492831	0.2217632202570698	0.6518752324089744	0.05782424337526792	0.0029226101037597312
MSH6_multinomial_train_fold1.23	1.9e-321	1.0	1.56e-321	5.525031019653139e-167	2.283e-321
MSH2_multinomial_train_fold1.10	2.757e-321	0.9276744980564708	1.0380502920914632e-229	0.07232550194352902	3.570934079786445e-20
MLH1_multinomial_train_fold1.10	1.57e-321	0.9967878425796699	7.7e-322	0.003212157420329991	6.4e-322
MSH6_multinomial_train_fold1.24	4.86848151125393e-209	0.9946209100018019	7.86678654003828e-159	6.758358265630701e-37	0.005379089998198121
PMS2_multinomial_train_fold1.10	0.5072539553046505	0.4927460446953496	2.6e-322	2.77e-322	2.57e-322
PMS1_multinomial_train_fold1.10	3.0151891560463287e-200	0.24605514267135242	0.5957438044487721	0.15820105287987563	3.3e-322
MSH6_multinomial_train_fold1.25	2.574e-321	0.9887398817947982	1.6902168899157277e-108	0.011260118205201713	1.9517467532766297e-116
MSH6_multinomial_train_fold1.26	2.83e-321	0.9768809561384886	5.7940458475077396e-192	0.013822132835005553	0.00929691102650602
MLH1_multinomial_train_fold1.11	1.843e-321	0.983172332660048	4.178439910608028e-308	0.016827667339952033	2.692335972870782e-207
MSH6_multinomial_train_fold1.27	1.1418038843829208e-303	0.9934729544098537	6.184427603410675e-246	5.406896946679103e-170	0.00652704559014633
MSH6_multinomial_train_fold1.28	1.707344482244146e-167	0.9952430212540359	3.8201962428710384e-24	0.004487754360820718	0.00026922438514340055
MSH2_multinomial_train_fold1.11	2.71e-321	0.9204861166499202	2.065e-321	0.07951388335007983	1.087e-321
MSH6_multinomial_train_fold1.29	2.777e-321	0.9767379834801782	7.978321026115676e-131	0.010324385876735759	0.01293763064308606
MSH2_multinomial_train_fold1.12	1.69e-321	0.921911209311255	7.225300881383737e-178	0.06821761289844629	0.00987117779029878
MSH2_multinomial_train_fold1.13	1.764e-321	0.9307961832601899	6.49974402900881e-290	0.06920381673981015	2.426e-321
MSH2_multinomial_train_fold1.14	3.043e-321	0.9288784550124782	7.425807710777786e-159	0.06316018096337388	0.00796136402414794
MSH6_multinomial_train_fold1.30	8.263672391080968e-256	0.9960333075963924	4.0636541737670774e-43	0.003966692403607531	4.4275153401001184e-237
MSH6_multinomial_train_fold1.31	2.816e-321	0.9934083787548227	2.2122903139883892e-237	1.6041348153367175e-168	0.006591621245177156
PMS2_multinomial_train_fold1.11	0.48092703562726175	0.5190729643727381	2.6e-322	2.7e-322	0.0
MSH6_multinomial_train_fold1.32	1.843e-321	0.9830419109240789	2.0538741143673998e-279	0.016958089075921248	4.061586647015688e-107
MSH2_multinomial_train_fold1.15	1.352897946650216e-236	0.9204244720700099	3.477858283026442e-64	0.07507068890571242	0.00450483902427762
MSH6_multinomial_train_fold1.33	2.752555680444659e-60	0.9914944289798605	3.125953519668517e-105	9.474839211318105e-89	0.008505571020139432
MSH2_multinomial_train_fold1.16	1.75e-321	0.9232032440862269	1.78e-321	0.07679675591377312	1.32e-321
PMS1_multinomial_train_fold1.11	2.042837215315069e-189	0.21840524396924685	0.5658764249844238	0.21571833104632934	2.4e-322
MLH1_multinomial_train_fold1.12	1.85e-321	0.969912799867255	1.22e-321	0.03008720013274505	2.1333449327444828e-268
MLH1_multinomial_train_fold1.13	2.5e-321	0.9999999999999999	1.03e-321	5.1540604937246557e-67	1.285e-321
MSH2_multinomial_train_fold1.17	4.583513082982809e-286	0.9595554745718271	3.3359203367175854e-269	0.04044452542817288	1.371600004477164e-164
MSH2_multinomial_train_fold1.18	4.1458558e-316	0.9222042749959019	8.102029131255046e-280	0.07779572500409813	1.907e-321
MSH2_multinomial_train_fold1.19	1.695e-321	0.9335789286425678	1.74e-321	0.06642107135743221	1.56e-321
PMS1_multinomial_train_fold1.12	1.9697257386101528e-28	0.25495315022266624	0.48660105651221985	0.25844579326511385	3.95e-322
MSH6_multinomial_train_fold1.34	3.9639342939965546e-206	0.9816619261321795	0.008064942648659593	1.3581936327778182e-130	0.010273131219160727
UNG_multinomial_train_fold1	5.106212383475904e-180	0.03942594266939923	0.10627169387988941	0.8122198923953469	0.04208247105536457
OGG1_multinomial_train_fold1	2.5584782374702644e-68	3.556608859175711e-222	0.1233410026702041	0.12785152588554324	0.7488074714442527
OGG1_multinomial_train_fold1.1	0.049712291111447114	0.05135499733274668	2.1233804361472475e-133	4.510958438041782e-13	0.8989327115553553
UNG_multinomial_train_fold1.1	0.035995398382759246	0.030230417971001802	0.09068566766179469	0.8430885159844443	1.632706778298013e-112
UNG_multinomial_train_fold1.2	0.09135164201726696	0.008054605181118593	0.026755911900614066	0.8077914588721303	0.06604638202887002
OGG1_multinomial_train_fold1.2	1.213650484271341e-39	0.030584893719188946	0.09099918989039246	0.1209388006656523	0.7574771157247663
UNG_multinomial_train_fold1.3	0.0633153592311699	0.12133965505394981	0.021121901403894	0.766842811237124	0.027380273073862524
UNG_multinomial_train_fold1.4	8.165786002946031e-73	0.08981631729135035	3.3140098545946074e-44	0.8233943718833394	0.0867893108253102
OGG1_multinomial_train_fold1.3	6.662757688640301e-197	0.04843111457103961	0.02483960092751642	0.06557468416132856	0.8611546003401154
UNG_multinomial_train_fold1.5	1.0131733732223658e-102	0.07559848579551673	4.739771441317669e-63	0.8472125995604616	0.07718891464402163
UNG_multinomial_train_fold1.6	0.021543931267234563	0.06176351498251576	1.4044104325810293e-299	0.810823967746309	0.10586858600394068
OGG1_multinomial_train_fold1.4	1.233193778593953e-100	0.06180277367169274	0.031451758470298324	0.08131683444235663	0.8254286334156523
UNG_multinomial_train_fold1.7	0.027016159331217194	0.06008279139008818	0.057950156295693465	0.7812555622221743	0.07369533076082686
OGG1_multinomial_train_fold1.5	1.887782927956305e-20	0.011870884062089375	0.10999265699090445	0.039490931168022624	0.8386455277789837
OGG1_multinomial_train_fold1.6	5.418377978717258e-123	0.04668715180601388	0.12288573263953766	0.10062704713563814	0.7298000684188102
UNG_multinomial_train_fold1.8	1.2209940165922669e-110	0.059711656143386235	0.09698701611919062	0.7912154091291166	0.052085918608306706
UNG_multinomial_train_fold1.9	7.084760970463383e-14	0.04857080162345494	0.23990088065561946	0.6926537334560188	0.018874584264836073
OGG1_multinomial_train_fold1.7	0.0001836802958645865	6.998632221391483e-116	3.8659955231532654e-11	0.1598737441743095	0.839942575491166
OGG1_multinomial_train_fold1.8	9.365275246667303e-59	0.03527060286236513	0.09807154196022437	0.074919377192417	0.7917384779849935
OGG1_multinomial_train_fold1.9	0.04371637185877393	0.017660353133214825	0.038061883673983304	0.11827470622842938	0.7822866851055987
UNG_multinomial_train_fold1.10	1.721315318354358e-108	0.01758044427734871	0.08353578040394863	0.8988837753187027	2.9799752971202014e-61
OGG1_multinomial_train_fold1.10	2.728484718209788e-34	0.003206360765911305	2.084415913577283e-23	0.11236409091652796	0.8844295483175608
OGG1_multinomial_train_fold1.11	0.017695186399010812	0.014499655067749983	4.0088960393695e-34	0.06954008971253016	0.8982650688207089
OGG1_multinomial_train_fold1.12	1.5045211109662619e-173	4.995740412867603e-154	3.345538570817894e-42	0.0511588670818274	0.9488411329181726
UNG_multinomial_train_fold1.11	0.013589579572275759	0.0021420824961505595	4.8011945924133114e-303	0.9842683379315735	1.250377615737568e-295
OGG1_multinomial_train_fold1.13	3.045440507566341e-16	0.060988641980478306	1.1601367700442744e-113	9.369260137712176e-81	0.9390113580195213
UNG_multinomial_train_fold1.12	2.2553815717030424e-139	0.07086519733152724	0.00709870124509207	0.7872781199381789	0.13475798148520174
OGG1_multinomial_train_fold1.14	0.015294236905039886	0.008279352273570956	0.02782718830752797	0.18983491097756358	0.7587643115362976
UNG_multinomial_train_fold1.13	1.6610089576097975e-91	0.042497174564480024	2.189915245322708e-112	0.8949646400110667	0.06253818542445322
OGG1_multinomial_train_fold1.15	8.439832263208704e-69	0.05799842359145607	8.181243309752047e-145	0.04309813045056182	0.8989034459579821
UNG_multinomial_train_fold1.14	1.96e-321	0.11718490964125292	6.27e-322	0.7998378201919704	0.08297727016677679
OGG1_multinomial_train_fold1.16	0.03641538405195956	0.046453090994428986	0.002335792363342956	0.09777055443172102	0.8170251781585476
OGG1_multinomial_train_fold1.17	3.699228490162514e-86	0.06221841856200494	2.739554371362399e-90	0.03167515433567419	0.9061064271023209
UNG_multinomial_train_fold1.15	9.098095108483588e-18	0.035445084734542484	0.07048413537459337	0.8666646246427224	0.027406155248141665
OGG1_multinomial_train_fold1.18	3.6291087942101733e-76	0.07432471003536621	0.2165614656770024	0.09024654769000658	0.6188672765976246
UNG_multinomial_train_fold1.16	0.04895238700495398	0.08939576145340099	0.21658555487769168	0.6450662966639534	4.501715770962495e-50
OGG1_multinomial_train_fold1.19	6.215296472396632e-120	0.03877252126514504	0.11308757602318342	0.04754769342035146	0.80059220929132
OGG1_multinomial_train_fold1.20	0.1016801194821385	0.02201212906647403	6.539570713411699e-81	0.10322197905840189	0.7730857723929855
OGG1_multinomial_train_fold1.21	1.591162365899963e-48	0.06593571263717973	2.559007213883039e-49	0.051771934909104436	0.8822923524537158
UNG_multinomial_train_fold1.17	0.03116036642831465	0.019529458374525105	1.07e-321	0.7991704277032862	0.15013974749387404
OGG1_multinomial_train_fold1.22	2.5006258492310632e-70	1.4613722578038721e-43	0.0822626855527433	0.138567805206415	0.7791695092408417
UNG_multinomial_train_fold1.18	6.256305908393121e-25	0.09251202047989042	3.827391825315284e-07	0.851953068662922	0.05553452811800509
OGG1_multinomial_train_fold1.23	0.006843432917607774	0.011814258871017407	1.1674556392247626e-84	0.09901498148032016	0.8823273267310546
UNG_multinomial_train_fold1.19	0.030638118341177616	0.09438962197334831	6.743912967199641e-166	0.8456976656157662	0.029274594069707956
UNG_multinomial_train_fold1.20	4.429791637661698e-239	0.08551218624129119	1.6391584084151702e-16	0.8670427059066359	0.04744510785207279
UNG_multinomial_train_fold1.21	1.981170592055609e-151	0.09537486744758174	0.04004439295506076	0.8425084417511833	0.022072297846174028
UNG_multinomial_train_fold1.22	6.256554224888684e-254	0.09488796904586098	2.1080368698192228e-234	0.874058730209855	0.031053300744284047
OGG1_multinomial_train_fold1.24	2.2404497700426992e-141	0.058103657746516345	3.961942999931955e-62	0.03858721948495695	0.9033091227685267
OGG1_multinomial_train_fold1.25	1.9789417922214514e-188	2.900369177352406e-91	1.7399301873856027e-80	0.12322594913726528	0.8767740508627347
OGG1_multinomial_train_fold1.26	6.714107399457755e-267	0.06126289143675847	4.717892086804933e-163	9.837176097823202e-202	0.9387371085632414
UNG_multinomial_train_fold1.23	7.052901459659039e-266	0.14159597709347968	1.092408536741593e-111	0.6953830073354673	0.16302101557105297
OGG1_multinomial_train_fold1.27	9.636962899300777e-122	3.05e-321	7.853540498946488e-30	0.1425467947057887	0.8574532052942112
OGG1_multinomial_train_fold1.28	0.006025897060940888	3.11e-321	1.3212946440651017e-147	0.14125956612356533	0.8527145368154939
UNG_multinomial_train_fold1.24	8.440952918064265e-219	0.012279761429030875	6.489939724974213e-33	0.9456480471433255	0.04207219142764362
UNG_multinomial_train_fold1.25	0.030894960826235385	0.06813752178840152	0.16668981633454572	0.7265297766920175	0.007747924358799881
UNG_multinomial_train_fold1.26	1.9790709080927363e-163	0.037615221472965026	0.04032523615432637	0.9008029572708861	0.0212565851018225
OGG1_multinomial_train_fold1.29	1.6773075198911573e-56	1.6937687071151126e-29	0.2650916161919815	0.006363991768272999	0.7285443920397454
OGG1_multinomial_train_fold1.30	7.530555668495347e-51	9.068959377705963e-152	0.15161083627405467	0.09858460636527155	0.7498045573606738
UNG_multinomial_train_fold1.27	5.370865006348611e-169	0.14374321284160374	0.008296736538150275	0.7610034115445272	0.08695663907571856
UNG_multinomial_train_fold1.28	2.210482060392466e-146	0.09043713548142591	2.848683719571448e-22	0.7880292398853438	0.12153362463323024
OGG1_multinomial_train_fold1.31	0.000993447860671541	0.06481213272976681	0.13143153285026005	0.10436122044421321	0.6984016661150885
UNG_multinomial_train_fold1.29	1.18e-321	0.12510486853973976	2.1266306764918817e-57	0.8112024128052491	0.06369271865501128
OGG1_multinomial_train_fold1.32	9.574304400124777e-74	0.006832861599773339	0.035196901797950916	0.11691890911766956	0.8410513274846063
UNG_multinomial_train_fold1.30	2.9957547265446002e-114	0.015382963186484185	1.250600783877346e-15	0.9050455091728353	0.07957152764067915
OGG1_multinomial_train_fold1.33	7.834686281833791e-225	0.06635183991514984	3.3630908885499803e-124	1.517884901108781e-99	0.9336481600848502
OGG1_multinomial_train_fold1.34	0.02967682535038646	0.021031830493539152	0.0032003358995513825	0.05485033755016539	0.8912406707063575
OGG1_multinomial_train_fold1.35	2.4221641681902567e-35	0.009638883869278081	1.0100994355299981e-70	0.1685926111722765	0.8217685049584454
UNG_multinomial_train_fold1.31	1.0206000930269674e-43	0.08669786710523285	3.1456997007168377e-47	0.8164584527180122	0.09684368017675495
OGG1_multinomial_train_fold1.36	2.9838281338672732e-90	0.024488228189482448	3.248487344520029e-73	0.07480261429498868	0.9007091575155288
OGG1_multinomial_train_fold1.37	1.2909187765e-314	0.018502329225857112	0.2508042313867714	3.6777497481581054e-82	0.7306934393873715
OGG1_multinomial_train_fold1.38	1.9902815404049066e-58	0.019061611756124554	0.06444081615564565	0.06566371941782818	0.8508338526704016
UNG_multinomial_train_fold1.32	2.0336811354565926e-53	0.04235692134688207	0.1821090519756873	0.7755340266774307	4.826400432161452e-131
OGG1_multinomial_train_fold1.39	0.0023259486577332403	0.02737116476282484	3.5443687918487064e-60	0.12766107317347114	0.8426418134059707
UNG_multinomial_train_fold1.33	6.38e-321	0.06164309566496749	9.83e-322	0.8783943052441849	0.05996259909084759
UNG_multinomial_train_fold1.34	5.283147908818315e-305	0.07712322819705382	1.1929869663455978e-245	0.8429038622095667	0.07997290959337935
OGG1_multinomial_train_fold1.40	9.661995599416777e-127	0.002849035628701747	0.17108504601790267	0.09369930645274235	0.7323666119006532
UNG_multinomial_train_fold1.35	2.606148971967605e-169	0.08037637563132904	2.037657133601045e-36	0.817591587079014	0.10203203728965687
OGG1_multinomial_train_fold1.41	0.015104723491915733	1.5997987603033338e-139	2.6083051129500446e-12	0.12511244532537033	0.8597828311801057
OGG1_multinomial_train_fold1.42	3.1816297286851167e-107	0.05635522185973667	0.02417318549236115	0.06446151535009155	0.8550100772978106
OGG1_multinomial_train_fold1.43	0.0009729631470768044	0.01848588772798692	3.453150770822794e-69	0.10005997658743501	0.8804811725375014
OGG1_multinomial_train_fold1.44	3.038707441158311e-185	0.06071315509652842	1.351362367553623e-246	2.4604022041359027e-136	0.9392868449034716
OGG1_multinomial_train_fold1.45	5.83250101454291e-199	0.00710934649913507	1.5456283375927734e-44	0.0743080126871918	0.9185826408136731
UNG_multinomial_train_fold1.36	5.740546779079211e-106	0.05702284866390756	2.9489868947487703e-22	0.8216110105885481	0.12136614074754419
UNG_multinomial_train_fold1.37	1.4219860005897005e-55	0.16813042570812578	7.443683549050569e-302	0.7150813446865862	0.11678822960528785
UNG_multinomial_train_fold1.38	2.505e-321	0.02403386518620337	2.5231411689651166e-14	0.8693664044056976	0.10659973040807387
OGG1_multinomial_train_fold1.46	9.487540884109251e-235	0.07028130474049649	3.478083475398058e-79	0.04174148267878113	0.8879772125807224
OGG1_multinomial_train_fold1.47	0.03695142062149824	1.1079356164108195e-121	0.0644195279264301	0.13532442897582	0.7633046224762515
UNG_multinomial_train_fold1.39	2.850773900060289e-188	0.10705215248713001	1.685279389111474e-242	0.8737771801613518	0.019170667351518282
UNG_multinomial_train_fold1.40	0.02792124259278207	2.1390442786892332e-07	0.1640148611219319	0.747683362221901	0.06038032015895699
UNG_multinomial_train_fold1.41	4.3701852448559153e-243	0.08015803015223927	1.9880986497117774e-195	0.8158133408377207	0.10402862901003992
UNG_multinomial_train_fold1.42	3.7374944555958135e-111	0.08279781127603279	0.0996149511204322	0.716106256642651	0.10148098096088383
UNG_multinomial_train_fold1.43	3.624652220692969e-182	0.09529556480666343	2.1746277736525796e-51	0.8456160453091558	0.059088389884180685
UNG_multinomial_train_fold1.44	1.8704265315765742e-06	0.019266934386037056	0.06591015818014337	0.8098956361575376	0.10492540084975055
UNG_multinomial_train_fold1.45	2.447274216308568e-43	0.04821252008083987	0.1887543851809803	0.7630330947381798	7.22444661983666e-77
UNG_multinomial_train_fold1.46	1.156e-321	0.09480723259629266	8.5e-322	0.7852912485370788	0.11990151886662863
UNG_multinomial_train_fold1.47	4.906874541346226e-81	0.16607857526390424	1.1717791907112142e-253	0.6868728629755568	0.14704856176053896
UNG_multinomial_train_fold1.48	7.38454476692996e-239	0.04814855624944554	7.194989300422517e-106	0.8714235990859995	0.08042784466455477
OGG1_multinomial_train_fold1.48	0.04476196955544729	0.03273882923309456	7.947861586100542e-29	0.07540924845006579	0.8470899527613924
RNF168_multinomial_train_fold1	0.8688477754314113	0.033099099295666186	0.0980531252729224	5.81e-320	9e-322
RNF168_multinomial_train_fold1.1	0.9519244462800253	0.0008752189883472673	0.04720033473162753	2.605084592221663e-292	8.594386204880418e-38
RNF168_multinomial_train_fold1.2	0.9709080526678366	0.029091947332163293	1.21e-321	1.986e-321	3.36e-322
RNF168_multinomial_train_fold1.3	0.9752615217733843	1.53e-321	1.09e-321	1.023e-321	0.024738478226615585
RNF168_multinomial_train_fold1.4	0.9310893411114095	0.023400338938568407	1.412504224443008e-263	2.253e-321	0.04551031995002212
RNF168_multinomial_train_fold1.5	0.9767192218625029	0.017441512507590677	0.0014122695023593213	5.9087802041357485e-124	0.00442699612754699
RNF168_multinomial_train_fold1.6	0.9672237163856348	2.02e-321	0.018392418018866687	0.014383865595498637	1.067e-321
RNF168_multinomial_train_fold1.7	0.974767852497418	7.860965631413036e-12	2.6868639867286305e-99	0.01712564059142024	0.008106506903300894
RNF168_multinomial_train_fold1.8	0.9757821653675798	0.024217834632420176	9.04e-322	1.12e-321	4.55e-322
RNF168_multinomial_train_fold1.9	0.9900218849968472	2.515e-321	9e-322	9.2e-322	0.009978115003152814
RNF168_multinomial_train_fold1.10	0.9116120301061702	1.2677052071968986e-87	0.0005429258041455767	0.0878450440896843	8.132890130966891e-171
