Samples	SBS96A	SBS96B	SBS96C	SBS96D	SBS96E
EXO1_0_real_train1	0.10998491276714135	0.5743080319479951	0.04510434833527395	0.12062654626975954	0.14997616067983005
OGG1_0_real_train1	2.28e-321	3.056464581017309e-258	0.6640188381087638	0.09341879672364942	0.24256236516758675
RNF168_0_real_train1	0.06309460871684047	0.553301494848879	0.07156233798407131	0.14066768663040538	0.17137387181980385
UNG_0_real_train1	0.1282420719431162	0.07638262939012365	0.08724660385958431	0.2985350947608008	0.409593600046375
ATP2B4_0_real_train1	0.030672898484249637	0.1531683869431575	0.2740285989242912	0.3451148097061819	0.19701530594211983
ATP2B4_1_real_train1	0.10917946571431508	0.09453573424332595	0.40176541736333427	0.39451938267902475	4.576911948829336e-26
MLH1_0_real_train1	0.860795423005257	0.014858095660713624	0.004565726645010398	0.051483247014536555	0.06829750767448221
MSH2_0_real_train1	0.8107190342185222	1.2072736232677733e-104	0.005200341499077327	0.10395917290355118	0.08012145137884946
MSH6_0_real_train1	0.8297071408129914	0.03605060616636256	0.014542747358270738	0.06618912603093939	0.053510379631435935
MSH6_1_real_train1	0.8464340409359455	0.05059817690270108	0.030642901486172415	0.04667771770363018	0.02564716297155066
PMS1_0_real_train1	0.1921326453680555	0.03106834839215639	0.227285685254901	0.3850530365536523	0.1644602844312347
PMS2_0_real_train1	0.42596762552516637	0.4961115296780514	0.034885647489368565	0.043035197307413654	7.3e-322
EXO1_0_dirichlet_train1	0.08050706866946533	0.6076730077164872	0.1956760305590606	0.026002732303484953	0.09014116075150203
RNF168_0_dirichlet_train1	0.061629427357882044	0.5594235219954105	0.023455139135902192	0.21276569265715048	0.1427262188536549
RNF168_0_dirichlet_train1.1	0.04586142363247372	0.6485261211284086	0.15397239667097803	0.049587844112649014	0.10205221445549051
EXO1_0_dirichlet_train1.1	0.12834577806076114	0.47339272174503977	0.06116445868756906	0.225133379353284	0.11196366215334606
RNF168_0_dirichlet_train1.2	1.784e-321	0.7358854647927449	0.11242730535587254	0.08261626209252218	0.06907096775886032
RNF168_0_dirichlet_train1.3	0.05983618578636257	0.5977395268691104	0.09631227922538507	0.03867483172435445	0.2074371763947874
RNF168_0_dirichlet_train1.4	0.0445630815977925	0.6168216295680197	0.06310943433309144	0.12525326029054212	0.15025259421055426
RNF168_0_dirichlet_train1.5	0.08061140569410498	0.5288965588523201	1.314e-321	0.05900366954625904	0.331488365907316
RNF168_0_dirichlet_train1.6	8.15e-322	0.4742721903501135	0.029300728239984045	0.11802340629731206	0.37840367511259043
RNF168_0_dirichlet_train1.7	0.13138346628966577	0.6151414443232812	0.12112788844179054	0.09876375343514095	0.03358344751012155
RNF168_0_dirichlet_train1.8	0.032715539784086985	0.5514282735797036	0.08184291237549726	0.026250793408910553	0.3077624808518014
EXO1_0_dirichlet_train1.2	0.14672802416136738	0.3865908311446209	1.136e-321	0.09530826326469258	0.3713728814293191
EXO1_0_dirichlet_train1.3	0.12709432232076406	0.6619453372035031	0.04888325358344784	0.05469839964920901	0.107378687243076
RNF168_0_dirichlet_train1.9	4.569389104395109e-252	0.4840808362759632	0.1296560266506971	0.09448333020901263	0.2917798068643271
EXO1_0_dirichlet_train1.4	0.1289786044890089	0.4664744623817715	6.67947355105284e-176	0.16867481968680126	0.23587211344241832
EXO1_0_dirichlet_train1.5	0.07221136579582178	0.6929489431714893	0.031059750461892143	0.02574195590182912	0.17803798466896784
EXO1_0_dirichlet_train1.6	1.1415945646272917e-185	0.6600829244688862	0.00937464560020343	0.0913605330656283	0.23918189686528216
EXO1_0_dirichlet_train1.7	0.24959478892316814	0.5550519128586024	1.655746904499928e-146	0.06797751023461543	0.1273757879836139
EXO1_0_dirichlet_train1.8	0.1919403261963096	0.5754054112336872	8.05e-322	0.1294781290967857	0.10317613347321747
RNF168_0_dirichlet_train1.10	0.1602026848727173	0.4638177201619319	0.044775998500877955	0.16301331935575084	0.168190277108722
EXO1_0_dirichlet_train1.9	0.25331773579860073	0.5090250846211579	0.15755180323489054	0.02867409348694986	0.051431282858401046
RNF168_0_dirichlet_train1.11	0.1415179274450384	0.54321849807485	0.0653224864970357	0.1311546212199005	0.11878646676317534
RNF168_0_dirichlet_train1.12	8.711698327098123e-163	0.5609577110412629	0.07801292033836588	0.1798855847626014	0.18114378385776989
EXO1_0_dirichlet_train1.10	0.12083352892887143	0.6369059915286998	0.06533214681002197	0.10135758576244724	0.07557074696995954
EXO1_0_dirichlet_train1.11	0.0007925535285587624	0.552896713924714	0.024370032733020283	0.1747307832158384	0.24720991659786878
RNF168_0_dirichlet_train1.13	0.1691005879703553	0.5305089551137516	0.000302454646923336	0.08536669974299155	0.21472130252597826
RNF168_0_dirichlet_train1.14	0.13513115300700818	0.6094814364984251	0.04741576642049539	0.20797164407407118	5.73e-322
RNF168_0_dirichlet_train1.15	0.0031496092432388824	0.5851766173436782	0.023744036043177822	0.2615109049300596	0.12641883243984542
RNF168_0_dirichlet_train1.16	0.13367545490142899	0.4271336916803111	0.06229324341558338	0.28002789975711645	0.09686971024556017
EXO1_0_dirichlet_train1.12	0.06341303286516975	0.6492429189171596	0.12713179814023418	0.08430595445914155	0.07590629561829501
RNF168_0_dirichlet_train1.17	0.1913276536576316	0.45279991068065395	0.09937740193730857	0.070026211638973	0.18646882208543286
EXO1_0_dirichlet_train1.13	0.07603495759062259	0.6643490216042628	0.03037064266655727	0.10041977063989463	0.12882560749866262
RNF168_0_dirichlet_train1.18	0.01104639822683718	0.6190309494824018	0.11497830045615791	0.09336135667294923	0.1615829951616539
EXO1_0_dirichlet_train1.14	0.20804968290601822	0.4945841166198125	0.16231713521156646	0.13504906526260296	1.6327372236076142e-198
RNF168_0_dirichlet_train1.19	0.14727237476524876	0.48126971196489177	0.10382549105861633	0.1145974313600834	0.1530349908511597
RNF168_0_dirichlet_train1.20	0.060999176815430226	0.33313024193097585	0.14024586605105258	0.14906202715584488	0.3165626880466965
EXO1_0_dirichlet_train1.15	0.19711596092236838	0.4667128299901402	0.015088243771469466	0.21229934656723815	0.10878361874878374
RNF168_0_dirichlet_train1.21	0.054515806421144626	0.6926812398770641	0.03991267424024984	0.07401843781849624	0.1388718416430452
RNF168_0_dirichlet_train1.22	0.04935900091117797	0.6118999655067003	0.08302379219459824	0.1688771453106935	0.08684009607683005
EXO1_0_dirichlet_train1.16	0.11553037892169023	0.6773772599393538	0.0725523766004433	0.053884555848060074	0.08065542869045234
EXO1_0_dirichlet_train1.17	0.13545263821765777	0.5224505251523521	3.66e-322	0.15528869892026653	0.18680813770972346
RNF168_0_dirichlet_train1.23	2.426e-321	0.5492076387553292	0.041997681424622346	0.09323576943056353	0.3155589103894848
EXO1_0_dirichlet_train1.18	0.08346473622728898	0.5269780286916429	0.06687772450672824	0.11832315986300375	0.20435635071133615
RNF168_0_dirichlet_train1.24	0.09825808504990653	0.5475408833399005	0.07591473899668261	0.15393582687649346	0.12435046573701704
RNF168_0_dirichlet_train1.25	0.013280444744434816	0.6576694633718313	0.12282176197068527	0.20622832991304862	5.76366553223231e-200
RNF168_0_dirichlet_train1.26	0.15108311583970427	0.47125982706656677	0.0382637221826041	0.0801083279538269	0.25928500695729795
RNF168_0_dirichlet_train1.27	0.1043671548383646	0.47977975075680135	0.0137071089534413	0.2353772875322002	0.16676869791919258
RNF168_0_dirichlet_train1.28	0.00022623441956977174	0.5458304107247778	0.0835435530771213	0.30602590083247105	0.06437390094606023
EXO1_0_dirichlet_train1.19	0.11245418949840102	0.45782574905446394	8.05e-322	0.18302846851646812	0.24669159293066695
RNF168_0_dirichlet_train1.29	4.037e-321	0.6759616170758925	0.052411928904355164	0.09515793829678583	0.17646851572296662
EXO1_0_dirichlet_train1.20	0.2797352720654474	0.461046801797228	2.125271429956201e-178	0.14199885607845916	0.1172190700588656
RNF168_0_dirichlet_train1.30	0.12686395837553452	0.5279459188575043	0.05863896111983834	0.28655116164712263	9.075873295460737e-236
RNF168_0_dirichlet_train1.31	0.00522410319693489	0.7408993506276034	0.02772800146272349	0.0768041926641909	0.14934435204854749
RNF168_0_dirichlet_train1.32	0.08640339083573055	0.4645328983881504	0.09495747306631155	0.2553762965144982	0.0987299411953094
RNF168_0_dirichlet_train1.33	0.10994679177135781	0.5377755815095655	0.09031322779267097	0.14000566021663485	0.12195873870977082
EXO1_0_dirichlet_train1.21	0.1017605060543273	0.4615239209341272	0.17575311048556969	0.22416190413736256	0.03680055838861334
RNF168_0_dirichlet_train1.34	0.14291895318860826	0.6161806055921609	0.057306008895191045	0.15124357096224572	0.032350861361793944
EXO1_0_dirichlet_train1.22	0.2236848077354565	0.4946106093903361	0.014718106477008087	0.07789416228578085	0.18909231411141847
EXO1_0_dirichlet_train1.23	0.17042755444472327	0.5522919654264514	0.01072704242703505	0.14403061233851164	0.12252282536327858
RNF168_0_dirichlet_train1.35	0.10201000862786794	0.2763569744429637	0.09765271865969745	0.25059706430694834	0.2733832339625228
RNF168_0_dirichlet_train1.36	0.1405798115142019	0.589049815536957	0.14901392309844416	0.06908636354948115	0.052270086300915626
EXO1_0_dirichlet_train1.24	2.28e-321	0.741558712017072	0.023193878518929616	0.09728319642730987	0.13796421303668846
RNF168_0_dirichlet_train1.37	0.1058105378479859	0.6318216936664964	0.06361698495746919	0.07811386684522988	0.12063691668281877
EXO1_0_dirichlet_train1.25	0.04056103905182506	0.7048578610837845	0.019476833456875352	0.02583002924461013	0.2092742371629051
RNF168_0_dirichlet_train1.38	0.08334620019240892	0.5070285137089803	0.12947654014989424	0.11070833949066093	0.1694404064580558
EXO1_0_dirichlet_train1.26	0.013343131341303988	0.7615350208951569	0.06354403779978744	0.02504951814372916	0.13652829182002257
EXO1_0_dirichlet_train1.27	0.05933291835471501	0.6019168399864756	0.01965831185313162	0.2528835507742045	0.06620837903147325
EXO1_0_dirichlet_train1.28	0.13135178632584962	0.6904081815558933	0.0791409133756027	0.09909911874265434	2.1589053115793036e-80
EXO1_0_dirichlet_train1.29	0.04850608312901036	0.6129614887855661	0.07400012148966176	0.14499140179608866	0.11954090479967314
EXO1_0_dirichlet_train1.30	0.09447152549010929	0.6804135997861653	0.014209815794206587	0.07268310906691047	0.13822194986260816
RNF168_0_dirichlet_train1.39	0.3256397047495634	0.29912291516751155	0.01382269354477859	0.08334568185189287	0.27806900468625373
RNF168_0_dirichlet_train1.40	0.1378243752739225	0.5667587578497248	0.08040714249099747	0.13145025127568066	0.08355947310967451
EXO1_0_dirichlet_train1.31	0.05574111070548905	0.5294789882870309	0.122575600588167	0.09402854217971339	0.19817575823959988
EXO1_0_dirichlet_train1.32	0.24203756316530242	0.50507379800784	0.04012394053146068	0.10242148320909154	0.1103432150863054
EXO1_0_dirichlet_train1.33	0.05294193380195029	0.6480045870989343	0.14864093695715505	0.0920563141476184	0.05835622799434182
RNF168_0_dirichlet_train1.41	0.15668195495569098	0.5316739107514257	0.05665786412639166	0.08406328899534964	0.17092298117114196
RNF168_0_dirichlet_train1.42	0.04999600388237148	0.5409882594410975	0.05066575302989298	0.08467013558265342	0.27367984806398465
EXO1_0_dirichlet_train1.34	0.20359666680735952	0.6000608878680275	0.00582518657620717	0.13712639333415863	0.05339086541424708
RNF168_0_dirichlet_train1.43	2.84e-321	0.6411968972775279	0.052139436867899354	0.04117783502689473	0.265485830827678
EXO1_0_dirichlet_train1.35	0.12436738503131536	0.574430850260055	0.007040824593160744	0.11327082604745388	0.1808901140680149
EXO1_0_dirichlet_train1.36	0.06396960482727175	0.481791324479953	0.13691697899498934	0.19481018007813009	0.12251191161965579
RNF168_0_dirichlet_train1.44	0.03673995820467312	0.5744673283761833	0.07414901857186693	0.19601610136854059	0.11862759347873619
EXO1_0_dirichlet_train1.37	0.02993152369202918	0.5911641724034004	0.053669414811102885	0.0965763764031789	0.22865851269028856
RNF168_0_dirichlet_train1.45	0.06473328808628702	0.6243553445918628	0.0266484277073272	0.06461961542747176	0.2196433241870512
RNF168_0_dirichlet_train1.46	0.061866448129196484	0.4894742333745614	0.020997410981689765	0.25933840825779964	0.16832349925675272
RNF168_0_dirichlet_train1.47	0.11061254791159097	0.5855945838018666	0.17310360014596649	0.0032548578893950015	0.12743441025118082
RNF168_0_dirichlet_train1.48	0.023314390606253853	0.5858371859162035	0.1699555353707562	0.18415409599507956	0.03673879211170689
RNF168_0_dirichlet_train1.49	0.030997334180911426	0.6942213805355227	0.010112160346332168	0.09364882096695289	0.1710203039702809
RNF168_0_dirichlet_train1.50	0.14763830087179894	0.5185314258961391	0.023458670054249224	0.26019874627432366	0.050172856903489084
EXO1_0_dirichlet_train1.38	5.379991393573471e-09	0.4554058096170719	0.12847310243569093	0.15293598574477713	0.2631850968224687
RNF168_0_dirichlet_train1.51	0.1843433088628864	0.4684463596058507	0.12410864585319514	0.06899912142601866	0.15410256425204916
RNF168_0_dirichlet_train1.52	0.28133266950961244	0.23387148362160642	0.1926374208377781	0.10390527925541662	0.18825314677558644
EXO1_0_dirichlet_train1.39	0.06958167128983621	0.6812737894670552	9.6e-322	0.08736188895701698	0.16178265028609176
EXO1_0_dirichlet_train1.40	0.07094003462565517	0.702808824699384	0.04558632655219126	0.027962176650980077	0.15270263747178947
RNF168_0_dirichlet_train1.53	7.95e-322	0.6318541989836338	0.051194190712796545	0.07345943358739881	0.24349217671617088
EXO1_0_dirichlet_train1.41	0.0634165083794078	0.6345322606472081	0.10710654935199819	0.10261322046496156	0.09233146115642422
EXO1_0_dirichlet_train1.42	0.1696819081053881	0.6418002939857412	0.11147729298227763	0.042454419144780826	0.034586085781812215
RNF168_0_dirichlet_train1.54	3.7e-322	0.2923894733858563	0.062364623938088684	0.38780858072200686	0.2574373219540483
OGG1_0_dirichlet_train1	1.793e-321	0.009735261318123885	0.6742312893150342	0.1314533238994179	0.18458012546742414
UNG_0_dirichlet_train1	0.15148900843186322	0.09874844112489349	0.041310815530475116	0.32468545093623724	0.3837662839765308
UNG_0_dirichlet_train1.1	0.13428180372450974	0.08626554556351157	0.11820890277782559	0.2514561046910641	0.40978764324308914
UNG_0_dirichlet_train1.2	0.08160156260352466	0.05581620429098594	0.1136124289065881	0.398775550736838	0.35019425346206323
OGG1_0_dirichlet_train1.1	8.4e-322	0.10586956203386128	0.5367250904934294	0.27106156613525006	0.08634378133745933
UNG_0_dirichlet_train1.3	0.16556247804602792	0.0995158885898539	0.09886703016654223	0.31826469926487455	0.3177899039327016
OGG1_0_dirichlet_train1.2	8.35e-322	0.04924194228660001	0.6533330655679735	0.08465618705534286	0.21276880509008356
OGG1_0_dirichlet_train1.3	6.7e-322	1.1435214429248961e-23	0.5221779217779987	0.14123599079864746	0.3365860874233539
UNG_0_dirichlet_train1.4	0.020379773525218307	0.07673109526287006	0.12227470610891349	0.36094298302083344	0.41967144208216467
UNG_0_dirichlet_train1.5	1.83e-321	0.028233757504233223	0.16939084294250112	0.44491340687294056	0.3574619926803252
OGG1_0_dirichlet_train1.4	1.186e-321	6.4e-322	0.8331911186148673	0.10221946956938686	0.064589411815746
OGG1_0_dirichlet_train1.5	2.84e-321	5.336e-321	0.7214559960170502	0.16390161498377098	0.11464238899917885
UNG_0_dirichlet_train1.6	0.18903079680236815	0.19609763072926217	0.1006569459181368	0.15229340956426923	0.3619212169859637
UNG_0_dirichlet_train1.7	0.1726990537078932	6.110794683560829e-216	0.09660467807115233	0.36455152177060646	0.366144746450348
UNG_0_dirichlet_train1.8	0.22080028075513056	0.0014795894193844266	0.21166591013200303	0.2102673486928445	0.35578687100063733
OGG1_0_dirichlet_train1.6	9.24e-322	4.52e-321	0.8260140264556715	0.06974154416193439	0.10424442938239413
UNG_0_dirichlet_train1.9	0.09283943520425691	5.383341e-317	0.023710469396784093	0.262080653731057	0.6213694416679019
OGG1_0_dirichlet_train1.7	1.14e-321	0.006060073677121481	0.5972988479903378	0.24590342505592938	0.15073765327661134
UNG_0_dirichlet_train1.10	0.15894251522129477	0.06653185827155923	0.08029610310615853	0.25027719901334183	0.44395232438764554
OGG1_0_dirichlet_train1.8	0.07291817106192211	3.814e-321	0.7693306868272616	0.0770510968076204	0.08070004530319598
UNG_0_dirichlet_train1.11	0.11629286105162655	2.1811276285629715e-170	0.09198534590487631	0.281096648448804	0.5106251445946931
OGG1_0_dirichlet_train1.9	0.054215637984253544	0.11990423573781848	0.6813114042683478	0.025175300628958574	0.11939342138062155
OGG1_0_dirichlet_train1.10	1.655e-321	0.039110166764700804	0.7248138194057684	1.43e-322	0.23607601382953095
OGG1_0_dirichlet_train1.11	0.10164263317383496	0.08532501571081422	0.5682045403493586	0.16600662840609476	0.0788211823598974
UNG_0_dirichlet_train1.12	0.10871106478155994	0.22408428366783373	0.16800383113523087	0.18578218081460254	0.313418639600773
UNG_0_dirichlet_train1.13	0.12196926696916534	0.14189473961531845	0.08284610380049663	0.2997828122389821	0.3535070773760375
UNG_0_dirichlet_train1.14	0.0758158426808981	0.07747821762269418	0.0787667280018724	0.3094571055518394	0.4584821061426958
OGG1_0_dirichlet_train1.12	3.5e-322	0.0905980584117157	0.5843170419698656	0.013753937495787157	0.3113309621226316
OGG1_0_dirichlet_train1.13	1.7611966351293013e-156	0.011619279039629619	0.7524080182737369	0.02875895771256111	0.20721374497407224
UNG_0_dirichlet_train1.15	0.07528500252202518	1.86e-321	0.054427706986854715	0.4127100325001506	0.4575772579909694
UNG_0_dirichlet_train1.16	0.28183386074441835	0.003906800131447681	0.03380682658082265	0.34924021569116026	0.3312122968521509
UNG_0_dirichlet_train1.17	0.22950194484634878	0.03096948779889371	0.2743691365966275	0.17465868976181104	0.29050074099631906
OGG1_0_dirichlet_train1.14	0.0798893781020774	2.406e-321	0.4831262716886323	0.10843462589801797	0.32854972431127233
UNG_0_dirichlet_train1.18	0.06581116602917134	0.07949038613290044	0.07208835179191508	0.44554337883003425	0.33706671721597886
OGG1_0_dirichlet_train1.15	8.3e-322	0.015185856186719535	0.6378019572731877	0.23449681349434826	0.1125153730457445
UNG_0_dirichlet_train1.19	0.3249981663393912	3.9784904713539833e-137	0.01871310372853651	0.22274918249698805	0.43353954743508427
OGG1_0_dirichlet_train1.16	3.56e-322	0.04413091521533414	0.5246034283944826	0.18401873913538258	0.24724691725480064
UNG_0_dirichlet_train1.20	0.20735030378632677	0.07234216234099031	0.12470896583325436	0.20043887364747268	0.39515969439195586
UNG_0_dirichlet_train1.21	0.2528048244120253	0.010762744184613926	0.1668889041227169	0.317764119953857	0.2517794073267869
OGG1_0_dirichlet_train1.17	0.022145652227826124	1.68e-321	0.4441493083945045	0.29260994409895796	0.24109509527871134
UNG_0_dirichlet_train1.22	0.17345913877981384	1.517e-321	6.4e-322	0.4499505657047629	0.3765902955154233
UNG_0_dirichlet_train1.23	0.4584858151556419	4.45e-322	0.06616963883168035	0.19299237700584193	0.28235216900683585
UNG_0_dirichlet_train1.24	0.14272043548708255	0.05303833732596632	0.11518370896950936	0.2628005213356613	0.4262569968817804
OGG1_0_dirichlet_train1.18	4e-322	0.02569892323830267	0.6075822012987162	2.1686566580722557e-202	0.36671887546298104
UNG_0_dirichlet_train1.25	0.2383708786003121	0.13035510721256913	0.0008634973327764097	0.38753754821277486	0.24287296864156738
OGG1_0_dirichlet_train1.19	0.04674429373774518	1.452131159993121e-230	0.6649431890955154	0.09077102524403763	0.1975414919227018
UNG_0_dirichlet_train1.26	0.17187666485348144	0.13707902926697513	0.08496375221557019	0.29215315433937594	0.31392739932459734
OGG1_0_dirichlet_train1.20	3.06e-322	2.036e-321	0.570249813777529	0.007375926279089235	0.4223742599433816
UNG_0_dirichlet_train1.27	0.2411309982720126	1.77e-321	0.04495455206888286	0.22588813073977076	0.4880263189193338
OGG1_0_dirichlet_train1.21	0.0009491237566699696	0.0673201849592874	0.5763809173363431	1.606e-321	0.3553497739476994
OGG1_0_dirichlet_train1.22	0.003425557086581282	0.13148722377446867	0.6574998604221971	0.037689089906625735	0.16989826881012707
UNG_0_dirichlet_train1.28	0.23617434499876785	0.11404628663733189	0.14503576197955428	0.2275916263884341	0.2771519799959119
UNG_0_dirichlet_train1.29	0.05941836564789908	0.0625368018952558	0.2491636150158223	0.3120145114022689	0.316866706038754
OGG1_0_dirichlet_train1.23	1.28e-321	0.05130295063872923	0.682512849477527	0.06789939064862886	0.19828480923511502
OGG1_0_dirichlet_train1.24	0.05708021354601545	0.1034743047506058	0.6485394700842441	0.19090601161913476	9.44e-322
OGG1_0_dirichlet_train1.25	3.1e-322	1.047e-321	0.5876718736865385	4.9e-322	0.41232812631346155
OGG1_0_dirichlet_train1.26	0.0713981330191783	0.006725421661382201	0.5870211757308905	0.010116420950228284	0.3247388486383206
UNG_0_dirichlet_train1.30	0.019013576561697287	0.04352706518168676	0.004682880911754705	0.4247746727499401	0.5080018045949212
OGG1_0_dirichlet_train1.27	3.0702628835731934e-237	0.05728953500200784	0.8565763202471264	0.06544738675307867	0.020686757997787058
OGG1_0_dirichlet_train1.28	1.07e-321	0.1247300651297386	0.497976134773253	0.05352829050631945	0.3237655095906889
UNG_0_dirichlet_train1.31	0.2209395698006443	0.11525980533248675	0.04035780299899245	0.5234578769823776	0.09998494488549906
UNG_0_dirichlet_train1.32	0.04704937182813344	0.0701203628920318	0.0374874068406632	0.2872951130271659	0.5580477454120055
UNG_0_dirichlet_train1.33	0.04772477004009523	0.045577796120029206	0.11794494312007066	0.33199406270892984	0.45675842801087496
OGG1_0_dirichlet_train1.29	0.09911865720691582	0.19136621337408205	0.5141485230491705	0.05263177898153321	0.14273482738829849
OGG1_0_dirichlet_train1.30	8.1e-322	8.102816218883494e-200	0.6467238165875018	0.2610000627254364	0.09227612068706165
UNG_0_dirichlet_train1.34	0.22349755936672308	0.11326407786418007	0.10462457718584384	0.24007945682730036	0.31853432875595256
OGG1_0_dirichlet_train1.31	1.09e-321	4.15e-321	0.4214198460704188	0.2054351550869842	0.37314499884259694
UNG_0_dirichlet_train1.35	0.15117637260232666	2.673e-321	0.15558968831226344	0.15535746393643377	0.5378764751489761
UNG_0_dirichlet_train1.36	0.12258178371629316	0.11488858113219443	0.04287756232202348	0.32626160917756564	0.3933904636519233
UNG_0_dirichlet_train1.37	0.17924729470944442	0.06171357594183342	0.060199972473333585	0.3349905537507599	0.36384860312462874
OGG1_0_dirichlet_train1.32	0.08894890951348139	0.020142866345621364	0.591769141312686	0.19554117688688374	0.10359790594132744
UNG_0_dirichlet_train1.38	0.08897755624161974	0.11127262034781976	0.04942734417835248	0.15484286731425578	0.5954796119179522
OGG1_0_dirichlet_train1.33	1.25e-321	1.2700514049000936e-166	0.617024911135039	0.2684245283533126	0.11455056051164841
OGG1_0_dirichlet_train1.34	0.027735512523750654	0.07986788548853213	0.5722064173467243	0.04793696669709694	0.2722532179438962
OGG1_0_dirichlet_train1.35	7.16e-322	0.05907506718974525	0.5992929728573795	0.006870093154205526	0.33476186679867
OGG1_0_dirichlet_train1.36	8.7e-322	0.011443744023248098	0.781521280832443	0.05386888089423068	0.15316609425007824
OGG1_0_dirichlet_train1.37	0.0008723596668981343	0.05969391785972884	0.5792080029056439	0.12767753047205	0.2325481890956791
OGG1_0_dirichlet_train1.38	3e-322	1.02e-321	0.5908650186403358	5.93e-322	0.4091349813596642
UNG_0_dirichlet_train1.39	0.1923001516623909	0.03719366674681848	0.09334357745995152	0.08774018266933649	0.5894224214615027
OGG1_0_dirichlet_train1.39	3.36e-322	2.836e-321	0.5958535531589788	3.824324374595872e-277	0.4041464468410212
UNG_0_dirichlet_train1.40	0.10334977176194682	4.773e-321	0.11314163486159352	0.1953212598641236	0.5881873335123361
OGG1_0_dirichlet_train1.40	3.95e-322	0.023233252281999395	0.7298479958479933	1.37e-321	0.24691875187000725
OGG1_0_dirichlet_train1.41	7.500222121403474e-72	0.0033303281394211313	0.7324473216824071	0.0017373780257149143	0.2624849721524568
UNG_0_dirichlet_train1.41	0.2786067191582194	0.045959892690114634	0.0035986496787023072	0.20041717587694347	0.4714175625960202
OGG1_0_dirichlet_train1.42	0.06466055065931613	2.584e-321	0.5406696984055046	0.1057161094773923	0.288953641457787
UNG_0_dirichlet_train1.42	0.10571974513037283	0.09765762610734899	0.18305779666523103	0.33969667402677284	0.27386815807027415
OGG1_0_dirichlet_train1.43	3.29e-321	0.04678029463977453	0.8508426718486197	0.03545877980888738	0.06691825370271828
OGG1_0_dirichlet_train1.44	2.217931346380307e-143	0.03375351920735625	0.5832792521672128	0.2436333505902409	0.13933387803519004
OGG1_0_dirichlet_train1.45	5.168182513718684e-144	0.053460779525494544	0.6059478742819959	0.3023422891571974	0.03824905703531197
OGG1_0_dirichlet_train1.46	1.047e-321	0.06817403956458831	0.4446535397309494	0.005313256308530488	0.4818591643959318
UNG_0_dirichlet_train1.43	0.2801579517787748	0.013304776075010249	0.2517278299712507	0.11584323361126701	0.3389662085636974
OGG1_0_dirichlet_train1.47	7.76e-322	3.12e-321	0.5983139386502083	0.21590816819117536	0.1857778931586163
OGG1_0_dirichlet_train1.48	0.05057670472627294	1.2e-321	0.6249019400152386	0.2466879019836337	0.07783345327485479
OGG1_0_dirichlet_train1.49	1.117e-321	0.10402630189321395	0.50544311534587	0.15241159835284368	0.23811898440807236
OGG1_0_dirichlet_train1.50	2.614e-321	0.01681857700777387	0.6706182230601729	0.043431877805639695	0.26913132212641344
UNG_0_dirichlet_train1.44	0.23605411734801857	0.0435465387561422	0.15314640021456444	0.26297400118121345	0.3042789425000614
OGG1_0_dirichlet_train1.51	1.403e-321	0.07976402822146984	0.7229861961919368	4.1201884890673093e-303	0.19724977558659335
OGG1_0_dirichlet_train1.52	0.12839365086285445	5.445e-321	0.7379120684774613	0.0994923452025887	0.03420193545709536
ATP2B4_0_dirichlet_train1	0.1267928742495162	0.23004513449644526	0.22698995400337887	0.20781088506357615	0.20836115218708362
ATP2B4_1_dirichlet_train1	0.141195470052171	0.14784544265101518	0.5391306454744383	0.1289006733375904	0.042927768484785064
ATP2B4_0_dirichlet_train1.1	1.151419817141696e-227	0.07602562684501367	0.2083442337345042	0.448941191512791	0.26668894790769104
ATP2B4_1_dirichlet_train1.1	0.09002475148685124	0.09987362652068232	0.3598370902444267	0.36460164454063704	0.08566288720740263
ATP2B4_1_dirichlet_train1.2	0.1625800976181971	0.20751301997250265	0.2641662472408494	0.3657406351684508	3.171457765357488e-194
ATP2B4_1_dirichlet_train1.3	0.054940368338421725	1.877e-321	0.37824241834630934	0.4882553012667459	0.07856191204852306
ATP2B4_0_dirichlet_train1.2	0.028327681941135396	0.3511218724008929	0.18665043875485077	0.348664893200897	0.08523511370222384
ATP2B4_1_dirichlet_train1.4	0.2806660335722799	0.08141919393956817	0.30987693299271546	0.30567457036565243	0.022363269129784154
ATP2B4_0_dirichlet_train1.3	0.04825785456477823	0.22570172448552708	0.20601355550376957	0.5200268654459251	1.06e-321
ATP2B4_0_dirichlet_train1.4	0.12037116419486212	0.11251683509873367	0.2532714690740063	0.2751585696765372	0.2386819619558607
ATP2B4_0_dirichlet_train1.5	0.04408209449393876	0.16702532578195387	0.26235036536057993	0.2708735244605277	0.2556686899029997
ATP2B4_0_dirichlet_train1.6	0.07984281257161242	0.14433427581286715	0.305029102152964	0.3474002741706228	0.12339353529193348
ATP2B4_1_dirichlet_train1.5	1.03e-321	0.10385840407402179	0.27743945775470413	0.4461686930676123	0.17253344510366175
ATP2B4_0_dirichlet_train1.7	0.2372079692846248	0.08716375442729037	0.10999286076968946	0.3283789650793032	0.23725645043909221
ATP2B4_1_dirichlet_train1.6	0.2768344047602084	0.020079142583842153	0.33969790655652365	0.36338854609942584	3.06e-322
ATP2B4_1_dirichlet_train1.7	0.08226553553767553	0.1596885019973141	0.2779674657132293	0.48007849675178094	3.16e-322
ATP2B4_1_dirichlet_train1.8	0.0026321810981537997	0.19467794107952263	0.5078643333326777	0.2948255444896459	7.7e-322
ATP2B4_1_dirichlet_train1.9	0.12555887756295186	6.101301162073206e-245	0.20348218602236928	0.37915811273269706	0.2918008236819819
ATP2B4_1_dirichlet_train1.10	0.17551691564617336	0.057135404582297496	0.40949912190426707	0.3121479524617687	0.04570060540549344
ATP2B4_1_dirichlet_train1.11	0.0991811343775639	0.11837612104652559	0.3933279097037825	0.3266376527051419	0.06247718216698595
ATP2B4_1_dirichlet_train1.12	0.02086568673642391	3.597e-321	0.5171662644191155	0.46196804884446047	7.2e-322
ATP2B4_1_dirichlet_train1.13	0.00709145875165542	0.3240583708167079	0.29141579734075973	0.377434373090877	5.3e-322
ATP2B4_0_dirichlet_train1.8	0.0722171310516236	0.11401177051560596	0.2166240068019625	0.2710204244161117	0.3261266672146962
ATP2B4_1_dirichlet_train1.14	0.02292908990463823	0.07863885630397485	0.41958458061093074	0.39251799562531514	0.08632947755514113
ATP2B4_1_dirichlet_train1.15	0.16036579821895136	0.16108574887908264	0.30278822835785046	0.36392018005723403	0.011840044486881564
ATP2B4_0_dirichlet_train1.9	0.12477148578851581	0.24366313288339078	0.2873204340979052	0.2209927804289272	0.123252166801261
ATP2B4_0_dirichlet_train1.10	2.134e-321	0.1406668691121056	0.3160972199841115	0.35850303882750345	0.18473287207627948
ATP2B4_0_dirichlet_train1.11	0.08402895626586572	0.18759904716706935	0.2815915946860209	0.23913393692961998	0.20764646495142414
ATP2B4_1_dirichlet_train1.16	0.20051151750356427	0.19599537996472413	0.193658300101507	0.40983480243020454	1.23e-321
ATP2B4_0_dirichlet_train1.12	1.01e-321	0.2609278454321793	0.25854979966125874	0.2602199244527919	0.22030243045377013
ATP2B4_0_dirichlet_train1.13	0.0651772012994233	0.2321400807321518	0.20128459963316894	0.30759981278639414	0.1937983055488618
ATP2B4_0_dirichlet_train1.14	1.724e-321	0.26245980751244885	0.12751915520490775	0.31318226464726817	0.29683877263537517
ATP2B4_0_dirichlet_train1.15	2.45e-321	0.26573496043430056	0.22852308738787094	0.3461622599066507	0.15957969227117758
ATP2B4_1_dirichlet_train1.17	0.10244223092864357	0.16958058165837753	0.3917459570145304	0.2459272122455242	0.09030401815292427
ATP2B4_1_dirichlet_train1.18	3.79e-321	0.010634326407511203	0.4778829263079	0.5114827472845888	4e-322
ATP2B4_1_dirichlet_train1.19	0.03619800894856759	0.036508702090616976	0.32867529689365677	0.5986179920671586	4.1e-322
ATP2B4_1_dirichlet_train1.20	0.1292851384664508	0.20581533325153323	0.17286091717957794	0.35764732942797606	0.13439128167446185
ATP2B4_0_dirichlet_train1.16	0.004529896493026089	0.17032105693478314	0.2773658957602248	0.4385524495930313	0.10923070121893477
ATP2B4_1_dirichlet_train1.21	0.06583650914048358	0.06053303443498369	0.27568682470916234	0.5979436317153703	1.482329426747689e-216
ATP2B4_1_dirichlet_train1.22	0.020770497410527323	0.169614937072966	0.2684345918481834	0.38903141864135016	0.1521485550269731
ATP2B4_0_dirichlet_train1.17	1.89e-321	0.09845052941488845	0.2444340304681116	0.38833605748246613	0.2687793826345338
ATP2B4_0_dirichlet_train1.18	0.045482105975578904	0.09234338051068246	0.0911214586462269	0.4987977358783646	0.27225531898914723
ATP2B4_1_dirichlet_train1.23	0.16368922843300626	0.037776994046032776	0.311949877178712	0.4865839003422491	1.047e-321
ATP2B4_1_dirichlet_train1.24	0.11384646412166312	0.14089952638791348	0.5199192739206104	0.2108509724655573	0.014483763104255802
ATP2B4_0_dirichlet_train1.19	1.65e-321	0.2658394098577754	0.19173548512701608	0.26331272143723616	0.2791123835779723
ATP2B4_1_dirichlet_train1.25	3.7e-321	0.1675914670126912	0.3461750960802841	0.31915867558410305	0.16707476132292157
ATP2B4_0_dirichlet_train1.20	0.027913218614115682	0.205595440220782	0.1803243699824541	0.28576414073889084	0.3004028304437574
ATP2B4_0_dirichlet_train1.21	0.120065602497769	0.05118680245277934	0.3013691263218967	0.3010566080252394	0.2263218607023155
ATP2B4_0_dirichlet_train1.22	0.002952728160588299	0.2811470854319141	0.2759603141802811	0.2984283827809362	0.1415114894462803
ATP2B4_0_dirichlet_train1.23	0.17440320360547137	0.21233309547960616	0.18262865028537142	0.28923098296874117	0.14140406766081
ATP2B4_0_dirichlet_train1.24	0.0016828300346135778	0.2675528781756566	0.3662020509048648	0.23336876826475528	0.13119347262010966
ATP2B4_1_dirichlet_train1.26	0.22239755799641867	7.598428213953428e-293	0.2447990391488828	0.5328034028546986	7.1e-322
ATP2B4_0_dirichlet_train1.25	0.01094189882135679	0.1244773623566957	0.17270099692066815	0.25977717981841253	0.4321025620828669
ATP2B4_1_dirichlet_train1.27	0.0014027621859827924	0.14378827921741935	0.3950854833067913	0.4597234752898067	5.5e-322
ATP2B4_0_dirichlet_train1.26	0.07667874843069242	0.1602394594647844	0.22856852539953154	0.36331713477917726	0.17119613192581432
ATP2B4_1_dirichlet_train1.28	0.03392131064906431	0.21033995545390072	0.3244067425767881	0.4313319913202469	5.4e-322
ATP2B4_0_dirichlet_train1.27	0.05364279684972108	0.018613275542711017	0.13650527106887633	0.5376633143775504	0.25357534216114125
ATP2B4_1_dirichlet_train1.29	0.08564933852156187	0.1339519037004107	0.41172105146186266	0.3629054707618695	0.0057722355542952734
ATP2B4_0_dirichlet_train1.28	2.767e-321	0.07432119201803414	0.4444422023291558	0.4812366056528101	2.6e-322
ATP2B4_0_dirichlet_train1.29	7.36e-322	0.13744639851925197	0.40002449127853523	0.46252911020221266	1.3108886780798026e-247
ATP2B4_0_dirichlet_train1.30	7.27330564917588e-17	0.22741967280094758	0.20444794574693645	0.32720781776816554	0.24092456368395038
ATP2B4_0_dirichlet_train1.31	0.03938502470522938	0.19865890425103852	0.17973252774956872	0.21807661965366612	0.3641469236404973
ATP2B4_1_dirichlet_train1.30	0.09552584239258746	0.14267966547534158	0.2884528623903521	0.42511677659016134	0.04822485315155745
ATP2B4_1_dirichlet_train1.31	0.09910874315798691	0.23678184414833842	0.34125123130165214	0.2564657766966596	0.06639240469536291
ATP2B4_1_dirichlet_train1.32	0.024293945803334396	0.052795974919974516	0.5032341444132852	0.4196759348634059	1.5734996309433241e-65
ATP2B4_0_dirichlet_train1.32	0.12269599109464313	0.14868329928764054	0.270663945930884	0.4506656333131367	0.00729113037369571
ATP2B4_0_dirichlet_train1.33	0.041874961292246236	0.0553932013519902	0.2971144458162099	0.39428690677599076	0.21133048476356298
ATP2B4_0_dirichlet_train1.34	0.14593770410381807	0.20645962420676783	0.1519639227131408	0.3918334536642831	0.10380529531199008
ATP2B4_0_dirichlet_train1.35	0.0956028915421394	0.013798232003390852	0.4328499595140065	0.4577489169404634	1.067e-321
ATP2B4_1_dirichlet_train1.33	0.06894581068946884	0.18581147822783428	0.27097972863203196	0.474262982450665	1.83e-322
ATP2B4_1_dirichlet_train1.34	0.09171692911682013	0.06388597108819688	0.47543240150914745	0.3689646982858356	7e-322
ATP2B4_1_dirichlet_train1.35	0.13582310254759408	0.1006112418583075	0.2867352023108754	0.47683045328322304	3.3e-322
ATP2B4_1_dirichlet_train1.36	0.04611331965578254	0.0030341755538296814	0.46384911545084706	0.4870033893395407	2.47e-322
ATP2B4_0_dirichlet_train1.36	0.09666430217254497	0.24929502967246894	0.20055645251604995	0.4225458008279763	0.030938414810959824
ATP2B4_0_dirichlet_train1.37	4.1869811271906273e-81	0.0943279540384845	0.20195070423952996	0.478908500357463	0.22481284136452254
ATP2B4_1_dirichlet_train1.37	0.16704864531919458	0.12328895070307185	0.3922154350995004	0.31744696887823326	1.6663465745672467e-20
ATP2B4_1_dirichlet_train1.38	0.11169900422803504	0.028111805377617913	0.43362442790198763	0.4265647624923595	1.17e-321
ATP2B4_1_dirichlet_train1.39	0.15565672733886352	0.04049653464989401	0.3198779043378511	0.44677215501242196	0.03719667866096956
ATP2B4_1_dirichlet_train1.40	0.27364304467632633	1.413e-321	0.29769532406553084	0.42866163125814283	6.8e-322
ATP2B4_1_dirichlet_train1.41	0.14857910124432666	0.11474868965529127	0.389888462194641	0.34678374690574115	4.8e-322
ATP2B4_1_dirichlet_train1.42	0.07220551138483543	0.1338597395044149	0.4878827998226284	0.3060519492881214	1.8037235565184432e-25
ATP2B4_0_dirichlet_train1.38	0.006881586773124587	0.24011451810454526	0.28791182403980614	0.40761938190990965	0.05747268917261435
ATP2B4_0_dirichlet_train1.39	9.6e-322	0.2554562112185066	0.3553550127475842	0.25660376485541747	0.13258501117849172
ATP2B4_0_dirichlet_train1.40	0.04730349151148107	0.2024311121582299	0.1948715572602995	0.3697566087813414	0.1856372302886482
ATP2B4_1_dirichlet_train1.43	0.08112043766242269	0.020043138333033044	0.29197814529416616	0.6022611225847108	0.004597156125667349
ATP2B4_0_dirichlet_train1.41	0.04655787895888961	0.09124428874997925	0.4618692147004442	0.2830547761075808	0.11727384148310614
ATP2B4_0_dirichlet_train1.42	8.8e-322	0.11873015397066287	0.1731896913416822	0.3322323995949165	0.3758477550927384
ATP2B4_0_dirichlet_train1.43	0.05172671251149387	0.22784060351746152	0.30290668515489205	0.2786591914303706	0.13886680738578194
ATP2B4_0_dirichlet_train1.44	0.12724803615930855	1.5276787088923914e-276	0.2780352592252921	0.4405359560185914	0.15418074859680786
ATP2B4_1_dirichlet_train1.44	3.5143394542030336e-265	0.25062331656658243	0.33248557405555007	0.3824400490664789	0.03445106031138867
ATP2B4_0_dirichlet_train1.45	0.03375341142351767	0.26547407923109706	0.3254445977337802	0.23525607054527814	0.14007184106632697
ATP2B4_1_dirichlet_train1.45	0.12141826211219094	0.2123620802134511	0.429215002502763	0.18355245762980918	0.0534521975417858
ATP2B4_0_dirichlet_train1.46	7.6e-322	0.24524428780790883	0.1310202031086271	0.35273779120865423	0.2709977178748098
ATP2B4_0_dirichlet_train1.47	0.09997078513315705	0.02991087463901144	0.23626616262682634	0.27738723393419723	0.3564649436668079
ATP2B4_0_dirichlet_train1.48	6.97e-322	0.21302920605179215	0.21971526806685074	0.4441653716614946	0.12309015421986254
ATP2B4_1_dirichlet_train1.46	0.23332588865428572	0.11911840899095638	0.34099644063895607	0.2899673932265298	0.016591868489271962
ATP2B4_1_dirichlet_train1.47	0.06366794865763156	0.0772474184529848	0.23409038310504934	0.6249942497843343	1.6e-322
ATP2B4_1_dirichlet_train1.48	1.08e-321	0.27968202417094795	0.33802964603111013	0.38228832979794203	2.9443445168174193e-127
PMS1_0_dirichlet_train1	0.2941795384600744	4.6e-321	0.32073086267440587	0.3425436761564845	0.04254592270903537
MSH6_1_dirichlet_train1	0.7473865406604334	0.1571336139802631	0.03585255493745377	6.7e-322	0.05962729042184989
MSH6_0_dirichlet_train1	0.8135092773362764	3.587e-321	2.35e-321	0.12023817823583384	0.06625254442788969
MSH2_0_dirichlet_train1	0.7469079917854043	4.4e-322	0.012422845121614921	0.14508205576168315	0.09558710733129745
MSH6_0_dirichlet_train1.1	0.7589141412378201	0.029492150938073357	9.24e-322	0.03834058109665687	0.17325312672744966
MLH1_0_dirichlet_train1	0.8494361987800474	1.117e-321	0.0232444444378356	0.018812592789949716	0.10850676399216731
MSH6_1_dirichlet_train1.1	0.8799010259237465	4.758563971295937e-157	0.03683198611364586	0.05176499388958673	0.03150199407302083
MLH1_0_dirichlet_train1.1	0.7519657429940153	0.23695943926402083	4.55e-322	1.65e-321	0.011074817741963864
PMS1_0_dirichlet_train1.1	0.1707201071336439	2.446e-321	0.24543276605859615	0.5437500870876902	0.040097039720069796
PMS1_0_dirichlet_train1.2	0.021885743529516954	0.09846271025964907	0.17815101197696204	0.3405674534774304	0.3609330807564417
MSH6_1_dirichlet_train1.2	0.9547010157580702	8.586336601628308e-220	0.037925310899086725	0.0059463603462362935	0.001427312996606834
MSH6_1_dirichlet_train1.3	0.7377755504200321	0.06748546744451196	2.925e-321	0.14266028970848146	0.05207869242697444
PMS1_0_dirichlet_train1.3	0.22154486720766442	0.04831473756154801	0.17069440631273572	0.3009192499489226	0.25852673896912925
PMS1_0_dirichlet_train1.4	0.1590186034272427	0.10269114569716539	0.17150000881830088	0.21078622010546175	0.3560040219518291
PMS2_0_dirichlet_train1	0.41437481955128813	0.5156528773931033	0.028646298070915416	0.041326004984693285	1.013e-321
MSH6_1_dirichlet_train1.4	0.6623306009959391	0.2019927140949041	0.04471552626146128	0.08177212070198589	0.009189037945709575
MSH6_0_dirichlet_train1.2	0.8150473731029118	0.07322394385380893	0.00290051106184332	0.10882817198143593	6.051476148379393e-146
PMS1_0_dirichlet_train1.5	0.0920138445490943	1.16e-321	0.2577390514295995	0.522760178179049	0.12748692584225732
PMS1_0_dirichlet_train1.6	0.12383059711216245	1.71e-321	0.13855061347007647	0.5586979453238303	0.1789208440939306
PMS1_0_dirichlet_train1.7	0.15421932749542516	0.13968707204382094	0.1679647442883408	0.38594632177242594	0.15218253439998708
