Samples	SBS96A	SBS96B	SBS96C	SBS96D	SBS96E
EXO1_0_real_train1	0.0613220524171459	0.5864355201386616	0.0960242744909237	0.025599687247545005	0.23061846570572367
OGG1_0_real_train1	0.8240661873068208	0.011568435688190085	0.08218677005731101	0.060585021920429326	0.021593585027248736
RNF168_0_real_train1	0.09059079324709529	0.5790751267353065	0.14257624227394355	0.007698363793538239	0.18005947395011637
UNG_0_real_train1	0.12183747782141661	0.08350352059465595	0.2569357862381124	1.6357091617619423e-223	0.5377232153458151
ATP2B4_0_real_train1	0.274067915181777	0.15796862593150374	0.40051219265100846	0.010964839754331124	0.15648642648137964
ATP2B4_1_real_train1	0.3391530162935536	0.03241693673361831	0.5074456590983645	0.12098438787446344	1.0170085115543118e-95
MLH1_0_real_train1	0.0057163533331294775	2.5289729633276556e-212	1.7408911921557405e-131	0.8076289244367949	0.18665472223007545
MSH2_0_real_train1	0.0016747152753516857	4.13e-321	0.06054445712053424	0.7624190902659983	0.17536173733811566
MSH6_0_real_train1	0.011345257901457845	0.009276475208732675	0.027966006948773364	0.8194219349581171	0.1319903249829192
MSH6_1_real_train1	0.02679337316457415	0.0204862434724433	0.0009475212406636484	0.8334500187364071	0.11832284338591166
PMS1_0_real_train1	0.1778126301377363	4.735581235641085e-298	0.48599374732987666	0.16040065482189456	0.1757929677104926
PMS2_0_real_train1	0.027747968659186485	0.5140380851563785	0.024791511980136786	0.4334224342042983	1.22e-321
EXO1_0_multinomial_train1	0.08426487650634054	0.6172814100482736	0.05034769684814216	0.01186563607204618	0.23624038052519752
RNF168_0_multinomial_train1	0.09027507622955083	0.5423807498772127	0.20260120634782655	0.005269206891618072	0.15947376065379193
RNF168_0_multinomial_train1.1	0.10082285323209762	0.5819643235448086	0.20292426115175866	1.4e-321	0.114288562071335
EXO1_0_multinomial_train1.1	0.07658870832893563	0.5774401490664209	0.06437011945553274	0.0899164908502083	0.19168453229890253
RNF168_0_multinomial_train1.2	0.08946488708615052	0.5663493669063947	0.21740441882769748	0.05815565811477951	0.06862566906497775
RNF168_0_multinomial_train1.3	0.09413768780068767	0.5063528523254313	0.14967757775506085	0.033874656887805665	0.2159572252310145
RNF168_0_multinomial_train1.4	0.11110312681617936	0.5289602133487017	0.17886498244440613	0.04397585080066486	0.13709582659004804
RNF168_0_multinomial_train1.5	0.02124466891038957	0.5656477221046449	0.21896234699208372	2.18e-321	0.19414526199288196
RNF168_0_multinomial_train1.6	0.10408073302584692	0.5306845509670574	0.11529847713459651	8.1605294061955e-287	0.24993623887249944
RNF168_0_multinomial_train1.7	0.06478910708374354	0.5911511098863999	0.1051817730903103	0.0196971112916709	0.21918089864787546
RNF168_0_multinomial_train1.8	0.132434972340812	0.6117027159354037	0.1037043766662299	0.008641806346860065	0.14351612871069425
EXO1_0_multinomial_train1.2	0.030644899628826303	0.5794479314708217	0.15565563154905038	0.011058487110087598	0.22319305024121405
EXO1_0_multinomial_train1.3	0.09513474808338858	0.6387068571194222	0.02437598505134381	0.04808169700086109	0.19370071274498418
RNF168_0_multinomial_train1.9	0.07457768843808543	0.6097818646935476	0.14343854784453822	3.014e-321	0.17220189902382882
EXO1_0_multinomial_train1.4	0.0561951944086923	0.5904018357131068	0.10229681878939302	0.0028718530518489884	0.24823429803695912
EXO1_0_multinomial_train1.5	0.06791251649863743	0.5812585178513223	0.08491389050442459	0.03361617640344092	0.23229889874217483
EXO1_0_multinomial_train1.6	0.05838268785394392	0.5918549942975319	0.09156986840132564	1.4291694063417937e-90	0.2581924494471986
EXO1_0_multinomial_train1.7	0.0731820874511329	0.5896796644323727	0.052142157506831786	0.02889771979471552	0.2560983708149471
EXO1_0_multinomial_train1.8	0.05647511912885322	0.5244877676060111	0.12678914531377586	0.025437362091544055	0.2668106058598158
RNF168_0_multinomial_train1.10	0.16717895656796955	0.5213664300533891	0.06550738486363447	1.7071520027635322e-205	0.24594722851500678
EXO1_0_multinomial_train1.9	0.04634163984218925	0.6482193056739032	0.06863460103885567	0.05706925677244451	0.1797351966726076
RNF168_0_multinomial_train1.11	0.04342349930265917	0.55552408781759	0.17138978040337527	0.014691784451351643	0.21497084802502395
RNF168_0_multinomial_train1.12	0.08511456790246731	0.5723624059817234	0.15704944735200693	0.05803395518835623	0.12743962357544616
EXO1_0_multinomial_train1.10	0.04227566117695695	0.5980449238322453	0.08831595315555119	0.028968766906340336	0.24239469492890642
EXO1_0_multinomial_train1.11	0.06686904537886731	0.5606547082185976	0.07598796048773071	0.03768957863018858	0.2587987072846157
RNF168_0_multinomial_train1.13	0.08212665241278372	0.573202414336745	0.06934772145970587	0.16273972355239372	0.11258348823837164
RNF168_0_multinomial_train1.14	0.09115969296207306	0.5515619346628765	0.1702420208631088	0.026343137706864767	0.160693213805077
RNF168_0_multinomial_train1.15	0.08081630451107925	0.581019392974928	0.07112776729177132	0.0278536802947557	0.23918285492746583
RNF168_0_multinomial_train1.16	0.10784332263767961	0.5454904731161541	0.1579672628789603	0.02100632908123607	0.16769261228597018
EXO1_0_multinomial_train1.12	0.08984454430102526	0.6072575273828924	0.08771687764574615	0.003928994540859939	0.21125205612947603
RNF168_0_multinomial_train1.17	0.07577600714344532	0.5110882537902778	0.1909731045798947	0.031064474087458185	0.1910981603989241
EXO1_0_multinomial_train1.13	0.08644639793221179	0.5825077161562296	0.08764552044429476	0.006425812756739587	0.23697455271052423
RNF168_0_multinomial_train1.18	0.11667937663000762	0.5456816950115293	0.19904997290296783	1.3447573234697574e-306	0.13858895545549518
EXO1_0_multinomial_train1.14	0.07486794525569967	0.58340244017675	0.06680888919141396	0.022793222551824747	0.25212750282431173
RNF168_0_multinomial_train1.19	0.08766335448781756	0.656212063360785	0.07700793772094264	0.02224833878865165	0.15686830564180326
RNF168_0_multinomial_train1.20	0.027193565045419893	0.5985097546082285	0.12644865320326298	2.966365364639996e-119	0.2478480271430884
EXO1_0_multinomial_train1.15	0.061943707153714854	0.574792320848107	0.09493509310399205	0.023079724132998435	0.2452491547611875
RNF168_0_multinomial_train1.21	0.12964462965973078	0.5517533438916384	0.09990453866802028	0.009170920139495964	0.20952656764111466
RNF168_0_multinomial_train1.22	0.10136502765997117	0.4698625885087947	0.1841970050900833	0.04079411600394092	0.20378126273720987
EXO1_0_multinomial_train1.16	0.04490705337793542	0.5555669783150057	0.10209588875083236	0.0201182361084771	0.2773118434477494
EXO1_0_multinomial_train1.17	0.04731979334483694	0.6052499762358289	0.09713625054131689	0.027004894749324927	0.22328908512869217
RNF168_0_multinomial_train1.23	0.0929852553139752	0.640630958391678	0.0684408434352824	3.30419422343015e-05	0.19790990091683006
EXO1_0_multinomial_train1.18	0.05093662982837817	0.532915998279176	0.11768815155314576	0.031363375665442714	0.2670958446738572
RNF168_0_multinomial_train1.24	0.05900212807535108	0.6399189297717348	0.16777183605638835	0.0002609376054071602	0.1330461684911185
RNF168_0_multinomial_train1.25	0.058210110500513446	0.5848302495189603	0.19884638732773902	0.006232796689697675	0.15188045596308936
RNF168_0_multinomial_train1.26	0.05756441620007101	0.6139389796620601	0.12226212544699286	2.816e-321	0.20623447869087583
RNF168_0_multinomial_train1.27	0.13394383462074383	0.4764423810608236	0.21247595301058286	0.0019240484370133507	0.17521378287083622
RNF168_0_multinomial_train1.28	0.06241916607835574	0.6053337558429649	0.13700876597294256	0.02424895779351717	0.17098935431221962
EXO1_0_multinomial_train1.19	0.041861628293704156	0.5509632763821708	0.12693989109140683	0.0553455085977565	0.22488969563496172
RNF168_0_multinomial_train1.29	0.05449720143846117	0.5852085794619948	0.13633736098769836	0.020910106778380528	0.20304675133346517
EXO1_0_multinomial_train1.20	0.06471683489408671	0.5687392088088835	0.10483503804950847	0.026221264666355822	0.2354876535811656
RNF168_0_multinomial_train1.30	0.0877288432604564	0.591089451387061	0.15241252382876996	0.00429619091904274	0.1644729906046697
RNF168_0_multinomial_train1.31	0.06885018513895606	0.5610592630532031	0.17536448393555917	0.023289963172286574	0.17143610469999523
RNF168_0_multinomial_train1.32	0.0850731671246458	0.6225849229408056	0.13298427960866793	0.01446074999528155	0.14489688033059928
RNF168_0_multinomial_train1.33	0.06150515316278075	0.5200981170370932	0.23637886801763622	1.023e-321	0.1820178617824899
EXO1_0_multinomial_train1.21	0.06529408610815465	0.5953979400027053	0.06292984004563555	8.499951254832677e-179	0.2763781338435046
RNF168_0_multinomial_train1.34	0.0858796968814236	0.6964112127865364	0.08064455257699014	7.26e-322	0.13706453775504984
EXO1_0_multinomial_train1.22	0.06612914930789573	0.6118299521593986	0.07579604272527905	0.034635430258502624	0.2116094255489238
EXO1_0_multinomial_train1.23	0.06013520502133265	0.5788114574800886	0.11394201208335553	0.005332753812508011	0.24177857160271524
RNF168_0_multinomial_train1.35	0.09125426276006574	0.5348239702179909	0.1149285539837396	1.9579413704749247e-135	0.2589932130382037
RNF168_0_multinomial_train1.36	0.0855495643792914	0.5556230698524849	0.19920798037579723	0.0024062398429133725	0.15721314554951324
EXO1_0_multinomial_train1.24	0.0658916132836185	0.6143167215848452	0.1322857915055523	0.021028114833924912	0.16647775879205912
RNF168_0_multinomial_train1.37	0.06414855144227859	0.5738518781322339	0.15675697819969633	5.438062495960042e-267	0.20524259222579097
EXO1_0_multinomial_train1.25	0.07530356471610669	0.5496798803977919	0.10911467781312276	0.049507165620185645	0.2163947114527929
RNF168_0_multinomial_train1.38	0.09640645543916058	0.6447269697251865	0.15108817000253322	2.490961986774e-312	0.10777840483311973
EXO1_0_multinomial_train1.26	0.04103434877986618	0.6134665341031882	0.10828707944618515	0.033803586850395854	0.2034084508203645
EXO1_0_multinomial_train1.27	0.04771003685297679	0.602885946691341	0.12432326813234744	0.0022275810119352416	0.22285316731139942
EXO1_0_multinomial_train1.28	0.04976973088107103	0.5966855497126122	0.11592785908133524	0.004145242370527077	0.23347161795445434
EXO1_0_multinomial_train1.29	0.06239283091975556	0.5988861007773605	0.11118849010633487	0.007964647597507077	0.21956793059904187
EXO1_0_multinomial_train1.30	0.03532936869091577	0.5890200489508516	0.14024277902357696	1.8143278842743612e-48	0.23540780333465575
RNF168_0_multinomial_train1.39	0.11528666079410768	0.5754791987953707	2.075e-321	9.762781220602178e-267	0.3092341404105216
RNF168_0_multinomial_train1.40	0.13950831316765155	0.5530609676035907	0.18489000821806076	1.1023813947830155e-303	0.12254071101069701
EXO1_0_multinomial_train1.31	0.04942763576587675	0.5620794225365103	0.10345746276823663	0.04554703303902377	0.23948844589035245
EXO1_0_multinomial_train1.32	0.07292830726301065	0.5877012836036664	0.07960493438730307	0.04146448321327713	0.21830099153274263
EXO1_0_multinomial_train1.33	0.07449240598403566	0.603592067599301	0.06253191564887198	0.026395057364839145	0.23298855340295244
RNF168_0_multinomial_train1.41	0.09148379834822509	0.6272902702783323	0.14701171785836673	2.095e-321	0.13421421351507587
RNF168_0_multinomial_train1.42	0.08437535450159014	0.6275434018224142	0.14493858257157075	3.0902082583638566e-62	0.14314266110442495
EXO1_0_multinomial_train1.34	0.06603248331393463	0.588034058680848	0.08234883394982569	0.021386703220688214	0.24219792083470348
RNF168_0_multinomial_train1.43	0.09608547366544781	0.5489275357341503	0.16424260772172358	1.947e-321	0.19074438287867837
EXO1_0_multinomial_train1.35	0.07400755631943128	0.5673393733027521	0.12476166785663133	0.005651184050058138	0.2282402184711272
EXO1_0_multinomial_train1.36	0.05517885566397001	0.5762550948699847	0.09305609511049547	0.005708173842894744	0.2698017805126551
RNF168_0_multinomial_train1.44	0.10342364955106047	0.5779760155885199	0.17313769114698802	2.89e-321	0.1454626437134319
EXO1_0_multinomial_train1.37	0.0723856978092436	0.6000835940963267	0.04338981244256088	0.015147726338337653	0.26899316931353123
RNF168_0_multinomial_train1.45	0.08342684827013731	0.5616838647452691	0.1965674230600903	2.673e-321	0.15832186392450326
RNF168_0_multinomial_train1.46	0.09783354051145578	0.6244066670796411	0.10157465358022494	1.0581953122017528e-171	0.1761851388286782
RNF168_0_multinomial_train1.47	0.03422292619218266	0.5975022014912543	0.20867487490864225	0.013349188739385325	0.14625080866853557
RNF168_0_multinomial_train1.48	0.025790604714355465	0.5698843196807732	0.25025709793983414	2.2e-321	0.15406797766503721
RNF168_0_multinomial_train1.49	0.10079698202652095	0.5383240929312394	0.1337828231357388	0.01923064520256132	0.20786545670393955
RNF168_0_multinomial_train1.50	0.07925298839623182	0.5470080930985063	0.10532150938045012	0.026968787620990333	0.2414486215038213
EXO1_0_multinomial_train1.38	0.08750570393270335	0.617032652181719	0.08210655526716344	0.005660511447845986	0.20769457717056813
RNF168_0_multinomial_train1.51	0.055011437734828375	0.5758462052564534	0.20440940303922006	0.018494689555345566	0.14623826441415275
RNF168_0_multinomial_train1.52	0.09365800089122772	0.5365260724000223	0.09193920293037466	0.08123732326455202	0.19663940051382325
EXO1_0_multinomial_train1.39	0.08379260190748432	0.5409763599019372	0.06270842210506404	0.05370098230520902	0.25882163378030554
EXO1_0_multinomial_train1.40	0.07854156293567385	0.5723726604815402	0.07516103688310978	0.04328849990252474	0.23063623979715137
RNF168_0_multinomial_train1.53	0.11137419209194324	0.5725523214125094	0.15943889255603336	0.005112252564099821	0.15152234137541407
EXO1_0_multinomial_train1.41	0.02187227136271536	0.5705175198207343	0.14297238433067047	0.057288184551284156	0.20734963993459568
EXO1_0_multinomial_train1.42	0.0439929268985681	0.588452301989072	0.1398219298282739	0.002388223265610019	0.22534461801847605
RNF168_0_multinomial_train1.54	0.12223276741919904	0.5156515528308283	0.19304980174736805	1.37e-321	0.16906587800260464
OGG1_0_multinomial_train1	0.8220168696419364	1.2238351660915943e-80	0.12452603175751167	0.02284560854724451	0.030611490053307447
UNG_0_multinomial_train1	0.11662457757819965	0.013082829714747968	0.19753276736916123	0.04962054892959766	0.6231392764082935
UNG_0_multinomial_train1.1	0.1583541807460708	0.06632740261683533	0.2827136272799473	0.014688725100028499	0.4779160642571182
UNG_0_multinomial_train1.2	0.14047849605965718	0.08514247659750397	0.23311579591981013	1.784e-321	0.5412632314230287
OGG1_0_multinomial_train1.1	0.8085715510599275	0.0030841638296836937	0.06994273684796734	0.10420090768325158	0.014200640579169815
UNG_0_multinomial_train1.3	0.14187153791620682	0.1498603393270513	0.20127963443626826	0.019786552355895416	0.48720193596457817
OGG1_0_multinomial_train1.2	0.8514557995973909	0.011052935883366264	3.538904860882788e-285	0.10181249266495097	0.035678771854291816
OGG1_0_multinomial_train1.3	0.8825724773142269	0.026319112722210724	0.016133832158759687	0.05458290870857115	0.02039166909623144
UNG_0_multinomial_train1.4	0.11198677086500884	0.025229574960867307	0.3421532410639992	1.81e-321	0.5206304131101247
UNG_0_multinomial_train1.5	0.09750814078976332	0.09431235528024819	0.24544480493952725	8.35e-322	0.5627346989904612
OGG1_0_multinomial_train1.4	0.9230774024361889	3.57e-321	6.658934807093844e-129	0.07551487742963107	0.0014077201341801148
OGG1_0_multinomial_train1.5	0.8587654210059936	0.01637990816136885	1.3280588116745005e-167	0.12485467083263761	2.252215182119487e-75
UNG_0_multinomial_train1.6	0.1277221146300332	0.12013497218235292	0.08009482102921935	4.2140775556059847e-169	0.6720480921583945
UNG_0_multinomial_train1.7	0.2404415150111458	0.05009551734547172	0.16186900118445027	0.06254224509488741	0.48505172136404473
UNG_0_multinomial_train1.8	0.08694490847672726	1.5326415007959506e-183	0.33313213727277363	1.12e-321	0.5799229542504993
OGG1_0_multinomial_train1.6	0.8571884709807182	7.468398012673958e-165	0.010089490012029554	0.0760252947151869	0.056696744292065365
UNG_0_multinomial_train1.9	0.10640953120074431	0.10445123973145978	0.2541458661725156	2.179044275388881e-14	0.5349933628952588
OGG1_0_multinomial_train1.7	0.8478568960749253	4.414249767807692e-06	0.08757363442225814	0.05894181147124767	0.0056232437818010675
UNG_0_multinomial_train1.10	0.07810424139788963	0.06858372727591032	0.37656505257454775	5.43e-322	0.4767469787516524
OGG1_0_multinomial_train1.8	0.7672073523207694	0.09062431800954933	0.04933192748048734	2.74e-321	0.09283640218919387
UNG_0_multinomial_train1.11	0.11233357877261461	0.05127520963109233	0.35012349063695597	1.917e-321	0.4862677209593371
OGG1_0_multinomial_train1.9	0.8397566093097818	9.801638686664818e-98	0.0897478449907542	0.06470684304355806	0.005788702655905981
OGG1_0_multinomial_train1.10	0.8147016315160661	2.22e-321	0.12925933079602844	0.0560390376879054	2.729385157073868e-79
OGG1_0_multinomial_train1.11	0.8954033002413802	0.002716572563669826	4.099453060597411e-24	0.10188012719495003	9.73993410384377e-28
UNG_0_multinomial_train1.12	0.0594448985961508	0.12837093865367288	0.2723139375156261	7.76e-322	0.5398702252345502
UNG_0_multinomial_train1.13	0.1166089384131481	0.06720141922218367	0.26713501115708477	1.59e-321	0.5490546312075832
UNG_0_multinomial_train1.14	0.06361196623837936	0.111516159318103	0.278322546804791	2.124e-321	0.5465493276387265
OGG1_0_multinomial_train1.12	0.8841850466768321	0.012283101267289424	8.004084816145463e-215	0.0754897773446162	0.028042074711262265
OGG1_0_multinomial_train1.13	0.8054550933150021	5.385e-321	0.09743254160416613	0.037694566455816175	0.05941779862501561
UNG_0_multinomial_train1.15	0.12080257782886031	8.38139766292009e-43	0.3560579321850777	0.01786639422770266	0.5052730957583593
UNG_0_multinomial_train1.16	0.1734566310309861	0.07231286043218044	0.23403502227903528	2.204e-321	0.5201954862577982
UNG_0_multinomial_train1.17	0.15850558637017112	0.06806946333056833	0.18974070727296521	1.107e-321	0.5836842430262954
OGG1_0_multinomial_train1.14	0.8353506880051397	9.683399467961912e-86	0.114177726297703	0.05047158569715743	1.374e-321
UNG_0_multinomial_train1.18	0.07877327381562402	0.0028257050791106863	0.4217966553823786	7.444477056040892e-188	0.4966043657228867
OGG1_0_multinomial_train1.15	0.7764871196559778	0.038602747233927835	0.1202318179043919	0.06467831520570237	4.9608704535073175e-58
UNG_0_multinomial_train1.19	0.12275965059278246	0.04676777185511674	0.3065992516681953	0.026894599103216957	0.49697872678068866
OGG1_0_multinomial_train1.16	0.8190834399829661	0.01064596343049112	0.06845736855375328	0.047594002010611126	0.05421922602217851
UNG_0_multinomial_train1.20	0.12315179291710433	0.05954282978555531	0.25090013705032066	1.2833580352721803e-30	0.5664052402470197
UNG_0_multinomial_train1.21	0.13372455502094796	0.10340402839259942	0.205443137207886	0.05154686006818954	0.505881419310377
OGG1_0_multinomial_train1.17	0.8742637851016325	3.627095751297248e-52	0.008127948950254035	0.09714378532242875	0.020464480625684848
UNG_0_multinomial_train1.22	0.07060757688020916	3.038087547836839e-173	0.37523790559698655	4.8139052e-316	0.5541545175228043
UNG_0_multinomial_train1.23	0.04380554927268379	0.011069118820011868	0.4501190717757651	0.008057899888822865	0.48694836024271626
UNG_0_multinomial_train1.24	0.137713290786161	0.07431632401498835	0.2495596368024407	1.5628284564960513e-97	0.53841074839641
OGG1_0_multinomial_train1.18	0.7862280255857669	0.01606792086206156	0.1408588585077891	0.02331953103581862	0.03352566400856378
UNG_0_multinomial_train1.25	0.13811678586734905	0.09934970632351169	0.3363686935441111	8.4e-322	0.4261648142650283
OGG1_0_multinomial_train1.19	0.8216478796044397	0.014360448025191663	0.050107236202135516	0.09597234009417634	0.01791209607405675
UNG_0_multinomial_train1.26	0.08943217398797922	4.5568188368650356e-191	0.2632685448096306	0.0990288286001503	0.5482704526022399
OGG1_0_multinomial_train1.20	0.7655567273893853	0.040300404679089914	0.1289118043508221	0.06523106358070259	6.181668595915248e-225
UNG_0_multinomial_train1.27	0.10440014865182225	0.10149013486330985	0.35279356165142	1.245e-321	0.4413161548334479
OGG1_0_multinomial_train1.21	0.7075070520195696	5.084e-321	0.22932153698708518	0.06317141099334515	8.429875506097267e-129
OGG1_0_multinomial_train1.22	0.8210493787974265	0.03479040062024441	0.1018532746450406	0.00497990654564513	0.0373270393916435
UNG_0_multinomial_train1.28	0.11390569306520794	0.08531088957133373	0.17583003991636853	8.4e-322	0.6249533774470899
UNG_0_multinomial_train1.29	0.1465210489553758	0.015189805990588987	0.27605563592569154	1.5388542619369182e-50	0.5622335091283437
OGG1_0_multinomial_train1.23	0.8740017684686182	4.783e-321	0.05095763283772702	0.07504059869365462	3.964948043913884e-283
OGG1_0_multinomial_train1.24	0.8362126416250406	2.085e-321	0.0499228485199751	0.11386450985498439	2.06e-321
OGG1_0_multinomial_train1.25	0.7317560932631608	0.0513212307046864	0.19010650960699754	0.026816166425155153	7.280864807740626e-172
OGG1_0_multinomial_train1.26	0.8318518826092335	2.62e-321	0.14230982106858514	0.02583829632218133	2.984e-321
UNG_0_multinomial_train1.30	0.15517659058957914	0.0003349374953683183	0.24074981619635552	1.4093631126171444e-52	0.6037386557186971
OGG1_0_multinomial_train1.27	0.8375608427252669	5.845001928580008e-143	0.08315027064812362	0.07928888662660964	7.350204813261783e-242
OGG1_0_multinomial_train1.28	0.7911211879433574	0.023216133668679573	0.10533616282269684	0.06043489876912132	0.01989161679614482
UNG_0_multinomial_train1.31	0.11308827883290054	0.04564641935381021	0.39165081176177	1.6020768695099136e-73	0.4496144900515193
UNG_0_multinomial_train1.32	0.16123157611569705	0.05518861497590632	0.16085002873039128	2.46e-321	0.6227297801780054
UNG_0_multinomial_train1.33	0.09247073046805264	0.07652286292398236	0.2763284274228809	8.1e-322	0.5546779791850841
OGG1_0_multinomial_train1.29	0.7599892207091288	0.01402287166956903	0.18870005102220686	0.03232480631598261	0.004963050283112652
OGG1_0_multinomial_train1.30	0.7918968282043285	2.62e-321	0.11690295164537348	0.09120022015029808	9.372523626380391e-67
UNG_0_multinomial_train1.34	0.15276487300455102	0.0647059113553441	0.20217626560749732	0.019890580688539192	0.5604623693440683
OGG1_0_multinomial_train1.31	0.7990762002742381	2.5432926669557562e-195	0.11818010396900455	0.0827436957567573	3.113e-321
UNG_0_multinomial_train1.35	0.13271982712486988	0.15667163950138477	0.13792387195309913	0.036575146769442145	0.536109514651204
UNG_0_multinomial_train1.36	0.0950132815305354	0.05511520024866604	0.3305269910676857	8.4e-322	0.5193445271531129
UNG_0_multinomial_train1.37	0.08142444679204032	0.10564958638934942	0.1926518292836872	1.09e-321	0.620274137534923
OGG1_0_multinomial_train1.32	0.8010526630553125	0.04086718110406802	0.029353821372479175	0.0743032493690517	0.05442308509908854
UNG_0_multinomial_train1.38	0.10718894665526989	0.12601469570170923	0.2909391152500258	4.844400992012201e-31	0.4758572423929951
OGG1_0_multinomial_train1.33	0.75696518170904	0.0100936471383274	0.1741117690960141	0.04045297144024254	0.018376430616375974
OGG1_0_multinomial_train1.34	0.8022452780605022	0.022908841531524428	0.0958785789082907	0.04225914315160777	0.03670815834807516
OGG1_0_multinomial_train1.35	0.7973845110402775	1.387085839868657e-51	0.12107501847380304	0.08154047048591942	1.817142048455423e-204
OGG1_0_multinomial_train1.36	0.8886934029940192	0.01788923804468831	0.01531895397736015	0.039848944896022885	0.038249460087909505
OGG1_0_multinomial_train1.37	0.8328522965570959	3.7411536116107975e-136	0.13511381560190938	0.01587822183496065	0.01615566600603411
OGG1_0_multinomial_train1.38	0.856469647748226	3.95e-321	0.05757182437362129	0.07460536041712436	0.011353167461028215
UNG_0_multinomial_train1.39	0.08766548935489968	0.012167458029804706	0.3174845709315309	0.024652738395021224	0.5580297432887436
OGG1_0_multinomial_train1.39	0.7599918588916851	1.5766961435383826e-164	0.11215223358627947	0.11672084516914541	0.011135062352890178
UNG_0_multinomial_train1.40	0.0509834606771938	0.1232278025512391	0.27878290227839786	1.0933924150756648e-201	0.5470058344931692
OGG1_0_multinomial_train1.40	0.7947794623653913	1.693153204061495e-287	0.12943677044564794	0.07578376718896065	1.81e-321
OGG1_0_multinomial_train1.41	0.8752556465156118	0.05372137881153752	8.923302837149101e-40	0.026773706990194854	0.04424926768265573
UNG_0_multinomial_train1.41	0.09834144108680432	0.1733792849904029	0.21775766537490632	1.78e-321	0.5105216085478863
OGG1_0_multinomial_train1.42	0.8441775751624566	0.002281117404296326	0.09229134208583632	0.03401430437430694	0.02723566097310389
UNG_0_multinomial_train1.42	0.04414500148177777	0.10455726591883144	0.32720571844623897	1.29e-321	0.5240920141531518
OGG1_0_multinomial_train1.43	0.8340269683579837	0.026097636274517683	0.08718003003722359	0.05269536533027506	2.1948151873169784e-183
OGG1_0_multinomial_train1.44	0.7725827201722101	0.05072714317336873	0.1273185392354779	0.020050626998841938	0.02932097042010137
OGG1_0_multinomial_train1.45	0.8079942984225834	4.146654937168505e-288	0.158606737367801	0.03339896420954014	7.5349969946199e-14
OGG1_0_multinomial_train1.46	0.7622716820395576	0.00794212586354693	0.19090392576957976	0.0335261023294878	0.0053561639978279224
UNG_0_multinomial_train1.43	0.1568957643331513	4.624e-321	0.2554299204122843	0.04122645445822282	0.5464478607963414
OGG1_0_multinomial_train1.47	0.7897519358049905	0.03983792066392271	0.12596993788775196	0.044440205643335014	9.689070735884754e-139
OGG1_0_multinomial_train1.48	0.7794393581985166	2.78e-321	0.12498497822765102	0.06631857023747734	0.029257093336355088
OGG1_0_multinomial_train1.49	0.790652666236898	0.029740314164392993	0.1294778354620672	0.04469545713957246	0.005433726997069328
OGG1_0_multinomial_train1.50	0.8373001433136845	4.203061329e-314	0.0481205708864888	0.10331414069972178	0.011265145100104961
UNG_0_multinomial_train1.44	0.16195922866838502	0.12313618199851316	0.16869994522204698	0.030077460497630822	0.516127183613424
OGG1_0_multinomial_train1.51	0.803766886750671	0.06907738644057099	6.394402829796066e-56	0.07398027407453328	0.053175452734224735
OGG1_0_multinomial_train1.52	0.8662804858024884	0.02224150742181801	0.024571220334523955	0.05859958652781732	0.02830719991335239
ATP2B4_0_multinomial_train1	0.3061304062424429	0.11088347805753233	0.3138232857485421	0.10242370259121379	0.16673912736026889
ATP2B4_1_multinomial_train1	0.28934369672679916	0.02162645183571448	0.501698151010713	0.10931507551925719	0.07801662490751618
ATP2B4_0_multinomial_train1.1	0.24119028906124626	0.1878763011902166	0.44401681165731555	2.2712949979305794e-22	0.12691659809122163
ATP2B4_1_multinomial_train1.1	0.3634996554716777	0.06373374001418278	0.510672452736741	0.05337473469710208	0.008719417080296454
ATP2B4_1_multinomial_train1.2	0.40985318861552206	0.0702232964710642	0.43208645308070126	0.08783706183271234	7.103164137140774e-298
ATP2B4_1_multinomial_train1.3	0.21378134667749848	0.0617921699800548	0.6528600046370318	0.06485115816020819	0.006715320545206917
ATP2B4_0_multinomial_train1.2	0.25657752450748983	0.20213347655001482	0.39170453360908764	9.34e-322	0.1495844653334076
ATP2B4_1_multinomial_train1.4	0.41916854388851077	1.803e-321	0.459407291955403	0.1214241641560861	1.3079686673811294e-213
ATP2B4_0_multinomial_train1.3	0.2079772377510518	0.20907016596861103	0.4462280917701613	1.087e-321	0.13672450451017598
ATP2B4_0_multinomial_train1.4	0.23516941447017484	0.10439651570724419	0.45452142123007067	0.015391839516862555	0.19052080907564786
ATP2B4_0_multinomial_train1.5	0.2712754912044224	0.10623971517150098	0.42216083114495606	0.026331917221700592	0.17399204525742
ATP2B4_0_multinomial_train1.6	0.24736060458258533	0.15852691910385838	0.39512463136695	1.2451208521949618e-62	0.1989878449466064
ATP2B4_1_multinomial_train1.5	0.47752076962755363	0.059562521830845504	0.33988981163920146	0.12302689690239942	2.540699355879645e-165
ATP2B4_0_multinomial_train1.7	0.3429602987144721	0.09302281413604618	0.35841424060745997	0.063423499922444	0.14217914661957767
ATP2B4_1_multinomial_train1.6	0.46813575210800273	2.0006637365915902e-79	0.39519384109153266	0.13667040680046455	8.35e-322
ATP2B4_1_multinomial_train1.7	0.3855225791366931	4.195e-321	0.4513276953828722	0.1463103175936517	0.016839407886783064
ATP2B4_1_multinomial_train1.8	0.25756018362484084	7.060264167749576e-06	0.5377375367554533	0.19183872663678936	0.01285649271874877
ATP2B4_1_multinomial_train1.9	0.40612128332077707	0.08514623388395257	0.4062869361589134	0.09262427872447722	0.009821267911879672
ATP2B4_1_multinomial_train1.10	0.3634290851927959	0.09130559770588767	0.39679625999747037	0.14846905710384606	1.2483195408789294e-249
ATP2B4_1_multinomial_train1.11	0.3114372821184849	2.1976547766517555e-40	0.5589238729808284	0.12963883895668532	5.944001335448687e-09
ATP2B4_1_multinomial_train1.12	0.3151917667643162	0.016400660237974422	0.5495599168853135	0.1188476561123959	1.3086426638294457e-307
ATP2B4_1_multinomial_train1.13	0.37067496862494775	0.06068404132723801	0.5110415069567611	0.057599483091053276	2.3491141440737534e-223
ATP2B4_0_multinomial_train1.8	0.23633218337349932	0.21026784297851409	0.4234694809176418	0.03568194153811493	0.09424855119222976
ATP2B4_1_multinomial_train1.14	0.4427698322364406	0.0018633188337556165	0.35083716004173143	0.13068427892143236	0.07384540996663982
ATP2B4_1_multinomial_train1.15	0.359401490825084	0.0828565810808799	0.42282646297189974	0.11556868468561607	0.0193467804365203
ATP2B4_0_multinomial_train1.9	0.30351077474844823	0.1286870100565518	0.31801300769950946	0.04585232058102551	0.20393688691446502
ATP2B4_0_multinomial_train1.10	0.2225143869608628	0.14660783369875668	0.5218843511370573	1.19e-321	0.10899342820332317
ATP2B4_0_multinomial_train1.11	0.22011147537342446	0.13603191335192913	0.4841543680628022	0.06864306947904245	0.09105917373280174
ATP2B4_1_multinomial_train1.16	0.4099249914495073	2.26e-321	0.4183530451411934	0.1631391384306828	0.008582824978616368
ATP2B4_0_multinomial_train1.12	0.24024514494605387	0.242182072962706	0.3458232607521967	0.0018705288028307003	0.16987899253621278
ATP2B4_0_multinomial_train1.13	0.20469725721024823	0.22835867989588843	0.39811943727700516	2.717e-321	0.1688246256168581
ATP2B4_0_multinomial_train1.14	0.2733935537890352	0.10590090127227683	0.4542448380171179	0.10135933363971504	0.06510137328185508
ATP2B4_0_multinomial_train1.15	0.2580351650989041	0.16875192676829004	0.44839720859693943	3.115199004716518e-171	0.12481569953586628
ATP2B4_1_multinomial_train1.17	0.30076412257615237	2.3364891583602678e-39	0.55430296687804	0.1338842202647612	0.011048690281046375
ATP2B4_1_multinomial_train1.18	0.44594777443449907	0.010598414230114664	0.41716798400948435	0.09734030211075899	0.028945525215142855
ATP2B4_1_multinomial_train1.19	0.43391286466759293	0.10395260974520396	0.322263580458472	0.08671899594591875	0.053151949182812366
ATP2B4_1_multinomial_train1.20	0.3405721939208762	0.004453404533581386	0.45028439541928733	0.106192193028549	0.09849781309770618
ATP2B4_0_multinomial_train1.16	0.28874918250959813	0.21229522428194267	0.3439417527981472	8.254354318169728e-81	0.15501384041031208
ATP2B4_1_multinomial_train1.21	0.33537151993251674	0.07192098921464685	0.4676056143175802	0.12510187653525615	2.016e-321
ATP2B4_1_multinomial_train1.22	0.34989548763300743	0.1528182595446263	0.4159444800579788	0.06366671013593114	0.017675062628456407
ATP2B4_0_multinomial_train1.17	0.24990193967878635	0.09778622956090467	0.45386550927970615	0.012376720093899757	0.18606960138670292
ATP2B4_0_multinomial_train1.18	0.36357977982520706	0.16230329305684507	0.2848898845690714	0.04199665632830799	0.14723038622056855
ATP2B4_1_multinomial_train1.23	0.4704728716487828	4.787807809082704e-217	0.34988410985806506	0.14676494747908334	0.03287807101406893
ATP2B4_1_multinomial_train1.24	0.3054952021201419	0.0489463803602963	0.49377785196387336	0.056929581413532694	0.09485098414215563
ATP2B4_0_multinomial_train1.19	0.3193178848005016	0.11524728589061356	0.36286826810591233	0.02702690059088644	0.17553966061208615
ATP2B4_1_multinomial_train1.25	0.2713644346673695	0.0490324150342077	0.5314928208432156	0.14811032945520722	1.813e-321
ATP2B4_0_multinomial_train1.20	0.2972875210016562	0.09528750425517749	0.40262512874377343	0.030825098732648402	0.17397474726674456
ATP2B4_0_multinomial_train1.21	0.41192439481883014	0.1491748394804909	0.21802118451108177	0.03133403984431569	0.1895455413452815
ATP2B4_0_multinomial_train1.22	0.3315698979512348	0.20033513766440272	0.28398039632213024	6.732129642954155e-171	0.18411456806223217
ATP2B4_0_multinomial_train1.23	0.2617010522982277	0.2124468283467322	0.36700138627528855	0.02496206876319062	0.13388866431656088
ATP2B4_0_multinomial_train1.24	0.23938050940796346	0.20041672279522063	0.4530166689664845	0.0019279076320938338	0.10525819119823761
ATP2B4_1_multinomial_train1.26	0.24225975995423085	0.07298531557290774	0.6624027590960332	0.022352165376828232	7.56e-322
ATP2B4_0_multinomial_train1.25	0.33039010912199956	0.1245025444360918	0.4265066806091711	0.07418031292718287	0.044420352905554704
ATP2B4_1_multinomial_train1.27	0.3783931699379776	0.125603273489916	0.4284990516173681	0.05496333222714195	0.012541172727596282
ATP2B4_0_multinomial_train1.26	0.21909873233576904	0.2141823465872933	0.36255426488224807	5.4e-322	0.20416465619468963
ATP2B4_1_multinomial_train1.28	0.32439867369928566	0.0004521695093668555	0.5229991292198407	0.1521500275715068	1.17e-321
ATP2B4_0_multinomial_train1.27	0.23591670100188378	0.17156786091965623	0.3726944752079775	0.07656733656139485	0.1432536263090876
ATP2B4_1_multinomial_train1.29	0.26971663415514535	0.04863447219422328	0.5182775052425452	0.16337138840808596	1.2375309438118383e-240
ATP2B4_0_multinomial_train1.28	0.2785532842343304	0.17915845724024448	0.3266997401339278	0.0036003236222277944	0.21198819476926964
ATP2B4_0_multinomial_train1.29	0.3303645945677859	0.1810977684327866	0.3583500008300019	0.002684529297119733	0.12750310687230584
ATP2B4_0_multinomial_train1.30	0.3652770970916761	0.17400135794248967	0.2779024818044497	0.01963300876006017	0.16318605440132422
ATP2B4_0_multinomial_train1.31	0.16564351178178255	0.15396491788100178	0.4688975525628427	0.05297614701841539	0.15851787075595758
ATP2B4_1_multinomial_train1.30	0.2652529256338203	0.14179777295301904	0.5252975876613903	0.06765171375177047	1.4384047693503399e-137
ATP2B4_1_multinomial_train1.31	0.3566384533400813	0.008015523527540687	0.5344750285168522	0.10087099461552577	1.003e-321
ATP2B4_1_multinomial_train1.32	0.3107209011128662	0.09360663347393039	0.5399710327095195	0.05570143270368371	5.472841939346263e-49
ATP2B4_0_multinomial_train1.32	0.2698814298614081	0.24510834244293805	0.3274472959370325	2.406e-321	0.15756293175862124
ATP2B4_0_multinomial_train1.33	0.2729354396358801	0.1484405207260214	0.46912042284750144	0.020499652143894456	0.08900396464670252
ATP2B4_0_multinomial_train1.34	0.275095346339521	0.14378289338850325	0.37408424958504805	0.01351980758536786	0.19351770310155983
ATP2B4_0_multinomial_train1.35	0.1936797218087766	0.23368072913423063	0.4217825330945366	0.02374334887335147	0.1271136670891048
ATP2B4_1_multinomial_train1.33	0.315879005026846	0.06275633842767929	0.509869465476563	0.07114496010930539	0.040350230959606256
ATP2B4_1_multinomial_train1.34	0.33056616133021005	0.1310464446404885	0.4043106015923098	0.12350680307620532	0.010569989360786358
ATP2B4_1_multinomial_train1.35	0.37193841117817217	0.00922170552644611	0.4162098919141659	0.1579313183621768	0.04469867301903908
ATP2B4_1_multinomial_train1.36	0.3262559250495063	0.00019350308650773607	0.4566093301426798	0.1838274127746567	0.03311382894664948
ATP2B4_0_multinomial_train1.36	0.33110507114007626	0.19347310535327641	0.31033139362486123	1.55e-321	0.16509042988178602
ATP2B4_0_multinomial_train1.37	0.21070100032001615	0.2781809300896253	0.39764028677093344	0.0008125470665561641	0.11266523575286894
ATP2B4_1_multinomial_train1.37	0.4185372135394678	1.285e-321	0.4000958944861945	0.16471640068659205	0.016650491287745647
ATP2B4_1_multinomial_train1.38	0.23030623997217953	1.978868286375441e-194	0.6194436082105852	0.15025015181723517	1.907e-321
ATP2B4_1_multinomial_train1.39	0.34684507784639146	0.04919365283474647	0.4366016825119796	0.16735958680051732	6.365142544345844e-12
ATP2B4_1_multinomial_train1.40	0.430868541332178	0.06191817228502365	0.42517075395882165	0.08204253242397684	1.3794516010868922e-120
ATP2B4_1_multinomial_train1.41	0.36386910340162154	0.04395342057294978	0.45207745140722877	0.11636587196975404	0.023734152648445802
ATP2B4_1_multinomial_train1.42	0.43200139132694726	0.07174616307700901	0.3910291698508547	0.10522327574518907	1.235e-321
ATP2B4_0_multinomial_train1.38	0.19534216577836958	0.0790963711812707	0.5367215298038162	0.044147263545627	0.14469266969091665
ATP2B4_0_multinomial_train1.39	0.2632187605142954	0.17290359789077095	0.3478772960620393	0.023775121174139418	0.19222522435875503
ATP2B4_0_multinomial_train1.40	0.3375902279697415	0.10949393909754787	0.39377918071585993	0.02547027201663853	0.13366638020021213
ATP2B4_1_multinomial_train1.43	0.3821819881083074	0.003338221711094978	0.4437784212038898	0.14824858235443744	0.02245278662227034
ATP2B4_0_multinomial_train1.41	0.23501052457318422	0.15907463585399925	0.4417673611776336	2.5748474513498798e-76	0.16414747839518293
ATP2B4_0_multinomial_train1.42	0.32516022627709223	0.19190732418196102	0.3254403919619986	4.197550565782656e-252	0.15749205757894807
ATP2B4_0_multinomial_train1.43	0.2555279823827317	0.12810822019416523	0.44085524724024416	1.937e-321	0.17550855018285888
ATP2B4_0_multinomial_train1.44	0.2192555887664646	0.27398794436352847	0.32947442107204794	0.02943286365973219	0.14784918213822684
ATP2B4_1_multinomial_train1.44	0.36451910234492924	0.09223532178809055	0.5056483441075831	0.03759723175938776	9.34090576230746e-15
ATP2B4_0_multinomial_train1.45	0.3042385647842595	0.19642199994466034	0.32563880667609324	0.02333241008828866	0.15036821850669826
ATP2B4_1_multinomial_train1.45	0.37614301425846697	0.15496967548309892	0.39773476738255886	0.07115254287587523	2.525596399573188e-65
ATP2B4_0_multinomial_train1.46	0.2295562042721484	0.1370657609400076	0.5152352068807841	0.031593902664656386	0.08654892524240357
ATP2B4_0_multinomial_train1.47	0.23178616173327313	0.14402213256098642	0.45514374175415717	0.05360432463552607	0.1154436393160572
ATP2B4_0_multinomial_train1.48	0.24019675783785935	0.13918311488342328	0.464123133430961	0.007551547021541568	0.14894544682621477
ATP2B4_1_multinomial_train1.46	0.21192127563378482	0.05141640638198253	0.6851785190287585	0.05148379895547424	3.868836437244192e-24
ATP2B4_1_multinomial_train1.47	0.26493927474106427	0.02631076770277617	0.6002341188554778	0.10851583870068167	1.68e-321
ATP2B4_1_multinomial_train1.48	0.3783020783358342	0.08101521842039593	0.37423353592216047	0.11681990767428979	0.0496292596473197
PMS1_0_multinomial_train1	0.16352180914044084	0.025676763423393763	0.45823726989864333	0.24672488340728188	0.10583927413024004
MSH6_1_multinomial_train1	0.020429052895982104	0.04621754252185647	0.021894320740761867	0.8112550329740238	0.10020405086737576
MSH6_0_multinomial_train1	0.004728008598885749	1.6833206864199123e-109	0.05148068017318187	0.8218233222018939	0.12196798902603845
MSH2_0_multinomial_train1	4.078387245406905e-305	1.677328176823852e-176	0.07509122085189336	0.758484738133719	0.16642404101438768
MSH6_0_multinomial_train1.1	0.020249425995633116	4.2666550917437855e-49	0.011944229165947876	0.827566817851172	0.1402395269872471
MLH1_0_multinomial_train1	0.0018726041008439373	0.0066452085221419535	1.9966077929484475e-158	0.7769007775671833	0.21458140980983093
MSH6_1_multinomial_train1.1	0.031898872022299074	2.985484846212788e-33	0.010860939029879477	0.8411859231388157	0.11605426580900581
MLH1_0_multinomial_train1.1	0.017668934944374222	2.073723060884438e-290	2.19e-321	0.7915137092978352	0.19081735575779066
PMS1_0_multinomial_train1.1	0.1454623063163475	0.042665117257174805	0.48774014994829673	0.1469037193589028	0.17722870711927813
