Samples	SBS96A	SBS96B	SBS96C	SBS96D	SBS96E
EXO1_0_real_train1	0.1278666322332819	0.578455200239213	0.14056630793946365	0.04341833374597855	0.10969352584206282
OGG1_0_real_train1	2.93e-321	3.325e-321	0.0625264918228022	0.6114662156603927	0.32600729251680505
RNF168_0_real_train1	0.07980191033627398	0.5493979013923346	0.15520234292015286	0.06227258821811211	0.1533252571331265
UNG_0_real_train1	0.1896824810074352	0.10195549309632276	0.37009950039149486	0.09368658117286847	0.24457594433187874
ATP2B4_0_real_train1	0.03715695807624799	0.14469479997785017	0.3619776554387758	0.2538594576369373	0.20231112887018882
ATP2B4_1_real_train1	0.08302297685165103	0.08904702881287573	0.3938974105435846	0.3807174295427936	0.05331515424909497
MLH1_0_real_train1	0.867814504729918	0.033786161933088296	0.06924886689147576	0.016349384140020008	0.01280108230549807
MSH2_0_real_train1	0.8230361117630945	0.005565099049379759	0.12405054207102584	0.013913720569772012	0.03343452654672784
MSH6_0_real_train1	0.8308225571291529	0.04784349145756544	0.07891809730158571	0.021881467415995632	0.02053438669570042
MSH6_1_real_train1	0.8420795622340147	0.06313047229352102	0.05652956733386278	0.038260398138601465	2.452547734282442e-32
PMS1_0_real_train1	0.19822407054068758	0.0356237513810875	0.4134271779821085	0.2189830660595048	0.13374193403661164
PMS2_0_real_train1	0.4160924645535873	0.504071297048738	0.0411527158320265	0.038683522565648276	1.156e-321
EXO1_0_dirichlet_train1	0.09385067503148349	0.6194806395133402	0.03619340993763836	0.1940304533211642	0.05644482219637379
RNF168_0_dirichlet_train1	0.07514936336504822	0.5587694299087551	0.2377292421780656	0.021912661676524815	0.10643930287160623
RNF168_0_dirichlet_train1.1	0.0558488384313822	0.6473434492922236	0.053787643080728836	0.1453961508149892	0.097623918380676
EXO1_0_dirichlet_train1.1	0.13493027144154013	0.47349782521440575	0.24367205032324676	0.05887414874659208	0.08902570427421508
RNF168_0_dirichlet_train1.2	1.833e-321	0.7241137202715623	0.08030487464233214	0.09995267590603986	0.09562872918006571
RNF168_0_dirichlet_train1.3	0.0868349182452201	0.5991172811073296	0.04876332360557144	0.08606648327745371	0.17921799376442518
RNF168_0_dirichlet_train1.4	0.05529199148335307	0.6087671610402807	0.13157256366889136	0.05049284144865575	0.1538754423588191
RNF168_0_dirichlet_train1.5	0.13201268626099746	0.5428904852528948	0.09244317478146315	8.05e-322	0.23265365370464441
RNF168_0_dirichlet_train1.6	1.443e-321	0.5030769926387759	0.15194654963668838	0.010902636166906883	0.3340738215576289
RNF168_0_dirichlet_train1.7	0.12665476566666936	0.6115743830668853	0.10178066061273154	0.11529234203491236	0.04469784861880139
RNF168_0_dirichlet_train1.8	0.07032962546606797	0.5457772331904528	0.03259740627282583	0.06107098759848251	0.2902247474721708
EXO1_0_dirichlet_train1.2	0.19716962505954067	0.3838940855806193	0.11524943039030092	5.4e-322	0.3036868589695391
EXO1_0_dirichlet_train1.3	0.14811249852957756	0.6767131801645118	0.08009901238097236	0.05782786916790525	0.03724743975703287
RNF168_0_dirichlet_train1.9	0.023118829842816338	0.48728850727010453	0.11036081626168281	0.11284767723775856	0.2663841693876376
EXO1_0_dirichlet_train1.4	0.15834627512215368	0.4747853190320984	0.20043434892667825	7.816881707808812e-290	0.16643405691906965
EXO1_0_dirichlet_train1.5	0.10032157799038821	0.7079103236015011	0.048484804836780124	0.03342133111582906	0.10986196245550157
EXO1_0_dirichlet_train1.6	0.0250187438099622	0.6767814426683575	0.12126467140070446	0.007216931376957387	0.1697182107440185
EXO1_0_dirichlet_train1.7	0.2629359819187251	0.5551199468218032	0.0802905143896424	3.79e-321	0.10165355686982944
EXO1_0_dirichlet_train1.8	0.20519598698236324	0.5783399262873887	0.15081432775190115	1.255e-321	0.06564975897834685
RNF168_0_dirichlet_train1.10	0.17759098517011054	0.46545413443947237	0.18348525098705615	0.040558488166045244	0.13291114123731584
EXO1_0_dirichlet_train1.9	0.2601451419881665	0.5220196976417678	0.04278460115665984	0.1612651629530518	0.013785396260354152
RNF168_0_dirichlet_train1.11	0.15430406372074554	0.5444443996445874	0.1499576238332392	0.06360526093651009	0.08768865186491781
RNF168_0_dirichlet_train1.12	0.010154924220685878	0.5599000108490163	0.1996994924519026	0.06847464717288114	0.16177092530551404
EXO1_0_dirichlet_train1.10	0.12910077498141362	0.6341586567526247	0.11083211641647857	0.06328782920856266	0.06262062264092048
EXO1_0_dirichlet_train1.11	0.02845073099190727	0.5514040245337246	0.1983820503675826	0.01469131079570016	0.20707188331108536
RNF168_0_dirichlet_train1.13	0.1964513955433091	0.5288908910099865	0.09819829237898396	1.166e-321	0.1764594210677206
RNF168_0_dirichlet_train1.14	0.12244994206997872	0.6085571979298333	0.2176844979168219	0.051308362083366095	5.43e-322
RNF168_0_dirichlet_train1.15	0.011320419620842223	0.5801742460606748	0.2829467786201267	0.019962934009624903	0.10559562168873154
RNF168_0_dirichlet_train1.16	0.1381794035481877	0.43002428190293396	0.3068754181869879	0.06429937901942803	0.060621517342462405
EXO1_0_dirichlet_train1.12	0.07382766376178962	0.6611546376312232	0.10152268423571743	0.13002626292097885	0.03346875145029077
RNF168_0_dirichlet_train1.17	0.20567532748573028	0.43869274735159636	0.06721396785575931	0.07896652914675575	0.20945142816015838
EXO1_0_dirichlet_train1.13	0.09048019727186273	0.6590705216691356	0.11168450539510749	0.024574967675863205	0.11418980798803098
RNF168_0_dirichlet_train1.18	0.027430890827588154	0.6170165179952969	0.10274194464961697	0.10453836086262663	0.1482722856648714
EXO1_0_dirichlet_train1.14	0.19837962733880599	0.4979269463127629	0.14288841837762584	0.1608050079708052	1.714e-321
RNF168_0_dirichlet_train1.19	0.15903709043250874	0.474252487736463	0.11940772477051835	0.09035546562386165	0.15694723143664824
RNF168_0_dirichlet_train1.20	0.1006462880112123	0.33407927544973803	0.1723198582286622	0.12665942019101395	0.2662951581193735
EXO1_0_dirichlet_train1.15	0.20966964371017408	0.48208587140956227	0.24889189211129129	0.02649753883824669	0.03285505393072568
RNF168_0_dirichlet_train1.21	0.07047524566420751	0.684549523070947	0.08200008421850506	0.03112225677657837	0.13185289026976205
RNF168_0_dirichlet_train1.22	0.057832918911898214	0.6167900081883351	0.19093210389428078	0.08533785463209201	0.04910711437339407
EXO1_0_dirichlet_train1.16	0.12517937060772447	0.6820146699222037	0.06566824285964296	0.07261741216217553	0.0545203044482535
EXO1_0_dirichlet_train1.17	0.16285329650372254	0.5395252687074759	0.19605155643953487	4e-322	0.10156987834926688
RNF168_0_dirichlet_train1.23	0.003808417887103682	0.5617168675822661	0.10969799284833123	0.020781105434803812	0.3039956162474951
EXO1_0_dirichlet_train1.18	0.11445266979686375	0.540654415237001	0.15115869663185916	0.06974189309903724	0.12399232523523884
RNF168_0_dirichlet_train1.24	0.10935995823085246	0.5476994841161863	0.17114764252681214	0.07218480191028386	0.09960811321586506
RNF168_0_dirichlet_train1.25	0.007520388335667088	0.652451592599451	0.2170349516837159	0.12299306738116607	5.307662222607395e-92
RNF168_0_dirichlet_train1.26	0.18639944728245375	0.46887022327476013	0.09493403756241793	0.026674515522867457	0.22312177635750063
RNF168_0_dirichlet_train1.27	0.10931571308439036	0.4612651784441779	0.24452074239227192	6.253983478043246e-188	0.18489836607915974
RNF168_0_dirichlet_train1.28	2.0803937889626349e-144	0.5292210332351547	0.3171610762524774	0.07521006898320699	0.07840782152916093
EXO1_0_dirichlet_train1.19	0.1376483855058326	0.44981515404074635	0.1999975423143238	2.5e-322	0.21253891813909725
RNF168_0_dirichlet_train1.29	0.00153044008402269	0.6799591023573971	0.1066914212993127	0.0401151404079266	0.17170389585134097
EXO1_0_dirichlet_train1.20	0.291677569770229	0.46909031491508224	0.16661567210426476	0.002241089485056086	0.070375353725368
RNF168_0_dirichlet_train1.30	0.11153271766010278	0.5229173173087639	0.3000061055133109	0.05903541963089986	0.006508439886922712
RNF168_0_dirichlet_train1.31	0.018554314121838354	0.7321333254870253	0.08327371162367192	0.015849626127617963	0.15018902263984654
RNF168_0_dirichlet_train1.32	0.08862380022236355	0.4638088068555213	0.2739152657690696	0.09116585759678014	0.08248626955626527
RNF168_0_dirichlet_train1.33	0.12630683588850167	0.5447515139784611	0.16059291159259603	0.09158912007746273	0.07675961846297867
EXO1_0_dirichlet_train1.21	0.09819079444028087	0.4636737666798122	0.23747699450994514	0.17342345908497536	0.027234985284986458
RNF168_0_dirichlet_train1.34	0.135341939623491	0.6082465274826512	0.15685822514603068	0.052437622640645686	0.04711568510718163
EXO1_0_dirichlet_train1.22	0.2434130716942505	0.4895487506640168	0.08718059828337994	0.0036417441279004057	0.17621583523045228
EXO1_0_dirichlet_train1.23	0.1825828146610139	0.5595441294168606	0.16786398863817867	0.013588008717467931	0.07642105856647902
RNF168_0_dirichlet_train1.35	0.1275795320739216	0.2703799515246955	0.2739241314591183	0.08230684288292102	0.24580954205934358
RNF168_0_dirichlet_train1.36	0.13692319820273868	0.5793230264401983	0.06360146868357187	0.1363028110040455	0.08384949566944559
EXO1_0_dirichlet_train1.24	4.37e-321	0.74768187867514	0.1107840137588676	0.016416502894299582	0.1251176046716929
RNF168_0_dirichlet_train1.37	0.11884021720478233	0.6283682274759218	0.08766089457992794	0.05737874339627862	0.10775191734308946
EXO1_0_dirichlet_train1.25	0.06914245576814969	0.7077802448670323	0.03774550187777271	0.011703372919560537	0.17362842456748484
RNF168_0_dirichlet_train1.38	0.10946780011490201	0.5227104760482941	0.13904474952407342	0.1321377844552104	0.09663918985752015
EXO1_0_dirichlet_train1.26	0.034420017692747	0.7707685910137063	0.041594198303317384	0.06373082882905481	0.08948636416117457
EXO1_0_dirichlet_train1.27	0.059701824486866034	0.6015711633096098	0.2730283262731699	0.022182816323577617	0.04351586960677662
EXO1_0_dirichlet_train1.28	0.12474005577150954	0.6876436932337568	0.10418314380794362	0.07896902190129071	0.0044640852854992506
EXO1_0_dirichlet_train1.29	0.059053398854415615	0.6189276259105321	0.1646699357542122	0.07295244050241295	0.08439659897842723
EXO1_0_dirichlet_train1.30	0.11077948473664936	0.6797363360219569	0.08590527990804886	0.01012221297287448	0.11345668636047035
RNF168_0_dirichlet_train1.39	0.3660212810030905	0.2975309252041617	0.10532605125221774	0.0047815758078815366	0.22634016673264862
RNF168_0_dirichlet_train1.40	0.13928780905810395	0.5553677968572581	0.13506154042181823	0.070280399504341	0.10000245415847858
EXO1_0_dirichlet_train1.31	0.0749498434334197	0.5263143644473237	0.10174416521131355	0.10823652681117266	0.18875510009677035
EXO1_0_dirichlet_train1.32	0.2599574279797494	0.5157943818074402	0.1248782466337047	0.04662872926209121	0.05274121431701435
EXO1_0_dirichlet_train1.33	0.05858921469088019	0.657605031564718	0.10679570373152067	0.14986569540087147	0.027144354612009716
RNF168_0_dirichlet_train1.41	0.17753294190598995	0.5304857366547541	0.09838704047429456	0.050110458973216795	0.14348382199174464
RNF168_0_dirichlet_train1.42	0.0766011711888318	0.5286391833581725	0.09006809269960699	0.027987936124345435	0.27670361662904336
EXO1_0_dirichlet_train1.34	0.20348531319019814	0.6035554089812217	0.15332124147804885	0.009562312795480704	0.03007572355505046
RNF168_0_dirichlet_train1.43	0.009983901284518787	0.6558131908662981	0.055382635053664024	0.03731597011601592	0.24150430267950307
EXO1_0_dirichlet_train1.35	0.1463348329038954	0.5792137353392368	0.13608795404791468	0.004875937007782479	0.13348754070117083
EXO1_0_dirichlet_train1.36	0.07063952383503773	0.4831523391392266	0.2098770969189504	0.12992563176599095	0.10640540834079429
RNF168_0_dirichlet_train1.44	0.043662886260137874	0.5671064840446869	0.2100325363627834	0.0662209194284912	0.11297717390390066
EXO1_0_dirichlet_train1.37	0.05612325638793262	0.5890587775654142	0.11038089736722714	0.041498285610636655	0.20293878306878935
RNF168_0_dirichlet_train1.45	0.09961469062991377	0.6326427765697539	0.0902692232136029	0.02553271608091472	0.1519405935058148
RNF168_0_dirichlet_train1.46	0.07762060805033846	0.48872083540455524	0.2848080187466293	0.017868703483917735	0.13098183431455912
RNF168_0_dirichlet_train1.47	0.11943169937088889	0.5774066095615882	2.3959240304469083e-106	0.1561833415710871	0.14697834949643576
RNF168_0_dirichlet_train1.48	0.01072547193573138	0.5676090277441743	0.17769145083807872	0.15248590029672965	0.091488149185286
RNF168_0_dirichlet_train1.49	0.05063158646632452	0.6900907498387392	0.10725153385875147	0.002238251543307941	0.149787878292877
RNF168_0_dirichlet_train1.50	0.14060923828608754	0.5121279436979382	0.27523456098079596	0.021931538904394386	0.05009671813078394
EXO1_0_dirichlet_train1.38	0.030751225300305357	0.4592406842916037	0.17563977148897142	0.11757996615662121	0.21678835276249822
RNF168_0_dirichlet_train1.51	0.2001468148616637	0.46182931349182377	0.07137971952268607	0.1111680597023204	0.15547609242150623
RNF168_0_dirichlet_train1.52	0.29553776001442156	0.22737004588383602	0.10726179959891985	0.17488295493838374	0.19494743956443883
EXO1_0_dirichlet_train1.39	0.08883346659777905	0.6758588791156843	0.09704281064977852	4.5e-322	0.1382648436367581
EXO1_0_dirichlet_train1.40	0.09407527645047314	0.7093751828849901	0.042986229638882045	0.044348668944522315	0.10921464208113243
RNF168_0_dirichlet_train1.53	1.334e-321	0.6381944152469471	0.08229572130389762	0.031446269715506	0.24806359373364917
EXO1_0_dirichlet_train1.41	0.07495815189049727	0.6406259066614421	0.11996482963161847	0.1077777256088639	0.05667338620757837
EXO1_0_dirichlet_train1.42	0.17476371464901375	0.6490105850807274	0.05524666968047043	0.11542405953225365	0.005554971057534805
RNF168_0_dirichlet_train1.54	3.95e-322	0.27619715749648754	0.4116277651873246	0.03807682310273525	0.2740982542134525
OGG1_0_dirichlet_train1	1.98e-321	0.003038292486314092	0.11246704307810716	0.636748728386171	0.24774593604940767
UNG_0_dirichlet_train1	0.2110203810628127	0.13089591812199297	0.40501948302984636	0.05472530624876336	0.1983389115365846
UNG_0_dirichlet_train1.1	0.1981075624822552	0.11945402519799382	0.32162251223625793	0.12708006695394025	0.23373583312955284
UNG_0_dirichlet_train1.2	0.12963516955172938	0.08048461811882547	0.47231166077145836	0.12214122694778533	0.19542732461020149
OGG1_0_dirichlet_train1.1	4.25e-322	0.07893053269922472	0.24819470392344603	0.4939542202861056	0.17892054309122374
UNG_0_dirichlet_train1.3	0.21272717704966035	0.11978703216117079	0.3816480606844924	0.10676692573475466	0.17907080436992184
OGG1_0_dirichlet_train1.2	9.3e-322	0.0313036481199792	0.05489406165124815	0.6086344566045827	0.30516783362418987
OGG1_0_dirichlet_train1.3	7.5e-322	3.51e-321	0.1154346330938793	0.4659421308690219	0.4186232360370988
UNG_0_dirichlet_train1.4	0.0645855869249668	0.07742401530569061	0.41224805737462045	0.10773053327944124	0.3380118071152807
UNG_0_dirichlet_train1.5	1.052273608136667e-34	0.051926130145010845	0.5110804431954766	0.16284562765679078	0.2741477990027219
OGG1_0_dirichlet_train1.4	8.15e-322	6.7e-322	0.06513411934895706	0.776969697641708	0.15789618300933492
OGG1_0_dirichlet_train1.5	1.97e-321	3.177e-321	0.13336384495069212	0.668814929891876	0.19782122515743197
UNG_0_dirichlet_train1.6	0.25576292755609353	0.23842719445757196	0.22109395554715447	0.11791084628199687	0.166805076157183
UNG_0_dirichlet_train1.7	0.2318236614048177	0.019328852787568216	0.4479025270629765	0.11055009900340308	0.19039485974123457
UNG_0_dirichlet_train1.8	0.2804423856092713	0.0503315021991742	0.28110691953622113	0.22776853018174395	0.16035066247358948
OGG1_0_dirichlet_train1.6	9.6e-322	2.337e-321	0.022686602625459334	0.7581075601343568	0.21920583724018403
UNG_0_dirichlet_train1.9	0.20126291954456743	1.1161019636621641e-20	0.3611954298592941	0.026298508827304928	0.4112431417688336
OGG1_0_dirichlet_train1.7	7.86e-322	1.9574688138404474e-298	0.2216475108445041	0.5468055397086896	0.23154694944680615
UNG_0_dirichlet_train1.10	0.22337762602136085	0.09317554143303457	0.31776294474829925	0.08253229217082919	0.2831515956264761
OGG1_0_dirichlet_train1.8	0.06833742594028887	4.185e-321	0.05529955865089479	0.7373177734352726	0.1390452419735437
UNG_0_dirichlet_train1.11	0.20644192110322618	0.012378922350406699	0.3713003406624509	0.10170211644444144	0.3081766994394749
OGG1_0_dirichlet_train1.9	0.049452481878294215	0.10668493692174165	1.1720723381743317e-159	0.6383887912132331	0.205473789986731
OGG1_0_dirichlet_train1.10	2.297e-321	0.014956153514371412	1.5e-322	0.6684908958625835	0.31655295062304495
OGG1_0_dirichlet_train1.11	0.09055529814006859	0.07755398723324808	0.14793519652663661	0.5350525186664434	0.14890299943360327
UNG_0_dirichlet_train1.12	0.16177062463289765	0.2684089962493782	0.2499099534117196	0.18328106847058478	0.13662935723541975
UNG_0_dirichlet_train1.13	0.17586743677107164	0.1748759544084556	0.37071469084261577	0.09453379479287402	0.18400812318498297
UNG_0_dirichlet_train1.14	0.14859275484300552	0.11114864237839968	0.3921726708271114	0.08949493520520413	0.2585909967462793
OGG1_0_dirichlet_train1.12	4.1e-322	0.07389650664104273	2.6784409874128906e-231	0.5398420997450148	0.38626139361394235
OGG1_0_dirichlet_train1.13	0.00039688015766532666	2.5432839967937742e-17	5.94651675386958e-60	0.7107494760656757	0.28885364377665895
UNG_0_dirichlet_train1.15	0.15035618136707643	3.404e-321	0.5127908807394853	0.06454560532116387	0.2723073325722744
UNG_0_dirichlet_train1.16	0.32685734670903566	0.024336027239336464	0.4137839792958524	0.040660897873093835	0.19436174888268162
UNG_0_dirichlet_train1.17	0.2805528053717418	0.07212257655813281	0.23424098011042535	0.28798628198211684	0.12509735597758317
OGG1_0_dirichlet_train1.14	0.10887543353143693	1.93e-321	0.10432399431945177	0.4493395705376888	0.3374610016114225
UNG_0_dirichlet_train1.18	0.10447925422082602	0.09964731887619557	0.510922634741722	0.07532615728018308	0.2096246348810735
OGG1_0_dirichlet_train1.15	4.3e-322	1.1315628563438994e-109	0.20838306612543095	0.5895494024367594	0.20206753143780964
UNG_0_dirichlet_train1.19	0.39579862713433234	0.006558371655433317	0.2873204428762664	0.01911861099363253	0.2912039473403356
OGG1_0_dirichlet_train1.16	3.95e-322	0.020773204415048565	0.16434015289919868	0.47957713956632353	0.3353095031194292
UNG_0_dirichlet_train1.20	0.26700546029428796	0.09205858137290045	0.25432533990648115	0.12505008587478186	0.2615605325515485
UNG_0_dirichlet_train1.21	0.28299353227488616	0.02532275632796389	0.36407173492652867	0.16784910826867547	0.15976286820194574
OGG1_0_dirichlet_train1.17	0.02426009249857511	1.16e-321	0.28547402169843117	0.4031097423035983	0.28715614349939544
UNG_0_dirichlet_train1.22	0.2360416012209881	2.727e-321	0.548408475728095	2.530676700317256e-103	0.21554992305091686
UNG_0_dirichlet_train1.23	0.5232733112781053	4.84e-322	0.2561258943586463	0.08056633502342149	0.14003445933982683
UNG_0_dirichlet_train1.24	0.2099929239661922	0.0803599069147569	0.3340693756813422	0.12239921423925228	0.25317857919845654
OGG1_0_dirichlet_train1.18	9.24e-322	3.6310135795347124e-66	6.4e-322	0.5519939160693575	0.44800608393064245
UNG_0_dirichlet_train1.25	0.2668560334071659	0.15233528560060136	0.4506869708130633	0.012909502455904411	0.11721220772326499
OGG1_0_dirichlet_train1.19	0.04290756252128326	3.434e-321	0.05704736110575419	0.6116452720950505	0.288399804277912
UNG_0_dirichlet_train1.26	0.21891064513056074	0.16768484413048174	0.3590367648994609	0.09694983167681505	0.15741791416268147
OGG1_0_dirichlet_train1.20	3.46e-322	1.067e-321	7.46e-322	0.501207625024275	0.49879237497572504
UNG_0_dirichlet_train1.27	0.3314217059449276	3.25e-321	0.30539891185043916	0.05004391039370649	0.31313547181092677
OGG1_0_dirichlet_train1.21	0.01608895430549933	0.021344486076903656	4.94e-322	0.5143861848518445	0.4481803747657525
OGG1_0_dirichlet_train1.22	0.007106073483879198	0.11938750794725882	0.0077881233814915156	0.6180792626275198	0.24763903255985048
UNG_0_dirichlet_train1.28	0.27992645348319506	0.14649577063814717	0.28767980278363137	0.15725816637032838	0.1286398067246979
UNG_0_dirichlet_train1.29	0.10635751095791002	0.10496311058457473	0.3819721646496037	0.26112578732574904	0.14558142648216255
OGG1_0_dirichlet_train1.23	1.443e-321	0.043535581348461624	0.04487062860532241	0.64524802620357	0.26634576384264586
OGG1_0_dirichlet_train1.24	0.038997770861494856	0.11419875770571454	0.17313351521840795	0.6320200178012485	0.04164993841313426
OGG1_0_dirichlet_train1.25	7.4e-322	5.8e-322	3.9e-322	0.5375120758494492	0.4624879241505508
OGG1_0_dirichlet_train1.26	0.08974699678059105	6.91e-321	2.686054223745846e-298	0.5352384663036329	0.375014536915776
UNG_0_dirichlet_train1.30	0.07932428477749824	0.041889467035087634	0.4934782550757453	2.216803094723555e-263	0.38530799311166875
OGG1_0_dirichlet_train1.27	2.19e-321	0.049064373146270955	0.02729234972049528	0.8063091669025916	0.11733411023064229
OGG1_0_dirichlet_train1.28	1.344159802226231e-301	0.12605730159427755	0.04834524793900409	0.47064357392768263	0.3549538765390358
UNG_0_dirichlet_train1.31	0.2197774235967836	0.13791081736771454	0.574859175915249	0.0557037345157674	0.011748848604485421
UNG_0_dirichlet_train1.32	0.1277919529572333	0.0863323674581179	0.36406029019790453	0.03294075179385065	0.38887463759289354
UNG_0_dirichlet_train1.33	0.10968858477989918	0.06179785453142006	0.39925522627863363	0.11558279146260539	0.31367554294744177
OGG1_0_dirichlet_train1.29	0.10992803747385327	0.1964799413021594	0.04694525601495351	0.49328850149301295	0.1533582637160209
OGG1_0_dirichlet_train1.30	4e-322	3.22e-321	0.22983661910511213	0.5892666521325517	0.1808967287623362
UNG_0_dirichlet_train1.34	0.26801126443414885	0.12059879720664161	0.2846925842467747	0.10165442044706817	0.22504293366536673
OGG1_0_dirichlet_train1.31	1.215e-321	1.863e-321	0.18701035084755332	0.3658103357853099	0.4471793133671367
UNG_0_dirichlet_train1.35	0.22176677073157833	2.3e-321	0.19287284053910442	0.1332532967675957	0.4521070919617216
UNG_0_dirichlet_train1.36	0.185416633983195	0.14845338955334653	0.4082993256663112	0.05760839130255842	0.20022225949458886
UNG_0_dirichlet_train1.37	0.22284325057432322	0.06683011095779022	0.3889315364326976	0.05498384549492309	0.2664112565402659
OGG1_0_dirichlet_train1.32	0.07543745174214475	0.0026566596117356257	0.17001908822866876	0.5507837219549231	0.20110307846252787
UNG_0_dirichlet_train1.38	0.1909350126395903	0.15881037769469292	0.24603335135373983	0.06155932536786079	0.3426619329441163
OGG1_0_dirichlet_train1.33	8.3e-322	3.29e-321	0.23479285375635733	0.5571070737158468	0.20810007252779605
OGG1_0_dirichlet_train1.34	0.04696420141363553	0.06132895087181767	0.02479040250226593	0.5333512051173571	0.3335652400949236
OGG1_0_dirichlet_train1.35	1.245e-321	0.026823101003270813	8.7e-322	0.5441364393003548	0.4290404596963743
OGG1_0_dirichlet_train1.36	4.74e-322	5.846123508644411e-71	0.015225137456428794	0.7302524631721579	0.25452239937141347
OGG1_0_dirichlet_train1.37	0.004261945594111408	0.03406449985823803	0.09918827474780678	0.533047298603509	0.3294379811963347
OGG1_0_dirichlet_train1.38	3.36e-322	5.2e-322	2.37e-322	0.5112603562292344	0.48873964377076556
UNG_0_dirichlet_train1.39	0.29825186494293143	0.07151927306657714	0.16590702995077897	0.10091780167435942	0.3634040303653532
OGG1_0_dirichlet_train1.39	7.7e-322	1.2e-321	5.43e-322	0.531302995368136	0.46869700463186403
UNG_0_dirichlet_train1.40	0.19621915272427856	2.4608609175870386e-162	0.26510943883623417	0.10620319242709757	0.4324682160123897
OGG1_0_dirichlet_train1.40	4.45e-322	0.0051306424934307125	5.6e-322	0.6753281020305648	0.3195412554760046
OGG1_0_dirichlet_train1.41	6.701273626069204e-59	5.43e-321	7.66e-322	0.6647102859516063	0.33528971404839375
UNG_0_dirichlet_train1.41	0.3610244193012968	0.06338186967625273	0.27114401548540223	0.008056881584235983	0.2963928139528124
OGG1_0_dirichlet_train1.42	0.07990594513403115	2.055e-321	0.0877064042325008	0.4971822756448756	0.33520537498859243
UNG_0_dirichlet_train1.42	0.13891192619109813	0.11919292487353467	0.3935742908942481	0.18621226862958942	0.1621085894115298
OGG1_0_dirichlet_train1.43	1.46e-321	0.022479067956989993	1.2095807967416e-203	0.7891333907456787	0.1883875412973312
OGG1_0_dirichlet_train1.44	4.763e-321	0.013377196642470859	0.2227474785747253	0.5408002863387547	0.22307503844404902
OGG1_0_dirichlet_train1.45	1.79e-321	0.027884687688222658	0.274997190614939	0.5593736274697025	0.1377444942271359
OGG1_0_dirichlet_train1.46	5.641193762447246e-188	0.04723876362113966	2.2965200498455466e-283	0.39889980962569294	0.5538614267531674
UNG_0_dirichlet_train1.43	0.3347634467919951	0.04754161301957327	0.16185818197553298	0.2560893983698917	0.1997473598430069
OGG1_0_dirichlet_train1.47	4e-322	1.255e-321	0.17914042717843923	0.5340773416900851	0.2867822311314756
OGG1_0_dirichlet_train1.48	0.03882100970496118	1.275e-321	0.23564763803993347	0.5922095105008601	0.13332184175424508
OGG1_0_dirichlet_train1.49	1.24e-321	0.07606034940789821	0.12649344992208786	0.4588018594318477	0.3386443412381661
OGG1_0_dirichlet_train1.50	2.4205880339856266e-245	0.003557217916499967	0.014753410486872134	0.6307579374641334	0.3509314341324943
UNG_0_dirichlet_train1.44	0.28947222294189184	0.0773842536425348	0.33184802834645144	0.1695413576262955	0.13175413744282657
OGG1_0_dirichlet_train1.51	1.02e-321	0.05441346356304344	4.84e-322	0.6666736553217358	0.27891288111522067
OGG1_0_dirichlet_train1.52	0.10376886047031253	3.597e-321	0.06146003833340883	0.6891600312814294	0.14561106991484912
ATP2B4_0_dirichlet_train1	0.141507864164686	0.21926550357862987	0.2193431651130543	0.20773254576516872	0.21215092137846112
ATP2B4_1_dirichlet_train1	0.12962976503958124	0.15078925474435712	0.11669604039081981	0.5141130194339021	0.0887719203913399
ATP2B4_0_dirichlet_train1.1	1.7038635028328387e-95	0.0571556243090646	0.4708199609633765	0.18057611616997152	0.2914482985575875
ATP2B4_1_dirichlet_train1.1	0.07817289351522738	0.08719152167456097	0.3660256929154113	0.33598980124958505	0.13262009064521546
ATP2B4_1_dirichlet_train1.2	0.14453707391500617	0.20949227720035635	0.3791764391535445	0.2595960900980344	0.007198119633058615
ATP2B4_1_dirichlet_train1.3	0.04311471532087826	1.95e-321	0.5068548117419334	0.36270019085282285	0.08733028208436548
ATP2B4_0_dirichlet_train1.2	0.024378394994969077	0.35039752520688433	0.36978744305605304	0.17981361088344489	0.07562302585864877
ATP2B4_1_dirichlet_train1.4	0.26365040588168814	0.07693007878539135	0.30915486182591434	0.2961314928363557	0.0541331606706505
ATP2B4_0_dirichlet_train1.3	0.023527001284836337	0.23039587564676503	0.5415647467848983	0.20451237628350044	1.265e-321
ATP2B4_0_dirichlet_train1.4	0.14599091780457474	0.12798087785483264	0.3124406237444297	0.24900892386903625	0.16457865672712654
ATP2B4_0_dirichlet_train1.5	0.060500995269154575	0.15824654730894186	0.2868639171072147	0.239879256337254	0.2545092839774347
ATP2B4_0_dirichlet_train1.6	0.07635088959094138	0.13343411591345047	0.3565290194067283	0.28494479188758665	0.14874118320129306
ATP2B4_1_dirichlet_train1.5	1.067e-321	0.0832255667556754	0.45911829581993957	0.2512868876721062	0.2063692497522789
ATP2B4_0_dirichlet_train1.7	0.25838127126062427	0.08534895912377323	0.3611360358323368	0.10186448120618129	0.19326925257708433
ATP2B4_1_dirichlet_train1.6	0.2542381842296649	0.03610279347341287	0.36743062542716054	0.3422283968697616	5.3e-322
ATP2B4_1_dirichlet_train1.7	0.056606917127449925	0.17241118587611257	0.49447549356033216	0.2765064034361054	2.6e-322
ATP2B4_1_dirichlet_train1.8	2.3168926271974822e-288	0.20445508817634067	0.294226733881402	0.5013181779422574	2.3542716124085627e-65
ATP2B4_1_dirichlet_train1.9	0.14103639382028024	3.18e-321	0.3977167122236973	0.17915799695468748	0.28208889700133494
ATP2B4_1_dirichlet_train1.10	0.1607016195081475	0.052124588841526494	0.30832055250059165	0.38773832544804177	0.0911149137016926
ATP2B4_1_dirichlet_train1.11	0.0799185408379221	0.1071373459352275	0.31959373575229116	0.36508107551277946	0.12826930196177963
ATP2B4_1_dirichlet_train1.12	0.004086256269004519	4.1865845177556805e-300	0.480247785174489	0.5156659585565064	1.180312002698649e-277
ATP2B4_1_dirichlet_train1.13	3.0214871437123777e-233	0.3251257489020984	0.3852801819555346	0.28959406914236696	1.324e-321
ATP2B4_0_dirichlet_train1.8	0.10419185899171707	0.10788926447412621	0.299008268043061	0.19809890546078818	0.29081170303030757
ATP2B4_1_dirichlet_train1.14	0.00632223674436137	0.06051393619525121	0.38739734960964284	0.3881207790285448	0.1576456984221997
ATP2B4_1_dirichlet_train1.15	0.13853136273560399	0.15213967417547375	0.36543672227833923	0.28563768245073906	0.058254558359844014
ATP2B4_0_dirichlet_train1.9	0.12522716032320083	0.2416914261661442	0.22928779386902606	0.27121418391577046	0.13257943572585842
ATP2B4_0_dirichlet_train1.10	2.26e-321	0.13497230020517226	0.374808498322144	0.2948784449301839	0.19534075654249972
ATP2B4_0_dirichlet_train1.11	0.09894572276277185	0.18529317517588637	0.2546757850007173	0.2650250871518255	0.19606022990879912
ATP2B4_1_dirichlet_train1.16	0.17175255595385114	0.17954612128597458	0.40778155889550594	0.1794534120565402	0.06146635180812821
ATP2B4_0_dirichlet_train1.12	1.09e-321	0.24677501357341763	0.2676098613331762	0.23102039738961863	0.2545947277037874
ATP2B4_0_dirichlet_train1.13	0.07948398238957237	0.23028176343540732	0.33212026143711904	0.1901912173588757	0.16792277537902567
ATP2B4_0_dirichlet_train1.14	9.977780643745527e-179	0.2615286250376662	0.3444921287049648	0.10730214443930987	0.2866771018180593
ATP2B4_0_dirichlet_train1.15	2.935e-321	0.2566587118144513	0.36175377126294905	0.2105320670073027	0.17105544991529692
ATP2B4_1_dirichlet_train1.17	0.09045164278855769	0.16023662225269666	0.23788737287186051	0.3645792512060403	0.14684511088084498
ATP2B4_1_dirichlet_train1.18	1.25e-321	0.019041324343642654	0.5137993702822004	0.46715930537415706	9.6e-322
ATP2B4_1_dirichlet_train1.19	0.008285604735820698	0.046263020548589946	0.6185037709298419	0.3269476037857475	9.24e-322
ATP2B4_1_dirichlet_train1.20	0.13015248696607404	0.19695611036367963	0.377651334945444	0.16132114782435672	0.13391891990044574
ATP2B4_0_dirichlet_train1.16	1.5516249373427399e-168	0.15126492093424895	0.44454268674764685	0.2532977440824472	0.15089464823565713
ATP2B4_1_dirichlet_train1.21	0.03534295665467751	0.0541880249599207	0.610739348204927	0.26395444952056657	0.0357752206599082
ATP2B4_1_dirichlet_train1.22	0.007930532803853982	0.14160266078265402	0.38731942697893496	0.23500028687809907	0.22814709255645807
ATP2B4_0_dirichlet_train1.17	2.88e-321	0.08522870306641944	0.40897526899145487	0.217017192914436	0.2887788350276896
ATP2B4_0_dirichlet_train1.18	0.06208944069484	0.08580733004506648	0.5438272367651135	0.08003967858216762	0.22823631391281246
ATP2B4_1_dirichlet_train1.23	0.1367130834126225	0.038373786089394284	0.49555801009869416	0.3038180509298597	0.025537069469429404
ATP2B4_1_dirichlet_train1.24	0.09904073802115669	0.1404252543159487	0.20316373633329116	0.49725095046293954	0.060119320866664
ATP2B4_0_dirichlet_train1.19	2.1855002374861722e-281	0.2738014936045945	0.29224989571938464	0.1755349895525375	0.25841362112348326
ATP2B4_1_dirichlet_train1.25	3.91e-321	0.15511023180668118	0.32496714290482853	0.3203709602903343	0.199551664998156
ATP2B4_0_dirichlet_train1.20	0.056222157411627276	0.19887915151236765	0.3148308954582031	0.16371968282956123	0.26634811278824094
ATP2B4_0_dirichlet_train1.21	0.1357353585843189	0.04818351238318342	0.3229097690714853	0.2848306139485186	0.2083407460124939
ATP2B4_0_dirichlet_train1.22	1.9632502862331218e-16	0.2698076545585738	0.30337833893692445	0.2528595993001073	0.1739544072043943
ATP2B4_0_dirichlet_train1.23	0.1710819491280134	0.1928483383710947	0.2928287139266197	0.1602020926037782	0.18303890597049385
ATP2B4_0_dirichlet_train1.24	0.008667991269312185	0.27241800481589	0.24808467240894955	0.35333760464547304	0.11749172686037522
ATP2B4_1_dirichlet_train1.26	0.1973170850295077	8.779286700812555e-102	0.5585805105307395	0.24410240443975265	4.55e-322
ATP2B4_0_dirichlet_train1.25	0.04537686293040328	0.08898350211830325	0.26970205379982093	0.13093964968071664	0.46499793147075597
ATP2B4_1_dirichlet_train1.27	3.053e-321	0.14437143174576222	0.46776095037411825	0.3878676178801194	8.84e-322
ATP2B4_0_dirichlet_train1.26	0.07535167122424849	0.14261058402475374	0.37184893507896744	0.20447630840445194	0.20571250126757842
ATP2B4_1_dirichlet_train1.28	0.012983198244423217	0.22006728366422407	0.4431210456495842	0.3238284724417686	3.4129513353041355e-215
ATP2B4_0_dirichlet_train1.27	0.05304936572201589	2.5928382293470377e-59	0.5611874888771295	0.10998388459221585	0.2757792608086386
ATP2B4_1_dirichlet_train1.29	0.06090786631016952	0.1287378180340851	0.360670906114485	0.38929400354056154	0.06038940600069889
ATP2B4_0_dirichlet_train1.28	1.17e-321	0.0811661440833965	0.48322562046352147	0.435608235453082	4.2e-322
ATP2B4_0_dirichlet_train1.29	3.6e-322	0.13548994601704714	0.46715179667180307	0.38500700006144023	0.012351257249709514
ATP2B4_0_dirichlet_train1.30	0.013687860753392893	0.2211678267080793	0.3496159693040515	0.18607874825062923	0.2294495949838472
ATP2B4_0_dirichlet_train1.31	0.07977915929040563	0.1960681628201809	0.24720495613744745	0.16192823071667434	0.3150194910352917
ATP2B4_1_dirichlet_train1.30	0.07579776173687457	0.1264692549833559	0.4275007037926537	0.2670170961389125	0.1032151833482033
ATP2B4_1_dirichlet_train1.31	0.0903206307508071	0.23206929552878217	0.2581077223695536	0.3229119980208186	0.09659035333003843
ATP2B4_1_dirichlet_train1.32	1.6221200925908444e-107	0.05289669954696481	0.4157426769099401	0.4768875377795132	0.05447308576358179
ATP2B4_0_dirichlet_train1.32	0.09273579657076136	0.13892223164049824	0.45334093397692143	0.25215080118394373	0.06285023662787519
ATP2B4_0_dirichlet_train1.33	0.04571964388612603	0.041717233211464096	0.4101291380684283	0.27260509466046623	0.22982889017351524
ATP2B4_0_dirichlet_train1.34	0.13180279714562124	0.186937693684262	0.3981533931906114	0.13142029285577278	0.15168582312373236
ATP2B4_0_dirichlet_train1.35	0.07403063921951007	0.027696403579307406	0.4724990468597715	0.425773910341411	1.5300755394382057e-263
ATP2B4_1_dirichlet_train1.33	0.04123170571823537	0.20125231015532233	0.4836852636953731	0.27383072043106926	3e-322
ATP2B4_1_dirichlet_train1.34	0.07286723025830318	0.07975669220121141	0.3770004270427153	0.4703756504977701	6.618424902510476e-113
ATP2B4_1_dirichlet_train1.35	0.11026470796950914	0.11143965738215708	0.4913426141650805	0.2869530204832533	4.25e-322
ATP2B4_1_dirichlet_train1.36	0.01877667563786482	0.025107469990615607	0.49657082184618695	0.45954503252533263	3e-322
ATP2B4_0_dirichlet_train1.36	0.07999168033422523	0.24365261622261006	0.43867505446380695	0.1923935449612239	0.045287104018133975
ATP2B4_0_dirichlet_train1.37	0.0078032900090107245	0.08818137119600546	0.5163862162283415	0.18913018365284637	0.19849893891379594
ATP2B4_1_dirichlet_train1.37	0.14138489602390206	0.11961647718485066	0.314006414445296	0.3714508442993426	0.0535413680466086
ATP2B4_1_dirichlet_train1.38	0.08146248555655854	0.023632624597497248	0.4200920299483697	0.41467786567414294	0.0601349942234317
ATP2B4_1_dirichlet_train1.39	0.1358713338314321	0.0411284042381103	0.46026521528633535	0.3061449126908922	0.05659013395322993
ATP2B4_1_dirichlet_train1.40	0.24821353102990248	9.93e-322	0.433337586530703	0.29034540634724704	0.028103476092147552
ATP2B4_1_dirichlet_train1.41	0.13080941545066074	0.12841920050854555	0.3526996680352503	0.38807171600554335	9.3e-322
ATP2B4_1_dirichlet_train1.42	0.053119229813437745	0.1309865904614449	0.30295930793730286	0.46680584003541803	0.04612903175239641
ATP2B4_0_dirichlet_train1.38	7.60013693332223e-233	0.22028788075179664	0.40704245360715907	0.26525042581324487	0.10741923982779948
ATP2B4_0_dirichlet_train1.39	1e-321	0.24337106598954938	0.2571364538201361	0.3297606452738182	0.16973183491649618
ATP2B4_0_dirichlet_train1.40	0.060334650470319134	0.20058241543754585	0.3983286156524444	0.1857212163361937	0.15503310210349688
ATP2B4_1_dirichlet_train1.43	0.050102055434473956	0.013086310225119982	0.6154078056446939	0.27666039220986643	0.04474343648584584
ATP2B4_0_dirichlet_train1.41	0.03912941222073373	0.08958866462883806	0.2840712467425599	0.43573191559728874	0.15147876081057962
ATP2B4_0_dirichlet_train1.42	1.665e-321	0.09094910931415669	0.3457635558680221	0.1318536067186844	0.43143372809913694
ATP2B4_0_dirichlet_train1.43	0.05255127491069708	0.21985937204821407	0.28538952611592117	0.2828885256424015	0.1593113012827661
ATP2B4_0_dirichlet_train1.44	0.12824089635712396	3.3349702649486204e-287	0.468538097730937	0.26638507120910027	0.1368359347028388
ATP2B4_1_dirichlet_train1.44	1.91e-321	0.2329158439135658	0.3791197530119361	0.30889414657661546	0.07907025649788259
ATP2B4_0_dirichlet_train1.45	0.03863787847574024	0.2631129536896393	0.24421837513030503	0.3084062906070646	0.14562450209725075
ATP2B4_1_dirichlet_train1.45	0.1067780354248478	0.197272691648443	0.16757500235823464	0.4002428091741952	0.1281314613942793
ATP2B4_0_dirichlet_train1.46	1.235e-321	0.23446168956895638	0.37583282078360314	0.10664665978497308	0.2830588298624675
ATP2B4_0_dirichlet_train1.47	0.1380141212880086	0.024852648517835616	0.3088373424682684	0.2183301779611314	0.3099657097647558
ATP2B4_0_dirichlet_train1.48	3.5e-322	0.1870147847244252	0.4486229013685137	0.19412965118479825	0.1702326627222629
ATP2B4_1_dirichlet_train1.46	0.21454640029207964	0.11984911121780621	0.2934512040672387	0.3269387881175927	0.04521449630528266
ATP2B4_1_dirichlet_train1.47	0.03223286103522957	0.08812446896230271	0.6434103667240276	0.2362323032784402	2.67e-322
ATP2B4_1_dirichlet_train1.48	3.46e-322	0.2518054767784987	0.3677607090715276	0.31098491282663226	0.06944890132334136
PMS1_0_dirichlet_train1	0.27611041087031213	4.74e-321	0.3480173952251685	0.30569653004121966	0.07017566386329965
MSH6_1_dirichlet_train1	0.7649046800791828	0.17960461133087408	1.72e-321	0.0481597115733228	0.007330997016620338
MSH6_0_dirichlet_train1	0.8349656132587826	2.110283676390207e-213	0.14666501982301713	0.008800051430671894	0.009569315487528514
MSH2_0_dirichlet_train1	0.7736236472783419	4.64e-322	0.17325541426691574	0.0254788677956401	0.027642070659102135
MSH6_0_dirichlet_train1.1	0.7863703589033805	0.03641564779233406	0.054796528593413996	9.5e-322	0.12241746471087138
MLH1_0_dirichlet_train1	0.8877631119722709	1.764e-321	0.040700908043481664	0.03625263288991324	0.03528334709433411
MSH6_1_dirichlet_train1.1	0.8793060337310611	3.4035597721551987e-91	0.05651680882940149	0.03943665714715772	0.024740500292379782
MLH1_0_dirichlet_train1.1	0.7513573887452987	0.24864261125470127	4.254304221464397e-290	2.11e-321	2.76e-321
PMS1_0_dirichlet_train1.1	0.14922509740417386	3.122e-321	0.5635838197533151	0.23627953352601153	0.05091154931649948
PMS1_0_dirichlet_train1.2	0.05740625191699237	0.09228173877247549	0.37767406124659464	0.1601810780066518	0.3124568700572858
MSH6_1_dirichlet_train1.2	0.9502089031472193	2.9915076373917745e-169	0.005639675837152819	0.04138628387300317	0.002765137142624693
MSH6_1_dirichlet_train1.3	0.7400670583667829	0.08048547223000584	0.17037166910178375	0.00907580030142764	1.160682204727481e-243
PMS1_0_dirichlet_train1.3	0.24481427984332105	0.049588405910951566	0.3276000215229913	0.1585847081375622	0.2194125845851738
PMS1_0_dirichlet_train1.4	0.2025052602851743	0.10625966373229428	0.24449948137591992	0.15865203072860282	0.2880835638780087
PMS2_0_dirichlet_train1	0.404275964173093	0.5220036738535758	0.04114802596624291	0.03257233600708837	1.067e-321
MSH6_1_dirichlet_train1.4	0.6507690247759366	0.20876643177658563	0.09117955957344555	0.04928498387403229	2.62e-321
MSH6_0_dirichlet_train1.2	0.7974891751380414	0.07773826673219777	0.1169836519995653	0.007788906130195471	1.986e-321
PMS1_0_dirichlet_train1.5	0.08457838162733311	1.19e-321	0.5473099414855891	0.24434125368089288	0.12377042320618485
PMS1_0_dirichlet_train1.6	0.1192853785540574	1.16e-321	0.5854281664948752	0.12504148823490194	0.1702449667161657
PMS1_0_dirichlet_train1.7	0.15789446667607246	0.14217860795589457	0.4139078718381891	0.16093429811312357	0.1250847554167204
