Samples	SBS96A	SBS96B	SBS96C	SBS96D	SBS96E	SBS96F	SBS96G
OGG1_boot	0.1799047471640506	3.3696414622867394e-254	3.549788911268305e-226	7.074290799030986e-53	9.254859717292438e-169	0.8200952528359494	1.411316358145423e-111
OGG1_boot.1	0.09957482008714624	1.6459005760510145e-169	3.48613e-318	1.6538985020666442e-81	1.0181727486960039e-119	0.6614568384874542	0.23896834142539952
OGG1_boot.2	0.06303226787200762	3.0550606638280264e-156	0.06175142763092592	0.1969654394443244	1.0757634814107766e-17	0.678250865052742	9.858413499383694e-41
OGG1_boot.3	0.06310944865709361	7.814086731598492e-103	1.0346844755613483e-93	0.024096979582562128	0.23062314429349526	0.6735488709086127	0.008621556558236423
OGG1_boot.4	1.8690502346167144e-40	1.2073045692627316e-125	0.020648639108946248	0.26574749351069726	0.1779963215928825	0.5356075457874739	1.684288758941474e-47
OGG1_boot.5	0.1520016536040237	0.03283298456107149	3.9367215368767464e-265	3.2164655247634306e-13	4.7651823585907795e-51	0.7673742144212369	0.04779114741334632
OGG1_boot.6	0.14795566271785343	5.829027635133973e-87	3.863431360133483e-28	0.13215818596727072	5.206418961844939e-33	0.6856086961602814	0.034277455154594516
OGG1_boot.7	0.13645912487842857	1.5417803035800332e-14	1.616190318490925e-27	0.08920760601630455	0.006971378268704894	0.7017612821766483	0.06560060865989817
OGG1_boot.8	0.0738093620764011	1.0079520970683652e-80	0.03325157760863091	0.2727620477996969	1.6110532627958223e-21	0.620177012515271	5.280804097888914e-51
OGG1_boot.9	0.0643045178089495	1.0867193872914616e-41	4.1556901676715085e-06	0.21559960782746723	0.12863251683208782	0.5794632204746057	0.011995981366721914
OGG1_boot.10	0.010522150708123535	0.05411766270541899	4.203863575858964e-96	5.588688250630676e-10	1.6116073334132327e-42	0.6763504807742216	0.2590097052533671
OGG1_boot.11	3.325e-321	1.3576060559027924e-104	8.629882476918939e-12	0.254741780479488	0.1754980558569316	0.5697574541519266	2.709503023909881e-06
OGG1_boot.12	0.12603148277442006	1.2148004135830148e-53	2.865898442336127e-44	0.08331427805332998	0.03602953586145468	0.7148130800429959	0.039811623267799315
OGG1_boot.13	0.11860069765677375	2.8912455111697456e-115	1.7745191681756998e-95	1.0725779543546435e-23	2.4719098927068573e-59	0.6843347501055101	0.19706455223771613
OGG1_boot.14	0.02871240886553196	6.1368294332577504e-77	2.9457663208964725e-93	0.1563651931266227	0.001544942880951365	0.5413078609902031	0.27206959413669085
OGG1_boot.15	0.003312337985386968	2.3439788396661865e-127	0.030327979190321097	0.2801738460446824	0.14784173301115905	0.5383441037684504	9.67754677337262e-21
OGG1_boot.16	0.19141454076591424	6.521259420975771e-12	5.248670584255e-312	1.8187310358258775e-31	2.24594300608055e-112	0.8081798402949065	0.00040561893265812657
OGG1_boot.17	0.08545848681791449	4.5794466033946755e-161	4.8150003937371176e-57	0.24992590057514946	0.0828084341912794	0.5818071784156569	1.0329242406599881e-24
OGG1_boot.18	1.0240524494717578e-84	1.763258102173435e-12	1.926760150866545e-177	0.20613538485988794	0.17390661802629856	0.5495592591332006	0.07039873797884975
OGG1_boot.19	0.0057251097145639245	3.766158103189284e-30	3.5873998188922764e-36	0.2774018886738576	0.16843175679125447	0.548441244820324	4.654629104935393e-29
OGG1_boot.20	0.06027851339367085	4.3697186863874786e-35	0.022657295913814903	0.24429821230902296	0.05655873171594915	0.6162072466675403	1.8836293633815228e-15
OGG1_boot.21	0.11136067147375563	1.6802006901614126e-114	0.025448724208423062	0.10432664659189228	9.359365480663676e-50	0.758863957725929	3.2275607419531208e-43
OGG1_boot.22	0.0567873752710413	1.0087616983681657e-123	7.937932591525124e-27	0.29814606993820253	0.1216847400468322	0.5233818147439242	2.2834667363740828e-29
OGG1_boot.23	0.10491975062634684	4.216914687955266e-81	9.891642399880281e-24	0.15731894609130534	0.06995398545578224	0.6678073178265655	1.1155905861612827e-26
OGG1_boot.24	0.150821112023275	1.3129032764767064e-50	2.1898733068852187e-106	0.26128087766530284	2.323325394219693e-30	0.5878980103114222	8.051825871910334e-44
OGG1_boot.25	0.09598676252589082	3.6684331885509915e-125	2.522849909551902e-40	0.2030801255887952	0.09849886492454447	0.6024342469607695	2.0548868901104983e-30
OGG1_boot.26	0.04186334868235144	2.2752080634289243e-167	3.965312413063641e-54	0.1814163917423961	0.18474106988176214	0.5919791896934905	7.70023472922361e-65
OGG1_boot.27	0.013876299326216299	0.02738806869368736	2.0164721291341764e-80	1.1257693023762236e-10	0.0001417386600416248	0.6327432455610562	0.3258506476464215
OGG1_boot.28	0.06952009691920465	2.6759835027590953e-123	0.03729825944861294	0.24665755024086936	1.4392528879104942e-22	0.646524093391313	1.7524799831376475e-94
OGG1_boot.29	0.13640115555861165	2.5879409050064285e-102	5.222128158108449e-08	0.0878885849549382	0.061803938590040686	0.7083018786795341	0.005604389995593643
OGG1_boot.30	0.14786217827835232	9.396006094546465e-226	5.795022078226833e-91	9.84831630785307e-62	3.1546071174186073e-47	0.7470906898048119	0.10504713191683583
OGG1_boot.31	0.046102843005629716	0.040915745918580326	1.933959077685335e-17	0.06698208671886845	0.00017081296781579488	0.6750303612923566	0.17079815009674906
OGG1_boot.32	0.0033856291918891645	5.106711447897631e-161	3.975250116821748e-110	0.1805546466285845	0.05379317541448513	0.565859328968222	0.19640721979681927
OGG1_boot.33	0.049284204766027795	1.3636317419654538e-177	1.6554526590379562e-43	0.17924017167950126	0.023712237192755902	0.6129252022595817	0.13483818410213333
OGG1_boot.34	0.026907369267280642	4.413965670401344e-61	1.3907329922190955e-27	0.06368436259755249	0.2525944161044878	0.656813852030679	3.8955300766548137e-25
OGG1_boot.35	0.06349752842234507	7.489178078626612e-55	9.221581236285897e-10	0.32089033761559477	0.005166624013799275	0.6104455090261027	2.1148985701411918e-36
OGG1_boot.36	0.05223889419965202	8.70678281554656e-30	0.03436391898007019	0.17385086759117896	0.029342817032994035	0.6832673662195919	0.026936135976513016
OGG1_boot.37	0.045827790743045806	5.2073064606261166e-36	2.585009824783363e-36	0.00026729829418298826	0.11388228944342642	0.6354692288083219	0.204553392711023
OGG1_boot.38	0.07700034088075268	2.94415855998789e-67	1.0785511998104892e-33	1.3345161525879868e-20	1.505633233265131e-19	0.7252734645403459	0.19772619457890142
OGG1_boot.39	3.8374580171925886e-208	2.10776145926193e-136	1.0923885502244195e-158	0.17388853583502764	0.2576749349693029	0.5684365291956694	1.761541937721508e-21
OGG1_boot.40	0.10033321676521074	1.0420414516069793e-115	1.674827499824921e-179	1.5540493234031824e-58	1.757634835668804e-46	0.6558641684512855	0.2438026147835037
OGG1_boot.41	0.16265466026191455	2.3432975108054634e-59	8.971145448176489e-48	0.10903094283212098	0.030027026882732805	0.6962274879707308	0.0020598820525008243
OGG1_boot.42	0.01880467383878989	0.035140395084363396	2.2352239094021762e-48	0.054183453121628304	0.11204247036805766	0.6330951783189122	0.1467338292682485
OGG1_boot.43	0.0006345835736708498	2.2320811265718414e-144	1.9688549399122915e-13	0.30055437970807003	0.08913177371448294	0.6096792630035792	3.829862243913082e-20
OGG1_boot.44	3.907573287821664e-62	0.10657295920970954	9.426569794110221e-41	4.0153934841491935e-07	0.05314466746841108	0.6467027400313594	0.19357923175117162
OGG1_boot.45	0.08748184095748618	2.116873438758376e-73	6.07155344704076e-104	0.06730445157294052	5.443170491923491e-26	0.6610069773061309	0.18420673016344252
OGG1_boot.46	0.03632023889600193	2.3422579351835973e-90	0.05499512376687566	0.13251699243527632	0.15290847848229383	0.6232591586651707	7.754381652241768e-09
OGG1_boot.47	0.00697661878685358	6.47147011651014e-71	0.03422581408284695	0.20748053578654735	0.06920822702302647	0.6218763751726176	0.060232429148107974
OGG1_boot.48	0.07331746741181804	1.902911347058515e-55	0.08330316378376536	0.1465477764576041	1.0507375092625923e-05	0.6669074426037908	0.02991364236792915
OGG1_boot.49	2.0761841433758815e-287	1.3024537458962946e-95	0.04952735249615673	0.2989439759468248	0.07659459069845335	0.5749340808585651	1.3061893925069894e-17
OGG1_boot.50	0.09393327746407618	2.6514142486855907e-30	2.2065395300723054e-29	0.11414498808867866	9.844657615330656e-16	0.7396715505400203	0.05225018390722386
OGG1_boot.51	8.123091176930633e-20	6.388646186342587e-92	0.060986913126161654	0.24548928483674773	8.497489930946926e-56	0.6935238020370905	2.770345012214728e-57
OGG1_boot.52	0.1121540605729458	1.0755267804140878e-115	8.652341351419106e-18	0.11466887632817459	0.011007587830325415	0.7621694752615008	7.05319974352178e-12
OGG1_boot.53	6.487410602988173e-218	3.2607918617995265e-164	0.04529886848937258	0.2960109636559798	0.0871776231898474	0.5715125446648002	2.769080105551116e-18
OGG1_boot.54	1.2598986127997903e-125	2.696647089137202e-78	4.977978694004628e-44	0.14623669728455554	0.016745107608307625	0.5935611473004925	0.2434570478066445
OGG1_boot.55	0.07049926898732488	9.174873936298341e-101	0.09194405857245878	0.17619599551816043	4.809397450520906e-07	0.661133692590712	0.00022650339159907415
OGG1_boot.56	0.06320387326159141	6.545356306403886e-76	0.04513413778108162	0.09060099861644698	0.015617072382594058	0.6634690432919558	0.12197487466633003
OGG1_boot.57	0.03431594109199567	7.65133725328553e-61	1.8933310150842494e-10	0.18145287564812757	0.08921125192158103	0.6647345747190174	0.030285356429945415
OGG1_boot.58	4.3112510723855784e-229	5.568134289428139e-52	0.05702618640915021	0.26621486691592905	5.487023256290728e-32	0.6767589466749208	7.258688485715351e-22
OGG1_boot.59	2.465e-321	4.404218710965332e-98	0.014119919877130217	0.3371202226031527	0.07778650456163311	0.570973352958084	2.2974377023290227e-37
OGG1_boot.60	2.510362e-317	1.1213836635457366e-151	6.900735299546349e-37	0.33747895070528416	0.11954302852178093	0.5429780207729351	1.1121840393131607e-38
OGG1_boot.61	0.009646872386161293	0.022772878986994868	1.216458801463148e-08	0.2067316627896429	0.10974780352923431	0.6447447685960629	0.006356001547315693
OGG1_boot.62	6.064958977741829e-178	2.3804862999478704e-140	0.08934465259482298	0.2708378129664668	0.043304984784975624	0.5965125496535604	1.7431473106416146e-13
OGG1_boot.63	0.0933527373490855	6.096827740453785e-20	6.911887485096541e-100	0.04753238680534882	1.3309827750249718e-41	0.6900780219597142	0.16903685388585138
OGG1_boot.64	0.05434789252552862	0.024501545243249802	9.646760078536309e-09	0.21517786379793735	0.01600224484120366	0.6899681298924645	2.3140528559305303e-06
OGG1_boot.65	2.308844929657115e-22	2.4125544869777905e-72	0.15659219040930472	0.19499870434851196	0.03149400776079691	0.6169150974813864	4.233073368514582e-53
OGG1_boot.66	0.02009853448938879	6.419974064139978e-161	0.0740741833371003	0.21576746115053155	1.3495882106645215e-05	0.6900463251408726	1.8446406050892433e-37
OGG1_boot.67	0.07829215033216194	2.956211529953378e-77	0.03430048057436829	0.1675659903370902	8.837488790220842e-44	0.7198413787563795	9.323402153514514e-40
OGG1_boot.68	0.09457535248340702	8.817441457851843e-98	0.04634203247344171	0.18658468728447267	7.872962582657135e-51	0.6724979277586788	8.333175151868687e-56
OGG1_boot.69	0.003129293206786682	2.7167284622822055e-103	1.2315275702670596e-120	0.009475632215011316	6.3145446049893715e-71	0.6442486767334413	0.34314639784476075
OGG1_boot.70	0.05214949685720916	3.267279411336474e-93	7.310696990938648e-142	1.752119693277545e-30	9.153629241645038e-69	0.6627476845611242	0.2851028185816666
OGG1_boot.71	0.0033553399748334754	7.532356145984364e-46	0.07691440133055673	0.1307844161606925	4.1569562990489315e-27	0.6553531037918173	0.1335927387421
OGG1_boot.72	1.1891183619726704e-101	6.316840229740742e-78	1.348963454267193e-53	0.2498271697966318	1.0669255020919721e-26	0.6059196165562153	0.14425321364715285
OGG1_boot.73	0.06596464066057545	1.1648913799742311e-97	1.0130688635561078e-97	0.1288816807113163	1.1956698268342086e-32	0.6658838090313612	0.13926986959674717
OGG1_boot.74	0.025749991930470652	2.639909546197572e-181	0.05316322989710001	0.30090445482557027	6.424445748551958e-08	0.6201822591024014	5.391536625428146e-51
OGG1_boot.75	0.025107238439275627	8.110397472664709e-61	4.3107775962087867e-106	6.136680723726609e-28	3.100045748935712e-39	0.639039122106331	0.33585363945439334
OGG1_boot.76	0.01867074263674576	0.025588313202063468	0.007285991031068394	0.00023751640419643208	7.27314553407745e-40	0.7015233720187077	0.2466940647072182
OGG1_boot.77	1.753909120220848e-222	0.003759247359241388	4.064730260991677e-50	0.14558246936375546	0.03242106154141754	0.5892667164989566	0.22897050523662904
OGG1_boot.78	0.005593341240614861	8.933684759775125e-19	8.15078945286224e-39	0.06851477997866165	0.029048375338683555	0.6724756331291866	0.2243678703128534
OGG1_boot.79	0.027249611416591303	8.954854296707762e-167	0.043746390272375396	0.27857348722000574	1.0870840144003774e-53	0.6504305110910276	5.0129774194081635e-92
OGG1_boot.80	0.04718698881662054	6.013775814767609e-35	0.09281715219882193	0.19054860649899752	2.980409597430363e-12	0.6694472524825796	1.2586213546079109e-25
OGG1_boot.81	5.898782456301529e-172	2.6547500592843658e-73	0.10906823447691728	0.22043334679081164	7.40572856026064e-05	0.6704227124744382	1.6489722303198992e-06
OGG1_boot.82	2.5414052858164327e-180	1.4657551096782046e-74	0.03250151301473943	0.27211100200666105	0.06956692664297896	0.6258124216358915	8.136699729049986e-06
OGG1_boot.83	0.039728999075989285	1.4157320059012527e-50	0.026719189247785363	0.18831338519955282	0.06432258301518598	0.680735571606841	0.00018027185464553386
OGG1_boot.84	1.8809261776475443e-11	6.6188743007680005e-15	1.1181565695211603e-103	0.08637431462483797	1.2916018850737733e-25	0.6124890387540004	0.3011366466023458
OGG1_boot.85	0.02891499722017583	1.0865858088762114e-42	1.6058054430665497e-49	0.011684770222638464	4.415331960344526e-15	0.6397838658609316	0.31961636669624977
OGG1_boot.86	0.017063967715280418	5.445173344664967e-83	4.291518614534545e-06	0.2398033730750709	0.12477171387633233	0.6132888661083515	0.005067787706350219
OGG1_boot.87	0.03211250619542574	4.2347898213265496e-23	4.077561821850143e-42	0.09388462791572931	0.002104261912195906	0.6275408585169976	0.24435774545965158
OGG1_boot.88	0.02135277532248032	1.25025237725542e-44	0.02359723611992683	0.2189738763457684	2.2433465823163704e-14	0.6234463094920696	0.11262980271973223
OGG1_boot.89	3.6832299e-316	1.4279686394930164e-104	0.05745765926279958	0.2809592319924187	0.032021690992825536	0.6295614177519564	2.9933657203073185e-77
OGG1_boot.90	7.76e-322	3.080230645098984e-54	3.600502066038871e-175	1.0723009848787226e-09	0.4509147435277125	0.5490852553999865	2.519565835994828e-20
OGG1_boot.91	3.8897063317165855e-100	2.3908225241632588e-56	1.8362052240370912e-107	3.9493143543305567e-16	0.1344553596725486	0.6606956393144003	0.20484900101305062
OGG1_boot.92	3.725e-321	2.9731842250362754e-28	2.223465700589229e-118	0.0664023549266689	0.25188537049804666	0.6278954731127908	0.05381680146249342
OGG1_boot.93	1.784e-321	1.6798032636040894e-33	4.420383018916032e-89	0.028055216712197607	0.39107913725930904	0.5808656460284933	7.791736841556995e-25
OGG1_boot.94	6.9e-322	6.752901189816839e-101	1.4435903491049943e-212	0.1782791311609583	0.36221748298338274	0.45950338566426274	1.9139605904549836e-10
OGG1_boot.95	1.37e-321	2.77435592467029e-103	6.5831394276534065e-161	0.06755624102513784	0.33100071763025807	0.5632834621111871	0.03815957923341694
OGG1_boot.96	6.37e-322	4.6518758434414125e-186	6.81474669986021e-205	0.05757530468132907	0.48812975065306863	0.45429494466560233	5.537872575054654e-89
OGG1_boot.97	3.2110713878824665e-97	3.3209781185375297e-82	3.091367413753143e-150	0.003952536756909129	0.18779112337160458	0.6033673699091475	0.20488896996233877
OGG1_boot.98	1.17e-321	2.7910145766988686e-145	5.544354883679413e-287	1.108090343812591e-53	0.1370372226120963	0.5160602745452095	0.3469025028426941
OGG1_boot.99	3.46e-322	2.2799431713037344e-175	5.259134282985253e-160	0.22977045737496551	0.32985908772509503	0.4403704548999394	2.9893612546404194e-17
OGG1_boot.100	1.2614060346504048e-220	2.0009323753989496e-42	4.2482281282978257e-106	0.10629005163111747	0.2701365345818573	0.6231423857664282	0.0004310280205968888
OGG1_boot.101	0.014434595884371884	3.1309580352167227e-50	8.16140029997434e-185	1.3343545129242108e-36	0.051048877051686016	0.6160464280539982	0.3184700990099437
OGG1_boot.102	1.917e-321	3.620084625247491e-201	1.41731070199132e-202	6.403360592187234e-38	0.29646703033213956	0.5690522624429419	0.13448070722491848
OGG1_boot.103	4.5333899333378645e-169	2.2812700953216145e-98	2.0499939825504733e-114	0.033231066256627584	0.37632683189968313	0.5904421010502601	7.934293114493564e-10
OGG1_boot.104	4.77e-321	1.8560668789894776e-43	0.023425606142420993	0.04816987798298506	0.18021692390935415	0.7093201686356738	0.038867423329566116
OGG1_boot.105	1.2e-321	1.1356864160073765e-71	4.9515337262533756e-141	0.0989516054883302	0.36698936842426827	0.4716459466342835	0.062413079453118074
OGG1_boot.106	1.136e-321	2.291051496514794e-50	5.478132342788541e-215	9.377154312036588e-07	0.3828117883963777	0.4863778021620506	0.13080947172614046
OGG1_boot.107	1.31e-321	3.366520431425013e-153	8.590368376085289e-133	0.02775701731466408	0.36497360044842553	0.5758563580849206	0.031413024151989724
OGG1_boot.108	1.44e-321	1.4942636349839122e-58	2.802954145189869e-184	0.044411984598324364	0.3491959163472824	0.596090412553336	0.010301686501057287
OGG1_boot.109	1.833e-321	9.600969336376423e-117	7.205998328980865e-118	0.043492877923174286	0.11397556593385606	0.5505379479912336	0.291993608151736
OGG1_boot.110	1.25e-321	5.51631217042264e-65	3.2636416397790185e-276	6.913671514078309e-36	0.2554498253114111	0.5198472471058304	0.2247029275827585
OGG1_boot.111	0.003095963391219185	5.979965873032697e-12	3.290188316527306e-151	0.030814601348405236	0.379520309516484	0.5260338279478203	0.06053529779009143
OGG1_boot.112	3.02e-321	4.255360847820483e-81	6.822275910237442e-21	0.041009810946864476	0.372476927395031	0.586513261658102	2.472638027751072e-15
OGG1_boot.113	2.22e-321	6.707907295733334e-11	6.992422632532596e-178	0.009442798968759658	0.31402644973356875	0.5820772650026014	0.0944534862279912
OGG1_boot.114	4.333e-321	1.3010379790122101e-89	8.161129526689741e-136	0.12219641860487548	0.2703473898361415	0.607456191558983	6.350327583223607e-25
OGG1_boot.115	1.39e-321	7.54764002232844e-69	2.6068866550120965e-105	0.08988831878012828	0.32490207530080023	0.5852096059190715	4.581332842519835e-34
OGG1_boot.116	7.26e-322	1.3108420183282626e-254	2.4666548297206603e-193	0.2987267587938816	0.2964648286837503	0.4048084125223679	1.211288081169238e-104
OGG1_boot.117	3.19e-321	1.757235898930915e-168	7.386764911878937e-180	7.725313828974335e-44	0.3876083923683955	0.6123916075127002	1.1890438190304736e-10
OGG1_boot.118	1.95e-321	3.8280863491673736e-84	4.6205397604351456e-158	4.1301566345563455e-06	0.27234417976325126	0.5958779087078989	0.1317737813722153
OGG1_boot.119	5.967879340509142e-184	3.423392478792063e-78	1.2793180490387527e-112	1.773338222781709e-09	0.3649592138114586	0.6348355999930584	0.00020518442214454628
OGG1_boot.120	3.987e-321	5.784662197408982e-140	4.174326061742635e-101	7.023438995514936e-17	0.13952735683224002	0.5651960215004207	0.29527662166733926
OGG1_boot.121	2.856e-321	4.68952119311283e-29	6.56317589983197e-192	0.0055849451402587525	0.3978201806047426	0.5729958507768753	0.023599023478123177
OGG1_boot.122	1.477e-321	4.878784747750401e-51	9.374940875583103e-163	0.04040571370191953	0.12746421476980802	0.5704147010938256	0.26171537043444676
OGG1_boot.123	0.021124382139993216	7.581491864767416e-175	4.734236395042891e-235	2.139676219679532e-104	1.83740948947701e-55	0.6417949330071061	0.3370806848529007
OGG1_boot.124	6.7e-322	2.4689550111406838e-143	1.15e-321	4.889047253412428e-75	0.16717770796332326	0.4612043119882674	0.37161798004840924
OGG1_boot.125	3.256e-321	8.721147525842163e-217	2.6906971833700382e-192	0.1589976334488839	0.3166208514987747	0.5243815150523414	1.5704176012495763e-43
OGG1_boot.126	1.774e-321	0.011273026479976004	7.785933292528705e-197	0.00019691981524003245	0.3166000850093665	0.5851270081628934	0.08680296053252423
OGG1_boot.127	1.5110059711524616e-36	5.567455590921427e-38	1.631774348024262e-93	0.00014981963514683512	0.3755194659271557	0.6243307144375788	1.1856482775517748e-13
OGG1_boot.128	7.7e-322	1.2825825099306957e-76	4.1628073358013e-241	0.1511147379145439	0.31638193651395996	0.4948702944325365	0.037633031138959515
OGG1_boot.129	1.077e-321	1.4293625177582864e-148	2.979004833086862e-239	1.0151513205743496e-14	0.5117988286173669	0.48820108610635576	8.527626711312235e-08
OGG1_boot.130	2.796e-321	9.027876402728142e-157	1.4885963898595922e-242	0.009599732983358934	0.2650759152770594	0.5697028096558487	0.15562154208373288
OGG1_boot.131	7.56e-322	0.052881262963709465	3.867806235957172e-128	0.05541255954796381	0.3991541466393477	0.49255203084897903	5.754954497067793e-17
OGG1_boot.132	3.6e-322	3.6105630550658153e-231	1.474465874310007e-192	0.008683794504697806	0.49983295254892013	0.49148325294638207	1.7555685415201744e-40
OGG1_boot.133	8.15e-322	6.570769626051896e-94	2.9294441990805084e-202	0.0861984839438705	0.2641802995699388	0.5271281688330597	0.1224930476531309
OGG1_boot.134	1.803e-321	2.731430226244363e-07	7.871573057219852e-130	0.09253526406554767	0.3241246188383951	0.5833387128568721	1.131096162335462e-06
OGG1_boot.135	3.824e-321	1.7833875634131584e-33	5.5444836918711306e-37	3.159918985991851e-22	0.2388873809116609	0.6339979496337829	0.12711466945455638
OGG1_boot.136	2.396e-321	4.516524951142885e-66	3.349146063686279e-151	1.853465997179619e-12	0.341057042671741	0.6236814516733457	0.035261505653059896
OGG1_boot.137	9.14e-322	5.935446680162741e-151	1.04e-321	2.449237482387957e-63	2.0636971561741196e-63	0.5927570946212466	0.4072429053787534
OGG1_boot.138	2.51e-321	7.867320376180367e-66	3.1875417119557117e-158	0.02333245461914871	0.15534096801671898	0.6024091173511197	0.2189174600130124
OGG1_real	0.07781048166911711	9.880590677998102e-74	5.6797695773887855e-55	0.15357253532423956	0.06605238405708154	0.6557330920256886	0.04683150692387322
OGG1_real.1	0.03524628734395874	9.075662755167152e-53	0.03082158711626212	0.17890568949520474	0.019461775888570943	0.6511429580203266	0.08442170213567689
OGG1_real.2	2.31e-321	1.6140434591715293e-69	5.014420453765914e-156	0.018691376671966565	0.3167412797496552	0.5746669755054172	0.0899003680729612
UNG_boot	4.2012107901901996e-228	1.853e-321	0.9618837769224629	1.0376479264089887e-270	3.421540993709474e-12	0.038116223074115586	3.9389873532741376e-47
UNG_boot.1	0.06318494529513162	1.033e-321	0.869310007070194	2.0817910406862254e-299	5.121898061014765e-63	0.06750504763467431	4.6910040123968656e-266
UNG_boot.2	8.519687093178938e-295	8.3e-322	0.6382540845681938	1.206e-321	0.32467139988822213	0.03707451554358424	8.83174040671903e-36
UNG_boot.3	1.285e-321	1.196e-321	0.8178166601021254	1.166e-321	0.08597730526898274	0.0538275697906081	0.042378464838283676
UNG_boot.4	5.655167392640607e-221	1.635e-321	0.6673581892026414	1.265e-321	0.3326418107973585	6.47914254387365e-294	6.456939659660539e-75
UNG_boot.5	7.109090546048451e-279	8.89380290678224e-276	0.7900484897661292	1.2785495912380252e-145	0.15576900551767892	0.05418250471619196	1.2617202018623236e-70
UNG_boot.6	4.35e-322	1.186e-321	0.7057092993749698	1.709506336114307e-205	0.23981233839814495	0.007965500679802959	0.04651286154708222
UNG_boot.7	1.52e-321	7.26e-322	0.9024329842348412	7.46e-322	0.0975670157651587	3.4199508651334124e-84	1.5196774483370301e-145
UNG_boot.8	0.1397909996019791	1.04e-321	0.7464031615970758	1.05e-321	3.3079363594624066e-18	0.09912106118852604	0.014684777612419223
UNG_boot.9	1.6349063582121776e-272	9.73e-322	0.737818351347967	2.102254476909286e-267	0.18633764385178608	0.07584400480024701	2.1230832923883044e-56
UNG_boot.10	3.926601745737705e-64	7.3e-322	0.8779585766712207	8.8e-322	4.547446646056284e-179	0.12204142332877933	3.705168400831701e-101
UNG_boot.11	1.2359711606327406e-158	1.047e-321	0.7949617553164124	3.4875584449034172e-298	0.13020558713647878	0.07483265754710877	1.720262461213094e-44
UNG_boot.12	2.275306353835569e-300	1.23e-321	0.9430058823934038	1.066608664958886e-191	8.51452588344174e-42	0.056994117601986645	4.609549540527501e-12
UNG_boot.13	0.015116281056842597	1.527e-321	0.6867716268471401	1.22342550475077e-310	0.2981120920960173	2.4239715892226015e-25	2.1034844076905762e-30
UNG_boot.14	6.2e-322	6.97e-322	0.9473675982493319	8.74e-322	0.05263240175066801	2.6263956468e-313	8.228097128652079e-197
UNG_boot.15	1.9691058144701592e-168	8.3e-322	0.9871330036333068	1.03e-321	3.112910739730065e-29	0.012866996366693263	1.9593282554352622e-187
UNG_boot.16	1.586e-321	8.94e-322	0.807047621781895	1.225e-321	0.15931229400435	0.033640084213754945	4.8397475319870973e-54
UNG_boot.17	1.3173183322645642e-170	1.66e-321	0.7582053807067974	4.0715063251974694e-253	0.17364869044117687	0.034133629438465846	0.03401229941355989
UNG_boot.18	4.1082372382412464e-51	9.2e-322	0.8409555491905402	1.166e-321	0.08549993049282568	0.07354452031663411	3.5407630798551636e-17
UNG_boot.19	0.002561179914525298	1.146e-321	0.7801295485600583	1.344e-321	0.20815813503898692	0.009151136486429423	1.1489325450598181e-137
UNG_boot.20	1.49e-321	1.3e-321	0.877016653519326	1.166e-321	0.014379400718433966	0.10860394576223983	1.3795941894214305e-49
UNG_boot.21	8.3e-322	8.25e-322	0.7301996350720505	5.139086907142621e-240	0.26148039713905374	0.008319967788895651	1.3332168718492089e-190
UNG_boot.22	2.045e-321	9.4e-322	0.9714125108003048	1.05e-321	5.752953319788976e-104	0.028587489199695285	5.185277588463639e-143
UNG_boot.23	1.497e-321	9.93e-322	0.8150931280918821	1.5536698e-316	0.07367999404111078	0.05092983570696541	0.060297042160041815
UNG_boot.24	6.6e-322	5.53e-322	0.9790018656800493	9e-322	1.3592583440774545e-152	0.020998134319950693	2.096579789151365e-137
UNG_boot.25	1.507e-321	9.34e-322	0.8812698001845009	7.49216615e-316	8.310334037600404e-64	0.11873019981549929	1.338081508150459e-94
UNG_boot.26	1.17e-321	1.586e-321	0.649097406987063	4.589001743950229e-189	0.30330773842713116	0.039104388244741106	0.008490466341064718
UNG_boot.27	4.534091232982959e-256	1.74e-321	0.8527213031037522	1.3301064345192594e-292	0.04479211202242362	4.070806308058494e-37	0.10248658487382419
UNG_boot.28	1.586e-321	1.53e-321	0.7311685474143244	1.042e-321	0.16598253160914472	0.10284892097653096	3.0047867250492183e-96
UNG_boot.29	7.648163500593964e-278	1.186e-321	0.9665215611193598	1.255e-321	1.6845676720921208e-40	0.03347843888064016	2.356262625407411e-102
UNG_boot.30	4.0203172886282225e-103	9.44e-322	0.9049260936104216	1.24e-321	0.013937554038403698	0.08113635235117478	2.2321584201907358e-51
UNG_boot.31	1.34e-321	9.2e-322	0.8600304310655219	1.33e-321	0.13343710584505344	0.00653246308942483	5.75898006996643e-97
UNG_boot.32	8.55e-322	1.146e-321	0.5702774990232582	1.055874838332542e-298	0.4217604330999753	0.007962067876766381	2.2447226240572576e-92
UNG_boot.33	1.707137646434345e-285	1.72e-321	0.6956382978447694	1.1344124829381e-310	0.3043617021552306	5.007447143902824e-255	8.585507367015153e-53
UNG_boot.34	1.966e-321	9.4e-322	0.9046521731660461	1.206e-321	4.439367393433332e-75	0.09534782683395397	1.2629143618576921e-140
UNG_boot.35	1.433e-321	8.35e-322	0.8610846173010168	7.34878703252226e-241	0.12322610664894044	0.015689276050042802	1.0873835160150021e-96
UNG_boot.36	9.34e-322	7.26e-322	0.8713775790344711	1.057e-321	4.9898331389393415e-45	0.06380804649389687	0.06481437447163188
UNG_boot.37	0.06837858010692949	1.067e-321	0.603980998735086	6.523197029652611e-245	0.2427037758848435	0.08493664527314093	2.3836245578899775e-55
UNG_boot.38	5.9e-322	7.9e-322	0.8578238961380457	4.3717363159077734e-300	0.1183171605995319	0.02385894326242248	8.158294265611585e-42
UNG_boot.39	1.06e-321	6.6e-322	0.7656127806697568	8.7e-322	0.1995341397223836	0.034853079607859584	1.8344361835375107e-45
UNG_boot.40	0.02698600398370172	1.067e-321	0.855657896480193	1.033e-321	2.335175316437372e-126	0.11735609953610543	4.280377972287759e-95
UNG_boot.41	7.076246489393694e-218	6.9e-322	0.961711800836404	1.087e-321	1.063855812291014e-09	0.03828819809974023	1.220675065868907e-171
UNG_boot.42	9.8e-322	1.383e-321	0.8250242251710033	1.41e-321	0.164070012826354	0.010905762002642662	6.254106280181334e-29
UNG_boot.43	2.3027421131280878e-67	1.057e-321	0.8558701926678294	1.176e-321	0.04378608662291819	0.09972336008562999	0.0006203606236226049
UNG_boot.44	1.863e-321	1.225e-321	0.6951813790892187	1.13e-321	0.1273286379493906	0.037498359627799564	0.13999162333359105
UNG_boot.45	0.009253763749952248	8e-322	0.8224026894300143	1.4e-321	9.064991543437553e-82	0.003572093922198479	0.16477145289783518
UNG_boot.46	1.167670470686606e-227	5.53e-322	0.9238604148976657	8.1e-322	3.391675664078887e-43	0.07613958510233437	1.8528497924998637e-23
UNG_boot.47	8.45e-322	6.67e-322	0.8565882798596426	2.757152535387396e-278	0.06223376363337304	0.04250243257625992	0.0386755239307245
UNG_boot.48	5.368460085786585e-200	1.383e-321	0.9321686812094427	1.03e-321	1.2274277348082334e-84	0.0678313187905572	3.3179443980853853e-127
UNG_boot.49	1.166e-321	1.042e-321	0.4759591005982034	3.367837877162625e-212	0.5167588990054734	0.007282000395110768	1.2123201822249539e-12
UNG_boot.50	0.04898888915305797	1.25e-321	0.9134486118621747	9.93e-322	9.903918469090228e-64	0.037562498984767316	2.1539956405009887e-53
UNG_boot.51	0.10320527919277167	7.8e-322	0.8425735724483248	7.516569361109633e-302	1.7957818888231902e-194	0.05422114835890355	6.960208823163372e-165
UNG_boot.52	1.9e-321	8.05e-322	0.9875270058854954	3.9928555589909895e-307	9.546924194806315e-217	0.012472994114504797	1.1739330583602496e-199
UNG_boot.53	0.06997437068089732	8.84e-322	0.816538451954212	9.3e-322	7.110986087719262e-111	0.06133355949853888	0.05215361786635185
UNG_boot.54	0.015388606338393177	9.83e-322	0.9585680705873805	1.27e-321	1.7918343773847207e-304	0.026043323074226337	2.743649719509996e-79
UNG_boot.55	0.005738481504108223	1.13e-321	0.9362281267283211	5.708327050813424e-231	6.921846127975425e-84	0.058033391767570615	1.1659334557944692e-99
UNG_boot.56	0.05079090145061081	8.25e-322	0.9259542118727858	1.186e-321	1.285e-321	0.02325488667660335	9.400468916175819e-132
UNG_boot.57	0.15361058158261978	5.34e-322	0.7787198080649815	9.6e-322	2.168619776716852e-229	0.06766961035239885	3.6764539777906665e-85
UNG_boot.58	0.10640767919824044	5.5e-322	0.8218280011676735	9.7e-322	1.7386307548146096e-282	0.07176431963408611	9.042180139492156e-276
UNG_boot.59	0.027676736357214647	1.047e-321	0.9029575919362732	4.9403663468236e-311	3.231799574197565e-288	0.069365671706512	2.4291233411650784e-99
UNG_boot.60	0.06508639948571855	1.48e-321	0.8548979562918917	2.4949458015313687e-184	8.087833792995843e-156	0.08001564422238978	3.0682922097392933e-46
UNG_boot.61	0.10522315365692224	7.36e-322	0.8402109824385439	1.443e-321	1.632716294591581e-267	0.05456586390453377	1.2567840561380248e-227
UNG_boot.62	0.09247985259791781	6.9e-322	0.8891949451869634	1.02e-321	1.4276415696674776e-145	0.01832520221511879	3.377393754641082e-56
UNG_boot.63	0.06986621814401174	5.6e-322	0.899041391429231	9.04e-322	1.023e-321	0.031092390426757353	1.225e-321
UNG_boot.64	8.9361e-319	9.5e-322	0.9596620370935445	1.34e-321	2.0755871003202752e-212	0.04033796290645546	1.8122924685536147e-157
UNG_boot.65	0.1497553995575395	5.43e-322	0.7664846660384557	8.1e-322	2.9382959963210804e-305	0.08375993440400493	5.075841088831576e-110
UNG_boot.66	0.09629463508408055	5.34e-322	0.8199696494309363	9.3e-322	3.11739568877546e-299	0.08373571548498311	5.799630836224247e-141
UNG_boot.67	0.04587932818906362	1.023e-321	0.8806558359594034	7.469227483373767e-297	7.426743374005643e-238	0.07346483585153293	4.670268999049028e-193
UNG_boot.68	0.1457598624470173	7.76e-322	0.7972726206369317	9.14e-322	1.19e-321	0.056967516916050884	3.270087862938724e-295
UNG_boot.69	0.043182015061295716	1.013e-321	0.9131352815332232	5.1831445821838064e-245	1.2109111726503793e-229	0.043682703405481076	1.428771163682638e-170
UNG_boot.70	1.12e-321	1.28e-321	0.9580414889456627	3.30087112686805e-211	1.3130406497502828e-134	0.041958511054337344	1.2399103096002224e-129
UNG_boot.71	0.03970356767281543	8e-322	0.8774126262811262	1.03e-321	1.323990179549725e-253	0.08288380604605829	5.355823413905359e-119
UNG_boot.72	0.010271286857981482	1.24e-321	0.9706545932160615	8.325803515464526e-203	6.954500650625555e-228	0.019074119925957044	1.242284929629152e-103
UNG_boot.73	0.20441476305433562	6.9e-322	0.7164969019050618	9.24e-322	3.632822124774652e-230	0.07908833504060275	2.6540410805034266e-207
UNG_boot.74	0.15688866759319667	7.8e-322	0.7862143068579299	1.077e-321	2.449316e-316	0.056897025548873444	1.892561e-317
UNG_boot.75	0.08348091801541052	7.46e-322	0.86735190362598	1.17e-321	1.13e-321	0.04916717835860943	5.345753e-317
UNG_boot.76	0.11503010737771924	7.36e-322	0.826565512452551	1.01e-321	1.668324015612542e-281	0.058404380169729715	2.0845336025495337e-46
UNG_boot.77	0.08590325424272524	9e-322	0.8339230967132489	1.067e-321	5.887702296369042e-262	0.08017364904402577	1.911782118236864e-207
UNG_boot.78	0.010520390571536087	1.374e-321	0.9353629979524167	8.302502601974743e-253	3.516603498682557e-179	0.0541166114760472	2.825661603399518e-88
UNG_boot.79	0.04241995276729774	1.04e-321	0.8649565365654203	9.624021641037014e-271	1.1163544506394343e-152	0.09262351066728212	9.025952367439789e-58
UNG_boot.80	0.06604394148775344	8.74e-322	0.9038644485307071	1.0800266656791482e-306	6.408481329692689e-132	0.030091609981539452	3.5410772633580535e-180
UNG_boot.81	0.22475335795126983	7.66e-322	0.7068092457960219	1.344e-321	2.9562299944809445e-232	0.06843739625270816	2.7299773778294455e-18
UNG_boot.82	0.13885751798272736	6.1e-322	0.7992541666434063	9.44e-322	1.09e-321	0.061888315373866305	2.816627705136808e-169
UNG_boot.83	1.238389869335073e-32	1.14e-321	0.9609535978330378	5.514840689845058e-221	6.24163467774217e-225	0.03904640216696215	1.7678500616822003e-177
UNG_boot.84	0.06885093911524563	8.9e-322	0.8659858522576981	1.5887144e-316	4.280167570878031e-186	0.03318588232322161	0.03197732630383469
UNG_boot.85	0.09520917114280905	1.003e-321	0.8151965992597464	1.03e-321	3.1241658693603153e-278	0.08959422959744466	1.8116259906776695e-80
UNG_boot.86	0.01614301570826585	7.2e-322	0.9269975384594501	1.1e-321	9.6e-322	0.05685944583228404	1.12e-321
UNG_boot.87	0.05025248599702767	8.84e-322	0.8691490846122099	1.0352699161649638e-261	2.4201759769461098e-173	0.08059842939076231	5.3538044412075545e-160
UNG_boot.88	0.12744273671910467	6.4e-322	0.8060440990343323	9.9e-322	1.894134985230649e-269	0.06651316424656309	5.049908743350911e-114
UNG_boot.89	0.11181993768242597	7.66e-322	0.8502956165928226	1.24e-321	1.186e-321	0.03788444572475132	5.976525388185948e-207
UNG_boot.90	0.02273165158333204	1.26e-321	0.9491367156472571	1.0545610012370813e-266	8.767971645819407e-177	0.028131632769410723	2.3612168396535556e-39
UNG_boot.91	0.09836734259694033	7.2e-322	0.8493475543335982	1.126e-321	1.901150642258869e-292	0.05228510306946136	1.107145783514558e-221
UNG_boot.92	0.07799351837571195	7.36e-322	0.8923431150421031	1.047e-321	1.265e-321	0.029663366582185036	4.518542699689353e-179
UNG_boot.93	0.0040394984604846095	8.65e-322	0.9236138058031214	3.374684973804791e-272	2.2054009993439466e-216	0.07234669573639392	4.93707721652615e-77
UNG_boot.94	0.06048390117454393	1.196e-321	0.8735649245868818	3.619041878434234e-198	5.930013452830715e-204	0.06595117423857423	1.6665245365488614e-49
UNG_boot.95	0.07108070774335606	9.14e-322	0.8714256993429352	1.275e-321	4.535952426388585e-249	0.05749359291370879	3.866613761408515e-172
UNG_boot.96	0.11133656186130877	8.2e-322	0.8255997225529734	1.107e-321	9.63e-322	0.06306371558571784	6.6996660532875966e-226
UNG_boot.97	0.12513696462065887	7.76e-322	0.8538955937705798	9.73e-322	1.5138516435495191e-273	0.020967441608761378	1.9464307604667488e-178
UNG_boot.98	1.6853519645940239e-133	9.54e-322	0.9432103745328677	1.16e-321	1.1609610649043961e-291	0.05678962546713214	4.159118549701755e-133
UNG_boot.99	1.79596956088631e-147	1.136e-321	0.9261251273082802	3.975422090172691e-179	1.7581251422265053e-180	0.07387487269171962	1.6046369402203075e-41
UNG_boot.100	0.17033548707799612	6.13e-322	0.8167170770327449	1.067e-321	1.176e-321	0.01294743588925892	5.8323931793148764e-300
UNG_boot.101	0.030576288435205358	7.8e-322	0.9324438541147559	1.24e-321	1.94748023497879e-204	0.03697985745003884	1.4214218927530386e-61
UNG_boot.102	0.06416572039685835	8.94e-322	0.8969874119644876	1.3502231881200853e-161	1.8141631964983628e-62	0.03383067629263439	0.005016191346019704
UNG_boot.103	1.7270580030499373e-131	1.107e-321	0.9146747011814808	6.49484537528096e-205	1.4744308067522057e-69	0.0853252988185191	5.4104565182694e-29
UNG_boot.104	0.10747842777353628	8.25e-322	0.8379040161683008	1.255726173e-315	1.0280047142382885e-118	0.0546175560581628	2.472725788129442e-22
UNG_boot.105	0.14260899393798313	8.84e-322	0.8302688075599396	1.186e-321	9.430622101825226e-131	0.027122198502076166	1.2802667922728499e-15
UNG_boot.106	0.026186170282548438	1.245e-321	0.8227815959519715	2.4932744753592547e-254	1.6589896595942254e-191	0.1333171971705872	0.01771503659489288
UNG_boot.107	0.07362730509076178	5.4e-322	0.8654055227307342	8.25e-322	7.16e-322	0.06096717217850396	3.0412377723926217e-298
UNG_boot.108	3.417023907694276e-188	1.34e-321	0.9286330310572132	3.5642475184014425e-209	7.635539477302718e-223	0.07136696894278685	2.718275990083387e-57
UNG_boot.109	0.07797797337277093	9.83e-322	0.635084036822763	2.9011867671405524e-305	5.9960181524800244e-179	0.06745164416482662	0.21948634563963942
UNG_boot.110	2.15e-321	5.4e-322	0.9794703660130715	8.8e-322	9.83e-322	0.02052963398692853	3.054869183955502e-292
UNG_boot.111	1.606e-321	8.94e-322	0.9251416304072194	1.1985962913192028e-250	6.938432939971628e-248	0.07485836959278061	1.324930087767182e-125
UNG_boot.112	0.05605681965707124	6.67e-322	0.8829472988929604	1.15e-321	3.823906431406404e-306	0.060995881449968245	1.5592482076417875e-170
UNG_boot.113	0.08664005724748942	7.86e-322	0.8539507982041206	9.14e-322	1.057e-321	0.05940914454839	1.8342906272785902e-278
UNG_boot.114	0.1195935909192073	5.34e-322	0.7418019967816385	7.3e-322	9e-322	0.13860441229915432	9.811942588116387e-139
UNG_boot.115	0.017450257979809106	1.013e-321	0.8649981895523218	1.627081396911405e-261	2.6330133437615877e-155	0.1175515524678692	4.04440414087248e-79
UNG_boot.116	0.03095042964800461	5.6e-322	0.8551495337625759	9.04e-322	6.463502903733192e-266	0.11390003658941965	1.0360325245002118e-49
UNG_boot.117	0.07643462430186915	5.43e-322	0.8296198828417929	9.2e-322	1.176e-321	0.09394549285633803	2.265725350949636e-135
UNG_boot.118	0.0011334220602644645	1.087e-321	0.9138516833502256	1.1390283956664308e-288	4.7095126472575434e-111	0.08159266118965428	0.003422233399855684
UNG_boot.119	0.15870087176150602	8e-322	0.7073081278813816	1.1937230028702123e-286	5.839653642394025e-169	0.12268595798382377	0.011305042373288447
UNG_boot.120	0.08714918160863515	5.63e-322	0.7901853802385314	9.04e-322	9.5e-322	0.12266543815283347	1.2420237875449519e-263
UNG_boot.121	0.01381589768107373	3.46e-322	0.8973271747638842	6.2e-322	3.9832349576877e-310	0.08885692755504201	2.2016237869263066e-260
UNG_boot.122	0.0681673947710019	8.2e-322	0.8158831588441887	2.030033856357922e-299	1.9355174572462062e-167	0.04864822160195619	0.06730122478285307
UNG_boot.123	0.0027256956703247963	6.77e-322	0.9027681962595425	9.73e-322	9.807e-321	0.09450610807013267	1.9625404268509182e-119
UNG_boot.124	0.0665539857591051	6.2e-322	0.8698078221224019	9.44e-322	7.924538292252443e-302	0.06363819211849289	4.806954770290157e-109
UNG_boot.125	2.6899633732152947e-266	7.95e-322	0.9242904929368014	1.186e-321	4.767012061880735e-132	0.06505136117078278	0.010658145892415821
UNG_boot.126	0.008671006819495553	9.9e-322	0.9012557243610423	1.9031465308481645e-211	0.011211203030043906	0.0742724623524588	0.00458960343695949
UNG_boot.127	0.1724083718877541	7.26e-322	0.7015797020605332	1.02e-321	1.3176088789700889e-235	0.12601192605171263	2.834524388714796e-29
