Samples	SBS96A	SBS96B	SBS96C	SBS96D	SBS96E
EXO1_0_real_train1	0.9001226709779733	0.013469029592006394	8.990898506500029e-142	0.08640829943002036	1.396729968396718e-160
OGG1_0_real_train1	3.880554229313101e-45	0.044188509175923874	1.4247584634495988e-15	0.08171606417472266	0.8740954266493519
RNF168_0_real_train1	0.8675054746816112	1.3777020625067248e-169	0.05566756652927774	0.054825913766701595	0.02200104502240947
UNG_0_real_train1	0.0513984417333625	2.3960764978570326e-124	0.012300205808698504	0.9201433846005607	0.01615796785737836
ATP2B4_0_real_train1	0.1618673249500584	6.877508914761218e-56	0.6452474561806343	0.1501865109296178	0.04269870793968946
ATP2B4_1_real_train1	1.642045698511199e-134	0.07004028579497923	0.8807322860572762	3.5820927388895287e-230	0.04922742814774472
MLH1_0_real_train1	2.747e-321	1.0	1.35e-321	4.357034205342006e-102	2.283e-321
MSH2_0_real_train1	1.925615584408534e-309	0.9403517998743377	3.0405120519082288e-149	0.059648200125662285	1.5233935370757588e-75
MSH6_0_real_train1	2.548611835198174e-268	0.9902220073317167	2.281617844324917e-228	4.7310829505159543e-206	0.009777992668283246
MSH6_1_real_train1	3.053e-321	0.9835658427430131	2.01e-321	1.537e-321	0.016434157256986954
PMS1_0_real_train1	1.8714081672205693e-165	0.1697992897655541	0.5404874498369282	0.2897132603975176	1.3330882688072563e-111
PMS2_0_real_train1	0.4632633232829207	0.5367366767170791	1.56e-321	3.06e-322	2.261936e-318
EXO1_0_multinomial_train1	0.9340270335723567	0.0025599866455548767	3.163891175891595e-195	0.052674731917617956	0.010738247864470382
RNF168_0_multinomial_train1	0.8148775074771583	1.0164220598048072e-167	0.17493607527238195	0.010186417250459635	1.9243385026585038e-220
RNF168_0_multinomial_train1.1	0.8136837721309159	1.23e-321	0.18371844196535625	2.5106343927414326e-122	0.002597785903727866
EXO1_0_multinomial_train1.1	0.8839977207538783	0.09225344234345399	2.573521327750572e-154	0.003938676503288033	0.01981016039937953
RNF168_0_multinomial_train1.2	0.8277637150125563	0.000626044865263751	0.17161024010619164	2.44726e-318	1.5988190930104974e-11
RNF168_0_multinomial_train1.3	0.7981967252012407	0.005550593416732996	0.054491361553256734	0.1217962366036031	0.01996508322516647
RNF168_0_multinomial_train1.4	0.7979381957114072	0.019280138128071087	0.16619510485396224	8.273717993258466e-25	0.016586561306559344
RNF168_0_multinomial_train1.5	0.860657988799547	1.59e-321	3.7423597684982016e-05	0.13930458760276795	8.65e-322
RNF168_0_multinomial_train1.6	0.7817839793959415	2.72e-321	1.6019397667382713e-136	0.177949780703469	0.04026623990058938
RNF168_0_multinomial_train1.7	0.8951535603592636	5.593312817390909e-13	2.6796934549236814e-148	0.10454878967687886	0.00029764996329817705
RNF168_0_multinomial_train1.8	0.9081026243118996	4.0082195827707854e-184	0.0059565145892392195	4.571181946354282e-61	0.08594086109886115
EXO1_0_multinomial_train1.2	0.8958274147391174	0.0022729813992750517	1.542986335141431e-224	0.1018996038616077	6.1e-322
EXO1_0_multinomial_train1.3	0.9489351763785027	0.02862122054042814	2.61e-321	3.570359708679355e-231	0.022443603081069304
RNF168_0_multinomial_train1.9	0.9142429984179005	2.03e-321	0.0811392595566203	0.004617742025479186	2.7255349797063216e-71
EXO1_0_multinomial_train1.4	0.90165065081648	6.8027979376027715e-75	4.658965322265304e-255	0.09834934918351991	1.58e-321
EXO1_0_multinomial_train1.5	0.8860200205125657	0.026066232689381297	8.678989932592417e-98	0.08704505289922916	0.0008686938988240892
EXO1_0_multinomial_train1.6	0.9006063101371653	1.0013089827047947e-132	2.46e-321	0.09939368986283484	1.47e-321
EXO1_0_multinomial_train1.7	0.8871105427549317	0.028717579533481936	1.4694e-320	0.0841718777115863	5.861474106111586e-123
EXO1_0_multinomial_train1.8	0.8106033542574342	0.01588755073534855	3.549281304188524e-231	0.17350909500721726	1.714e-321
RNF168_0_multinomial_train1.10	0.7737408665888885	2.518931849268308e-280	2.1381996020016738e-194	0.12414836415473532	0.10211076925637606
EXO1_0_multinomial_train1.9	0.9528080293586106	0.04719197064138925	1.324e-321	1.0847675823570993e-281	9.14e-322
RNF168_0_multinomial_train1.11	0.8596620574681938	5.896088392728081e-70	0.00432474766907414	0.1360131948627321	1.57e-321
RNF168_0_multinomial_train1.12	0.87554483570644	0.02699616578369826	0.07656459901265576	2.082646898836254e-37	0.020894399497206066
EXO1_0_multinomial_train1.10	0.9024812688336245	0.04059924923795857	1.64e-321	0.05691948192841704	7.1e-322
EXO1_0_multinomial_train1.11	0.8460463774905034	0.040197304338142656	4.000716668433726e-242	0.11375631817135394	7.295010680670906e-192
RNF168_0_multinomial_train1.13	0.8269772986987504	0.14127254874692358	1.2795902987364235e-183	1.57e-321	0.031750152554326075
RNF168_0_multinomial_train1.14	0.8347262570588934	0.0019475557058533926	0.14036836298474753	0.022957824250505802	7.425170432058494e-56
RNF168_0_multinomial_train1.15	0.8796478372980284	0.01624911685947929	5.618229602906023e-192	0.09456662435139403	0.009536421491098223
RNF168_0_multinomial_train1.16	0.8244054235406281	4.213910190932808e-38	0.06929612168500149	0.06640120812176963	0.03989724665260096
EXO1_0_multinomial_train1.12	0.9135519485766369	1.8692055174524506e-160	3.3749428191465835e-142	0.05849943341232802	0.02794861801103504
RNF168_0_multinomial_train1.17	0.782537805250376	0.0019122656537273416	0.08234729931387352	0.13217200383865738	0.001030625943365666
EXO1_0_multinomial_train1.13	0.8951416894596987	2.3961459111181884e-132	1.2068938530485583e-108	0.08535063007632886	0.019507680463972506
RNF168_0_multinomial_train1.18	0.8037515854169612	2.15e-321	0.17464695218491588	1.4697711511007174e-16	0.021601462398122797
EXO1_0_multinomial_train1.14	0.892912070079687	0.012215861795629071	8.576438884825268e-203	0.09454197021755024	0.000330097907133767
RNF168_0_multinomial_train1.19	0.9709696705224479	8.362887288555581e-106	8.175116947157074e-173	2.7252197939807973e-210	0.02903032947755221
RNF168_0_multinomial_train1.20	0.9233019602883682	4.54584167100091e-108	1.136e-321	0.07669803971163182	3.9e-322
EXO1_0_multinomial_train1.15	0.8834933722653572	0.012812443941461325	1.062754274756425e-208	0.10369418379318153	1.1767871763169507e-231
RNF168_0_multinomial_train1.21	0.7992817413787464	1.8007717306056795e-66	5.654579368771511e-161	0.12775966956444212	0.07295858905681153
RNF168_0_multinomial_train1.22	0.698627847737316	0.021735967150802	0.040442947508140266	0.1970843675284197	0.042108870075322026
EXO1_0_multinomial_train1.16	0.8446203946933192	0.02971357654012795	1.58e-321	0.12566602876655283	6.77e-322
EXO1_0_multinomial_train1.17	0.9197294055066256	0.027867297197778935	8.709376156639384e-290	0.05240329729559532	1.126e-321
RNF168_0_multinomial_train1.23	0.9547489647576701	2.1634844629267285e-158	3.711146036238168e-227	0.014051466082548432	0.03119956915978155
EXO1_0_multinomial_train1.18	0.813587483043215	0.03334560603988826	1.0171012611498349e-268	0.1530669109168967	1.126e-321
RNF168_0_multinomial_train1.24	0.929666773566678	3.678722271926816e-297	0.07033322643332204	5.0704971458833176e-164	7.521715363508328e-220
RNF168_0_multinomial_train1.25	0.8904749695389733	5.676265792788195e-224	0.0864131373122976	0.02311189314872924	5.805097806482789e-236
RNF168_0_multinomial_train1.26	0.927228415996674	1.9e-321	0.006930648400895586	0.06584093560243036	3.8903951427921274e-98
RNF168_0_multinomial_train1.27	0.705283046173889	3.067222541245243e-183	0.2692703754772752	0.025446578348835677	1.0861813649300018e-23
RNF168_0_multinomial_train1.28	0.9279384760962343	5.822895379268238e-08	0.04229561603762656	0.029765849637185475	3.6920282833031137e-90
EXO1_0_multinomial_train1.19	0.8531009815147467	0.05440124046241012	2.4173412553713605e-169	0.09249777802284322	1.37e-321
RNF168_0_multinomial_train1.29	0.8918074442156217	3.042955743989103e-42	0.0011301874100000842	0.10706236837437808	9.893181087740302e-81
EXO1_0_multinomial_train1.20	0.8713508069341891	0.013725793994096664	2.573783716164125e-34	0.11492339907171407	7.90315811398394e-28
RNF168_0_multinomial_train1.30	0.8742201355634553	2.5093704001410717e-200	0.12064569437658029	0.005134170059964491	8.641869215278825e-46
RNF168_0_multinomial_train1.31	0.8694824371076302	3.294355823439872e-24	0.08827570968984469	0.04224185320252521	7.205388891066323e-189
RNF168_0_multinomial_train1.32	0.9409948004622566	4.7537362326821375e-164	4.233821929287877e-08	0.016420806477631347	0.042584350721892844
RNF168_0_multinomial_train1.33	0.7716871483380453	8.94e-322	0.10601961839504528	0.12229323326690945	1.15e-321
EXO1_0_multinomial_train1.21	0.8928858431536614	9.819677158532695e-121	1.92e-321	0.1071141568463387	1.41e-321
RNF168_0_multinomial_train1.34	0.9718793023362815	6.47e-322	3.726673581533249e-280	1.986e-321	0.028120697663718483
EXO1_0_multinomial_train1.22	0.9359502044349689	0.023363608089807395	1.598018931436215e-147	0.038797866578203596	0.0018883208970201684
EXO1_0_multinomial_train1.23	0.8829054294798335	1.4277024240790728e-104	8.21972969669654e-118	0.11709457052016652	1.4946775306467186e-198
RNF168_0_multinomial_train1.35	0.7931992029433155	2.4626408921544726e-235	3.791751236570297e-69	0.18341969130594768	0.023381105750736816
RNF168_0_multinomial_train1.36	0.8311754325536849	9.72165118348171e-212	0.15804055745178386	0.010784009994531267	2.356887194733043e-205
EXO1_0_multinomial_train1.24	0.9394231373720929	2.831735914126583e-30	0.052202799853530844	0.008374062774376275	5.461297001375063e-72
RNF168_0_multinomial_train1.37	0.8728935117442919	2.58e-321	0.05502461004756251	0.07208187820814566	1.417373344185955e-224
EXO1_0_multinomial_train1.25	0.8541297424576748	0.03822296960432623	0.02124009354611061	0.07732519054581649	0.009082003846072034
RNF168_0_multinomial_train1.38	0.8985653309766303	1.2e-321	0.07313068230771562	1.917e-321	0.028303986715654077
EXO1_0_multinomial_train1.26	0.9433751334674148	0.029919763279683154	1.1651765616156196e-218	0.02670510325290205	1.19e-321
EXO1_0_multinomial_train1.27	0.9139786884867953	8.788907680203924e-109	1.4789582177887878e-169	0.08602131151320476	1.47e-321
EXO1_0_multinomial_train1.28	0.9107703680687759	4.1152395375731334e-67	3.968380135853363e-223	0.08922963193122424	1.37e-321
EXO1_0_multinomial_train1.29	0.9103796725879506	1.7423727348665853e-121	6.856282610995677e-10	0.08949772613817115	0.00012260058824993807
EXO1_0_multinomial_train1.30	0.8917547888569313	2.334733843323727e-95	2.194e-321	0.10824521114306875	6.23e-322
RNF168_0_multinomial_train1.39	0.8602903271577598	1.9291456207859628e-141	8.74e-322	0.11572820054949853	0.023981472292741682
RNF168_0_multinomial_train1.40	0.7816974427157873	1.764e-321	0.17957384887271582	5.117838891400641e-227	0.03872870841149673
EXO1_0_multinomial_train1.31	0.8501833688997654	0.04982307623632488	5.116141311804089e-303	0.09999355486390972	1.334e-321
EXO1_0_multinomial_train1.32	0.9018134307328883	0.03145946795087754	1.4155116681608806e-128	0.057979671964098194	0.008747429352135983
EXO1_0_multinomial_train1.33	0.922351704967559	0.014414637349487175	5.952457232934906e-197	0.0600662895325465	0.003167368150407149
RNF168_0_multinomial_train1.41	0.9114927349769484	1.23e-321	0.06059106651091082	3.252679980934861e-119	0.02791619851214076
RNF168_0_multinomial_train1.42	0.924793401596355	1.1364e-320	0.048999419484386596	2.7595635797395584e-06	0.026204419355678486
EXO1_0_multinomial_train1.34	0.8939210925242957	0.012355922841929823	4.462688688412536e-208	0.09372298463377444	1.2103149621573268e-138
RNF168_0_multinomial_train1.43	0.8065121466698613	1.744e-321	0.1304147530826559	0.0623990235963487	0.0006740766511340986
EXO1_0_multinomial_train1.35	0.8631660779805606	6.402865583932952e-139	0.019249505986850143	0.11152827109669902	0.006056144935890395
EXO1_0_multinomial_train1.36	0.8752835482317349	0.005712715702264509	2.35e-321	0.1190037360660007	1.117e-321
RNF168_0_multinomial_train1.44	0.8393073928889352	1.927e-321	0.11369766895771745	0.02183505433036371	0.025159883822983703
EXO1_0_multinomial_train1.37	0.8979710856482191	0.017241862751891844	1.85e-321	0.0847870515998891	1.16888e-318
RNF168_0_multinomial_train1.45	0.825655313433297	2.05e-321	0.14871343012580587	0.02563125644089719	1.9970004812834156e-196
RNF168_0_multinomial_train1.46	0.9330132318592073	3.11e-321	9.736769627885131e-73	0.021481717752024107	0.04550505038876845
RNF168_0_multinomial_train1.47	0.9141753946457731	2.682140962077611e-156	0.04287600698262612	0.042948598371600755	1.03e-321
RNF168_0_multinomial_train1.48	0.8553566180567711	1.596e-321	0.05097595030413063	0.09366743163909821	7.76e-322
RNF168_0_multinomial_train1.49	0.826662548864439	2.0053529398577993e-42	0.04378917466346106	0.09916951146376311	0.03037876500833685
RNF168_0_multinomial_train1.50	0.8311476317567544	0.009988798383008925	3.168649146230752e-141	0.146105190636408	0.012758379223828626
EXO1_0_multinomial_train1.38	0.9396078776955148	2.515405529989952e-148	1.3899748805242945e-78	0.03502107463204539	0.02537104767243969
RNF168_0_multinomial_train1.51	0.8757871060851028	5.944415969502291e-99	0.08145541647546894	0.04275747743942833	1.4749823681644573e-262
RNF168_0_multinomial_train1.52	0.8467279238907521	0.06867425593566616	6.109110797541477e-58	0.044652435073677464	0.0399453850999044
EXO1_0_multinomial_train1.39	0.831099231065886	0.052216443838725785	2.218830825961645e-193	0.10559995259321768	0.011084372502170486
EXO1_0_multinomial_train1.40	0.8600285892979732	0.03906834381664381	2.8010546407738548e-195	0.089493717436317	0.011409349449066044
RNF168_0_multinomial_train1.53	0.839240751327543	6.999064355224773e-203	0.14295020243752007	1.9171816955159877e-72	0.017809046234936888
EXO1_0_multinomial_train1.41	0.8675852241338367	0.0666772002983172	2.263e-321	0.06573757556784611	6.57e-322
EXO1_0_multinomial_train1.42	0.8970152884161715	6.3816546301808525e-105	2.5515301277439094e-114	0.10298471158382835	1.294e-321
RNF168_0_multinomial_train1.54	0.741458868409982	1.22e-321	0.16428367388262255	0.06942563926489637	0.024831818442499033
OGG1_0_multinomial_train1	6.214137754064387e-108	6.098372907198007e-69	0.0939802054502718	0.07886358986086643	0.8271562046888618
UNG_0_multinomial_train1	1.1988151245590536e-280	0.06991651435495536	1.0449315003675262e-274	0.9300834856450445	1.8751998035320673e-184
UNG_0_multinomial_train1.1	0.002340608761961645	0.02023372298347688	0.07321395877413571	0.8519420837935012	0.05226962568692467
UNG_0_multinomial_train1.2	0.06790292915016918	4.5105028115445064e-287	1.7219439259181964e-28	0.893724809303727	0.0383722615461038
OGG1_0_multinomial_train1.1	7.739863450833424e-85	0.09716126531857766	2.443667033130681e-10	0.04810268182282456	0.8547360526142311
UNG_0_multinomial_train1.3	0.16084752316538453	0.032499434917814936	2.6229972514279342e-17	0.7590962885099045	0.04755675340689604
OGG1_0_multinomial_train1.2	2.706185727757886e-146	0.10311460506801345	2.504755919784985e-167	1.5295289559855362e-80	0.8968853949319866
OGG1_0_multinomial_train1.3	3.3781210257148466e-28	0.05019660448732452	9.475190838812415e-49	0.010111289805624042	0.9396921057070513
UNG_0_multinomial_train1.4	2.9457363142954665e-110	2.66382806192e-312	0.09248162851069548	0.9075183714893045	6.286028418207631e-135
UNG_0_multinomial_train1.5	0.0370758954736929	1.29e-321	4.755775996880231e-190	0.962924104526307	1.1046066791037544e-286
OGG1_0_multinomial_train1.4	1.6303956341020128e-272	0.04341571473475223	1.006830575021893e-110	3.4406216130717687e-133	0.9565842852652476
OGG1_0_multinomial_train1.5	2.7312934967874768e-176	0.10620653449694606	2.8972729701564907e-163	2.3994261206447144e-162	0.8937934655030538
UNG_0_multinomial_train1.6	0.01850577500516978	0.05047751982218837	5.93e-322	0.9310167051726418	7.5e-322
UNG_0_multinomial_train1.7	7.630334857030814e-19	0.09170480711587853	1.0607951969113895e-68	0.7521173372121477	0.15617785567197376
UNG_0_multinomial_train1.8	5.339620444740253e-305	1.17e-321	7.0491071552031e-50	1.0	1.8605318438409344e-296
OGG1_0_multinomial_train1.6	8.550029433797155e-171	0.06881051323357434	1.0630452339619376e-84	0.045437886609074246	0.8857516001573514
UNG_0_multinomial_train1.9	0.09211547123001765	0.0003478429686004514	0.01074717586728054	0.8967895099341011	1.3582169568858347e-16
OGG1_0_multinomial_train1.7	4.081614790019831e-92	0.03322108090741228	4.543633438162779e-10	0.07033943179020101	0.8964394868480234
UNG_0_multinomial_train1.10	0.025724113790753005	9.6e-322	0.08370963012444073	0.8905662560848063	6.37e-322
OGG1_0_multinomial_train1.8	0.04412405095976055	2.475e-321	2.063460768699776e-114	0.14923227596604116	0.8066436730741984
UNG_0_multinomial_train1.11	0.029145659620914997	2.6595838835615243e-240	0.14616033261459277	0.8246940077644924	4.693312045257115e-286
OGG1_0_multinomial_train1.9	1.4493620720307075e-89	0.04672854450634034	0.07175642523669898	0.018659479125303958	0.8628555511316567
OGG1_0_multinomial_train1.10	1.40999252595962e-215	0.03240732517903348	0.16257611701305216	3.0770998579945835e-19	0.8050165578079143
OGG1_0_multinomial_train1.11	2.8748433584644373e-161	0.07433778399500059	2.59595707017095e-73	4.904215852928688e-124	0.9256622160049995
UNG_0_multinomial_train1.12	0.10975741393564924	1.937e-321	9.83e-322	0.8902425860643508	3.1e-322
UNG_0_multinomial_train1.13	0.018052179290665136	1.5785922118571714e-259	0.04395504436422194	0.9379927763451128	6.1344374117086435e-52
UNG_0_multinomial_train1.14	0.09023193531357855	6.330274919977966e-95	1.245e-321	0.9097680646864214	3.16e-322
OGG1_0_multinomial_train1.12	3.81321420756523e-136	0.0693346547536724	9.613201176953316e-140	9.184216485424612e-68	0.9306653452463277
OGG1_0_multinomial_train1.13	1.0376740341634211e-175	0.009566159552505884	8.392429223456239e-32	0.15287163578662274	0.8375622046608714
UNG_0_multinomial_train1.15	1.5822759337199852e-213	1.042693240232446e-21	0.10766507876767765	0.8923349212323223	3.3307947208985726e-28
UNG_0_multinomial_train1.16	0.029580702719720017	4.096600767669203e-275	0.0298427299572432	0.8739281202918179	0.06664844703121885
UNG_0_multinomial_train1.17	0.013351512683559184	1.78e-321	6.255967623508772e-128	0.9463450073172714	0.04030347999916941
OGG1_0_multinomial_train1.14	2.3342191282562107e-134	0.022660186462404072	0.13796572741417953	1.927331164532855e-103	0.8393740861234162
UNG_0_multinomial_train1.18	7.189515705061719e-203	1.5530829547829835e-191	0.0998072766203353	0.9001927233796647	5.3e-322
OGG1_0_multinomial_train1.15	0.01975930474950511	0.05202155035503398	0.06175354474394713	0.05127055841373068	0.8151950417377831
UNG_0_multinomial_train1.19	0.010111852791035924	0.03853464739833697	0.12651356049023008	0.8248399393203969	5.053209498544286e-103
OGG1_0_multinomial_train1.16	1.918173996675765e-42	0.033579700246731924	4.749095267107415e-19	0.10519710090769659	0.8612231988455715
UNG_0_multinomial_train1.20	1.3265855829953356e-18	0.007789725297665638	2.2266601253662673e-08	0.9773512166165598	0.014859035819173484
UNG_0_multinomial_train1.21	0.0749336912497179	0.07402173752396037	1.404754281016308e-72	0.813869707867221	0.037174863359100675
OGG1_0_multinomial_train1.17	7.127795476939257e-141	0.08884591963109521	1.1166336151745508e-70	1.543741438828432e-15	0.9111540803689032
UNG_0_multinomial_train1.22	6.258134547712284e-211	1.751944105881661e-277	0.008539275763230623	0.9914607242367693	6.4e-322
UNG_0_multinomial_train1.23	1.1335442919948373e-82	0.008574898142888221	0.06268218204253395	0.9287429198145779	3.4e-322
UNG_0_multinomial_train1.24	0.04025198734734947	7.31215390710356e-61	0.010783114618696894	0.9154143447009926	0.03355055333296113
OGG1_0_multinomial_train1.18	1.370860534643369e-19	8.093397286625942e-29	0.11017497990559989	0.09527769513747776	0.7945473249569224
UNG_0_multinomial_train1.25	0.07230894349483295	9.73e-322	0.19911041601414803	0.7285806404909256	9.339957021422672e-14
OGG1_0_multinomial_train1.19	8.612125682044916e-38	0.09428218769482996	1.0053055922231672e-27	0.032998524640781915	0.872719287664388
UNG_0_multinomial_train1.26	2.297023223232467e-290	0.11722162231591726	1.909716239371543e-33	0.8827783776840827	4.531269817257865e-225
OGG1_0_multinomial_train1.20	0.0182908950745963	0.06246975684763379	0.12892193943126862	0.00514915490578057	0.7851682537407207
UNG_0_multinomial_train1.27	0.07384262274746517	1.66e-321	0.1532429704585822	0.7729144067939526	8.74e-322
OGG1_0_multinomial_train1.21	2.250666458324616e-165	0.037253950284443664	0.327553802630036	5.477839594421289e-12	0.6351922470800425
OGG1_0_multinomial_train1.22	1.4797881855214524e-06	1.002917820808897e-157	0.03277385256696164	0.10342298585555088	0.863801681789302
UNG_0_multinomial_train1.28	3.2192164526270204e-05	2.15e-321	9.34e-322	0.9999678078354737	7.86e-322
UNG_0_multinomial_train1.29	1.8545792885618142e-158	1.515868893705816e-67	0.0776899103074262	0.9078814982143714	0.014428591478202414
OGG1_0_multinomial_train1.23	2.3884059014778136e-133	0.06622408850789942	5.082651079032823e-11	7.055671833652293e-07	0.9337752058740907
OGG1_0_multinomial_train1.24	1.935192342370324e-242	0.10751992432079516	3.4417239231433972e-09	7.449846833616291e-78	0.892480072237481
OGG1_0_multinomial_train1.25	0.04322066521905746	4.1724642257782446e-16	0.1708511553783052	0.05623292630439777	0.7296952530982391
OGG1_0_multinomial_train1.26	7.110531418491843e-224	2.7289867967171214e-67	0.18167538450879517	5.955568215652967e-37	0.8183246154912048
UNG_0_multinomial_train1.30	4.489636696991407e-239	2.5983049721099513e-101	8.75343893334072e-62	0.9609879588977551	0.03901204110224489
OGG1_0_multinomial_train1.27	1.0406627285731655e-119	0.06524118783273486	0.06787228412742301	5.645377979868441e-20	0.8668865280398422
OGG1_0_multinomial_train1.28	0.002339725969003009	0.04429054722410491	6.262169730084825e-13	0.10727578002538127	0.8460939467808846
UNG_0_multinomial_train1.31	0.007042140501108806	1.422563336651424e-51	0.19422849029014838	0.7987293692087429	7.07e-322
UNG_0_multinomial_train1.32	8.719642927541603e-86	3.4874255176224576e-103	2.868794648642654e-236	0.9699980707599403	0.03000192924005969
UNG_0_multinomial_train1.33	0.03153049951119625	1.467e-321	1.7046257423121083e-71	0.9684695004888039	1.454548393497074e-237
OGG1_0_multinomial_train1.29	8.767694371793794e-45	2.332827350304995e-07	0.16666614480907738	0.0830100287910538	0.7503235931171338
OGG1_0_multinomial_train1.30	3.0971637395551176e-197	0.07610247902488164	0.0835479505286542	0.02668020336794718	0.8136693670785169
UNG_0_multinomial_train1.34	0.0008437792180312607	0.043019731018458525	9.705431347509892e-114	0.9114843416566197	0.044652148106890346
OGG1_0_multinomial_train1.31	6.895077555447073e-112	0.07303843877966823	0.0548835077018458	0.032940737059442206	0.8391373164590439
UNG_0_multinomial_train1.35	0.12485242217108303	0.07081074932755757	8.662715400435927e-244	0.7859185375719392	0.01841829092942003
UNG_0_multinomial_train1.36	0.007113192241103225	1.49e-321	0.06280140082138833	0.9300854069375084	2.1509713758354888e-298
UNG_0_multinomial_train1.37	0.028681313822114335	1.5583762827466058e-86	5.43e-322	0.9713186861778857	3.46e-322
OGG1_0_multinomial_train1.32	0.005490403088318878	0.07973842567724526	2.7263220337129494e-85	0.06727537904947592	0.8474957921849601
UNG_0_multinomial_train1.38	0.11539439842246989	2.3900902024106582e-35	0.07017930301741991	0.8144262985601103	6.174881700819569e-66
OGG1_0_multinomial_train1.33	7.576916324468394e-47	0.01036605638626226	0.11003370240617498	0.11452341773601615	0.7650768234715466
OGG1_0_multinomial_train1.34	3.1012080104335707e-24	0.0218691297958692	6.999287822817961e-31	0.1259580415511834	0.8521728286529473
OGG1_0_multinomial_train1.35	7.117091691066305e-74	0.06545078605722315	0.05092207692971228	0.049917447566752385	0.8337096894463121
OGG1_0_multinomial_train1.36	1.8977400875851456e-57	0.029557900481064756	3.4529685551408684e-57	0.034396741485939866	0.9360453580329955
OGG1_0_multinomial_train1.37	3.331056957107065e-136	8.924132049390807e-195	0.11869973558476196	0.05164470307838809	0.8296555613368499
OGG1_0_multinomial_train1.38	1.1989216203637734e-165	0.0622876132247911	1.9258826872682743e-19	0.0329178471907418	0.9047945395844671
UNG_0_multinomial_train1.39	1.760821976091e-172	0.023744501160921173	3.035501445018529e-45	0.9762554988390788	3.448859829959945e-205
OGG1_0_multinomial_train1.39	5.939975184749208e-97	0.10764339567247137	0.052950404917349675	0.05308983648511446	0.7863163629250645
UNG_0_multinomial_train1.40	0.08477622951359765	0.01895360082141666	8.05e-322	0.8962701696649858	3.4e-322
OGG1_0_multinomial_train1.40	3.225911352893532e-164	0.05936162235002216	0.14058566282425913	5.429845752571418e-76	0.8000527148257187
OGG1_0_multinomial_train1.41	0.01718161346573966	0.024489977449817863	3.1875125991717945e-96	0.0256645952230199	0.9326638138614227
UNG_0_multinomial_train1.41	0.19225327475737236	2.4349237323255274e-257	2.0791595245674746e-104	0.8077467252426276	4.857746574058832e-134
OGG1_0_multinomial_train1.42	2.1769637801420692e-55	0.008753192553670262	0.00236829889636109	0.09845121885375811	0.8904272896962105
UNG_0_multinomial_train1.42	0.09182438861395173	2.5332112634001228e-256	1.2978075413816604e-261	0.9081756113860482	3.06e-322
OGG1_0_multinomial_train1.43	0.008391058504572923	0.04241938056031931	0.06472877896366842	0.007789932799783802	0.8766708491716555
OGG1_0_multinomial_train1.44	0.032769868439583	3.511275526862712e-57	0.01842217253594782	0.12950696007109103	0.819300998953378
OGG1_0_multinomial_train1.45	1.4526197325691048e-121	0.0031836156880026803	0.2054178268124307	0.008629550757649332	0.7827690067419173
OGG1_0_multinomial_train1.46	2.3324590789221283e-59	1.104325803535975e-07	0.13527636863922407	0.10249080910677355	0.7622327118214222
UNG_0_multinomial_train1.43	1.454038355727363e-301	0.03941859836718163	3.354278540526475e-41	0.9023775168583955	0.05820388477442285
OGG1_0_multinomial_train1.47	0.029510714834184174	0.022387313532608505	0.05452244055970048	0.06124166944244497	0.8323378616310617
OGG1_0_multinomial_train1.48	1.6195893020282156e-181	0.04408265800803643	0.04070828936145781	0.10716492201170004	0.8080441306188059
OGG1_0_multinomial_train1.49	7.802266315501445e-08	0.029921922447537823	0.12093554242276343	0.04094880454243288	0.8081936525646027
OGG1_0_multinomial_train1.50	1.6671418724762664e-151	0.0968359271909082	3.0675969412634963e-40	0.02069639391167752	0.8824676788974142
UNG_0_multinomial_train1.44	0.08056156297535093	0.05586793310072012	4.804825142341197e-171	0.8032314479848203	0.06033905593910859
OGG1_0_multinomial_train1.51	0.028863346909180458	0.08927625524337728	6.542467113979498e-129	0.025573706614227844	0.8562866912332144
OGG1_0_multinomial_train1.52	3.836745564074214e-53	0.04980083255851402	1.8111569914672876e-52	0.03338734913150443	0.9168118183099814
ATP2B4_0_multinomial_train1	0.1042618224435428	0.11196425054262703	0.5172390982905292	0.1474865238920498	0.11904830483125109
ATP2B4_1_multinomial_train1	1.5192503778478137e-58	0.10277509024200379	0.8887636650077311	0.008461244750265074	2.9176371143774744e-42
ATP2B4_0_multinomial_train1.1	0.193126883856677	4.563522568688435e-177	0.7080767043093656	0.09879641183395753	5.246046230837984e-54
ATP2B4_1_multinomial_train1.1	7.056853501733914e-29	0.005144884093631003	0.9387522574984078	4.3816630837677204e-204	0.056102858407961254
ATP2B4_1_multinomial_train1.2	1.683426447482598e-35	0.042207681817843234	0.8038050805128825	1.5348374092089639e-294	0.1539872376692742
ATP2B4_1_multinomial_train1.3	0.05116724796943558	0.05254810639207085	0.8688105332616987	0.027474112376794795	3.2e-322
ATP2B4_0_multinomial_train1.2	0.21617572501765908	1.05e-321	0.5257076041224551	0.18949770072026345	0.06861897013962237
ATP2B4_1_multinomial_train1.4	1.42e-321	0.06235943267760287	0.7727724548582301	1.4386694693108792e-208	0.16486811246416702
ATP2B4_0_multinomial_train1.3	0.21715332845755522	1.15e-321	0.6153087965289615	0.16753787501348313	4.046230486438396e-77
ATP2B4_0_multinomial_train1.4	0.07771119572537238	0.004835908736356449	0.6725248341050215	0.24492806143324963	3.6117161300783765e-83
ATP2B4_0_multinomial_train1.5	0.06932695583981295	0.0146896215175158	0.6115909050301385	0.25027208283157776	0.05412043478095501
ATP2B4_0_multinomial_train1.6	0.16123456055403643	2.6044517873373305e-165	0.6222699925897871	0.20338858966375292	0.01310685719242361
ATP2B4_1_multinomial_train1.5	2.8764338928495188e-15	0.0944254121443564	0.6147414071466625	1.3221876680343084e-249	0.29083318070897823
ATP2B4_0_multinomial_train1.7	0.05573872912319527	0.06371465225358153	0.5267288949972821	0.18778423131872893	0.16603349230721198
ATP2B4_1_multinomial_train1.6	1.220536508791712e-300	0.08034659285863936	0.6628230123319394	8.3e-322	0.2568303948094211
ATP2B4_1_multinomial_train1.7	4.031518442673644e-274	0.10530956348512135	0.7606472335350393	1.1253100671432777e-135	0.13404320297983927
ATP2B4_1_multinomial_train1.8	4.561917721874342e-194	0.15963271926309247	0.8403672807369076	2.5371126007201947e-187	1.5815164965332768e-161
ATP2B4_1_multinomial_train1.9	0.02459675213172897	0.058624892269099345	0.7530559949751541	7.291162512743612e-242	0.16372236062401754
ATP2B4_1_multinomial_train1.10	0.04352034102497437	0.12853310998551304	0.668694585989746	5.4180896441167e-230	0.1592519629997666
ATP2B4_1_multinomial_train1.11	2.3953969772531495e-277	0.06436337285680026	0.9356366271431997	1.2207782418503583e-244	1.042761165186789e-55
ATP2B4_1_multinomial_train1.12	3.6374105496949907e-187	0.06575974367949439	0.9167197166652984	7.663286917974898e-209	0.017520539655207317
ATP2B4_1_multinomial_train1.13	1.975381833803932e-82	0.006961449067871878	0.9187238999228098	2.676401341891513e-235	0.0743146510093183
ATP2B4_0_multinomial_train1.8	0.2555995762540191	0.014788130480712957	0.6890126768015992	0.04052228526009041	7.733120357849584e-05
ATP2B4_1_multinomial_train1.14	4.372181758541345e-164	0.12787444978291576	0.6446748535272978	1.208388045078778e-22	0.22745069668978643
ATP2B4_1_multinomial_train1.15	0.015448176843061458	0.08789112105371859	0.7976881110071093	1.161488529111741e-229	0.09897259109611081
ATP2B4_0_multinomial_train1.9	0.14733352614086434	0.042157810456703096	0.4093973290486903	0.25479267871624167	0.1463186556375006
ATP2B4_0_multinomial_train1.10	0.11533733449206024	1.26e-321	0.7361030818915741	0.1485595836163656	4.991409768691943e-193
ATP2B4_0_multinomial_train1.11	0.14500671296349524	0.053411865175208	0.7134125124248187	0.08816890943647794	2.1063573197470804e-152
ATP2B4_1_multinomial_train1.16	1.823e-321	0.13075526748266386	0.6774580649902399	4.9780524777014005e-120	0.19178666752709642
ATP2B4_0_multinomial_train1.12	0.3008165997975498	5.78766616378244e-128	0.5239532157642349	0.1338280324529668	0.041402151985248305
ATP2B4_0_multinomial_train1.13	0.2818460864666237	1.803e-321	0.5672561248952276	0.15089778863814862	6.287693627629672e-88
ATP2B4_0_multinomial_train1.14	0.07642839215093455	0.0949238489814434	0.8286477585998765	2.3454818714014897e-57	2.677455252187012e-10
ATP2B4_0_multinomial_train1.15	0.15665040076233697	1.8684935860156196e-267	0.7297128613426138	0.10753663025660588	0.006100107638443446
ATP2B4_1_multinomial_train1.17	2.8341148529975984e-219	0.07988060444533954	0.9201193955546605	1.0891932256228917e-214	1.6912365509549076e-75
ATP2B4_1_multinomial_train1.18	9.590132678227805e-175	0.055812963997455486	0.750220893543905	6.767023725239745e-143	0.19396614245863966
ATP2B4_1_multinomial_train1.19	0.08548564279385631	0.08515630262773394	0.569248828511546	2.0076198813986764e-22	0.2601092260668639
ATP2B4_1_multinomial_train1.20	9.283936959009174e-147	0.09358881148446267	0.8055267736472728	0.03512496590064746	0.06575944896761708
ATP2B4_0_multinomial_train1.16	0.24292426519997967	6.873418759975188e-248	0.45457701936800565	0.17907599764093057	0.12342271779108419
ATP2B4_1_multinomial_train1.21	1.2007102246613146e-29	0.08255193115372093	0.8562875148403205	1.08e-321	0.06116055400595856
ATP2B4_1_multinomial_train1.22	0.12689586238818173	0.02250003128385071	0.7452511575495232	1.279849725997489e-215	0.10535294877844437
ATP2B4_0_multinomial_train1.17	0.066545674939217	4.113836839449967e-48	0.6957981855476097	0.23765613944191835	7.125489115589577e-11
ATP2B4_0_multinomial_train1.18	0.1574580241756963	0.050969037169539586	0.5386014609738894	0.07828742350149591	0.1746840541793788
ATP2B4_1_multinomial_train1.23	1.5682146914805337e-220	0.12086069776860685	0.6107814621063541	8.354301640105689e-122	0.26835784012503905
ATP2B4_1_multinomial_train1.24	1.6973649047110456e-06	0.052840675795198154	0.9355399967581683	0.011617630081728676	2.794135522347509e-59
ATP2B4_0_multinomial_train1.19	0.1234577881078799	0.01585994955900459	0.5782585774164049	0.17353050947323298	0.10889317544347753
ATP2B4_1_multinomial_train1.25	3.4241397674077024e-93	0.11760974453636575	0.8823902554636343	6.188614179780688e-275	4.105577326291204e-52
ATP2B4_0_multinomial_train1.20	0.0773874204748247	0.02128134967558394	0.6783260654693041	0.16942757551271043	0.053577588867576756
ATP2B4_0_multinomial_train1.21	0.18058474030305813	0.029097714251862722	0.3333200708604309	0.17354847111532928	0.2834490034693191
ATP2B4_0_multinomial_train1.22	0.2265613515165388	6.206228940097414e-246	0.3583064843070548	0.22004944588545636	0.1950827182909501
ATP2B4_0_multinomial_train1.23	0.2488619372743826	0.012648932960968503	0.6098432754979818	0.08527244601251346	0.04337340825415369
ATP2B4_0_multinomial_train1.24	0.20097748375738123	2.5865390026359313e-86	0.7415601538787652	0.057462362363853596	3.470505119488818e-128
ATP2B4_1_multinomial_train1.26	0.01987470421480882	0.0004821090485920156	0.9796431867365991	6.37611484009812e-219	4.05e-322
ATP2B4_0_multinomial_train1.25	0.12317976303920729	0.045452681273926245	0.7442413930771168	1.6393901158361745e-77	0.08712616260974985
ATP2B4_1_multinomial_train1.27	0.0690682298175696	0.011803878807598589	0.805304089084925	6.388576536812868e-253	0.1138238022899066
ATP2B4_0_multinomial_train1.26	0.24380889719034163	6.97e-322	0.477205724574174	0.2473466569271911	0.031638721308293274
ATP2B4_1_multinomial_train1.28	3.0326452338232116e-252	0.09156983675333429	0.8689638776256022	8.7e-322	0.039466285621063614
ATP2B4_0_multinomial_train1.27	0.21368626880211186	0.06632366101938263	0.5636334793624853	0.1235748876052637	0.032781703210756595
ATP2B4_1_multinomial_train1.29	1.1763671744015444e-104	0.13370196083595126	0.8662980391640487	3.4976218506115302e-295	3.230047950212203e-84
ATP2B4_0_multinomial_train1.28	0.17916190253185363	1.7630771066670478e-54	0.4367171995238269	0.2766029795523703	0.1075179183919491
ATP2B4_0_multinomial_train1.29	0.18407278750915074	2.703836680886704e-136	0.5749392667498666	0.10946091842423447	0.13152702731674812
ATP2B4_0_multinomial_train1.30	0.19886902407369614	0.010187712132440567	0.4376274756185573	0.14768615435899687	0.20562963381630914
ATP2B4_0_multinomial_train1.31	0.18601072649108272	0.045972949847731044	0.5390148561877848	0.22900146747340144	1.7254701864627205e-271
ATP2B4_1_multinomial_train1.30	0.10550058001386618	0.030256311204169124	0.8642431087819648	1.5019380192626136e-197	1.764992372424695e-81
ATP2B4_1_multinomial_train1.31	5.034123355994991e-225	0.03278171264409236	0.9076213496181846	9e-322	0.059596937737723024
ATP2B4_1_multinomial_train1.32	0.04337430930801198	0.0019469826338088113	0.9530595673273728	4.6062348093726974e-192	0.0016191407308063972
ATP2B4_0_multinomial_train1.32	0.3057164848868894	2.08e-321	0.5000618984581904	0.11267924290235797	0.08154237375256221
ATP2B4_0_multinomial_train1.33	0.1215900594404043	0.0035102103751423076	0.8212613217813738	0.05363779312438943	6.152786901848471e-07
ATP2B4_0_multinomial_train1.34	0.14547627621056708	0.001998204761757453	0.5736722788128028	0.2183836497581245	0.06046959045674814
ATP2B4_0_multinomial_train1.35	0.2673040884609463	0.015609582144877576	0.6025717208247439	0.11451460856943238	4.232782442081074e-194
ATP2B4_1_multinomial_train1.33	0.012077659028520028	0.05684111721449728	0.9024301473740636	9.298200093312867e-11	0.02865107628993702
ATP2B4_1_multinomial_train1.34	0.13279565467240212	0.09167828818817943	0.6531644489116086	1.2329661335223643e-165	0.12236160822780989
ATP2B4_1_multinomial_train1.35	2.8328795812203176e-162	0.12622343174211956	0.7632398977293688	5.714553272853144e-176	0.11053667052851161
ATP2B4_1_multinomial_train1.36	1.6578271515356013e-243	0.14450118688158028	0.8057601619754247	1.5992606084906445e-193	0.04973865114299505
ATP2B4_0_multinomial_train1.36	0.21654701819358593	1.34e-321	0.3901698517305138	0.20498678539879606	0.18829634467710418
ATP2B4_0_multinomial_train1.37	0.3449128296941825	2.1295650027208225e-204	0.6077677156798323	0.04731945462598527	1.1846071736425205e-62
ATP2B4_1_multinomial_train1.37	1.196e-321	0.11576011172092854	0.7062091891262061	3.0182768666990065e-227	0.17803069915286557
ATP2B4_1_multinomial_train1.38	2.775121507117232e-228	0.12436957422847968	0.8756304257715202	4.118527304943069e-195	4.05e-322
ATP2B4_1_multinomial_train1.39	2.8664436013569133e-65	0.14079974249464594	0.7507359040503944	8.155936001116428e-201	0.10846435345495956
ATP2B4_1_multinomial_train1.40	9.350622461267879e-41	0.03633981211465268	0.7838367839621538	4.2749547566794324e-249	0.17982340392319346
ATP2B4_1_multinomial_train1.41	2.3646032201021087e-24	0.09135189031743413	0.8021578880604745	1.398766691315995e-131	0.10649022162209129
ATP2B4_1_multinomial_train1.42	5.9882604988953055e-25	0.0761133246769337	0.6985149386169488	1.206e-321	0.2253717367061174
ATP2B4_0_multinomial_train1.38	0.06430086108235564	0.03825362325620044	0.6758650437987325	0.22158047186271146	1.24571283e-315
ATP2B4_0_multinomial_train1.39	0.2028395993034327	0.009615580887938947	0.4963660406012709	0.21715478657255816	0.0740239926347993
ATP2B4_0_multinomial_train1.40	0.07663922631176097	0.01368958481962471	0.6477304813283555	0.1443698466207881	0.11757086091947067
ATP2B4_1_multinomial_train1.43	4.47139027963292e-191	0.1131139565483819	0.7538371749830862	2.7581923006468395e-111	0.13304886846853192
ATP2B4_0_multinomial_train1.41	0.17022240682698278	2.2872482970167827e-110	0.7135148504979257	0.1162627426750916	4.7340077673406083e-212
ATP2B4_0_multinomial_train1.42	0.2185544174345725	1.2333412601202583e-308	0.5124866268450307	0.13046570088030565	0.13849325484009123
ATP2B4_0_multinomial_train1.43	0.10839511149143691	1.93e-321	0.7233802254513085	0.1682246630572546	1.0860193964553977e-45
ATP2B4_0_multinomial_train1.44	0.3560745061601681	0.014194410393286207	0.47677939237585654	0.113597819800277	0.03935387127041229
ATP2B4_1_multinomial_train1.44	0.024433457442935527	3.501144265037701e-105	0.9014421807402171	1.8400035250358426e-200	0.0741243618168473
ATP2B4_0_multinomial_train1.45	0.2236733623852952	0.011668375640391328	0.5430693174246117	0.11444737623229392	0.10714156831740788
ATP2B4_1_multinomial_train1.45	0.11047245514245184	0.03534868119776355	0.695319249877376	4.025135425365176e-211	0.15885961378240857
ATP2B4_0_multinomial_train1.46	0.1478046051559943	0.026000199753927245	0.7874519821967706	0.038743212893307864	8.460413355676561e-268
ATP2B4_0_multinomial_train1.47	0.14409048018195142	0.040954096842666626	0.7030042223871064	0.11195120058827567	1.6454483383565293e-74
ATP2B4_0_multinomial_train1.48	0.12191529661088026	1.7334698505780786e-75	0.7107442011021772	0.1673405022869426	3.5224446902356003e-87
ATP2B4_1_multinomial_train1.46	0.03957328893880665	0.03679481703571863	0.9030350758630415	0.02059681816243302	2.77e-322
ATP2B4_1_multinomial_train1.47	3.0158766109113125e-88	0.07738053853256023	0.9226194614674399	1.441849835311396e-165	2.8295205759923093e-153
ATP2B4_1_multinomial_train1.48	0.041712061801474125	0.12083685893346878	0.6665659810477436	3.6951535703024965e-29	0.17088509821731362
PMS1_0_multinomial_train1	0.009377190652436692	0.2829370333734865	0.5415832494323639	0.16610252654171292	2.0075675093350495e-72
MSH6_1_multinomial_train1	2.0334256948412612e-184	0.9827050136408471	2.8095058903083274e-225	1.57e-321	0.01729498635915295
MSH6_0_multinomial_train1	3.179159088730332e-288	0.9895758353207339	1.8656802232882284e-91	1.5947718103194764e-144	0.010424164679266235
MSH2_0_multinomial_train1	1.5844969158765495e-218	0.9349317332336737	2.88683011789954e-123	0.06506826676632615	3.952198542022918e-198
MSH6_0_multinomial_train1.1	2.485e-321	0.9866791358083162	2.33e-321	7.337511151424625e-239	0.013320864191683657
