Samples	SBS96A	SBS96B	SBS96C	SBS96D	SBS96E
EXO1_0_real_train1	0.8968304959598121	0.010161782911700003	3.2376527243239378e-127	0.09300772112848782	4.359974625433901e-123
OGG1_0_real_train1	4.066422557218465e-44	0.046038230854595796	9.60727293036827e-16	0.07840138860404082	0.8755603805413624
RNF168_0_real_train1	0.8616418399191871	1.1306860233826887e-183	0.0563599448784169	0.05943523022805068	0.02256298497434524
UNG_0_real_train1	0.04324143395741797	1.975125984076361e-134	0.015784720984524908	0.9084406171434724	0.03253322791458472
ATP2B4_0_real_train1	0.1548165756522963	9.709403495288143e-53	0.6485518630021031	0.1526421045220473	0.04398945682355319
ATP2B4_1_real_train1	9.273705072486062e-149	0.07058463193644417	0.8826929001461632	7.112919835348528e-242	0.04672246791739261
MLH1_0_real_train1	2.757e-321	1.0	1.354e-321	2.300881276333627e-103	2.29e-321
MSH2_0_real_train1	1.801166624967004e-304	0.9396484730050229	6.5180973688695425e-130	0.060351524545469507	2.449507508902267e-09
MSH6_0_real_train1	2.6409693851381085e-261	0.9901916384219462	2.0967220643138977e-231	1.3015853991826988e-210	0.009808361578053712
MSH6_1_real_train1	3.9573166e-317	0.9835528561228619	1.77e-321	1.527e-321	0.016447143877138193
PMS1_0_real_train1	1.4975857566314757e-181	0.16906098065486672	0.5488486882852561	0.28209033105987713	5.2673328338641155e-93
PMS2_0_real_train1	0.4690414331005946	0.5309585668994055	1.245e-321	3e-322	2.767e-321
EXO1_0_multinomial_train1	0.9306334945507962	0.0004801780199011388	8.557902037779835e-193	0.05746507008744762	0.011421257341855047
RNF168_0_multinomial_train1	0.8084996473642592	3.6438920449091158e-177	0.17475670203841423	0.0167436505973265	1.929281761448511e-221
RNF168_0_multinomial_train1.1	0.8098728011258723	1.23e-321	0.18972721347990815	1.2924337244363485e-106	0.0003999853942195116
EXO1_0_multinomial_train1.1	0.8809352988058148	0.09019169516991131	5.242242759362623e-155	0.009349346852833122	0.019523659171440562
RNF168_0_multinomial_train1.2	0.8254333455765235	0.0008478709921135448	0.17371878343136293	8.072871359695928e-304	1.7602336001026967e-25
RNF168_0_multinomial_train1.3	0.7934734382523589	0.0039335156499624505	0.05632528622239669	0.12496218336040431	0.02130557651487756
RNF168_0_multinomial_train1.4	0.7943182352599608	0.019122514482320174	0.17235847013422625	4.9345915185495605e-09	0.014200775188901246
RNF168_0_multinomial_train1.5	0.8515931488225809	1.586e-321	0.0034682397966832056	0.1449386113807358	8.7e-322
RNF168_0_multinomial_train1.6	0.7758795609969623	2.44e-321	8.62997660227105e-136	0.1806724078689803	0.043448031134057215
RNF168_0_multinomial_train1.7	0.8889783222026676	7.905119779389001e-30	2.2793070406870047e-146	0.10894047825080093	0.0020811995465315233
RNF168_0_multinomial_train1.8	0.9054218942448102	2.3390399868490396e-188	0.010161651211258964	7.22861252761404e-43	0.08441645454393086
EXO1_0_multinomial_train1.2	0.8884584676874275	6.4969118617796494e-18	2.296826270415879e-219	0.11154153231257243	6.13e-322
EXO1_0_multinomial_train1.3	0.9490516646575569	0.02814469053531187	1.51312095e-316	1.6476060267197266e-206	0.022803644807131124
RNF168_0_multinomial_train1.9	0.9082971285769539	2.02e-321	0.0809666899388987	0.010736181484147369	4.695340755233887e-73
EXO1_0_multinomial_train1.4	0.8946951597482258	2.748892034163584e-102	2.2297506626606088e-235	0.10530484025177424	1.823e-321
EXO1_0_multinomial_train1.5	0.8827158152912109	0.023956988958124134	1.0251354609129308e-99	0.0910950420603968	0.0022321536902682793
EXO1_0_multinomial_train1.6	0.8934135545028666	3.711887562762371e-161	1.29271011785373e-309	0.10658644549713338	1.48e-321
EXO1_0_multinomial_train1.7	0.8843142051212147	0.025381543149109023	3.0952513937022256e-302	0.09030425172967636	1.0112532984654661e-85
EXO1_0_multinomial_train1.8	0.8071899448884478	0.011290021807077427	1.5881967193412152e-198	0.1815200333044748	8.399381848507827e-300
RNF168_0_multinomial_train1.10	0.7686572938604909	9.624425387289791e-293	3.957821608867317e-191	0.12700682838694083	0.10433587775256835
EXO1_0_multinomial_train1.9	0.9535382730973405	0.04646172690265953	1.324e-321	1.4135746601759657e-233	9.2e-322
RNF168_0_multinomial_train1.11	0.8523213618903464	9.094778396966416e-89	0.008532666704489465	0.13914597140516421	9.937992e-316
RNF168_0_multinomial_train1.12	0.8719111263991344	0.026647705375398813	0.08308046506232261	2.876398837837862e-20	0.018360703163144254
EXO1_0_multinomial_train1.10	0.8971435107460517	0.03692506720224357	1.364e-321	0.0659314220517049	7.1e-322
EXO1_0_multinomial_train1.11	0.8431516223958839	0.03618309129065965	3.7205165344167826e-222	0.12066528631345648	8.780674662383808e-142
RNF168_0_multinomial_train1.13	0.82743770997498	0.1405588541010444	1.3220504749809783e-168	1.59e-321	0.0320034359239755
RNF168_0_multinomial_train1.14	0.8293061211806259	2.8322412534788648e-06	0.13973340587830524	0.030957640699815426	2.0211661024931694e-52
RNF168_0_multinomial_train1.15	0.8758288655939754	0.014261343123001192	4.5443545541053186e-188	0.09882978735916519	0.011080003923858337
RNF168_0_multinomial_train1.16	0.8183936099778695	1.1638255705620004e-52	0.0685392664470127	0.07183931967279764	0.04122780390232005
EXO1_0_multinomial_train1.12	0.9079553598218628	1.9004614505847303e-177	1.4404843605765135e-143	0.06322342357285948	0.02882121660527772
RNF168_0_multinomial_train1.17	0.7771535633059535	7.570529021000032e-09	0.08062365281096574	0.13846098415062846	0.0037617921619234047
EXO1_0_multinomial_train1.13	0.8905168200771059	7.369047715058257e-146	7.226450695873266e-108	0.0884147210686632	0.021068458854231028
RNF168_0_multinomial_train1.18	0.8001451191068897	2.15e-321	0.179979523357927	0.00023820648973858695	0.019637151045444785
EXO1_0_multinomial_train1.14	0.8897475299149651	0.010143195556456217	2.1446364596078464e-201	0.09824695232350691	0.0018623222050717417
RNF168_0_multinomial_train1.19	0.9705985531676176	1.2157589892439228e-109	1.234301743774876e-154	6.995029393272663e-189	0.029401446832382487
RNF168_0_multinomial_train1.20	0.9120823101055197	7.093654422832482e-141	1.136e-321	0.08791768989448044	3.9e-322
EXO1_0_multinomial_train1.15	0.8797700330225487	0.009194936340327036	7.629521918316074e-193	0.11103503063712401	2.9224739478880466e-187
RNF168_0_multinomial_train1.21	0.7938093752921986	2.129465707239139e-84	2.3661221386335393e-161	0.13103149080978566	0.07515913389801578
RNF168_0_multinomial_train1.22	0.69492744582519	0.01883002900008857	0.03694129412923842	0.2026237905134218	0.04667744053206111
EXO1_0_multinomial_train1.16	0.8393148803194985	0.025041054686825326	1.58e-321	0.13564406499367598	6.8e-322
EXO1_0_multinomial_train1.17	0.9150531630251274	0.02455257164081231	2.087149941772269e-294	0.06039426533406047	1.126e-321
RNF168_0_multinomial_train1.23	0.9489182491990217	5.8824505652730396e-176	2.990226973840428e-225	0.01984153695237825	0.031240213848600012
EXO1_0_multinomial_train1.18	0.8100167017828385	0.02866376266461487	3.289589211493158e-244	0.1613195355525466	1.37e-321
RNF168_0_multinomial_train1.24	0.9276086640516112	1.0479567838068594e-297	0.07239133594838879	5.60075785804412e-135	1.1892315843232317e-233
RNF168_0_multinomial_train1.25	0.883545754353424	1.5384474124918623e-238	0.08661300773870302	0.029841237907872842	3.740861955354908e-235
RNF168_0_multinomial_train1.26	0.920675693321443	1.897e-321	0.009277184165197133	0.07004712251335984	9.069345873805822e-96
RNF168_0_multinomial_train1.27	0.6999076252714052	1.388772547337407e-185	0.2710670502019646	0.029025324526630213	1.6107441539377492e-29
RNF168_0_multinomial_train1.28	0.921493356113049	2.0709434583016633e-26	0.042483923114270544	0.03602272077268052	3.6347848682513707e-84
EXO1_0_multinomial_train1.19	0.8484944472422357	0.05061465757538305	3.589825122109532e-162	0.10089089518238122	1.374e-321
RNF168_0_multinomial_train1.29	0.8856059552691646	7.95963788921985e-58	0.005066674579327746	0.10932737015150765	3.6743627652386316e-69
EXO1_0_multinomial_train1.20	0.8682034502781516	0.010943976848369789	1.9341683817788605e-24	0.11973790906048974	0.001114663812988716
RNF168_0_multinomial_train1.30	0.8683084312944817	8.045957253862586e-212	0.12083736988475756	0.010854198820760936	1.968456673568961e-51
RNF168_0_multinomial_train1.31	0.8629339642256	4.574590304145258e-37	0.08946452888474798	0.04760150688965197	2.1037158080447107e-187
RNF168_0_multinomial_train1.32	0.9348559556517577	2.1804812754798888e-180	6.3539458473717315e-09	0.02251546599561432	0.04262857199868219
RNF168_0_multinomial_train1.33	0.7631570072536273	8.9e-322	0.10974614378913244	0.12709684895724013	1.28e-321
EXO1_0_multinomial_train1.21	0.8855799720302653	1.666839434736519e-152	1.927e-321	0.11442002796973458	1.42e-321
RNF168_0_multinomial_train1.34	0.9714638714267637	6.47e-322	2.327108836034211e-264	2.27e-321	0.028536128573236338
EXO1_0_multinomial_train1.22	0.9322931344382521	0.020986127363755228	8.923706635928554e-150	0.04452532583652722	0.0021954123614655067
EXO1_0_multinomial_train1.23	0.8771239866596464	6.793372579179995e-132	2.9173878140048554e-89	0.12287601334035358	3.998735692684136e-132
RNF168_0_multinomial_train1.35	0.787223337730962	1.5941793738588914e-251	8.303530321873911e-68	0.18608498437773682	0.026691677891301193
RNF168_0_multinomial_train1.36	0.8246110759277586	3.686435220098772e-225	0.15780533927602317	0.01758358479621831	7.3009651539068e-204
EXO1_0_multinomial_train1.24	0.9339280481839876	2.8988165387536452e-46	0.05190769752581485	0.014164254290197693	3.832671255347609e-70
RNF168_0_multinomial_train1.37	0.8656105928633393	2.58e-321	0.05740027881181374	0.07698912832484696	9.672634225208271e-220
EXO1_0_multinomial_train1.25	0.8510434354665815	0.03625454764813299	0.02105051950082329	0.08132183172782723	0.01032966565663503
RNF168_0_multinomial_train1.38	0.8949630645774508	1.196e-321	0.07897257313803353	1.947e-321	0.026064362284515787
EXO1_0_multinomial_train1.26	0.9380180202628825	0.027047811897772625	6.054334983851443e-230	0.03493416783934477	1.186e-321
EXO1_0_multinomial_train1.27	0.9066801878906724	9.683393919890815e-137	5.911693816265219e-156	0.09331981210932772	1.48e-321
EXO1_0_multinomial_train1.28	0.9035866137194912	1.6740262732771776e-95	1.4214452276752856e-210	0.09641338628050869	1.606e-321
EXO1_0_multinomial_train1.29	0.9050167150621279	1.64430129807278e-137	1.3359173835968306e-10	0.09329795248552289	0.0016853323187573516
EXO1_0_multinomial_train1.30	0.883085809827828	2.0021298209166833e-127	2.204e-321	0.11691419017217197	8.4e-322
RNF168_0_multinomial_train1.39	0.8541393804930583	1.0649131140999402e-159	8.74e-322	0.11986945302686848	0.025991166480073206
RNF168_0_multinomial_train1.40	0.7777581778195561	1.764e-321	0.18597027933799853	9.248867640286455e-228	0.03627154284244512
EXO1_0_multinomial_train1.31	0.845780012965814	0.04590753071826602	1.6523178699816054e-292	0.10831245631592008	1.344e-321
EXO1_0_multinomial_train1.32	0.8982879896896948	0.02920208874072374	4.094069914769173e-130	0.06303294940249905	0.009476972167082414
EXO1_0_multinomial_train1.33	0.9188040311097041	0.011923966146674455	2.01050798205961e-198	0.06539823609246226	0.0038737666511591004
RNF168_0_multinomial_train1.41	0.9078737629659178	1.23e-321	0.06632793052206876	7.452974237752376e-103	0.025798306512013564
RNF168_0_multinomial_train1.42	0.9190809014101184	2.836e-321	0.04822531121707301	0.006411664420976815	0.02628212295183179
EXO1_0_multinomial_train1.34	0.8908259770071967	0.008779984243857753	7.310499376170114e-191	0.10039403874894544	3.0459248939858503e-99
RNF168_0_multinomial_train1.43	0.8013227120948478	1.744e-321	0.13372460972800304	0.06444981358423314	0.0005028645929159237
EXO1_0_multinomial_train1.35	0.8585046767987731	2.8315223609887464e-151	0.019842395182926235	0.11375080477746582	0.007902123240834794
EXO1_0_multinomial_train1.36	0.870676473475371	0.0013973556391315147	2.36e-321	0.12792617088549738	1.126e-321
RNF168_0_multinomial_train1.44	0.8334746731075902	1.92e-321	0.11323219360305402	0.027722300147568893	0.02557083314178673
EXO1_0_multinomial_train1.37	0.893892404587107	0.013573604809764083	1.853e-321	0.09253399060312895	2.0227799617748026e-288
RNF168_0_multinomial_train1.45	0.8193366887430189	2.045e-321	0.14919664406208208	0.03146666719489894	1.8936214649292448e-196
RNF168_0_multinomial_train1.46	0.9281227031716377	2.757e-321	6.9847508982699815e-71	0.026033508445090014	0.045843788383272265
RNF168_0_multinomial_train1.47	0.9053880883442383	1.434871749093486e-181	0.042301416358876465	0.05231049529688528	1.03e-321
RNF168_0_multinomial_train1.48	0.8458459403846885	1.59e-321	0.05211857496961736	0.10203548464569416	7.8e-322
RNF168_0_multinomial_train1.49	0.8211401724836067	3.831577214114073e-54	0.0452435608756721	0.10205178211187745	0.03156448452884366
RNF168_0_multinomial_train1.50	0.8268597823461402	0.0075021585000763094	6.240818850802176e-143	0.15049143897766493	0.015146620176118534
EXO1_0_multinomial_train1.38	0.9347279801687252	7.032769340929005e-163	1.8309450076009294e-78	0.03938421429476931	0.02588780553650559
RNF168_0_multinomial_train1.51	0.8682978030682569	1.0841529303573313e-119	0.08165792094659487	0.05004427598514841	1.4901661854216334e-253
RNF168_0_multinomial_train1.52	0.8431746697328123	0.06714525368912656	1.4817734764403085e-55	0.049068785064444016	0.040611291513617
EXO1_0_multinomial_train1.39	0.8276475221989671	0.0500896413811557	1.5255937468478542e-192	0.10950497763892442	0.012757858780952732
EXO1_0_multinomial_train1.40	0.8568127386668845	0.03675003577592041	6.215650824479029e-197	0.09366728956560891	0.012769935991586233
RNF168_0_multinomial_train1.53	0.83518442647678	4.3405225793321344e-204	0.14953557779437973	1.3538866119725208e-63	0.015279995728840274
EXO1_0_multinomial_train1.41	0.8612355902745603	0.06261633611260177	2.263e-321	0.0761480736128379	6.57e-322
EXO1_0_multinomial_train1.42	0.8900203449295621	2.0531020584355884e-133	8.216924020611673e-95	0.10997965507043808	1.52e-321
RNF168_0_multinomial_train1.54	0.7359057396251005	1.22e-321	0.1686905054080573	0.07111333139652447	0.024290423570317583
OGG1_0_multinomial_train1	3.571962946210796e-104	3.7599361467426976e-49	0.09467757945457879	0.07656522044265537	0.8287572001027659
UNG_0_multinomial_train1	2.876842783604211e-278	0.06069092277177354	1.2557954492998158e-190	0.9314899418282229	0.0078191354000037
UNG_0_multinomial_train1.1	5.339205733426785e-13	0.016849305229821154	0.07370465718756596	0.8415243197555942	0.06792171782648478
UNG_0_multinomial_train1.2	0.06112067102708489	2.1783754550486405e-297	1.702280955196605e-25	0.8831908844477196	0.05568844452519558
OGG1_0_multinomial_train1.1	6.374330200001427e-82	0.09900825831775574	1.856048474142205e-10	0.04536903472317615	0.8556227067734633
UNG_0_multinomial_train1.3	0.15557643308042868	0.03057091902741263	2.1158898441284226e-14	0.7518566040582143	0.06199604383392306
OGG1_0_multinomial_train1.2	1.9080271725811922e-145	0.1039439472072438	2.006542269299804e-168	7.048460419033622e-92	0.8960560527927562
OGG1_0_multinomial_train1.3	7.310211659631317e-25	0.05282683670498415	6.836742752384674e-48	0.007134651426240787	0.9400385118687751
UNG_0_multinomial_train1.4	1.0814808420848643e-149	1.956e-321	0.1260132067835047	0.8739867932164953	5.1509416751630436e-77
UNG_0_multinomial_train1.5	0.03224070495469078	1.27e-321	2.258456104922108e-59	0.9642166689430918	0.003542626102217422
OGG1_0_multinomial_train1.4	4.5720381413074815e-273	0.044629185490262326	1.1455042385086631e-111	5.9402873621720036e-154	0.9553708145097378
OGG1_0_multinomial_train1.5	2.520484654341209e-175	0.10704068913734373	2.3400163854242165e-164	4.959262470251671e-180	0.8929593108626562
UNG_0_multinomial_train1.6	0.02379343623475973	0.03424430425563545	7.56e-322	0.9419622595096049	6.776437252006269e-234
UNG_0_multinomial_train1.7	2.394960818262946e-29	0.08967003740263638	4.512677569684712e-66	0.7399296252204193	0.1704003373769443
UNG_0_multinomial_train1.8	2.317e-321	9.24e-322	0.025963884331152078	0.9740361156688478	1.2570412907221146e-138
OGG1_0_multinomial_train1.6	9.261685498811804e-169	0.07076264134247391	5.881851667088588e-85	0.0426717359356175	0.8865656227219086
UNG_0_multinomial_train1.9	0.08335750140043965	2.4935857177012174e-14	0.01947045942992739	0.884103345280853	0.013068693888754916
OGG1_0_multinomial_train1.7	9.22778855882972e-90	0.035099880703478095	3.7269832987020106e-10	0.06712487685205851	0.8977752420717651
UNG_0_multinomial_train1.10	0.009834420792504224	9.63e-322	0.11677206483686223	0.8733935143706337	7.36e-322
OGG1_0_multinomial_train1.8	0.043805242836062304	2.475e-321	1.4278048769729506e-115	0.147185807515335	0.8090089496486028
UNG_0_multinomial_train1.11	0.016011874650045225	1.424605261186551e-250	0.178406706510918	0.8055814188390367	1.1768405326751157e-236
OGG1_0_multinomial_train1.9	8.531826813270906e-89	0.04927684449998804	0.07368794053862832	0.014755525606296099	0.8622796893550876
OGG1_0_multinomial_train1.10	2.6341322879034518e-217	0.03418777566078918	0.16115881777154656	6.160274666307342e-23	0.8046534065676643
OGG1_0_multinomial_train1.11	5.788684200069389e-161	0.07532470955398493	3.4123007534908197e-74	1.5077845408231153e-141	0.924675290446015
UNG_0_multinomial_train1.12	0.10117753369771174	1.423e-321	1.3692726793898665e-255	0.8988224663022882	5.43e-322
UNG_0_multinomial_train1.13	0.006246558989654302	1.0283273133944205e-269	0.07574835126224594	0.9152498981757154	0.0027551915723843727
UNG_0_multinomial_train1.14	0.0826359856100875	7.784412263971715e-190	8.641678632594322e-199	0.9173640143899127	6.6e-322
OGG1_0_multinomial_train1.12	3.9584393951774845e-135	0.07026502125860119	1.8056283119718534e-141	1.525143344900262e-78	0.9297349787413987
OGG1_0_multinomial_train1.13	4.0100407251977324e-175	0.011141433132946046	4.2504155235145313e-32	0.14849172567320765	0.8403668411938463
UNG_0_multinomial_train1.15	4.918180951884713e-244	3.9015184478442303e-50	0.1202890017077609	0.8695926646381357	0.010118333654103409
UNG_0_multinomial_train1.16	0.022242526974470368	2.2139330740828246e-284	0.032772265524830146	0.862513503862081	0.08247170363861835
UNG_0_multinomial_train1.17	0.005732991511910428	1.774e-321	3.372062941569525e-125	0.9356175656816189	0.058649442806470664
OGG1_0_multinomial_train1.14	1.7647212527094168e-135	0.024329219176487622	0.13705635553504908	7.988266491148642e-117	0.8386144252884631
UNG_0_multinomial_train1.18	5.607293925505489e-252	1.2567084130671303e-242	0.1295836344502557	0.8704163655497444	6.2e-322
OGG1_0_multinomial_train1.15	0.020776997167652925	0.05364263126113781	0.06136813492443522	0.04851762559455036	0.8156946110522236
UNG_0_multinomial_train1.19	4.492716336865158e-06	0.03641463412407744	0.15834283950236727	0.8052380336572185	2.124274769801373e-53
OGG1_0_multinomial_train1.16	1.1127637057554577e-39	0.03569216137264854	1.258236058632094e-18	0.10106974977067336	0.8632380888566781
UNG_0_multinomial_train1.20	6.258683650182183e-33	0.003818424729997561	4.377640599313166e-07	0.9629694340501175	0.03321170345582497
UNG_0_multinomial_train1.21	0.06973731486064566	0.07194752687467323	1.667014769782809e-69	0.8056608143775622	0.05265434388711905
OGG1_0_multinomial_train1.17	3.7075223518470035e-140	0.08979106305288316	2.490681829696407e-72	5.0307488817809785e-23	0.9102089369471168
UNG_0_multinomial_train1.22	6.08400615600406e-258	2.2e-321	0.04391886464335353	0.9560811353566464	8.35e-322
UNG_0_multinomial_train1.23	8.734454045652278e-119	1.2326832149360802e-08	0.0914993605575582	0.9085006271156096	3.46e-322
UNG_0_multinomial_train1.24	0.03204065120831252	1.8389334486360673e-69	0.01519324218289561	0.9032769494029858	0.04948915720580607
OGG1_0_multinomial_train1.18	9.691609351311756e-17	2.082692911744603e-12	0.11093284046615351	0.09285646526000123	0.7962106942717626
UNG_0_multinomial_train1.25	0.063038755753272	9.73e-322	0.2097121005893964	0.7180122621069093	0.009236881550422304
OGG1_0_multinomial_train1.19	7.191525569993257e-35	0.09645277278565205	2.7586766290462588e-27	0.030160023387286575	0.8733872038270613
UNG_0_multinomial_train1.26	2.654779934724857e-309	0.10993318669068505	0.025045956039554104	0.8650208572697607	3.2525633555296375e-98
OGG1_0_multinomial_train1.20	0.01896382457871646	0.06394662846361243	0.12828038059611194	0.004137247100349781	0.7846719192612093
UNG_0_multinomial_train1.27	0.06022404959344214	1.66e-321	0.18200261683739624	0.7577733335691615	3.2398684662907627e-296
OGG1_0_multinomial_train1.21	3.5839723634945133e-169	0.038796386636305254	0.32701446580377647	5.952048862071418e-14	0.6341891475598588
OGG1_0_multinomial_train1.22	0.0005226637529991061	1.1891797039066005e-143	0.03298220729052822	0.10074089317077582	0.8657542357856969
UNG_0_multinomial_train1.28	1.2617651251141382e-15	1.576e-321	1.1454559657590182e-295	0.9999999999999989	1.1940837452488762e-69
UNG_0_multinomial_train1.29	1.7264283269509827e-182	8.193909265062814e-89	0.0787499226485539	0.8900998823988057	0.03115019495264065
OGG1_0_multinomial_train1.23	1.8441766041410897e-133	0.0672417881752481	6.88694255748467e-13	1.8467384770208661e-13	0.9327582118238786
OGG1_0_multinomial_train1.24	3.146322538535585e-244	0.10862006747506657	1.3666950510391128e-10	3.50616610489471e-94	0.891379932388264
OGG1_0_multinomial_train1.25	0.04283562089752701	3.1357340465402335e-09	0.16809967084175015	0.057838780585396724	0.731225924539592
OGG1_0_multinomial_train1.26	1.7803990955736904e-222	8.815241251933393e-48	0.1819176836149967	1.2794490165882258e-42	0.8180823163850034
UNG_0_multinomial_train1.30	1.2001209011113962e-260	6.205135053182585e-122	3.3472435012261906e-59	0.9427002066196823	0.05729979338031755
OGG1_0_multinomial_train1.27	8.898487341600908e-119	0.06677233922357316	0.06652730979560034	2.346850726655402e-25	0.8667003509808265
OGG1_0_multinomial_train1.28	0.0030267228214473207	0.04556641203420174	2.1204091385903694e-13	0.1037622539834052	0.8476446111607338
UNG_0_multinomial_train1.31	2.0967127735845014e-24	6.286042639115971e-81	0.22255374605508868	0.7774462539449113	2.813938245869607e-282
UNG_0_multinomial_train1.32	4.285173450046459e-107	8.191225193429005e-126	8.802106592298508e-235	0.9515336050660669	0.04846639493393309
UNG_0_multinomial_train1.33	0.022435654681621398	1.21e-321	0.022444993090290855	0.9551193522280876	7.255231629784197e-54
OGG1_0_multinomial_train1.29	1.4544519930419595e-45	0.0009061199475420091	0.1649922005988066	0.08217756267190332	0.751924116781748
OGG1_0_multinomial_train1.30	2.3272410892560863e-196	0.07805548871078635	0.08301925295973145	0.02482485575756873	0.8141004025719133
UNG_0_multinomial_train1.34	1.3273731230273912e-16	0.03954082660084803	4.8074592295821704e-113	0.8987177161107808	0.06174145728837127
OGG1_0_multinomial_train1.31	2.0731776432911037e-110	0.07519925186931682	0.05413071060127591	0.030738241052359318	0.839931796477048
UNG_0_multinomial_train1.35	0.11941037425719407	0.06839279962200662	1.0092309662553269e-241	0.7788997547151668	0.033297071405632504
UNG_0_multinomial_train1.36	5.90171518030323e-26	1.48e-321	0.09700099025092299	0.902999009749077	2.256173977758358e-232
UNG_0_multinomial_train1.37	0.019416219362310343	5.735575871830491e-191	8.3e-322	0.9805837806376898	4.74e-322
OGG1_0_multinomial_train1.32	0.006331845502672322	0.0812162331151253	1.0915286084729405e-85	0.06412637474531356	0.8483255466368889
UNG_0_multinomial_train1.38	0.10367892746457305	3.711471464200628e-47	0.10248864140788716	0.7938324311275395	2.7662256466799125e-16
OGG1_0_multinomial_train1.33	7.909579639154968e-50	0.011520757956050804	0.10809371288137139	0.11292006962947605	0.7674654595331016
OGG1_0_multinomial_train1.34	1.8476160894465742e-24	0.022768010157641492	1.753942217473098e-31	0.12311339019040043	0.8541185996519581
OGG1_0_multinomial_train1.35	3.4184181042569146e-71	0.06715461803452889	0.04923083150422561	0.04850593967923828	0.8351086107820073
OGG1_0_multinomial_train1.36	3.630018787124011e-54	0.03215830352968759	3.541032795135617e-58	0.03108201190071143	0.936759684569601
OGG1_0_multinomial_train1.37	4.644227150704017e-134	2.5276413878082034e-177	0.1192788261586404	0.0502300156078884	0.8304911582334713
OGG1_0_multinomial_train1.38	1.0493449874303645e-162	0.06508260936752487	5.066801045913816e-19	0.029276608448047508	0.9056407821844278
UNG_0_multinomial_train1.39	1.9149631983865882e-188	0.014948958766278215	0.024530417780468914	0.960520623453253	1.8777734471174792e-54
OGG1_0_multinomial_train1.39	1.656217022088678e-96	0.10938260834629471	0.052779353081372486	0.050654386330076476	0.7871836522422564
UNG_0_multinomial_train1.40	0.08580901009326433	0.0021918102545217238	1.23e-321	0.911999179652214	3.56e-322
OGG1_0_multinomial_train1.40	1.1867601748724944e-163	0.061094923245475864	0.1390884535137705	7.659994897109378e-85	0.7998166232407535
OGG1_0_multinomial_train1.41	0.018479056091571733	0.026126771397633308	7.955235272022965e-95	0.02295523624698046	0.9324389362638145
UNG_0_multinomial_train1.41	0.18646001168758272	2.9294630756885434e-300	2.7018369438391496e-42	0.8044645281129866	0.009075460199430669
OGG1_0_multinomial_train1.42	1.059856943731184e-53	0.010728539435541098	0.002270077437483116	0.09476693200504555	0.8922344511219302
UNG_0_multinomial_train1.42	0.08302957184236569	2.09e-321	1.3151628477667043e-117	0.9169704281576342	4.25e-322
OGG1_0_multinomial_train1.43	0.009151586999816358	0.04453322435086351	0.0657939511597534	0.004639035013753901	0.8758822024758128
OGG1_0_multinomial_train1.44	0.03366604777227842	2.3652383716720105e-53	0.01572738035886742	0.12848782660568617	0.8221187452631681
OGG1_0_multinomial_train1.45	1.9200668355226737e-123	0.005622135537996776	0.20716479610611802	0.0056842935610462424	0.7815287747948391
OGG1_0_multinomial_train1.46	3.2567598551637813e-59	0.0005512661690148098	0.1324113073457674	0.10231227603226788	0.76472515045295
UNG_0_multinomial_train1.43	3.26564e-318	0.03653672269169191	9.78435803487626e-42	0.8882329743893934	0.07523030291891472
OGG1_0_multinomial_train1.47	0.029910251532404765	0.023518799564127574	0.053305155211044335	0.05986825661691432	0.8333975370755089
OGG1_0_multinomial_train1.48	2.4535980617297196e-181	0.04618789724784253	0.04051776757596376	0.10319845797937738	0.8100958771968162
OGG1_0_multinomial_train1.49	4.996833775643096e-07	0.031649555202439505	0.1210227625595627	0.03895662957099514	0.808370552983625
OGG1_0_multinomial_train1.50	5.756105514020515e-148	0.09906380608350446	3.79559094959437e-40	0.018037456858503158	0.8828987370579924
UNG_0_multinomial_train1.44	0.07574654676368205	0.05368169884845568	1.5281849165598857e-169	0.7949506325617677	0.07562112182609443
OGG1_0_multinomial_train1.51	0.030290078626383037	0.09057749250411537	9.646878935181903e-129	0.023053356955972194	0.8560790719135294
OGG1_0_multinomial_train1.52	8.26169045770804e-50	0.052164009689022586	4.357556811404194e-52	0.03025463712739862	0.9175813531835787
ATP2B4_0_multinomial_train1	0.09792409477960493	0.11295005855401528	0.5229357035981514	0.1466110627576327	0.11957908031059573
ATP2B4_1_multinomial_train1	4.462997521098082e-75	0.10286894521072976	0.8858936022693892	0.01123745251988122	1.09485257383979e-44
ATP2B4_0_multinomial_train1.1	0.18542970882335733	1.4172854847118526e-177	0.7112227076383534	0.10334758353828927	1.5277866104466832e-52
ATP2B4_1_multinomial_train1.1	9.659135564900904e-43	0.005921600629532314	0.9408403034912011	8.810951099757646e-215	0.05323809587926655
ATP2B4_1_multinomial_train1.2	1.1357407699630858e-47	0.0427457639462205	0.8063217680008451	1.2709853633186e-311	0.15093246805293428
ATP2B4_1_multinomial_train1.3	0.04063039497306011	0.05195240448507039	0.8659952499347738	0.041421950607095755	3.2e-322
ATP2B4_0_multinomial_train1.2	0.20876573549464347	1.05e-321	0.5268983165342831	0.1927715071700499	0.0715644408010237
ATP2B4_1_multinomial_train1.4	1.24e-321	0.06338466152982698	0.7739346539432711	2.4741798421828536e-222	0.16268068452690201
ATP2B4_0_multinomial_train1.3	0.2079013623874436	1.15e-321	0.6206866052546788	0.1714120323578777	1.1837609341729845e-70
ATP2B4_0_multinomial_train1.4	0.0685499360989546	0.004988688188863239	0.6818673623508003	0.2445940133613821	9.675156843244892e-76
ATP2B4_0_multinomial_train1.5	0.06263417528313878	0.01432844472010479	0.6124067076696326	0.25243980441891495	0.05819086790820904
ATP2B4_0_multinomial_train1.6	0.15385119944527365	5.767614958963646e-163	0.6256906709488205	0.20502953014587344	0.015428599460032425
ATP2B4_1_multinomial_train1.5	2.007310756936129e-24	0.09493594194882593	0.6170558245158922	8.994802452379407e-269	0.288008233535282
ATP2B4_0_multinomial_train1.7	0.049725492311253644	0.06405703643853926	0.527232607880691	0.1897575674608468	0.16922729590866925
ATP2B4_1_multinomial_train1.6	3.83690238849213e-310	0.08120121702710051	0.6643436694935706	8.6e-322	0.2544551134793291
ATP2B4_1_multinomial_train1.7	1.2352818868163387e-287	0.10616278108887497	0.7617817756598241	2.2648669137313006e-145	0.13205544325130092
ATP2B4_1_multinomial_train1.8	9.101654268164048e-209	0.16087363207465008	0.8391263679253498	2.7652789521504483e-187	5.8867334731668455e-167
ATP2B4_1_multinomial_train1.9	0.01889597938426313	0.061017912689893684	0.7594141183034127	8.120444389515086e-258	0.16067198962243065
ATP2B4_1_multinomial_train1.10	0.03843195116798299	0.13054151681149542	0.6742834852948312	1.4338205095656585e-238	0.15674304672569045
ATP2B4_1_multinomial_train1.11	4.8641853907717414e-291	0.06603210737693141	0.9339678926230686	2.678723646179017e-252	2.9674002094086475e-61
ATP2B4_1_multinomial_train1.12	2.006703322348626e-202	0.06642486748925933	0.9182347957241449	2.1043296545704626e-215	0.015340336786595701
ATP2B4_1_multinomial_train1.13	2.5527311971164685e-96	0.008015902431184076	0.9202070797226463	1.6222243968827062e-248	0.07177701784616959
ATP2B4_0_multinomial_train1.8	0.2476557583315815	0.014619707105358334	0.6895717777882261	0.04803093716573276	0.00012181960910133577
ATP2B4_1_multinomial_train1.14	1.30413438700909e-174	0.12900416245949314	0.645343250017415	2.305077580126342e-31	0.22565258752309175
ATP2B4_1_multinomial_train1.15	0.008630090882671453	0.09049897996490928	0.8052204406220643	4.0708225185383204e-244	0.09565048853035482
ATP2B4_0_multinomial_train1.9	0.1414874058814156	0.042444139511073384	0.4125424602195302	0.2536582595230503	0.1498677348649304
ATP2B4_0_multinomial_train1.10	0.10496710696852464	1.26e-321	0.7395428753914884	0.15549001763998696	4.5812441158495734e-186
ATP2B4_0_multinomial_train1.11	0.13635571735492058	0.052732520666206234	0.715333334706661	0.09557842727221204	5.096895745948552e-150
ATP2B4_1_multinomial_train1.16	1.64e-321	0.13163087434195353	0.6784248133181532	2.7751327143234466e-129	0.18994431233989326
ATP2B4_0_multinomial_train1.12	0.29446868822314876	2.315305788887442e-126	0.5272905466249428	0.13586784519664943	0.04237291995525916
ATP2B4_0_multinomial_train1.13	0.2730394314792689	1.803e-321	0.5729807129076442	0.1539798556130869	3.678750319147751e-84
ATP2B4_0_multinomial_train1.14	0.070743191247017	0.09804638726854754	0.8312104214844355	1.051513621797735e-49	2.988589421171203e-18
ATP2B4_0_multinomial_train1.15	0.1492497284154925	3.423200553402336e-263	0.7320851657478135	0.1118018638573661	0.006863241979327874
ATP2B4_1_multinomial_train1.17	9.855965637921225e-233	0.08159020365181359	0.9184097963481864	1.7414938868629713e-220	9.500154909939719e-81
ATP2B4_1_multinomial_train1.18	3.8339120304203096e-186	0.05655873165974773	0.7520202385118129	1.2091463274410666e-153	0.19142102982843942
ATP2B4_1_multinomial_train1.19	0.08132225581919134	0.08727786580486795	0.5731272316598209	3.546937430311197e-23	0.2582726467161198
ATP2B4_1_multinomial_train1.20	5.345157027367897e-163	0.09426836294631329	0.8083029493186045	0.03352598210492746	0.06390270563015495
ATP2B4_0_multinomial_train1.16	0.23665721990581748	1.0518211867746893e-249	0.4562668034372446	0.1811754073043753	0.1259005693525626
ATP2B4_1_multinomial_train1.21	5.3462402344952664e-42	0.08270159571096189	0.8590461060757242	9.9e-322	0.05825229821331387
ATP2B4_1_multinomial_train1.22	0.1205384109587084	0.024870779609954635	0.75237283125163	6.87860865907782e-226	0.10221797817970689
ATP2B4_0_multinomial_train1.17	0.05757931265834735	1.8783347596074545e-47	0.704560349180187	0.23773137842615388	0.00012895973531165016
ATP2B4_0_multinomial_train1.18	0.152907048002182	0.05209739579695537	0.5436258221559783	0.07747993365792152	0.1738898003869629
ATP2B4_1_multinomial_train1.23	1.3948552809579503e-231	0.12189104560466314	0.6116551803411401	3.7617485937099665e-135	0.2664537740541966
ATP2B4_1_multinomial_train1.24	6.978649769025375e-24	0.052819420776057564	0.9325200026861661	0.01466057653777628	2.961889964367749e-63
ATP2B4_0_multinomial_train1.19	0.11576987503261732	0.016711347748218808	0.5828303009330138	0.17430795769546348	0.11038051859068652
ATP2B4_1_multinomial_train1.25	3.652394444779101e-104	0.1188146764027639	0.881185323597236	4.693931219879724e-279	1.003419106589524e-57
ATP2B4_0_multinomial_train1.20	0.06903441727167156	0.022343706502381516	0.6834038679381332	0.17049767368790153	0.05472033459991211
ATP2B4_0_multinomial_train1.21	0.17555794486136736	0.030224500144366173	0.338654007803761	0.1708331353541126	0.28473041183639286
ATP2B4_0_multinomial_train1.22	0.2207408083404152	1.0140853608744601e-246	0.3607075562616032	0.2203587413694495	0.19819289402853216
ATP2B4_0_multinomial_train1.23	0.24184571067519212	0.01315552187619035	0.6122785010848747	0.08896106127550209	0.04375920508824072
ATP2B4_0_multinomial_train1.24	0.19311587058552962	1.347375207563425e-86	0.7423998514220371	0.06448427799243328	2.537029332770448e-127
ATP2B4_1_multinomial_train1.26	0.013707364115083972	0.004588684661854275	0.9817039512230619	2.813686587591829e-203	3.56e-322
ATP2B4_0_multinomial_train1.25	0.11637418462204223	0.0478139367665002	0.751498824839073	1.2359164893749297e-75	0.08431305377238453
ATP2B4_1_multinomial_train1.27	0.062354865131131046	0.014387348544276063	0.8129328305604531	3.116635724484059e-268	0.11032495576413966
ATP2B4_0_multinomial_train1.26	0.23621776715026413	6.97e-322	0.48057468803505554	0.24825412995716872	0.03495341485751165
ATP2B4_1_multinomial_train1.28	3.113716718357848e-266	0.09225534926065909	0.8703939691373817	9e-322	0.03735068160195937
ATP2B4_0_multinomial_train1.27	0.2065808621437432	0.06680419885923826	0.5676064975188586	0.1256007280630054	0.03340771341515446
ATP2B4_1_multinomial_train1.29	1.9285388501991095e-117	0.1351635211042559	0.8648364788957441	1.492258337237786e-305	2.063773361977917e-89
ATP2B4_0_multinomial_train1.28	0.17311640650774338	2.5174079937243883e-58	0.4375875989028689	0.27709610244019856	0.11219989214918925
ATP2B4_0_multinomial_train1.29	0.17827823570218776	8.862157538994899e-131	0.5793600834027551	0.11070205897726328	0.13165962191779376
ATP2B4_0_multinomial_train1.30	0.19357832662074664	0.011199325492828302	0.44278536439121496	0.1460988803656361	0.20633810312957399
ATP2B4_0_multinomial_train1.31	0.17637255910690414	0.04371725379469312	0.5447929512742408	0.2351172358241618	2.634212272215847e-256
ATP2B4_1_multinomial_train1.30	0.10036114028295205	0.03349186392467607	0.866146995792372	1.81431606038757e-193	1.2414935817547506e-87
ATP2B4_1_multinomial_train1.31	1.9159543368568214e-240	0.0335477332960135	0.9095503528023428	9.3e-322	0.05690191390164385
ATP2B4_1_multinomial_train1.32	0.036786804071207595	0.005177427317504018	0.9580351221689454	5.922281705637364e-194	6.464423430477609e-07
ATP2B4_0_multinomial_train1.32	0.29942738192421503	2.085e-321	0.503922913146056	0.11463911239239075	0.08201059253733825
ATP2B4_0_multinomial_train1.33	0.11363323205692144	0.004075516550256254	0.8227007002077751	0.05959024140422235	3.097808250047435e-07
ATP2B4_0_multinomial_train1.34	0.13773024330019928	0.002787895680671401	0.5783270079963488	0.21840734256114844	0.062747510461632
ATP2B4_0_multinomial_train1.35	0.259011546151686	0.01429980306155571	0.6048961585789536	0.12179249220780465	1.7505181211198222e-188
ATP2B4_1_multinomial_train1.33	0.005133115831000462	0.06001043988547077	0.908640439527152	3.7546250359793954e-07	0.02621562929387317
ATP2B4_1_multinomial_train1.34	0.12721994394029912	0.09371359034902575	0.6592520891625414	1.1078793078966632e-170	0.11981437654813382
ATP2B4_1_multinomial_train1.35	4.287296720214527e-177	0.12667746355907158	0.7651955737156718	1.5430985611613052e-188	0.10812696272525672
ATP2B4_1_multinomial_train1.36	9.13168763952507e-259	0.14476485236565045	0.8078099719682621	9.379235476545371e-206	0.04742517566608746
ATP2B4_0_multinomial_train1.36	0.21069009826067006	1.34e-321	0.3910125592772101	0.20656912413286282	0.19172821832925693
ATP2B4_0_multinomial_train1.37	0.33754349369029635	7.119737844283843e-207	0.6087170557824794	0.05373945052722436	2.405538475226509e-62
ATP2B4_1_multinomial_train1.37	1.196e-321	0.1163814376199666	0.7080080562730997	1.1444201727665307e-245	0.17561050610693366
ATP2B4_1_multinomial_train1.38	6.315795101309334e-243	0.12585581877548063	0.8741441812245194	2.061587821210934e-185	4.5e-322
ATP2B4_1_multinomial_train1.39	3.870253374496047e-78	0.14101909586064357	0.7529111221028549	9.523635951241354e-211	0.10606978203650157
ATP2B4_1_multinomial_train1.40	1.2559265414013407e-52	0.03705925052192802	0.7861048804180295	3.1876369274136925e-267	0.1768358690600425
ATP2B4_1_multinomial_train1.41	1.8262927057088147e-38	0.09178727864267192	0.8042678310324705	6.494140336596181e-140	0.10394489032485765
ATP2B4_1_multinomial_train1.42	2.036910351567135e-32	0.07666495822744336	0.7006454246239618	1.12e-321	0.22268961714859492
ATP2B4_0_multinomial_train1.38	0.05409670658906679	0.03704112997250571	0.6819779437143585	0.22688421972406908	4.1274196330338217e-305
ATP2B4_0_multinomial_train1.39	0.19575674135542112	0.0099295039144785	0.5005302050993077	0.21732121396122966	0.07646233566956322
ATP2B4_0_multinomial_train1.40	0.06985071750612563	0.014515417687004756	0.6507108001223126	0.14600874208657227	0.11891432259798497
ATP2B4_1_multinomial_train1.43	4.6326105211025215e-205	0.11376724928932269	0.7553385837687986	7.046327694872951e-119	0.1308941669418786
ATP2B4_0_multinomial_train1.41	0.16124877988797776	4.269313933645642e-107	0.7176509000789209	0.12110032003310134	2.5556300403230905e-211
ATP2B4_0_multinomial_train1.42	0.21260343770393333	7.642389197125296e-303	0.5164259467898126	0.13174768052027241	0.13922293498598157
ATP2B4_0_multinomial_train1.43	0.1000084949047248	1.93e-321	0.7301068968284565	0.16988460826681856	8.071713250056514e-43
ATP2B4_0_multinomial_train1.44	0.34984711247520295	0.013644981003670778	0.47774998217934683	0.11800309103042127	0.040754833311358325
ATP2B4_1_multinomial_train1.44	0.02022935981600289	2.149722493629868e-84	0.9089993054478147	2.63260155379356e-207	0.0707713347361825
ATP2B4_0_multinomial_train1.45	0.21701928573859267	0.012333285609826173	0.5480896751988353	0.11531241714277331	0.10724533630997263
ATP2B4_1_multinomial_train1.45	0.10548622142195997	0.03724686259338783	0.7010553203680486	1.8281168198891395e-217	0.15621159561660375
ATP2B4_0_multinomial_train1.46	0.1385978082062035	0.025720952670306538	0.7869129493390766	0.04876828978441338	3.8147433034291747e-267
ATP2B4_0_multinomial_train1.47	0.13616250677274008	0.041088568208446884	0.7069673883992658	0.11578153661954724	1.8469185034777942e-72
ATP2B4_0_multinomial_train1.48	0.11277700811463823	2.1022529968009563e-74	0.716763040203432	0.17045995168192993	1.576191757054973e-82
ATP2B4_1_multinomial_train1.46	0.027640739878682187	0.03582957142888974	0.8995024523947706	0.03702723629765738	2.77e-322
ATP2B4_1_multinomial_train1.47	1.999398095576592e-102	0.07881267263615133	0.9211873273638487	1.5697388776356921e-158	1.7429404201511032e-158
ATP2B4_1_multinomial_train1.48	0.03620206227014955	0.12328263126539565	0.6718467264818417	3.204862260542852e-29	0.16866857998261317
PMS1_0_multinomial_train1	0.004148020452195346	0.28471629132733045	0.5472672874540618	0.1638684007664124	1.1947637136156677e-58
MSH6_1_multinomial_train1	3.824036507997485e-175	0.9826923506939187	2.0935850718003502e-224	1.566e-321	0.017307649306081214
MSH6_0_multinomial_train1	7.546540941507995e-283	0.9895420162824787	1.2616540190151913e-95	4.480589867659693e-149	0.01045798371752143
MSH2_0_multinomial_train1	1.643194104341782e-214	0.9338196970843766	1.0056148641065653e-105	0.06618030291562342	2.6594814538741345e-132
