Samples	SBS96A	SBS96B	SBS96C	SBS96D	SBS96E
EXO1_0_real_train1	0.8251961588688115	0.021318287362124152	0.02342514201955234	0.11437957402661042	0.01568083772290168
OGG1_0_real_train1	1.146908921936046e-123	0.015520754614590203	0.07900681501485739	0.11688897231199226	0.7885834580585601
RNF168_0_real_train1	0.7946313461389045	4.6049741065269845e-150	0.1096465854975123	0.06960397188109288	0.026118096482490184
UNG_0_real_train1	0.04448986883315206	2.9683423164223375e-110	0.03969888186601634	0.832752069401771	0.08305917989906059
ATP2B4_0_real_train1	0.13609310309190625	7.002537280568079e-15	0.5656985279913603	0.18354369327851408	0.11466467563821242
ATP2B4_1_real_train1	4.289472146879553e-166	0.1039516529819168	0.751414257468925	4.304278813636692e-177	0.1446340895491583
MLH1_0_real_train1	2.495e-321	0.94090104944803	1.36e-321	0.056197548232514605	0.002901402319455287
MSH2_0_real_train1	2.07e-321	0.872437096251319	3.434826835408752e-207	0.11978532063349079	0.007777583115190136
MSH6_0_real_train1	1.612955032626252e-308	0.947015413740665	2.2853502997607793e-204	0.03442821020743804	0.01855637605189711
MSH6_1_real_train1	3.597412527979069e-264	0.9684047522208311	1.0096367909168512e-307	0.0013907242478410054	0.03020452353132789
PMS1_0_real_train1	1.2243797625377848e-229	0.2113983494393615	0.5626146207697481	0.18183919926343356	0.04414783052745677
PMS2_0_real_train1	0.4556995885442594	0.5308672339256539	2.42831703828767e-310	6.23e-322	0.013433177530086835
EXO1_0_dirichlet_train1	0.819619388012228	1.9926141159469354e-146	1.873e-321	0.014383571593958975	0.16599704039381305
RNF168_0_dirichlet_train1	0.769848401903521	6.4125e-320	0.09114692722303723	0.13900467087344162	4.5e-322
RNF168_0_dirichlet_train1.1	0.8643428302143831	3.113e-321	1.9951402218185968e-50	3.420677425356555e-259	0.13565716978561693
EXO1_0_dirichlet_train1.1	0.6568802622850443	0.05548541141946076	0.1602269522044876	0.12740737409100739	1.15e-321
RNF168_0_dirichlet_train1.2	0.9093289146992967	6.67e-322	2.160616476856705e-140	7.76e-322	0.09067108530070328
RNF168_0_dirichlet_train1.3	0.8763408676116691	8.75371962678535e-309	2.4e-321	0.0311371970039174	0.0925219353844134
RNF168_0_dirichlet_train1.4	0.8804711046265109	6.583e-320	0.09623261430418777	0.0004712313764852374	0.022825049692816117
RNF168_0_dirichlet_train1.5	0.7641479844235095	2.1833710026663862e-95	1.04e-321	0.23585201557649052	1.245e-321
RNF168_0_dirichlet_train1.6	0.6722967380857123	3.36e-322	0.005566649274300667	0.26537766285798653	0.05675894978200046
RNF168_0_dirichlet_train1.7	0.7846112030948644	0.08366418856387206	0.05344665174451766	2.416e-321	0.07827795659674594
RNF168_0_dirichlet_train1.8	0.8371647852564374	4.561484166815664e-182	1.843e-321	0.05140215302167737	0.11143306172188536
EXO1_0_dirichlet_train1.2	0.631369326869385	0.1076858641959106	1.0090324803624584e-252	0.24119138521710579	0.019753423717598726
EXO1_0_dirichlet_train1.3	0.8916474058709042	0.025449263094333055	1.24e-321	0.0782358778913682	0.004667453143394531
RNF168_0_dirichlet_train1.9	0.6806148476739056	1.556e-321	0.0564195356337939	0.12465468378480157	0.1383109329074991
EXO1_0_dirichlet_train1.4	0.6692034566764947	0.028261925726283603	2.5639093291776078e-198	0.3025346175972216	1.16e-321
EXO1_0_dirichlet_train1.5	0.9203985015146161	4.46e-321	9.8e-322	0.0796014984853838	1.459510424974736e-37
EXO1_0_dirichlet_train1.6	0.8772841516214543	6.97e-322	1.8218884991055562e-281	0.1227158483785457	2.1e-321
EXO1_0_dirichlet_train1.7	0.7682921277918542	0.23170787220814584	3.52e-321	8.476372755269501e-104	8.6e-322
EXO1_0_dirichlet_train1.8	0.7853404030945559	0.14157790388011887	1.477e-321	0.07308169302532537	2.87e-322
RNF168_0_dirichlet_train1.10	0.6675534176821679	0.09606049024434836	0.11342966564842881	0.12295642642505478	2.9086649761317694e-282
EXO1_0_dirichlet_train1.9	0.6558402159739649	0.1980364136757754	1.3812928644468416e-297	0.020423753974111135	0.12569961637614868
RNF168_0_dirichlet_train1.11	0.7524591358783481	0.06732743364827765	0.1201723797408657	0.060041050732508525	9.999515105332261e-26
RNF168_0_dirichlet_train1.12	0.7254183463647892	8.94e-322	0.24003227382751258	0.03454937980769832	9.83e-322
EXO1_0_dirichlet_train1.10	0.8981747071968033	0.018866659880925916	0.08237076796363343	2.2772301433917655e-293	0.00058786495863739
EXO1_0_dirichlet_train1.11	0.7507996673224409	1.255e-321	0.03404683564123964	0.199843214174571	0.015310282861748455
RNF168_0_dirichlet_train1.13	0.8081003895957255	0.11152627260999591	2.5019754771866927e-133	0.08037333779427867	8.78306592348295e-95
RNF168_0_dirichlet_train1.14	0.8280282935085479	0.06996481223515644	0.10200689425629575	1.74e-321	2.9e-322
RNF168_0_dirichlet_train1.15	0.7464522493509345	9.24e-322	0.120326268860915	0.13322148178815052	2.9e-322
RNF168_0_dirichlet_train1.16	0.5995304092419574	0.04207082849665438	0.19833300973820425	0.16006575252318403	3.06e-322
EXO1_0_dirichlet_train1.12	0.8360797156122677	2.945e-321	1.4677134070583773e-157	0.07607316416256155	0.08784712022517079
RNF168_0_dirichlet_train1.17	0.659839792411143	0.19203115494239403	0.04050816954592168	2.485e-321	0.10762088310054131
EXO1_0_dirichlet_train1.13	0.9557857458125567	0.005126416044434925	0.039087838143008466	3.315e-321	4.683170622156171e-295
RNF168_0_dirichlet_train1.18	0.8638231913244263	2.5e-321	0.039497364860389246	6.874548020539383e-05	0.09661069833497903
EXO1_0_dirichlet_train1.14	0.6700196008453728	0.1193969020143936	0.0938933143698182	0.03126623361077624	0.08542394915963925
RNF168_0_dirichlet_train1.19	0.7034488208802151	0.10919346522206087	0.10436289360690434	0.011475360690891185	0.07151945959992864
RNF168_0_dirichlet_train1.20	0.5066979756041662	9.12133475315431e-83	0.06931697208857585	0.280294136333482	0.14369091597377598
EXO1_0_dirichlet_train1.15	0.5940701177788854	0.1081324963753834	0.02698346120354143	0.27081392464218995	6.2e-322
RNF168_0_dirichlet_train1.21	0.9782873483647816	2.56e-321	1.1870968493534069e-94	3.3215748927085044e-276	0.021712651635218485
RNF168_0_dirichlet_train1.22	0.7946648981274459	2.13e-321	0.14880740348047564	0.056527698392078475	9.005582657083734e-241
EXO1_0_dirichlet_train1.16	0.9453911852772579	0.01930814396067677	5.100383940226704e-301	4.373468994919941e-196	0.035300670762065445
EXO1_0_dirichlet_train1.17	0.6827166447948474	0.05617505105271431	5.9e-322	0.2611083041524383	2.87e-322
RNF168_0_dirichlet_train1.23	0.8282184900458046	1.21e-321	2.249534850725652e-86	0.10218828104575026	0.06959322890844499
EXO1_0_dirichlet_train1.18	0.7100057074987367	1.5404801457484177e-254	2.797824592823486e-60	0.24418944448036112	0.04580484802090212
RNF168_0_dirichlet_train1.24	0.7525135382135161	0.019778910837563342	0.08303314604147106	0.11692088608749315	0.027753518819956444
RNF168_0_dirichlet_train1.25	0.7624666308315362	9.5e-322	0.23753336916846393	1.294e-321	1.690455960190555e-152
RNF168_0_dirichlet_train1.26	0.7312218255683597	0.11012765178261788	3.8366958591791634e-282	0.10829142196214332	0.050359100686879245
RNF168_0_dirichlet_train1.27	0.7218551892305656	0.06718414651607359	0.1674769028610308	0.043483761392330025	3.3e-322
RNF168_0_dirichlet_train1.28	0.6957777207350442	1.47e-321	0.29193113967752976	0.012291139587426135	2.96e-322
EXO1_0_dirichlet_train1.19	0.7292731261157264	0.043655926780824035	0.029437996912431416	0.1976329501910181	9.44e-322
RNF168_0_dirichlet_train1.29	0.904668674337077	1.067e-321	0.0792251771310099	9.35501512632611e-306	0.016106148531913122
EXO1_0_dirichlet_train1.20	0.627289742508429	0.22708424485866377	2.33e-321	0.14562601263290728	6.67e-322
RNF168_0_dirichlet_train1.30	0.6721922530337203	0.09632844649853761	0.23147930046774193	1.2838587281634264e-108	1.4e-322
RNF168_0_dirichlet_train1.31	0.9841613814676877	1.25e-321	0.006572105798273614	1.774e-321	0.009266512734038602
RNF168_0_dirichlet_train1.32	0.6508821113126896	7.979860297955561e-10	0.23835009421131018	0.11076779367801429	2.683721481938645e-292
RNF168_0_dirichlet_train1.33	0.7639283524550424	5.553899769590333e-99	2.864283526533143e-93	0.17411932726991194	0.06195232027504563
EXO1_0_dirichlet_train1.21	0.6191126185604028	0.028415879822724886	0.2576840276934092	0.0390634028444197	0.05572407107904335
RNF168_0_dirichlet_train1.34	0.785774642469761	0.09852593117981605	0.11569942635042313	1.51e-321	1.206e-321
EXO1_0_dirichlet_train1.22	0.774630049948639	0.17245228391933698	2.773250337669574e-94	0.037452509850331495	0.015465156281692502
EXO1_0_dirichlet_train1.23	0.7868236511925432	0.08086573764067395	8.851919627820954e-87	0.1323106111667829	1.003e-321
RNF168_0_dirichlet_train1.35	0.41546629431419513	0.04452643942488165	0.27120161523684677	0.24168281211774545	0.027122838906330993
RNF168_0_dirichlet_train1.36	0.7908096977784336	0.06887047293636978	0.014637588921467529	1.186e-321	0.12568224036372921
EXO1_0_dirichlet_train1.24	0.9950079562976198	6.8e-322	8.847288632236797e-153	6.745964970402679e-125	0.004992043702380126
RNF168_0_dirichlet_train1.37	0.8883667431848814	0.04141234979601185	0.04064607102331772	6.251491104402493e-87	0.029574835995789205
EXO1_0_dirichlet_train1.25	0.9946573564572752	2.41e-321	1.433e-321	8.064457589193798e-215	0.005342643542724786
RNF168_0_dirichlet_train1.38	0.6638848545416205	2.481622702e-314	3.61622344617636e-101	0.23269340789381762	0.103421737564562
EXO1_0_dirichlet_train1.26	0.9726553775806663	9.4e-322	1.586e-321	3.93e-321	0.027344622419333803
EXO1_0_dirichlet_train1.27	0.8278701074362207	1.5249458463297378e-273	0.0807091013218739	0.09142079124190546	2.3e-322
EXO1_0_dirichlet_train1.28	0.8864082440180306	0.05054560475736793	0.045094921169141856	1.517e-321	0.017951230055459552
EXO1_0_dirichlet_train1.29	0.8343709084805127	2.67e-321	0.08195995953384111	0.06514822605039994	0.018520905935246374
EXO1_0_dirichlet_train1.30	0.9830980678863973	0.016901932068880108	2.253e-321	4.472263492364747e-11	1.764e-321
RNF168_0_dirichlet_train1.39	0.4695921876847803	0.32303732477432756	1.83e-321	0.17231344391881895	0.03505704362207316
RNF168_0_dirichlet_train1.40	0.7950254512596798	0.05635920278106943	0.13517241621337947	1.9e-321	0.013442929745871237
EXO1_0_dirichlet_train1.31	0.780394560856805	1.900402723885752e-81	6.486538272424497e-22	0.08694543477091486	0.1326600043722801
EXO1_0_dirichlet_train1.32	0.7090173251420729	0.15734063241126003	8.021540907106446e-30	0.1258195620714191	0.007822480375247794
EXO1_0_dirichlet_train1.33	0.8346312491927896	1.947e-321	1.043949606753869e-89	0.056245668447415034	0.10912308235979522
RNF168_0_dirichlet_train1.41	0.7748712373823312	0.10562817059434625	0.013520631039191426	0.06034219531704159	0.04563776566708955
RNF168_0_dirichlet_train1.42	0.8787013068043668	0.0010629051164618034	0.032299176876946264	0.02308752862131495	0.06484908258091025
EXO1_0_dirichlet_train1.34	0.8162062909602764	0.14735788284321516	4.035708805630762e-195	0.03643582619650842	3.7e-322
RNF168_0_dirichlet_train1.43	0.9050937813784594	6.67e-322	6.308789189401789e-238	0.03521586404978503	0.05969035457175561
EXO1_0_dirichlet_train1.35	0.8302770436513478	0.049308232082870156	6.940451668539893e-221	0.12041472426578197	1.72e-321
EXO1_0_dirichlet_train1.36	0.641761368769546	0.004250692128202557	0.27240196391218213	0.05052084892764023	0.03106512626242901
RNF168_0_dirichlet_train1.44	0.7598344566127054	3.7389283367223475e-253	0.23902680426888648	0.0011387391184080684	4.55e-322
EXO1_0_dirichlet_train1.37	0.8602462600062164	2.204e-321	3.9390356549521165e-14	0.08481384341212356	0.054939896581620684
RNF168_0_dirichlet_train1.45	0.88326439438369	2.8244809813890652e-282	1.74e-321	0.10767784838043552	0.009057757235874514
RNF168_0_dirichlet_train1.46	0.6695036176391307	1.937e-321	0.09093825595463116	0.23955812640623822	4.2e-322
RNF168_0_dirichlet_train1.47	0.7575345927489412	0.06810454586545679	1.13e-321	8e-322	0.1743608613856022
RNF168_0_dirichlet_train1.48	0.6964424902798807	1.93e-321	0.22753861899540498	7.4e-322	0.0760188907247145
RNF168_0_dirichlet_train1.49	0.9769837213593062	1.606e-321	5.675685980354157e-131	0.023016278640693628	6.9723506335447e-310
RNF168_0_dirichlet_train1.50	0.6917436036527445	0.09784190469438785	0.12895335853828926	0.08146113311457838	2.17e-322
EXO1_0_dirichlet_train1.38	0.6082226003677417	1.96e-321	0.12509174999686337	0.17129202544638206	0.09539362418901307
RNF168_0_dirichlet_train1.51	0.6814372445109405	0.1561358400036727	0.03404092521108926	0.008688384096711048	0.11969760617758651
RNF168_0_dirichlet_train1.52	0.3345281027026239	0.30864266829679154	0.03006222773016123	0.10554450477406765	0.2212224964963557
EXO1_0_dirichlet_train1.39	0.9999999999999999	8.981440389090861e-31	1.586e-321	4.71379679992106e-179	3.6e-322
EXO1_0_dirichlet_train1.40	0.9824735236340244	4.007e-321	1.255e-321	7.979534126960389e-87	0.01752647636597555
RNF168_0_dirichlet_train1.53	0.9135180285653438	3.36e-322	0.03346123826311772	2.6317513911533646e-120	0.0530207331715384
EXO1_0_dirichlet_train1.41	0.8395301453320215	9.310599018774432e-238	0.01120401987916654	0.07647375551320623	0.07279207927560559
EXO1_0_dirichlet_train1.42	0.8311003232570101	0.0984822097537068	1.477e-321	4.739480531486397e-125	0.0704174669892831
RNF168_0_dirichlet_train1.54	0.36879827474263144	3.1e-322	0.3959207157388307	0.23528100951853803	3.56e-322
OGG1_0_dirichlet_train1	5.4019329904669115e-229	3.197e-321	0.21769546760152322	0.08800162927242451	0.6943029031260523
UNG_0_dirichlet_train1	0.05364809326773414	0.030604341111404428	0.11425445373691849	0.8014931118839429	9.431985984476528e-63
UNG_0_dirichlet_train1.1	0.052282904642388994	3.17437156003288e-16	3.330110789928707e-167	0.8216582547596057	0.12605884059800504
UNG_0_dirichlet_train1.2	1.7627390106827134e-208	1.21e-321	0.23961097169363305	0.7340180895349626	0.026370938771404125
OGG1_0_dirichlet_train1.1	5.951996602894549e-49	1.49e-321	0.5864482628196405	1.28e-321	0.41355173718035954
UNG_0_dirichlet_train1.3	0.05748385032964515	0.04703376100244419	0.20686797304461696	0.663348480395383	0.025265935227910628
OGG1_0_dirichlet_train1.2	0.03796928126579796	2.174e-321	0.14111181106951104	0.057634129206394644	0.7632847784582963
OGG1_0_dirichlet_train1.3	0.03167322867743925	2.3462094403017765e-273	0.24751825436206723	0.10415253296004574	0.6166559840004479
UNG_0_dirichlet_train1.4	0.036925340485120216	1.635e-321	0.3312276248306885	0.5801192084352564	0.051727826248934856
UNG_0_dirichlet_train1.5	1.863e-321	4.64e-322	0.3745538691915992	0.5705258750907882	0.05492025571761241
OGG1_0_dirichlet_train1.4	7.5e-322	1.31e-321	0.08959194905161065	0.043915881585609697	0.8664921693627797
OGG1_0_dirichlet_train1.5	2.24e-321	0.0021127909662805597	0.23995650272982944	0.037968932606391524	0.7199617736974984
UNG_0_dirichlet_train1.6	0.1417561167444653	0.04190462645520115	7.95e-322	0.7319579391958759	0.0843813176044577
UNG_0_dirichlet_train1.7	3.043e-321	0.002007186763543669	0.1370171572687162	0.8230332540704808	0.03794240189725912
UNG_0_dirichlet_train1.8	2.62e-321	0.06731373086975095	3.977709664995e-311	0.7395690746217916	0.19311719450845768
OGG1_0_dirichlet_train1.6	2.41e-321	4.407e-321	0.07368447752377472	1.1758395703896061e-28	0.9263155224762253
UNG_0_dirichlet_train1.9	9.251276369215307e-193	1.75e-321	1.0919056057179385e-214	0.9395739608562836	0.060426039143716206
OGG1_0_dirichlet_train1.7	9.561269437011575e-237	4.816502062284697e-181	0.46587193467456983	0.00791918927070307	0.5262088760547272
UNG_0_dirichlet_train1.10	0.038815614962977016	0.03571440085317292	2.0531904655014764e-40	0.8261897877566717	0.09928019642717847
OGG1_0_dirichlet_train1.8	1.645e-321	0.06230837709443468	0.003742146507917989	0.1238462015801587	0.8101032748174887
UNG_0_dirichlet_train1.11	1.694522849169204e-309	1.487e-321	5.9147057742509734e-235	0.8935755555518756	0.10642444444812446
OGG1_0_dirichlet_train1.9	0.10761298405167907	0.10295831945059948	5.462462958633107e-54	6.0420499058070094e-52	0.7894286964977214
OGG1_0_dirichlet_train1.10	0.032048935323608016	0.027708034868578257	4.6846749228180733e-293	5.949200505952072e-174	0.9402430298078137
OGG1_0_dirichlet_train1.11	6.224783941472553e-36	0.14863150286666124	0.3265155591335391	6.504260321576181e-107	0.5248529379997996
UNG_0_dirichlet_train1.12	0.14750465435599827	2.023e-320	1.097e-321	0.7024589210869685	0.15003642455703334
UNG_0_dirichlet_train1.13	0.11651176230792881	4.128149401803544e-268	0.06041635681341935	0.770067163765035	0.05300471711361672
UNG_0_dirichlet_train1.14	0.002194883372153654	1.665e-321	0.04458311732318377	0.8823474350495265	0.07087456425513611
OGG1_0_dirichlet_train1.12	0.11946669653027846	7.76e-322	4.7195030764546046e-132	0.11478898564214084	0.7657443178275807
OGG1_0_dirichlet_train1.13	4.663714697045781e-89	0.03233430275479369	6.552668760280495e-72	0.08121787341249925	0.886447823832707
UNG_0_dirichlet_train1.15	1.06e-321	9.5e-322	0.17807050111761008	0.8219294988823898	1.9637861273163854e-75
UNG_0_dirichlet_train1.16	1.410199634157617e-163	0.18593588689414836	0.15644450433322482	0.6576196087726269	7.56e-322
UNG_0_dirichlet_train1.17	6.979453301085755e-267	0.09001613193787643	1.4854010666408129e-252	0.6551560225443306	0.2548278455177931
OGG1_0_dirichlet_train1.14	7.419253264964114e-199	0.10556044388220215	3.1806729550902303e-40	0.2993571674238783	0.5950823886939196
UNG_0_dirichlet_train1.18	0.024198139722793832	1.97e-321	0.2748543486908809	0.7009475115863252	7e-322
OGG1_0_dirichlet_train1.15	9.550625728742488e-238	1.42e-321	0.3678254265270617	0.04323751706299017	0.5889370564099483
UNG_0_dirichlet_train1.19	1.9889843389248033e-233	0.23791404893743381	2.346618709834792e-159	0.7183961954367251	0.04368975562584115
OGG1_0_dirichlet_train1.16	0.029733294991663557	2.24e-321	0.3664336099553372	0.05192183973378942	0.5519112553192098
UNG_0_dirichlet_train1.20	0.07385673957050924	0.10105339186207839	1.14e-321	0.6777241712018378	0.1473656973655746
UNG_0_dirichlet_train1.21	3.1681146818290005e-263	0.17124699570839627	0.2895803355489645	0.47057844611161415	0.06859422263102509
OGG1_0_dirichlet_train1.17	1.58e-321	0.029655822834263004	0.40756492831089397	0.17495652794310315	0.3878227209117397
UNG_0_dirichlet_train1.22	1.497e-321	1.353030715733367e-10	0.065376062486356	0.9346239373783409	2.17e-322
UNG_0_dirichlet_train1.23	6.97e-322	0.3581185953589325	9.14e-322	0.5785194079193212	0.06336199672174643
UNG_0_dirichlet_train1.24	0.010450298057714153	0.011056560304905698	1.8187939642280485e-71	0.848759422185217	0.12973371945216314
OGG1_0_dirichlet_train1.18	0.06123495619964178	2.37e-321	2.9679760351749213e-193	0.11042677723982204	0.8283382665605361
UNG_0_dirichlet_train1.25	0.08161077389285774	0.11905429644831445	0.09982595173202442	0.6995089779268032	1.33e-322
OGG1_0_dirichlet_train1.19	9.044805910625452e-234	0.09818309845818268	0.039754810428790796	0.0862148064188567	0.7758472846941697
UNG_0_dirichlet_train1.26	0.09229612010667886	0.04919743347225152	0.10419921154625338	0.715083842787979	0.039223392086837346
OGG1_0_dirichlet_train1.20	1.8610897277656665e-25	1.596e-321	5.912654882561571e-161	0.1606682405683269	0.8393317594316732
UNG_0_dirichlet_train1.27	2.16e-321	0.12697574440274467	1.3039484214560107e-297	0.8045042528106527	0.06852000278660256
OGG1_0_dirichlet_train1.21	0.13523912757716033	0.08669657730031329	3.6572578222050026e-103	2.7410423947383903e-40	0.7780642951225264
OGG1_0_dirichlet_train1.22	0.1334560462247058	0.048897358778683855	0.003751861400887265	0.03582646208355001	0.778068271512173
UNG_0_dirichlet_train1.28	0.07049250613796519	0.1201077844464264	6.695973899992375e-148	0.6750154595826203	0.13438424983298813
UNG_0_dirichlet_train1.29	1.993854e-317	9.2e-322	0.02497976435610982	0.7624448104511523	0.2125754251927379
OGG1_0_dirichlet_train1.23	0.0026321137513034016	3.88e-321	0.13204186182118155	0.08505888951212444	0.7802671349153905
OGG1_0_dirichlet_train1.24	4.362747170200614e-126	0.07311704041105208	0.3482653484453776	1.255e-321	0.5786176111435704
OGG1_0_dirichlet_train1.25	1.345951902408899e-231	1.94e-321	2.9389e-319	0.17059146872097955	0.8294085312790205
OGG1_0_dirichlet_train1.26	4.5525957788579685e-39	0.14660631245752825	1.16693106839038e-103	0.10844351546692535	0.7449501720755465
UNG_0_dirichlet_train1.30	2.621955012886462e-38	9.5e-322	0.22361319292988943	0.7763868070701104	4.6e-322
OGG1_0_dirichlet_train1.27	4.873624898910576e-120	4.828816075921426e-78	0.0490435490952829	0.030229399315230054	0.920727051589487
OGG1_0_dirichlet_train1.28	0.16253005767515924	1.38e-321	0.00011519198504093635	0.21814425210383037	0.6192104982359693
UNG_0_dirichlet_train1.31	8.421850678193397e-37	0.12920053830054462	0.22364937642460414	0.6471500852748513	1.2e-322
UNG_0_dirichlet_train1.32	0.013201139011052304	1.383e-321	0.05554619920105302	0.872747223686848	0.05850543810104664
UNG_0_dirichlet_train1.33	2.5236483890595336e-153	1.52e-321	0.060535122717183296	0.811483433325461	0.12798144395735564
OGG1_0_dirichlet_train1.29	0.16843853158508812	0.0899955925358635	7.46892924397477e-93	0.16976225093749242	0.5718036249415558
OGG1_0_dirichlet_train1.30	1.487e-321	9.83e-322	0.4553966968322794	1.5181237188373917e-75	0.5446033031677207
UNG_0_dirichlet_train1.34	0.09647683694443476	0.1705167290780182	0.1884734970074384	0.48489649165341075	0.05963644531669781
OGG1_0_dirichlet_train1.31	0.014299915255267874	0.005546196227478481	0.29004733942751365	0.18676885797386453	0.5033376911158755
UNG_0_dirichlet_train1.35	3.94181792477579e-157	0.11009090946492171	2.924596046460806e-172	0.6457274012859672	0.2441816892491111
UNG_0_dirichlet_train1.36	0.06725725748960995	2.016e-321	0.04009664958134437	0.8713599001480904	0.021286192780955133
UNG_0_dirichlet_train1.37	0.010691283265373483	0.13128941369778652	0.26857955489052887	0.5894397481463112	7.858606443266825e-71
OGG1_0_dirichlet_train1.32	4.536477464538684e-213	0.11751583936186552	0.33712596174232046	1.5501475165930162e-163	0.5453581988958142
UNG_0_dirichlet_train1.38	0.005029945103099573	1.26e-321	4.55e-322	0.9336602189297071	0.06130983596719315
OGG1_0_dirichlet_train1.33	1.0933892848609888e-285	2.505e-321	0.4585488780377616	0.0011792525048988714	0.5402718694573394
OGG1_0_dirichlet_train1.34	0.07737783896618312	0.07980213502725701	0.07116486772085803	0.08012878191970665	0.6915263763659952
OGG1_0_dirichlet_train1.35	0.13398050330217293	0.0038390202847018934	6.691533263444404e-96	0.05686190272651793	0.8053185736866072
OGG1_0_dirichlet_train1.36	8.599596711963539e-123	3.004e-321	0.0015464484586965668	0.0724629172704521	0.9259906342708514
OGG1_0_dirichlet_train1.37	0.07968414212451537	0.05008182972848077	0.18190914838967753	0.033910335576894345	0.654414544180432
OGG1_0_dirichlet_train1.38	2.9399686746119636e-56	4.2903486495551266e-67	1.4590006213688942e-238	0.10064052746131946	0.8993594725386805
UNG_0_dirichlet_train1.39	9.870386022940922e-40	0.06120481544927896	5.4e-322	0.8171211427588567	0.12167404179186422
OGG1_0_dirichlet_train1.39	0.010224425418547303	3.87e-321	1.5092627048786804e-192	0.1416907853516716	0.8480847892297811
UNG_0_dirichlet_train1.40	2.98e-321	8.890592854630375e-115	6.57e-322	0.8326710459076268	0.16732895409237342
OGG1_0_dirichlet_train1.40	7.97483582117146e-34	1.324e-321	1.406573889089759e-187	0.07758345594286695	0.922416544057133
OGG1_0_dirichlet_train1.41	5.395298998367064e-124	0.06223456940051636	8.52410663505177e-109	0.04437815207880007	0.8933872785206838
UNG_0_dirichlet_train1.41	0.011681966818086443	0.17855133780891663	1.02e-321	0.7856279080564406	0.02413878731655648
OGG1_0_dirichlet_train1.42	1.5011412124908887e-244	0.11120960505657738	0.07647193641596679	0.17169901289924153	0.6406194456282143
UNG_0_dirichlet_train1.42	0.018839505708266882	1.9314092613089228e-142	0.24541937614219214	0.6373976485225348	0.09834346962700621
OGG1_0_dirichlet_train1.43	3.0137333875027926e-68	0.016991272958941404	0.000203050130909019	1.6291968456480252e-111	0.9828056769101494
OGG1_0_dirichlet_train1.44	3.512802084126069e-126	0.03173075669866933	0.4620986166122894	1.588309803760872e-114	0.5061706266890413
OGG1_0_dirichlet_train1.45	1.4674246123406798e-255	2.7549001670924614e-226	0.543289279570234	1.6409083443260648e-249	0.45671072042976585
OGG1_0_dirichlet_train1.46	0.19003152458902234	0.01597861982801883	2.2391295457426787e-187	0.1463276484749908	0.647662207107968
UNG_0_dirichlet_train1.43	3.345e-321	0.2041067352621206	9.24e-322	0.5356783041020072	0.26021496063587224
OGG1_0_dirichlet_train1.47	2.595408927634439e-224	3.473e-321	0.3688982130313219	0.019143695010010644	0.6119580919586673
OGG1_0_dirichlet_train1.48	9.93e-322	0.022483617182984632	0.27019993910694573	0.14796417095127123	0.5593522727587983
OGG1_0_dirichlet_train1.49	0.13555605636686577	0.019711418490118048	0.2886293281510746	2.030917122463079e-49	0.5561031969919417
OGG1_0_dirichlet_train1.50	0.013582170314285123	0.02131966096223601	4.3997045469230264e-48	0.12933760770190944	0.8357605610215694
UNG_0_dirichlet_train1.44	8.830097211068783e-44	0.09052179469420218	1.6326321313123477e-29	0.7712897830548299	0.13818842225096797
OGG1_0_dirichlet_train1.51	0.09487429632972538	9.026897106633264e-49	1.1306777086017802e-120	0.012298521363006056	0.8928271823072687
OGG1_0_dirichlet_train1.52	1.53e-321	0.13691557672599836	0.11805934878381254	2.8490758394214564e-251	0.7450250744901892
ATP2B4_0_dirichlet_train1	0.2805741979107656	0.10846361773501244	0.3084715809496337	0.14433070000031173	0.15815990340427638
ATP2B4_1_dirichlet_train1	0.05232966111294247	0.20461156935493904	0.2303288545962557	4.160071934922134e-30	0.5127299149358626
ATP2B4_0_dirichlet_train1.1	0.04757918629146319	1.5925740047875269e-224	0.779679927213511	0.17274088649502595	6.832049611258843e-54
ATP2B4_1_dirichlet_train1.1	0.0014012869309696111	0.12884747415368414	0.7242087652788489	5.896981379398342e-126	0.14554247363649742
ATP2B4_1_dirichlet_train1.2	0.11479005981541268	0.17294018753847606	0.6985267895731025	8.5549585771349e-135	0.013742963073008832
ATP2B4_1_dirichlet_train1.3	1.11e-321	1.1641274120912696e-109	0.7373253090813345	0.15686039909317007	0.10581429182549544
ATP2B4_0_dirichlet_train1.2	0.3779699454990684	2.885e-321	0.45874160117234997	0.14815591292161007	0.015132540406971536
ATP2B4_1_dirichlet_train1.4	3.35659756336878e-123	0.3080935118805716	0.5760180263476911	9.985779327804338e-139	0.11588846177173723
ATP2B4_0_dirichlet_train1.3	0.16975437695505338	0.01516922208550987	0.6896363194440015	0.12544008151543534	2.08e-322
ATP2B4_0_dirichlet_train1.4	0.06445880972880048	0.05557202391635628	0.19954882170609134	0.4779788281694566	0.20244151647929534
ATP2B4_0_dirichlet_train1.5	0.1581145061396155	0.032862504260559776	0.41520648633680957	0.21912817099283427	0.17468833227018082
ATP2B4_0_dirichlet_train1.6	0.09423929892936145	0.08427559591178846	0.7138551061951742	0.019162870507615653	0.0884671284560602
ATP2B4_1_dirichlet_train1.5	0.0280130835137147	1.14e-321	0.8719360548223694	0.07948426948901614	0.02056659217489985
ATP2B4_0_dirichlet_train1.7	0.06893178007957292	0.21548893660116863	0.3985381884606367	0.31704109485862186	1.560986707681386e-133
ATP2B4_1_dirichlet_train1.6	1.126e-321	0.2629020040490595	0.6295328797437821	3.85e-322	0.1075651162071585
ATP2B4_1_dirichlet_train1.7	0.050502616597720484	0.0990193916012616	0.8504779918010178	1.3481858312619356e-146	3.56e-322
ATP2B4_1_dirichlet_train1.8	0.10729965322805901	6.159224621756588e-38	0.5482746866245295	6.484390909981906e-235	0.3444256601474114
ATP2B4_1_dirichlet_train1.9	1.9482361164609277e-181	0.13322775548549637	0.5203028770867668	0.2676381984875146	0.07883116894022218
ATP2B4_1_dirichlet_train1.10	5.488208858617868e-94	0.19468981392292656	0.5405630142952955	0.018828104748047966	0.24591906703372993
ATP2B4_1_dirichlet_train1.11	4.637607395234155e-44	0.12729656556649116	0.6795288643047906	1.393e-321	0.19317457012871803
ATP2B4_1_dirichlet_train1.12	1.136e-321	1.8915224109782797e-206	0.7941590582705096	3.7542911582897896e-99	0.20584094172949047
ATP2B4_1_dirichlet_train1.13	0.18570362930118364	1.2132994292823916e-296	0.8127790858415131	6.03e-322	0.001517284857303105
ATP2B4_0_dirichlet_train1.8	0.145490453509628	0.0432879157293485	0.20894991435694849	0.40404208211278625	0.19822963429128887
ATP2B4_1_dirichlet_train1.14	1.0621703501816588e-154	0.011766293119256994	0.8180145819195185	3.276810684911449e-275	0.1702191249612245
ATP2B4_1_dirichlet_train1.15	0.04182301777768503	0.1680326699596502	0.7389146213052386	1.294e-321	0.05122969095742612
ATP2B4_0_dirichlet_train1.9	0.21640168853895977	0.11275054593414892	0.27676330999195564	0.17309506577525774	0.22098938975967805
ATP2B4_0_dirichlet_train1.10	0.07375391268480477	1.734e-321	0.6193725077851411	0.1634551381827741	0.14341844134728007
ATP2B4_0_dirichlet_train1.11	0.19858988978577577	0.05794631977545573	0.3323228535073778	0.207659941538904	0.20348099539248676
ATP2B4_1_dirichlet_train1.16	0.10143407907328594	0.2298549647327906	0.6687109561939235	5.73e-322	4.3e-322
ATP2B4_0_dirichlet_train1.12	0.2797018727544824	1.265e-321	0.5989696963758837	0.0075860431271971744	0.11374238774243661
ATP2B4_0_dirichlet_train1.13	0.2327644195630737	0.03508307539277345	0.5651407757321734	0.1457711504704057	0.021240578841573838
ATP2B4_0_dirichlet_train1.14	0.3212528687195506	8.5e-322	0.48165976476304995	0.19708736651739941	1.724750191924797e-55
ATP2B4_0_dirichlet_train1.15	0.28349963053597277	1.09e-321	0.5660857289904735	0.09817813257420338	0.05223650789935043
ATP2B4_1_dirichlet_train1.17	0.13209268981935848	0.13849861511260125	0.43705418347598024	0.0019444917456889897	0.29041001984637105
ATP2B4_1_dirichlet_train1.18	1.02e-321	1.34e-321	0.8530488107671583	1.0629400175761866e-296	0.1469511892328417
ATP2B4_1_dirichlet_train1.19	1.433e-321	0.006548086211124227	0.9934519137888757	4.623671329151281e-144	3.1e-322
ATP2B4_1_dirichlet_train1.20	0.15929222939235474	0.1541162889521641	0.6165376531460959	0.07005382850938513	4.9e-322
ATP2B4_0_dirichlet_train1.16	0.10359920189901729	4.333829069596585e-109	0.8964007981009827	3.58635535391759e-139	1.2292091752475834e-152
ATP2B4_1_dirichlet_train1.21	5.045507677070854e-254	0.05518280509798097	0.9016928356783409	0.04312435922367806	2.47e-322
ATP2B4_1_dirichlet_train1.22	0.09496343794504084	0.018936678543859074	0.8651015476028441	1.24e-321	0.020998335908255915
ATP2B4_0_dirichlet_train1.17	0.06163974957973523	1.92e-321	0.624812388291735	0.2210881008707717	0.09245976125775812
ATP2B4_0_dirichlet_train1.18	0.06357231156218525	1.9622529655047627e-125	0.45052641025517043	0.4859012781826445	2.67e-322
ATP2B4_1_dirichlet_train1.23	1.73e-321	0.1470037789062764	0.8438341857884883	9.34e-322	0.009162035305235272
ATP2B4_1_dirichlet_train1.24	0.06392649769543425	0.11125817667065672	0.38042589427516804	0.02786986482159704	0.41651956653714395
ATP2B4_0_dirichlet_train1.19	0.30493034814613196	9.9e-322	0.33396082673362515	0.25010876955264083	0.11100005556760216
ATP2B4_1_dirichlet_train1.25	0.14930004285813464	2.673e-321	0.5492627267231958	0.098781317094646	0.20265591332402344
ATP2B4_0_dirichlet_train1.20	0.25898986071674546	2.57e-321	0.3560677573491934	0.29323163602717234	0.09171074590688892
ATP2B4_0_dirichlet_train1.21	1.9791623219304274e-40	0.09093661620261528	0.3839255938324574	0.3143332157987157	0.2108045741662117
ATP2B4_0_dirichlet_train1.22	0.3178656409419859	5.296459549189359e-307	0.49722419762460524	0.05240389558259598	0.13250626585081288
ATP2B4_0_dirichlet_train1.23	0.23510207540035172	0.20041814926650192	0.5344738013213278	8.551019881072713e-132	0.03000597401181856
ATP2B4_0_dirichlet_train1.24	0.2415317901559705	2.09e-321	0.3615319745993021	0.1427837986012915	0.25415243664343606
ATP2B4_1_dirichlet_train1.26	1.146e-321	0.1778830361223079	0.677614181607281	0.1445027822704112	3.3e-322
ATP2B4_0_dirichlet_train1.25	0.2148935136113862	0.03894041511502933	0.4207270832702338	0.18857852695038477	0.13686046105296595
ATP2B4_1_dirichlet_train1.27	5.370078447773397e-97	2.273e-321	0.9377085977403858	1.057e-321	0.06229140225961418
ATP2B4_0_dirichlet_train1.26	0.1823904841806504	0.07995136298946824	0.6742705077625143	0.029848675746873787	0.03353896932049341
ATP2B4_1_dirichlet_train1.28	0.0637317010611943	0.016660653286642832	0.9037466554835567	7.86e-322	0.01586099016860604
ATP2B4_0_dirichlet_train1.27	2.8149799815755462e-127	0.03938310152611728	0.6488045310771786	0.3118123673967042	2.96e-322
ATP2B4_1_dirichlet_train1.29	1.4737659008162502e-15	0.11634747348918512	0.6949895218220163	1.1305708977638965e-252	0.18866300468879707
ATP2B4_0_dirichlet_train1.28	1.25e-321	1.08e-321	0.8857797653831715	7.76e-322	0.11422023461682848
ATP2B4_0_dirichlet_train1.29	1.6261448035836134e-13	8.25e-322	0.8437472910034355	0.043035361660490504	0.1132173473359113
ATP2B4_0_dirichlet_train1.30	0.2418839127679342	2.41e-321	0.42599743195859696	0.24266702596075768	0.08945162931271122
ATP2B4_0_dirichlet_train1.31	0.27498859392618014	4.660698175627908e-284	0.15378039111529979	0.3953343514808726	0.17589666347764749
ATP2B4_1_dirichlet_train1.30	0.0235316597933297	0.10173495904047837	0.8732792022121607	2.7075425e-317	0.0014541789540311629
ATP2B4_1_dirichlet_train1.31	0.2123193242967664	0.10450453600231002	0.4952199834547424	1.4447903849725853e-84	0.1879561562461813
ATP2B4_1_dirichlet_train1.32	6.284320877398938e-259	0.002522682206190538	0.7374411251278772	0.013387562505515609	0.24664863016041683
ATP2B4_0_dirichlet_train1.32	0.023275103000436406	0.1359131169301064	0.8408117800694572	1.765640617774417e-169	2.0255520049483388e-193
ATP2B4_0_dirichlet_train1.33	0.010149573368004311	0.025555407235505975	0.6304894979198173	0.20531814506948123	0.12848737640719124
ATP2B4_0_dirichlet_train1.34	0.20166770110282412	0.17437494430542724	0.599963786172095	0.02399356841965359	3e-322
ATP2B4_0_dirichlet_train1.35	1.63e-321	0.03889274573044692	0.7571826936432138	0.0654455413888077	0.13847901923753167
ATP2B4_1_dirichlet_train1.33	0.029825451697838675	0.10322757369506817	0.8669469746070931	6.23e-322	1.1479202341790864e-307
ATP2B4_1_dirichlet_train1.34	1.625e-321	0.0634754361250922	0.7244979292121076	1.27e-321	0.21202663466280025
ATP2B4_1_dirichlet_train1.35	2.5864111892803987e-256	0.13079470328174966	0.8692052967182503	9.5e-322	4.2e-322
ATP2B4_1_dirichlet_train1.36	1.186e-321	0.015435897183859182	0.8380139062843389	4.566897460909075e-301	0.14655019653180199
ATP2B4_0_dirichlet_train1.36	0.19909208332717926	0.0692186458215262	0.63764485958182	0.09404441126947435	3.6e-322
ATP2B4_0_dirichlet_train1.37	0.00695985366570321	2.036e-321	0.6819668720934078	0.311073274240889	1.8048470258550798e-197
ATP2B4_1_dirichlet_train1.37	8.357613998425031e-129	0.19080319291260836	0.6178569256105176	1.4879016245513974e-258	0.19133988147687406
ATP2B4_1_dirichlet_train1.38	1.625e-321	0.09903539102588112	0.7138286052847177	7.66e-322	0.18713600368940128
ATP2B4_1_dirichlet_train1.39	4.89536837541e-311	0.13288027600769406	0.8466542983066812	0.009139815294898775	0.011325610390725894
ATP2B4_1_dirichlet_train1.40	5.73e-322	0.23605479678315133	0.7347071527126942	5.3e-322	0.029238050504154622
ATP2B4_1_dirichlet_train1.41	2.8938085314821268e-179	0.16223797942339516	0.6840903962192955	7.26e-322	0.1536716243573094
ATP2B4_1_dirichlet_train1.42	0.0030173457388394877	0.07589566492856777	0.6309050555647503	4.408928372996248e-143	0.29018193376784246
ATP2B4_0_dirichlet_train1.38	0.2001827780792334	2.9164893517060836e-193	0.7678866063737371	6.805122446942429e-199	0.031930615547029334
ATP2B4_0_dirichlet_train1.39	0.24319263982593525	1.23e-321	0.5176067081702305	0.019740577532205206	0.21946007447162916
ATP2B4_0_dirichlet_train1.40	0.19153964323830794	1.1064482873177383e-107	0.6267413142560226	0.18171904250566942	1.9981630134519367e-253
ATP2B4_1_dirichlet_train1.43	1.853e-321	0.0323178825269427	0.8618905790640043	0.10579153840905298	4.3e-322
ATP2B4_0_dirichlet_train1.41	2.8534557508165326e-90	0.061365752826839204	0.5073842512620051	0.09440029319401697	0.3368497027171388
ATP2B4_0_dirichlet_train1.42	0.19171716812316503	1.98e-321	0.5486242971084143	0.17381424558241867	0.08584428918600204
ATP2B4_0_dirichlet_train1.43	0.23469297232078698	0.0252414146938679	0.5181417223761086	0.06721647543604899	0.1547074151731877
ATP2B4_0_dirichlet_train1.44	2.03e-321	0.046993238640032645	0.5736223767583497	0.29961463177191616	0.07976975282970138
ATP2B4_1_dirichlet_train1.44	0.17034993129200526	3.748067607153366e-261	0.7452167160424857	7.413721974519304e-217	0.08443335266550886
ATP2B4_0_dirichlet_train1.45	0.3157610322239217	4.864184019476744e-56	0.34770818436900097	0.1097034428448207	0.22682734056225656
ATP2B4_1_dirichlet_train1.45	0.11600826883754309	0.12697357503580625	0.431698385220348	6.7e-322	0.3253197709063027
ATP2B4_0_dirichlet_train1.46	0.29022867887717785	9.83e-322	0.5518752881532731	0.15789603296954888	1.2407651146866682e-269
ATP2B4_0_dirichlet_train1.47	0.034511405093176864	0.05816141940589833	0.27026296196250243	0.43623488006442135	0.20082933347400098
ATP2B4_0_dirichlet_train1.48	0.19921232089407429	5.63e-322	0.7511330281230147	0.04965465098291089	2.7492290449858873e-183
ATP2B4_1_dirichlet_train1.46	0.02965960120643614	0.27652740582280927	0.5195360347763198	2.3874397609974827e-15	0.1742769581944324
ATP2B4_1_dirichlet_train1.47	4.3066236333763727e-299	0.1047332296786373	0.8952667703213627	3.9094501466049596e-146	1.4e-322
ATP2B4_1_dirichlet_train1.48	0.17506838234048122	8.4e-322	0.7303413732857349	7.56e-322	0.09459024437378367
PMS1_0_dirichlet_train1	1.33e-321	0.3368822338027447	0.524110852806724	3.76668505538407e-40	0.13900691339053137
MSH6_1_dirichlet_train1	0.08600433069576514	0.8825826931916341	5.14e-322	1.282112553448907e-168	0.03141297611260096
MSH6_0_dirichlet_train1	1.5e-321	0.8453472269337998	1.68e-321	0.15465277306620018	9.1e-322
MSH2_0_dirichlet_train1	5.2e-322	0.7713794254523861	3.2607689485873583e-281	0.21737460125231126	0.011245973295302608
MSH6_0_dirichlet_train1.1	1.6727418980672818e-276	0.9138488002239417	1.724e-321	0.07173638317930571	0.014414816596752651
MLH1_0_dirichlet_train1	9.93e-322	0.9066576947369285	7.86e-322	0.0713428410661702	0.021999464196901287
MSH6_1_dirichlet_train1.1	2.124e-321	0.9607284272250805	1.7791347332374917e-55	5.696114054021238e-279	0.039271572774919536
MLH1_0_dirichlet_train1.1	0.12576113782350437	0.8742388621764956	2.57e-322	8.35e-322	3.3e-322
PMS1_0_dirichlet_train1.1	1.2e-321	0.1625532249506035	0.7368913107065058	0.10055546434289066	4.94e-322
PMS1_0_dirichlet_train1.2	0.09907636798077667	0.004536077628861632	0.49263627976614843	0.3431254739784456	0.06062580064576755
MSH6_1_dirichlet_train1.2	8.65e-322	0.9742717667186954	7.2e-322	6.2e-322	0.02572823328130469
MSH6_1_dirichlet_train1.3	6.718739441134422e-146	0.8061737396605912	3.8754986476182927e-306	0.19382626033940867	9.8e-322
PMS1_0_dirichlet_train1.3	0.02004528690285515	0.28332808464006964	0.36165074986423185	0.24757440944258452	0.08740146915025877
PMS1_0_dirichlet_train1.4	0.12188893457056925	0.16404948519217555	0.08780837139950694	0.4336779586341176	0.19257525020363075
PMS2_0_dirichlet_train1	0.5039713992511827	0.4955983362948831	3.55e-321	8.35e-322	0.00043026445393421387
MSH6_1_dirichlet_train1.4	0.1832819473474022	0.7410969437038828	0.017014092092996133	0.03374567374678669	0.0248613431089322
MSH6_0_dirichlet_train1.2	2.07340850331685e-155	0.9600505335361927	0.026871067072220763	0.013078399391586615	1.665e-321
PMS1_0_dirichlet_train1.5	9.14e-322	0.0832281312733325	0.7693658184807668	0.1474060502459008	8.750022589421378e-87
PMS1_0_dirichlet_train1.6	1.255e-321	0.15644988484899236	0.596440561278851	0.24710955387215677	2.5e-322
PMS1_0_dirichlet_train1.7	0.05777662661798409	0.21122055729401457	0.584686860426137	0.14631595566186412	7.07e-322
MSH6_1_dirichlet_train1.5	0.2644885244368561	0.7002568342569734	1.25e-321	1.225e-321	0.03525464130617051
MLH1_0_dirichlet_train1.2	1.21e-321	0.8834254232814236	5e-322	0.11657457671857654	3.26e-322
PMS1_0_dirichlet_train1.8	0.12560565228269055	0.2720564543261507	0.17803216261320698	6.7124158530305725e-152	0.42430573077795186
PMS1_0_dirichlet_train1.9	7.706800934389176e-191	0.3426277593334595	0.4771172576792819	0.18025498298725864	4.4e-322
MLH1_0_dirichlet_train1.3	2.42e-321	1.0	3.26e-322	2.47e-322	4.55e-322
MSH2_0_dirichlet_train1.1	0.022896858793607085	0.9771031412063929	7.8e-322	1.3284346569856535e-93	1.07e-321
