Samples	SBS96A	SBS96B	SBS96C	SBS96D	SBS96E
ATP2B4_real_train_fold1	0.057555527478425884	7.318803849227321e-14	0.8729101149554099	4.767729785780947e-185	0.06953435756609103
ATP2B4_real_train_fold1.1	0.09462492424765766	1.625e-321	0.6244826832196311	0.16630943838188927	0.11458295415082215
MLH1_real_train_fold1	0.02148568169808075	0.9403552341094914	1.8438428533494656e-251	0.03815908419242783	2.93e-321
MSH6_real_train_fold1	2.8e-321	0.9797894737171728	1.45e-321	1.087e-321	0.020210526282827004
MSH6_real_train_fold1.1	3.920883350500415e-274	0.9874343875996303	1.724e-321	1.517e-321	0.012565612400369606
OGG1_real_train_fold1	0.04649649737708471	3.026550986593206e-65	0.05406084513856742	0.056450900028397394	0.8429917574559505
PMS1_real_train_fold1	9.092669612574356e-199	0.16644467961213383	0.5159061657077176	0.29188214745415964	0.025767007225988913
PMS2_real_train_fold1	0.47708840168981637	0.5229115983101837	8.9e-322	2.96e-322	1.477e-321
RNF168_real_train_fold1	0.9664820230695309	0.029677745262919487	2.915192854053146e-134	2.223e-321	0.0038402316675496227
UNG_real_train_fold1	0.07477298103335865	1.5782186320755777e-151	0.0048854669866664445	0.9150635149946228	0.005278036985351964
ATP2B4_multinomial_train_fold1	0.08013870884163768	0.012763190510659547	0.841620355627636	1.2629596031156655e-91	0.06547774502006655
ATP2B4_multinomial_train_fold1.1	0.12604361349278748	2.885e-321	0.6176505728749119	0.15292769849242027	0.1033781151398803
ATP2B4_multinomial_train_fold1.2	0.02390128313389708	7.95e-322	0.5618929400508399	0.2734772563585652	0.14072852045669776
ATP2B4_multinomial_train_fold1.3	0.06408257905599277	1.6774013708884167e-194	0.8839965825649065	1.5110492615606074e-60	0.051920838379100755
ATP2B4_multinomial_train_fold1.4	0.09091975490863045	1.34e-321	0.5354298438405016	0.3197442444296406	0.05390615682122732
ATP2B4_multinomial_train_fold1.5	1.081987206569217e-154	1.793e-321	0.43079271244808526	0.2937986734136425	0.2754086141382722
ATP2B4_multinomial_train_fold1.6	0.14863232143701074	1.91e-321	0.4420429353247064	0.16389847187101442	0.24542627136726827
ATP2B4_multinomial_train_fold1.7	0.13944554171528692	2.23e-321	0.49396817636032386	0.22210534183703917	0.1444809400873501
ATP2B4_multinomial_train_fold1.8	0.20614305582573805	0.004078642681737573	0.6318863840565501	3.610508656364099e-26	0.15789191743597436
ATP2B4_multinomial_train_fold1.9	0.12976157853507672	1.097e-321	0.1031723417914889	0.3462344132368731	0.4208316664365612
ATP2B4_multinomial_train_fold1.10	0.025042137172103407	1.66e-321	0.6659083948944703	0.11265402494551388	0.19639544298791242
ATP2B4_multinomial_train_fold1.11	1.7627655103086011e-37	0.05252664072181206	0.7608640300670129	1.857334867371535e-194	0.18660932921117507
ATP2B4_multinomial_train_fold1.12	0.06317304582719521	0.02935429469215764	0.7597039363435958	7.099774694516858e-229	0.14776872313705133
ATP2B4_multinomial_train_fold1.13	0.07600816279627641	2.46796796273926e-310	0.6304960977702869	0.142912279889341	0.1505834595440958
ATP2B4_multinomial_train_fold1.14	1.8747790660454773e-42	0.06952165449591287	0.8722903736335842	8.977e-321	0.05818797187050293
ATP2B4_multinomial_train_fold1.15	0.04493473046736835	2.62e-321	0.9550652695326315	6.834757578093529e-97	1.1206686488474558e-28
ATP2B4_multinomial_train_fold1.16	4.691858754894322e-42	2.72e-321	0.929964567470225	2.5032336359202185e-288	0.07003543252977498
ATP2B4_multinomial_train_fold1.17	0.0243437354828789	0.017359057076674962	0.8509696010892692	2.1288208720798997e-223	0.1073276063511768
ATP2B4_multinomial_train_fold1.18	0.0014211945986507568	0.07553456035898491	0.6901241945020313	5.097986339436326e-38	0.23292005054033296
ATP2B4_multinomial_train_fold1.19	0.22946940717483783	8.05e-322	0.5450891472608577	0.1224423725836974	0.10299907298060705
ATP2B4_multinomial_train_fold1.20	2.4226620377854656e-29	0.04301499033429616	0.916531026717162	5.842259667629839e-46	0.04045398294854174
ATP2B4_multinomial_train_fold1.21	0.043811127579966934	1.537e-321	0.7869122107613186	0.16927666165871452	4.2e-322
ATP2B4_multinomial_train_fold1.22	0.13533087030877805	8e-322	0.6804355817618414	0.12332140358509422	0.06091214434428643
ATP2B4_multinomial_train_fold1.23	0.06043188388588669	1.352822748465155e-59	0.8342671832151305	8.874981568459531e-263	0.10530093289898286
ATP2B4_multinomial_train_fold1.24	0.12805943256193358	2.273e-321	0.8719405674380665	3.7265468627696197e-187	3.26e-322
ATP2B4_multinomial_train_fold1.25	0.189945968191271	1.97e-321	0.48634092342744073	0.16851270361081092	0.15520040477047742
ATP2B4_multinomial_train_fold1.26	0.04550999259550215	0.04616540212966385	0.5051124121574568	0.2489169244202439	0.1542952686971334
ATP2B4_multinomial_train_fold1.27	0.07376863967363056	1.38e-321	0.5569379934039742	0.2763075973898853	0.09298576953250999
ATP2B4_multinomial_train_fold1.28	0.05900016983823975	1.225e-321	0.7269782228033778	0.14436146164378266	0.0696601457145997
ATP2B4_multinomial_train_fold1.29	0.05564697337645853	2.34e-321	0.8885361832346985	4.48288048875789e-138	0.055816843388842775
ATP2B4_multinomial_train_fold1.30	0.06983952668095722	1.314e-321	0.5867835528844185	0.1985298164774169	0.14484710395720723
ATP2B4_multinomial_train_fold1.31	0.14880353757321527	1.54e-321	0.8511964624267846	1.837882895869024e-296	9.206078496995427e-199
ATP2B4_multinomial_train_fold1.32	0.12574398098844214	2.18e-321	0.6674041111885533	0.16918306821660575	0.03766883960639894
ATP2B4_multinomial_train_fold1.33	3.9019070456276937e-134	0.0013340989778789524	0.7787439813402971	9.305698309442025e-129	0.21992191968182387
ATP2B4_multinomial_train_fold1.34	0.06375869147934579	5e-322	0.3659218730880174	0.32011906726588907	0.2502003681667478
ATP2B4_multinomial_train_fold1.35	0.195200214392302	0.01050626497383215	0.5074680849448162	0.10201706707519105	0.1848083686138586
ATP2B4_multinomial_train_fold1.36	0.208249858409947	0.007402154608082511	0.6891710680501866	2.6559214084969036e-87	0.09517691893178375
ATP2B4_multinomial_train_fold1.37	0.12104748179262115	4.0005145202823055e-220	0.584442989569397	0.11851062321786308	0.17599890542011892
ATP2B4_multinomial_train_fold1.38	0.10258243034167262	1.383e-321	0.47962180810305477	0.17454570998358662	0.24325005157168597
ATP2B4_multinomial_train_fold1.39	0.033432950072010144	0.01961013068118323	0.8118536299877266	7.24943409407474e-230	0.13510328925908005
ATP2B4_multinomial_train_fold1.40	0.10032193769527949	9.319182258488896e-148	0.742727651487222	1.087781177871325e-253	0.15695041081749855
ATP2B4_multinomial_train_fold1.41	0.18847009407367402	1.467e-321	0.48083731877592273	0.18602035620293536	0.1446722309474678
ATP2B4_multinomial_train_fold1.42	0.10291646037259726	1.784e-321	0.895519466914486	3.349287130405073e-84	0.0015640727129166818
ATP2B4_multinomial_train_fold1.43	0.11585886741530114	1.75e-321	0.6259271471895365	0.16163025159846883	0.09658373379669366
ATP2B4_multinomial_train_fold1.44	0.2011606088425413	1.24e-321	0.5673371311543614	0.07701975231809442	0.15448250768500285
ATP2B4_multinomial_train_fold1.45	0.043621579541906985	1.635e-321	0.44473871701275924	0.33681973885305766	0.174819964592276
ATP2B4_multinomial_train_fold1.46	0.05503371426841823	1.364e-321	0.748583576822555	0.19638270890902657	1.9104142626324938e-29
ATP2B4_multinomial_train_fold1.47	0.06759930337225024	1.537e-321	0.7321222473354686	0.1653823473619324	0.03489610193034877
ATP2B4_multinomial_train_fold1.48	0.04590078728083589	0.04079254744271545	0.901235940837352	1.08807172065e-313	0.012070724439096613
ATP2B4_multinomial_train_fold1.49	0.07957667410969049	1.907e-321	0.5205323129341841	0.2601144560942266	0.13977655686189872
ATP2B4_multinomial_train_fold1.50	0.09149447088869163	0.01198551481672654	0.6652160803204579	5.106292068642498e-94	0.231303933974124
ATP2B4_multinomial_train_fold1.51	0.05636616807568219	8.3e-322	0.5309358143656338	0.20102363650935576	0.2116743810493283
ATP2B4_multinomial_train_fold1.52	0.09724023356421288	1.324e-321	0.4057210586234249	0.29194515461058307	0.20509355320177916
ATP2B4_multinomial_train_fold1.53	0.021199227280271987	1.29e-321	0.6719391073390508	0.197073667849086	0.1097879975315912
ATP2B4_multinomial_train_fold1.54	0.24689041411287702	1.12e-321	0.22488662472985463	0.27793696907885856	0.2502859920784098
ATP2B4_multinomial_train_fold1.55	0.05497689702086535	3.444493472411583e-140	0.9023437675765719	1.0631354238637027e-262	0.042679335402562815
ATP2B4_multinomial_train_fold1.56	0.05126697010284208	1.344e-321	0.7591773976647762	0.07050704844490921	0.11904858378747246
ATP2B4_multinomial_train_fold1.57	5.537293941192448e-44	0.012754723345158033	0.9035479205714348	1.3039397743959514e-144	0.08369735608340713
ATP2B4_multinomial_train_fold1.58	2.9277812849277915e-10	2.1e-321	0.999999999707222	5.983286367813149e-220	3.2747372181277406e-165
ATP2B4_multinomial_train_fold1.59	0.016177723336241404	2.633e-321	0.7423183474687329	0.1561349564592535	0.08536897273577213
ATP2B4_multinomial_train_fold1.60	0.045028285245824765	7.989786036250614e-306	0.8959618472279764	0.059009867526198884	2.3133597356314563e-23
ATP2B4_multinomial_train_fold1.61	0.0323067385535937	0.03358848378507734	0.9341047776387039	4.72215001411388e-92	2.2625094929368876e-11
ATP2B4_multinomial_train_fold1.62	0.0700618406299773	7.95e-322	0.7492259952585344	0.10391309333860116	0.07679907077288714
ATP2B4_multinomial_train_fold1.63	0.01203846444520544	0.03313677661733308	0.9390903751762556	3.7593e-320	0.015734383761205978
ATP2B4_multinomial_train_fold1.64	0.23003430120363677	1.467e-321	0.6101461071034436	0.07351727567689717	0.08630231601602242
ATP2B4_multinomial_train_fold1.65	6.052179845444525e-100	1.3e-321	1.0	1.0609118671904011e-268	2.749259831458605e-125
ATP2B4_multinomial_train_fold1.66	5.048650281748671e-28	2.3675959730531148e-29	0.9688207075058648	1.097e-321	0.031179292494135313
ATP2B4_multinomial_train_fold1.67	1.2395874164436496e-18	1.74e-321	0.994555293586766	6.38648736593301e-224	0.005444706413234086
ATP2B4_multinomial_train_fold1.68	0.11575471700103715	6.998055360314652e-154	0.8076320506745509	3.6047219203591535e-225	0.07661323232441188
ATP2B4_multinomial_train_fold1.69	0.07093014503128924	0.015797600528866005	0.9066030156029342	1.023e-321	0.006669238836910673
ATP2B4_multinomial_train_fold1.70	0.12127932934373986	7.8e-322	0.44942806799650126	0.2563114153739312	0.1729811872858277
ATP2B4_multinomial_train_fold1.71	0.026821282421183673	1.314e-321	0.580139437827226	0.31285937327232644	0.0801799064792639
ATP2B4_multinomial_train_fold1.72	8.499658293055623e-96	0.009810960838743624	0.9901890391612562	1.0922518184188235e-227	5.883294319191122e-63
ATP2B4_multinomial_train_fold1.73	0.1371982580966221	0.010463085127865849	0.7323239803378467	1.9053852346609707e-45	0.12001467643766521
ATP2B4_multinomial_train_fold1.74	1.0523513828637547e-148	2.5694221988154808e-138	0.9944427518739744	7.86e-322	0.005557248126025617
ATP2B4_multinomial_train_fold1.75	0.07655070704084989	9.83e-322	0.5503850206881457	0.2824477179819713	0.09061655428903327
ATP2B4_multinomial_train_fold1.76	0.0671159223759977	1.92e-321	0.8960493005160058	0.03683477710799659	5.221775181911866e-251
ATP2B4_multinomial_train_fold1.77	7.892461086085864e-23	2.035802057816544e-220	0.7686293899347121	3.0722611108271384e-304	0.23137061006528786
ATP2B4_multinomial_train_fold1.78	3.399134720677036e-20	1.033e-321	0.8373205201541366	0.16267947984586353	5.5774543539119265e-65
ATP2B4_multinomial_train_fold1.79	0.14979496801193434	5.957553586478784e-59	0.8502050319880655	8.869324820117424e-108	1.9095197813019812e-25
ATP2B4_multinomial_train_fold1.80	0.1019414042616589	0.016117424435526852	0.7612123168062471	1.0976220064216954e-128	0.1207288544965671
ATP2B4_multinomial_train_fold1.81	0.13459271423779337	8e-322	0.5610596063588148	0.17059529568279458	0.13375238372059733
ATP2B4_multinomial_train_fold1.82	0.027325912925251952	0.02249256595237324	0.9499269362864258	1.5360598441390667e-270	0.0002545848359491293
ATP2B4_multinomial_train_fold1.83	0.13549811479381224	7.6e-322	0.7780737559182579	0.05939394843612492	0.027034180851805065
ATP2B4_multinomial_train_fold1.84	0.05988737510349782	7.76e-322	0.35544334555815016	0.4057288825663504	0.17894039677200158
ATP2B4_multinomial_train_fold1.85	0.10291174522296623	7.674309234094838e-39	0.7244824831773695	0.17260577159966428	1.988828834668643e-91
ATP2B4_multinomial_train_fold1.86	0.13426075240507335	7.66e-322	0.5256392744447027	0.20136463418418782	0.13873533896603626
ATP2B4_multinomial_train_fold1.87	0.10618346429102299	1.443e-321	0.6789959475655905	0.14367581701466853	0.07114477112871805
ATP2B4_multinomial_train_fold1.88	0.01944042570856934	6.929815295748769e-295	0.8476198955894412	0.0526727020148374	0.0802669766871521
ATP2B4_multinomial_train_fold1.89	0.0007580994402563679	0.012426242226265129	0.9868156583334784	1.1729945885675667e-52	7.453678703408881e-101
ATP2B4_multinomial_train_fold1.90	0.19489101567013767	1.556e-321	0.6863651727053538	0.05879503572940083	0.059948775895107796
ATP2B4_multinomial_train_fold1.91	0.111906195789376	1.96e-321	0.5616950902906449	0.18357524603116973	0.1428234678888094
ATP2B4_multinomial_train_fold1.92	0.08432435669865128	0.007597752809852173	0.905560674425603	1.9955160525151234e-277	0.002517216065893676
ATP2B4_multinomial_train_fold1.93	0.09302224471518009	0.025727084417106943	0.8812506708677128	1.3215903063906764e-251	1.668979792040808e-49
ATP2B4_multinomial_train_fold1.94	0.16895100909334856	6.97e-322	0.5614454214312649	0.2696035694753865	3.1520332188551576e-51
ATP2B4_multinomial_train_fold1.95	1.397862190104733e-256	2.496063829227434e-308	0.9407362288584923	5.013534697846032e-225	0.05926377114150787
ATP2B4_multinomial_train_fold1.96	0.019262550022447616	0.019757800113252046	0.8267444246554678	3.003931129631193e-145	0.13423522520883246
ATP2B4_multinomial_train_fold1.97	0.13292272820930282	1.04e-321	0.7569163019268721	0.11016096986382524	4.4440190397133526e-79
PMS1_multinomial_train_fold1	1.843e-321	0.17987619203832636	0.42065389305757805	0.3994699149040955	4.94e-322
MSH6_multinomial_train_fold1	6.230857599772191e-262	0.9925699933103928	1.265e-321	1.32e-321	0.007430006689607413
MSH6_multinomial_train_fold1.1	2.71e-321	0.9840676243893764	1.66e-321	6.349726510178146e-248	0.0159323756106235
MLH1_multinomial_train_fold1	6.305171069648117e-75	0.9476932165495314	2.2291187390469977e-226	0.05230678345046848	2.796e-321
MLH1_multinomial_train_fold1.1	0.007327390641465138	0.9822093506523122	2.1061557794836595e-229	0.010463258706222675	2.729816766882065e-122
PMS2_multinomial_train_fold1	0.48390977151750747	0.5160902284824924	8.84e-322	2.96e-322	1.17e-321
MLH1_multinomial_train_fold1.2	3.368356657188138e-67	0.9841731590379853	1.4931509356434224e-114	0.0036655755108592697	0.012161265451155314
MSH6_multinomial_train_fold1.2	1.6633439201903432e-230	0.9798758756895029	1.467e-321	1.54e-321	0.020124124310497104
PMS1_multinomial_train_fold1.1	0.06574980841203105	0.09467961956881484	0.3956968402177987	0.3628102506758821	0.08106348112547335
MSH6_multinomial_train_fold1.3	8.084251308955788e-282	0.9854550013109744	1.986e-321	1.32e-321	0.014544998689025533
PMS1_multinomial_train_fold1.2	2.02e-321	0.17720051904279124	0.5929144308066817	0.21354766619684004	0.016337383953686967
PMS2_multinomial_train_fold1.1	0.49029077930125287	0.509709220698747	8.84e-322	2.96e-322	1.76e-321
PMS1_multinomial_train_fold1.3	2.04e-321	0.22094497247498038	0.46147062614686785	0.3175844013781518	5.5e-322
MLH1_multinomial_train_fold1.3	0.015237297225766295	0.9500588900612981	2.633e-321	0.034703812712935815	1.3e-321
MSH6_multinomial_train_fold1.4	9.75745e-319	0.9907524673009069	2.204e-321	1.497e-321	0.009247532699092944
MSH6_multinomial_train_fold1.5	5.368742526218318e-176	0.99279377953251	1.86e-321	2.3e-321	0.0072062204674900555
MSH6_multinomial_train_fold1.6	2.01e-321	0.9911037711101346	1.85e-321	1.616e-321	0.008896228889865259
MSH6_multinomial_train_fold1.7	3.187e-321	0.9895339816780313	1.79e-321	1.344e-321	0.010466018321968808
MSH6_multinomial_train_fold1.8	2.2e-321	0.9711069739166146	1.655e-321	1.09e-321	0.028893026083385315
MSH6_multinomial_train_fold1.9	2.04e-321	0.9704684804668829	1.537e-321	1.215e-321	0.029531519533116907
MSH6_multinomial_train_fold1.10	1.443e-321	0.9730738186333548	8.74e-322	8e-322	0.02692618136664523
MSH6_multinomial_train_fold1.11	9.213465026492298e-250	0.9951297398013573	5.615996723251134e-271	4.4578939647265785e-218	0.004870260198642821
PMS2_multinomial_train_fold1.2	0.5010940900235548	0.4989059099764452	5.7e-322	2.8e-322	5.6e-322
PMS2_multinomial_train_fold1.3	0.5071712673455511	0.4928287326544489	6.23e-322	3.16e-322	1.5977122854187252e-279
MSH6_multinomial_train_fold1.12	2.22693435e-316	0.9866928077049985	1.265e-321	8.94e-322	0.013307192295001657
PMS1_multinomial_train_fold1.4	1.1528497861602087e-278	0.16567476453398375	0.34718653783588993	0.3640032575235319	0.12313544010659437
MLH1_multinomial_train_fold1.4	0.06554255964118683	0.910789183851583	1.8859055140408736e-71	0.02366825650722883	1.2195407534781674e-15
PMS1_multinomial_train_fold1.5	2.5793191891512397e-149	0.16041908902024474	0.4293982255809232	0.3377184315268282	0.0724642538720039
PMS2_multinomial_train_fold1.4	0.49312984178527225	0.5068701582147277	9.04e-322	6.1e-322	9e-322
PMS1_multinomial_train_fold1.6	1.9280282724844798e-194	0.18417365367934888	0.38749812652343474	0.2903843340981099	0.13794388569910654
MLH1_multinomial_train_fold1.5	1.9817031795300913e-52	0.9419939373339499	2.757e-321	0.05800606266605019	1.34e-321
MSH6_multinomial_train_fold1.13	1.3606421749290791e-271	0.9877980931219759	1.255e-321	1.324e-321	0.01220190687802408
PMS2_multinomial_train_fold1.5	0.48988788434365405	0.510112115656346	1.507e-321	6.1e-322	2.1e-321
PMS1_multinomial_train_fold1.7	8.555173575934594e-156	0.13452785676422022	0.6225578918250034	0.20638487624518315	0.036529375165593216
MLH1_multinomial_train_fold1.6	0.0022586988924522787	0.9248473543638427	8.187e-321	0.07289394674370504	1.225e-321
MSH6_multinomial_train_fold1.14	2.465e-321	0.9870377041854121	1.956e-321	1.08e-321	0.012962295814587833
MSH6_multinomial_train_fold1.15	2.31e-321	0.9946149074082233	1.18e-321	1.02e-321	0.005385092591776705
PMS1_multinomial_train_fold1.8	4.6577328888146465e-216	0.18686282833915266	0.33114484991452175	0.3154924990149219	0.16649982273140376
PMS2_multinomial_train_fold1.6	0.4179798017829565	0.5820201982170434	5.9e-322	2.9e-322	9.1e-322
PMS1_multinomial_train_fold1.9	8.177655072819343e-234	0.2091485948625582	0.5280049682233537	0.26284643691408816	5.2e-322
MLH1_multinomial_train_fold1.7	2.655544505266967e-77	0.9503880631287036	5.725553164655766e-277	0.049611936871296364	1.852026926717136e-162
MLH1_multinomial_train_fold1.8	0.003673340475132503	0.9963266595248674	2.317e-321	1.3512408959493473e-64	2.63e-321
MSH6_multinomial_train_fold1.16	2.561221562405408e-288	0.995070726487743	1.556e-321	1.784e-321	0.004929273512257156
PMS1_multinomial_train_fold1.10	7.350520158277684e-305	0.20738497927357039	0.5804852138630446	0.21212980686338498	3.95e-322
MSH6_multinomial_train_fold1.17	8.215117910755711e-147	0.9878700428589635	2.9831053346199e-197	4.2666990136702575e-237	0.012129957141036646
PMS2_multinomial_train_fold1.7	0.4755299032185496	0.5244700967814503	8.8e-322	2.9e-322	1.1196304324337026e-111
PMS2_multinomial_train_fold1.8	0.437048341809037	0.5518212292330638	1.196e-321	3.06e-322	0.011130428957899216
MLH1_multinomial_train_fold1.9	0.0493295756557537	0.9291175206048029	2.13e-321	0.02155290373944326	5.430557004352511e-52
PMS1_multinomial_train_fold1.11	1.9613445116033082e-238	0.18831342927517683	0.22388113678831975	0.48557937030820764	0.10222606362829566
PMS1_multinomial_train_fold1.12	1.5115265346669623e-270	0.1791952682755282	0.3712594104245278	0.3433509123844812	0.10619440891546293
MSH6_multinomial_train_fold1.18	2.07e-321	0.9827960623331831	1.853e-321	1.65e-321	0.017203937666816965
PMS1_multinomial_train_fold1.13	2.7718204465493246e-148	0.15668371761123856	0.4330045088047709	0.3259967892027861	0.08431498438120438
PMS2_multinomial_train_fold1.9	0.4676719674959332	0.5323280325040669	8.9e-322	2.96e-322	8.94e-322
MSH6_multinomial_train_fold1.19	4.279258932056018e-277	0.9903782207025954	1.3e-321	1.36e-321	0.009621779297404633
PMS1_multinomial_train_fold1.14	8.422460515477336e-253	0.2063478715526884	0.46548003445235375	0.2597303838551891	0.06844171013976873
MLH1_multinomial_train_fold1.10	0.015131625107737193	0.9593884577361822	8.441769273207123e-68	0.025479917156080393	6.3168550004961104e-55
PMS1_multinomial_train_fold1.15	2.611635785668756e-164	0.2108934962119292	0.28839099033343607	0.4263215011460375	0.07439401230859731
MSH6_multinomial_train_fold1.20	2.8e-321	0.9972386806639326	1.793e-321	1.754e-321	0.0027613193360673935
PMS1_multinomial_train_fold1.16	5.5930273e-316	0.1320367014242901	0.5518911979415173	0.31607210063419255	5.93e-322
PMS2_multinomial_train_fold1.10	0.5339063078996326	0.4632448455051604	1.206e-321	6.2e-322	0.002848846595207044
MSH6_multinomial_train_fold1.21	5.51381622788343e-309	0.9614645187640413	3.198964660971365e-176	1.655e-321	0.03853548123595876
MSH6_multinomial_train_fold1.22	2.86e-321	0.974226570876405	9.63e-322	6.6e-322	0.02577342912359489
MLH1_multinomial_train_fold1.11	0.047971436393069056	0.9140352474922699	8.71797431715803e-120	0.03799331611466106	2.846e-321
MLH1_multinomial_train_fold1.12	7.567357082674433e-40	0.9504749258746932	2.283e-321	0.04952507412530677	9.34e-322
MLH1_multinomial_train_fold1.13	0.06762763421071505	0.9062833843209397	4.523790939808045e-49	0.026088981468345266	1.0240331000969664e-33
MLH1_multinomial_train_fold1.14	0.03589809643744719	0.8990577092099015	8.344798917483057e-277	0.06504419435265119	1.206e-321
MSH6_multinomial_train_fold1.23	2.4383259341060166e-235	0.9820663886579857	1.497e-321	1.34e-321	0.01793361134201437
PMS1_multinomial_train_fold1.17	9.7469558096483e-167	0.14986805981977713	0.6361354724462089	0.2139964677340138	2.1424938121229586e-30
PMS1_multinomial_train_fold1.18	1.21e-321	0.19713188212543756	0.6523490396008579	0.15051907827370442	5.539701835074249e-22
PMS2_multinomial_train_fold1.11	0.45403868196420727	0.5459613180357926	1.2e-321	3e-322	2.12e-321
MSH6_multinomial_train_fold1.24	7.029711325460837e-225	0.9801377964882201	1.433e-321	1.294e-321	0.019862203511779825
PMS1_multinomial_train_fold1.19	4.159504816077494e-83	0.18452724739439536	0.6300810278131905	0.18539172479241417	1.982553351768042e-74
MSH6_multinomial_train_fold1.25	3.2584908381601e-310	0.9972638431318208	1.784e-321	1.087e-321	0.002736156868179142
MLH1_multinomial_train_fold1.15	0.0023624025787684307	0.9712224263125839	2.112648515493046e-105	0.026415171108647592	7.65016051793207e-180
PMS2_multinomial_train_fold1.12	0.45952105282454453	0.5404789471754554	9.2e-322	6.1e-322	1.225e-321
MLH1_multinomial_train_fold1.16	0.0035306734445715937	0.965792837795557	1.94e-321	0.03067648875987137	1.39e-321
MLH1_multinomial_train_fold1.17	1.3264732107128115e-247	0.9661139224007989	1.85e-321	0.033886077599201106	1.645e-321
MSH6_multinomial_train_fold1.26	1.535774273823987e-249	0.9864792695729074	5.919304041812986e-293	6.379538295056081e-280	0.013520730427092639
MSH6_multinomial_train_fold1.27	4.020581e-317	0.9819341220534176	1.0458202699650722e-190	1.537e-321	0.018065877946582393
MSH6_multinomial_train_fold1.28	2.14e-321	0.9797480187043591	9.44e-322	6.37e-322	0.020251981295641003
MLH1_multinomial_train_fold1.18	0.04258942021190588	0.9056906980827377	6.549710358516446e-207	0.05171988170535646	9.4e-322
PMS2_multinomial_train_fold1.13	0.49271873236086566	0.5072812676391343	6.1e-322	3.06e-322	9.04e-322
MSH6_multinomial_train_fold1.29	1.1216038076460268e-134	0.9893121530489644	1.334e-321	1.17e-321	0.010687846951035538
MLH1_multinomial_train_fold1.19	1.2843759051085409e-105	0.94234920589223	8.12893286201287e-34	0.05765079410776994	3.0605021923517465e-169
MSH6_multinomial_train_fold1.30	2.75e-321	0.9893844553486076	1.47e-321	8.55e-322	0.010615544651392373
MSH6_multinomial_train_fold1.31	2.44e-321	0.9804885742097348	1.8446006029524183e-290	1.49e-321	0.019511425790265255
MSH6_multinomial_train_fold1.32	7.432057168693468e-247	0.9726200282405364	1.68e-321	1.1e-321	0.027379971759463766
MSH6_multinomial_train_fold1.33	2.293350675061427e-187	0.9836013212187411	1.72e-321	1.754e-321	0.01639867878125892
PMS2_multinomial_train_fold1.14	0.4840392046091724	0.5159607953908275	1.15e-321	5.8e-322	1.433e-321
PMS2_multinomial_train_fold1.15	0.5005311571137911	0.49946884288620885	5.8e-322	2.9e-322	5.73e-322
MLH1_multinomial_train_fold1.20	0.025317725288378345	0.9532670271605345	4.090990474623566e-235	0.02141524755108704	2.35e-321
PMS1_multinomial_train_fold1.20	9.138000545498504e-301	0.22202046990477842	0.4847270545451703	0.26793016665350683	0.025322308896544334
PMS1_multinomial_train_fold1.21	6.649212169895322e-270	0.19774059454348863	0.25878987794125613	0.38362749344935576	0.15984203406589947
MSH6_multinomial_train_fold1.34	2.134e-321	0.9866360308702322	1.21e-321	8.55e-322	0.013363969129767696
MLH1_multinomial_train_fold1.21	0.0907204705601431	0.8860114976196419	2.6289348806872404e-146	0.021171054366932025	0.0020969774532830173
UNG_multinomial_train_fold1	0.0769060337534083	0.03612097566131502	0.09178615662599626	0.7792086226114443	0.01597821134783613
UNG_multinomial_train_fold1.1	0.06901587753461581	0.0005229563727874095	2.929430152639878e-107	0.924080209311899	0.00638095678069788
UNG_multinomial_train_fold1.2	0.03834409216626493	0.013295906921768949	5.390641083905299e-91	0.948360000911966	3.66e-322
UNG_multinomial_train_fold1.3	0.08857258007174497	0.0065445117038243445	2.706898500655054e-31	0.9048829082244307	3.6870576022533714e-191
OGG1_multinomial_train_fold1	0.05110397382066705	0.012238580517797125	9.533520864016275e-46	0.06286055199579665	0.8737968936657392
OGG1_multinomial_train_fold1.1	0.01115108607935059	1.2175102553143217e-34	0.25262201617390795	0.010349895717030575	0.7258770020297107
UNG_multinomial_train_fold1.4	0.22167844746940493	0.02599876170980961	0.14166139143042075	0.6106613993903648	2.950424532838879e-143
OGG1_multinomial_train_fold1.2	0.010540956808287726	3.01e-321	0.146138780355572	0.0483003048166701	0.7950199580194701
OGG1_multinomial_train_fold1.3	3.0522002676546034e-45	6.56818342702166e-147	0.22880854502119735	0.012271468702887742	0.7589199862759148
OGG1_multinomial_train_fold1.4	0.03318471985828576	2.3491164172028385e-88	0.15428850077285655	0.05338199048448302	0.7591447888843748
OGG1_multinomial_train_fold1.5	0.04188451375001423	1.4261916927293067e-200	0.1213525069593157	0.06109637732552918	0.775666601965141
UNG_multinomial_train_fold1.5	0.03765343805518061	9.5e-322	9.981538385164025e-51	0.9114249326113004	0.050921629333518965
OGG1_multinomial_train_fold1.6	0.06819028320203521	1.395355901524951e-147	5.1700632820087403e-39	0.050334777104333234	0.8814749396936316
UNG_multinomial_train_fold1.6	0.06696726690737283	0.033113435877550966	5.26657372539556e-26	0.8281493541622322	0.07176994305284405
UNG_multinomial_train_fold1.7	0.1324719877240269	0.01840475864802818	4.448259033541614e-243	0.8440950964083804	0.005028157219564458
OGG1_multinomial_train_fold1.7	0.057237090691996034	0.022933093854964625	0.08552637174371701	0.0070601317670693515	0.8272433119422529
UNG_multinomial_train_fold1.8	1.3631246747339623e-305	6.2e-322	0.11079554861827434	0.8838359028274831	0.005368548554242372
OGG1_multinomial_train_fold1.8	0.04146835507604652	0.014080223721393658	0.09759469193521456	0.044533798418851876	0.8023229308484935
UNG_multinomial_train_fold1.9	0.08121524872109646	2.67e-321	9.987392558605185e-89	0.8821963068084788	0.03658844447042478
OGG1_multinomial_train_fold1.9	0.06415980291812942	3.21e-321	0.020140761870130836	0.03538954880454153	0.8803098864071984
OGG1_multinomial_train_fold1.10	0.05302701009200634	0.015282827344166836	1.7400806771042912e-47	0.023011234416960492	0.9086789281468663
UNG_multinomial_train_fold1.10	4.4205129690535266e-138	1.126e-321	0.02796296393435929	0.9720370360656406	5.34e-322
OGG1_multinomial_train_fold1.11	0.061355672495585	3.122e-321	0.10458876619358999	0.028699155327965627	0.8053564059828593
OGG1_multinomial_train_fold1.12	0.02995483851865656	0.01561892292439207	0.06376027062876068	0.03609778870332445	0.8545681792248663
OGG1_multinomial_train_fold1.13	0.03589703929060646	0.07017044289909309	1.5131012261232717e-45	1.2612886572066202e-18	0.8939325178103003
UNG_multinomial_train_fold1.11	0.04637804043103334	3.7439123791477746e-298	1.1470114180107637e-137	0.8016292401145654	0.15199271945440124
OGG1_multinomial_train_fold1.14	0.053654927851902665	0.016269903985145533	4.416897475729954e-30	0.010733101703525512	0.9193420664594264
UNG_multinomial_train_fold1.12	0.012789258556104861	0.01784994928096393	3.2100651138997736e-11	0.9693607921308305	8.95793631910036e-165
UNG_multinomial_train_fold1.13	5.272427337359237e-62	1.3157210682155074e-215	0.08439782412283194	0.9156021758771681	7e-322
OGG1_multinomial_train_fold1.15	0.02981459518616218	0.031015752422463964	6.878947949967611e-109	0.006216375747195644	0.9329532766441783
OGG1_multinomial_train_fold1.16	1.2854038414026489e-26	1.0763783e-317	0.21156848939085615	5.190151571064501e-09	0.7884315054189922
UNG_multinomial_train_fold1.14	0.06391917466939512	4.767540702290795e-194	6.053493569078547e-66	0.9360808253306048	6.2e-322
OGG1_multinomial_train_fold1.17	0.038461025478929635	1.5481043344964798e-202	5.116375533451421e-06	0.04929463601855437	0.9122392221269826
UNG_multinomial_train_fold1.15	0.014195987805840204	7.803922935322993e-169	7.3e-322	0.9596144063711989	0.02618960582296078
OGG1_multinomial_train_fold1.18	0.09686232939559221	1.6258082164794517e-53	0.04530334387258648	0.05766344464134935	0.800170882090472
UNG_multinomial_train_fold1.16	1.2947724977434436e-148	0.02618770028473393	1.067e-321	0.973812299715266	9.04e-322
OGG1_multinomial_train_fold1.19	1.8264136190978776e-29	0.026167541028380915	0.020801929575423053	0.04317506978931271	0.9098554596068832
OGG1_multinomial_train_fold1.20	0.059870034796327694	0.05666849710819817	2.2180585009610074e-32	0.019322075383629216	0.8641393927118448
UNG_multinomial_train_fold1.17	0.1670274030781445	0.01914195018241126	3.400224714165064e-206	0.8138306467394443	4.25e-322
UNG_multinomial_train_fold1.18	0.02507571200397728	0.07285688508563248	0.0078010084081048285	0.8805051006942128	0.013761293808072495
OGG1_multinomial_train_fold1.21	0.018222339242227645	7.294749497309291e-178	0.14823110905689288	0.021672752004621258	0.8118737996962582
UNG_multinomial_train_fold1.19	0.12851555157609607	0.0280144520195396	0.04299920141338754	0.8004707949909768	4.1e-322
UNG_multinomial_train_fold1.20	0.05760263697632134	0.059416160335004985	5.1177774690811936e-96	0.8368891606730278	0.046092042015646
OGG1_multinomial_train_fold1.22	0.030849439028581123	8.904218841954314e-184	0.07700607571539873	0.08916061148159422	0.8029838737744258
UNG_multinomial_train_fold1.21	0.03651210307369098	6.177400375677203e-51	0.041195353725312675	0.9222925432009962	2.329011020523517e-100
UNG_multinomial_train_fold1.22	0.025933984296133073	0.016364090638115898	0.13943678557128142	0.8182651394944696	7.30221169778719e-236
OGG1_multinomial_train_fold1.23	0.031024442816055434	9.819706383398745e-286	0.23510027245693432	0.006610183803617357	0.727265100923393
UNG_multinomial_train_fold1.23	2.337e-321	0.0939966503122082	6.4e-322	0.906003349687792	1.83e-322
UNG_multinomial_train_fold1.24	0.06210935519632388	1.0231803122623335e-211	1.156e-321	0.937890644803676	2.9e-322
OGG1_multinomial_train_fold1.24	5.428162892706745e-39	0.029993707546879297	0.013432830144042387	0.10825531257973058	0.8483181497293479
OGG1_multinomial_train_fold1.25	0.11448275357212591	2.0800969784205077e-29	0.08557796556120516	0.011265161907992578	0.7886741189586766
OGG1_multinomial_train_fold1.26	0.0756595938795443	0.011186997597898412	1.7595229458658092e-26	0.029740155065222137	0.8834132534573351
UNG_multinomial_train_fold1.25	0.016081641035076887	1.4510351310704253e-89	0.2136242445502465	0.7469196177732184	0.023374496641458208
OGG1_multinomial_train_fold1.27	0.039382203707783475	5.6322974216934564e-114	3.74535557685092e-60	0.04184859165552441	0.9187692046366921
UNG_multinomial_train_fold1.26	3.028472079248286e-07	2.184e-321	5.3e-322	0.9999996971527921	2.2e-322
OGG1_multinomial_train_fold1.28	0.03464459826931492	0.0174312598841968	1.5565826736530251e-27	0.038472641639142637	0.9094515002073457
UNG_multinomial_train_fold1.27	0.06107346095750322	1.705e-321	0.2621051258071281	0.6768214132353688	4.215197060490332e-200
UNG_multinomial_train_fold1.28	0.040814643283490944	1.02e-321	5.215263641448501e-55	0.8852556256347409	0.07392973108176816
OGG1_multinomial_train_fold1.29	0.02125650049052717	3.915037280466804e-213	0.018182540771347767	0.12451245352938367	0.8360485052087413
UNG_multinomial_train_fold1.29	0.0883551558459761	1.724e-321	7.351443828924401e-287	0.8302637551442434	0.08138108900978036
OGG1_multinomial_train_fold1.30	0.03975287230371402	0.033061144567657845	0.13487002308286616	0.031149220653230163	0.7611667393925319
UNG_multinomial_train_fold1.30	0.018398824761237526	0.014176661129777212	5.751164913135629e-64	0.9674245141089853	7.415941283263938e-213
OGG1_multinomial_train_fold1.31	0.0359308659663299	5.676809256276964e-147	0.30331832450024093	3.5753215185974255e-11	0.660750809497676
OGG1_multinomial_train_fold1.32	4.8954041280655697e-20	0.006403699779534465	0.04940871897975453	0.05641462919713292	0.887772952043578
UNG_multinomial_train_fold1.31	0.028583992196203948	0.08765833800597465	0.11275743149004805	0.7268659825193698	0.04413425578840338
UNG_multinomial_train_fold1.32	0.1808316498930133	0.05399563531207751	0.07720162751017974	0.6879710872847292	5.43e-322
OGG1_multinomial_train_fold1.33	0.025776074457491367	8.40453782325739e-282	0.15333590231956676	0.03772585740502719	0.7831621658179145
OGG1_multinomial_train_fold1.34	0.022963657857496825	0.01710352388025461	0.12485101159413986	0.011071658903181611	0.8240101477649271
UNG_multinomial_train_fold1.33	0.05832441017508853	1.32e-321	1.342938800702304e-192	0.9416755898249116	6.27e-322
UNG_multinomial_train_fold1.34	4.641681263796187e-42	1.23e-321	0.17348054286520603	0.8200133700657002	0.0065060870690939925
UNG_multinomial_train_fold1.35	0.026505100232907388	0.08606782346692442	7.803084930461219e-260	0.8827045195447615	0.00472255675540674
UNG_multinomial_train_fold1.36	0.12892304850657577	6.616076802784354e-243	0.06289946631442157	0.8081774851790028	7.4397774123648855e-155
OGG1_multinomial_train_fold1.35	0.05347692218935682	5.046432275250201e-39	4.031449498886655e-44	0.03980424310928117	0.906718834701362
UNG_multinomial_train_fold1.37	0.24801695673605118	0.000512929720380434	2.678239886298625e-47	0.7514701135435684	1.5353290233071087e-105
UNG_multinomial_train_fold1.38	0.06474510968026172	0.026737091113884726	5.398350449912915e-225	0.9085177992058536	9.71808948984706e-283
UNG_multinomial_train_fold1.39	0.10416579722104836	2.070512257725875e-183	5.92402569725872e-101	0.8958342027789516	5.6e-322
OGG1_multinomial_train_fold1.36	0.0011948541244141738	0.000580661247293714	0.0009098895025886198	0.08766130675475833	0.909653288370945
UNG_multinomial_train_fold1.40	0.04727025344224384	0.06098785062199222	1.1314579811303871e-176	0.83100871981447	0.0607331761212939
UNG_multinomial_train_fold1.41	0.10095146540909894	0.0335308921378777	3.841546509052796e-98	0.8021586204673774	0.06335902198564611
UNG_multinomial_train_fold1.42	1.6523112061572558e-170	9.091782840490778e-27	0.10802654843226811	0.8919734515677319	1.4826147864195075e-21
UNG_multinomial_train_fold1.43	2.1793884641038256e-139	0.02548763929667231	0.0340724004510554	0.9404399602522723	8.5e-322
OGG1_multinomial_train_fold1.37	0.028092959518316904	0.021105843494079905	8.405667381328754e-51	0.10828704636696769	0.8425141506206354
UNG_multinomial_train_fold1.44	9.617862364016908e-159	1.56e-321	0.05537430772605252	0.9446256922739474	3.4e-322
OGG1_multinomial_train_fold1.38	0.04328742065131832	3.1515105136102315e-215	0.07883259012550238	0.03757510471488056	0.8403048845082988
OGG1_multinomial_train_fold1.39	0.05747739614112681	0.02359920311676581	0.000917070613106158	0.004471524308713943	0.9135348058202875
OGG1_multinomial_train_fold1.40	6.573653650306368e-14	6.098272597728271e-66	0.05938467049523443	0.059440285828596805	0.8811750436761031
UNG_multinomial_train_fold1.45	0.14323173770412392	1.66e-321	1.0424733188301754e-189	0.8567682622958761	2.96e-322
OGG1_multinomial_train_fold1.41	0.03427564304051079	4.6121275634281603e-10	5.366745871791017e-35	0.08678388950060645	0.87894046699767
OGG1_multinomial_train_fold1.42	2.2584768564227995e-36	2.17e-321	0.31105652604885115	2.1032178149773057e-39	0.6889434739511489
OGG1_multinomial_train_fold1.43	1.4010252359634676e-61	0.010375531067986598	1.3789448123685286e-42	0.019370558059778033	0.9702539108722354
UNG_multinomial_train_fold1.46	0.2486525298588436	2.4e-321	1.0627110170772622e-38	0.7377937045422484	0.013553765598908094
OGG1_multinomial_train_fold1.44	0.05902400463120911	0.0028327214223863267	4.709520486327851e-17	0.043923330771153145	0.8942199431752513
UNG_multinomial_train_fold1.47	2.58088293971352e-69	1.186900597795511e-20	1.4282608463135724e-12	0.9999999999985718	2.1512924541125318e-269
OGG1_multinomial_train_fold1.45	4.3793628925846034e-64	0.03559164384118663	0.08870281296902537	0.007277016671558676	0.8684285265182293
OGG1_multinomial_train_fold1.46	0.02961636059439384	2.6717074018523294e-253	0.08434256350529538	0.05466101092757932	0.8313800649727314
OGG1_multinomial_train_fold1.47	0.04451397753765387	4.46949871926999e-59	1.7976151621698627e-95	0.07349566861611091	0.8819903538462354
OGG1_multinomial_train_fold1.48	0.09448508931033908	0.011730222490592612	0.008173850391923696	0.05425838550987306	0.8313524522972715
UNG_multinomial_train_fold1.48	0.004680896483680645	9.433026985135987e-74	1.128554837443289e-209	0.9905249004843399	0.004794203031979393
RNF168_multinomial_train_fold1	0.9257467072384344	0.07138847841359465	1.2731995008235704e-150	1.2616839582060786e-89	0.0028648143479709258
RNF168_multinomial_train_fold1.1	0.8517765946853737	0.14822340531462638	8.05e-322	1.82e-321	4.88265e-319
RNF168_multinomial_train_fold1.2	0.9238109145253365	0.038971498780204734	2.0052331686198676e-210	1.487e-321	0.037217586694458786
RNF168_multinomial_train_fold1.3	0.8981411940729359	0.10185880592706406	9.93e-322	1.14e-321	2.1425955435490046e-186
RNF168_multinomial_train_fold1.4	0.8938045744384598	0.08385154989841472	1.423e-321	9.8e-322	0.02234387566312552
RNF168_multinomial_train_fold1.5	0.8500893816707045	0.1411984867574313	6.51583136e-316	0.008712131571864134	1.65e-321
RNF168_multinomial_train_fold1.6	0.876811974089875	0.12318802591012498	4.3e-322	7.242864e-317	5.6e-322
RNF168_multinomial_train_fold1.7	0.9227650638317165	0.05668147625995526	1.22e-321	9.8e-322	0.020553459908328083
RNF168_multinomial_train_fold1.8	1.0	2.8451694863418265e-136	7.076811679844699e-171	1.873e-321	4.4e-322
RNF168_multinomial_train_fold1.9	0.9195646660860692	0.025543592312871413	1.0185444313382693e-180	1.937e-321	0.054891741601059384
RNF168_multinomial_train_fold1.10	1.0	7.365585843068134e-181	5.2e-322	1.02e-321	2.87e-322
RNF168_multinomial_train_fold1.11	0.98868581715779	0.006653021646567155	0.004661161195642894	4.0420974841754416e-148	1.6303988701036283e-199
RNF168_multinomial_train_fold1.12	0.9849640499977168	3.904069888143958e-79	6.9e-322	4.2e-322	0.015035950002283055
RNF168_multinomial_train_fold1.13	0.8732801506322229	0.09992546303779422	1.5291619409697102e-293	1.443e-321	0.026794386329982937
RNF168_multinomial_train_fold1.14	0.9648306848731393	0.035169315126860674	1.9738686950320964e-306	1.58e-321	3.3773042420532e-198
RNF168_multinomial_train_fold1.15	0.985045152123789	1.7470856849053144e-22	9.561631824701832e-236	1.25e-321	0.01495484787621107
RNF168_multinomial_train_fold1.16	0.9906956181777296	2.9319808339391903e-134	0.009304381822270419	1.28e-321	2.7803418900238557e-139
RNF168_multinomial_train_fold1.17	0.9457407742496182	0.0542592257503817	1.69e-321	1.72e-321	2.2004239810961217e-133
RNF168_multinomial_train_fold1.18	0.9664346346972279	1.897e-321	2.1183287205269987e-50	1.566e-321	0.03356536530277206
