Samples	SBS96A	SBS96B	SBS96C	SBS96D
EXO1_0_real_train1	0.7366983047286398	0.2583579427904526	0.004943752480907571	1.6989808437460265e-73
OGG1_0_real_train1	0.015351183860976668	1.7735728314558357e-11	0.9846488161212876	4.893650703960304e-29
RNF168_0_real_train1	0.6797003457792188	0.23941649698214412	0.08088315723863712	1.6933259385907162e-77
UNG_0_real_train1	0.11987661193943441	0.8801233880605656	2.8e-322	6.5e-322
ATP2B4_0_real_train1	0.09533135044788678	0.4306518191154485	0.22463856308170943	0.2493782673549553
ATP2B4_1_real_train1	0.033361100094118364	0.12983335340732885	0.25647739476472486	0.5803281517338278
MLH1_0_real_train1	1.0	5.3e-322	1.7e-322	3.36e-322
MSH2_0_real_train1	1.0	1.04e-321	1.63e-322	4.94e-322
MSH6_0_real_train1	1.0	5.34e-322	1.7e-322	3.4e-322
MSH6_1_real_train1	1.0	3.5e-322	1.63e-322	3.36e-322
PMS1_0_real_train1	0.07177449712980098	0.015260092816799084	3.3e-322	0.9129654100533998
PMS2_0_real_train1	1.0	2.5e-322	4.84e-322	2.4e-322
EXO1_0_multinomial_train1	0.7532023735321792	0.21222548150439488	0.03457214496342598	9.126842919073754e-238
EXO1_0_multinomial_train1.1	0.736761450189299	0.263238549810701	2.124e-321	1.1903247099773831e-182
EXO1_0_multinomial_train1.2	0.7621149125126951	0.2378850874873049	3.152269694815149e-83	9.75219070353496e-79
EXO1_0_multinomial_train1.3	0.6740187513720508	0.32598124862794925	1.595600621931851e-74	6.612301027035372e-178
EXO1_0_multinomial_train1.4	0.7139060708993079	0.28609392910069203	1.5339252280713282e-183	3.7206028402912885e-174
EXO1_0_multinomial_train1.5	0.700779374078259	0.2992206259217409	1.457e-321	2.0290293152168648e-104
EXO1_0_multinomial_train1.6	0.8029613384513419	0.1315799541919416	0.06545870735671648	1.440977293647868e-219
EXO1_0_multinomial_train1.7	0.7335226867415929	0.266477313258407	9.462159070225118e-220	7.304969402930857e-114
EXO1_0_multinomial_train1.8	0.7819841368674869	0.21639111320167154	0.0016247499308416505	7.932307267916361e-93
EXO1_0_multinomial_train1.9	0.7494016917038218	0.25059830829617824	2.101e-320	3.412420480277071e-163
EXO1_0_multinomial_train1.10	0.7024796685581579	0.2975203314418421	7.877850105394823e-149	1.5215129165265338e-133
EXO1_0_multinomial_train1.11	0.6706842676128396	0.2759443586114066	3.3709739290674607e-108	0.05337137377575393
EXO1_0_multinomial_train1.12	0.7275726861660503	0.2008496541028561	0.036801359596172804	0.03477630013492078
EXO1_0_multinomial_train1.13	0.7491630441812436	0.25083695581875654	4.2480912852773265e-255	3.2259229709653e-204
EXO1_0_multinomial_train1.14	0.7415507146894325	0.2584492853105677	3.227512563799459e-150	9.15772686292105e-82
EXO1_0_multinomial_train1.15	0.7615252196339409	0.23847478036605907	2.48e-321	8.756562749747849e-256
EXO1_0_multinomial_train1.16	0.7780131857308532	0.20884794636050333	0.013138867908643643	5.139644053677371e-164
EXO1_0_multinomial_train1.17	0.7819064867477282	0.21809351325227175	1.863e-321	1.4716936747857623e-274
EXO1_0_multinomial_train1.18	0.7304312675843553	0.21368949429972378	0.055879238115920916	4.678696805864911e-31
EXO1_0_multinomial_train1.19	0.7560079526312136	0.23338714500908037	0.010604902359706103	9.274174934146539e-157
EXO1_0_multinomial_train1.20	0.7279617288884237	0.25685045693015335	0.01518781418142287	4.1450193851555565e-115
EXO1_0_multinomial_train1.21	0.7798751673204035	0.21321140319016588	0.006913429489430519	1.0527426091091263e-111
EXO1_0_multinomial_train1.22	0.6918856675201573	0.29463785537936416	4.298032376520715e-92	0.01347647710047861
EXO1_0_multinomial_train1.23	0.6686507008136147	0.3313492991863853	1.537e-321	2.669701716034456e-239
EXO1_0_multinomial_train1.24	0.743402045009282	0.2565979549907181	2.303493214718426e-71	3.3656835378669667e-252
EXO1_0_multinomial_train1.25	0.7548782000086394	0.2451217999913607	8.2654e-319	9.861682390911172e-90
EXO1_0_multinomial_train1.26	0.7496327012320061	0.2503672987679939	1.860688585711705e-271	1.0129685948635012e-135
EXO1_0_multinomial_train1.27	0.738456132433317	0.26154386756668296	2.28e-321	3.46e-321
EXO1_0_multinomial_train1.28	0.7557984676424281	0.24420153235757192	1.63e-321	1.6975840867183086e-103
EXO1_0_multinomial_train1.29	0.7907987128073253	0.20920128719267467	2.604e-321	5.56630374146614e-97
EXO1_0_multinomial_train1.30	0.788504195017819	0.1737264895098341	0.037769315472346826	2.6713276901086093e-142
EXO1_0_multinomial_train1.31	0.7581144508697674	0.24188554913023264	5.0511432766640804e-142	1.0385332418968247e-191
EXO1_0_multinomial_train1.32	0.7327522788663902	0.26724772113360995	1.6016856104145247e-116	3.676e-321
EXO1_0_multinomial_train1.33	0.7734357076768681	0.1933294828297752	0.03323480949335682	5.230732313773493e-45
EXO1_0_multinomial_train1.34	0.6867245444451715	0.31327545555482833	3.1523354748289984e-170	3.404498034991103e-122
EXO1_0_multinomial_train1.35	0.7106276152623805	0.28245995246818484	0.0069124322694346	2.63827804102521e-80
EXO1_0_multinomial_train1.36	0.7608840840523777	0.20956984212366903	0.014943568579837899	0.01460250524411521
EXO1_0_multinomial_train1.37	0.7201077145884285	0.24524553568927202	0.03464674972229951	1.9439888584424429e-28
EXO1_0_multinomial_train1.38	0.7863548845261379	0.20487634755933998	0.008768767914522302	9.577297031854788e-103
EXO1_0_multinomial_train1.39	0.757570501556183	0.23242235278569734	0.010007145658119639	2.3010908889830802e-147
EXO1_0_multinomial_train1.40	0.6744472509599191	0.3255527490400811	1.0288228450659107e-84	1.0456540174211434e-34
EXO1_0_multinomial_train1.41	0.6818743569969603	0.3181256430030397	1.4498229993226737e-234	4.46159783940961e-177
EXO1_0_multinomial_train1.42	0.7006669275973603	0.29933307223520617	7.123968269237551e-21	1.6743364557263957e-10
EXO1_0_multinomial_train1.43	0.835333994373992	0.1546036249706878	0.010062380655320162	1.4263595358436566e-184
EXO1_0_multinomial_train1.44	0.7463839201828586	0.25361607981714135	7.257498756620421e-192	1.544448229511371e-134
EXO1_0_multinomial_train1.45	0.7789129462016599	0.1770335459603758	0.04405350783796421	1.3951976458230363e-96
EXO1_0_multinomial_train1.46	0.7864597871599933	0.16925242591306797	0.04428778692693885	8.530263440984679e-122
EXO1_0_multinomial_train1.47	0.7428116137731617	0.24142287178321023	0.015765514443628094	4.924883489796847e-32
EXO1_0_multinomial_train1.48	0.7849993292733503	0.21500067072651502	1.3482646484181573e-13	2.2235924554443785e-274
EXO1_0_multinomial_train1.49	0.6367795768511505	0.31839720708276664	0.03029890121145819	0.014524314854624689
EXO1_0_multinomial_train1.50	0.7158925502028195	0.28410744979718056	3.002580252260367e-109	4.35391489027143e-176
EXO1_0_multinomial_train1.51	0.7352459818949366	0.2647539913536674	2.6751396051241552e-08	7.077128299849563e-224
EXO1_0_multinomial_train1.52	0.7685452155032331	0.21441685692816462	0.017037927568602357	6.863114969930847e-104
EXO1_0_multinomial_train1.53	0.7173025322467124	0.2593896888459317	5.562320885282044e-98	0.023307778907355865
EXO1_0_multinomial_train1.54	0.7178768230723107	0.2346851076223731	0.04743806930531603	1.8473840514503566e-141
EXO1_0_multinomial_train1.55	0.7561749254159235	0.23633079628241724	0.007494278301659158	3.749403728947118e-64
EXO1_0_multinomial_train1.56	0.7874324801867953	0.21256751981320451	2.67e-321	1.1941944520404805e-267
EXO1_0_multinomial_train1.57	0.7094103237888715	0.282698200672864	0.007891475538264532	1.4149223288090612e-40
EXO1_0_multinomial_train1.58	0.7797422722091308	0.22025772779086916	1.754e-321	7.819031049724241e-166
EXO1_0_multinomial_train1.59	0.7312631597830659	0.26873684021693395	2.974e-321	1.2167191403786103e-79
EXO1_0_multinomial_train1.60	0.7322946833867041	0.23842329657427927	0.029282020039016646	1.8130404882814566e-86
EXO1_0_multinomial_train1.61	0.7308146030550008	0.2665878474822905	0.0025975494627086143	4.208577320214877e-133
EXO1_0_multinomial_train1.62	0.77374406318152	0.21989688326089693	0.006359053557582923	8.394960180915472e-17
EXO1_0_multinomial_train1.63	0.6967715304210763	0.2896256537365046	0.013602815842419047	5.35209205450392e-102
EXO1_0_multinomial_train1.64	0.7220980849089972	0.26543833069429995	0.01246358439670275	5.500022842466008e-160
EXO1_0_multinomial_train1.65	0.7340465238175413	0.22179244428433648	0.04416103189812221	1.2430644220956077e-67
EXO1_0_multinomial_train1.66	0.726670404762953	0.2733295952370469	2.683e-321	3.293584218281545e-204
EXO1_0_multinomial_train1.67	0.66868649577402	0.3286228457005517	0.0026906585254283734	1.0002056270777883e-92
EXO1_0_multinomial_train1.68	0.6820800600402108	0.30993036718194766	0.007989572777841573	2.418234778807698e-76
EXO1_0_multinomial_train1.69	0.781121148930675	0.21887885106932492	1.32e-321	2.57464381483133e-295
EXO1_0_multinomial_train1.70	0.7061988698997159	0.2501247940189336	0.04367633608135046	4.7482122165073964e-182
EXO1_0_multinomial_train1.71	0.7690388427573924	0.21951198375843592	0.011449173484171795	4.127090043520873e-74
EXO1_0_multinomial_train1.72	0.7217014919768998	0.24701080333794054	0.03128770468515962	8.794425549029276e-96
EXO1_0_multinomial_train1.73	0.7292217531733591	0.26848379313233656	0.002294453694304148	2.0715657593569984e-19
EXO1_0_multinomial_train1.74	0.77700424031268	0.22299575968731997	1.11158331912e-312	3.00621876839475e-253
EXO1_0_multinomial_train1.75	0.6934636473140843	0.30653635268591567	1.443e-321	1.9565358799918818e-221
EXO1_0_multinomial_train1.76	0.7031302567036937	0.2952514578061332	2.7048161562300887e-35	0.0016182854901729477
EXO1_0_multinomial_train1.77	0.7612586836482059	0.20397119030791128	0.03477012604388278	1.1654443228242502e-90
EXO1_0_multinomial_train1.78	0.7054087281759776	0.28527675269965846	0.009314519124364167	1.532630311607404e-66
EXO1_0_multinomial_train1.79	0.7153483753386936	0.27318973720794854	0.01146188745335798	8.166154545391954e-67
EXO1_0_multinomial_train1.80	0.7478433915472055	0.25215660845279453	2.78e-321	2.9e-321
EXO1_0_multinomial_train1.81	0.7593197759025745	0.18208267135579384	0.05859755274163164	4.625882312111779e-115
EXO1_0_multinomial_train1.82	0.7457165391176974	0.2279041743861127	0.026379286496190032	6.738945363951516e-135
EXO1_0_multinomial_train1.83	0.6846204058957086	0.28118330427404176	5.239111597028124e-71	0.03419628983024964
EXO1_0_multinomial_train1.84	0.7664980685583744	0.19668643346060777	0.03681549798101785	3.1953071384180347e-81
EXO1_0_multinomial_train1.85	0.7714767488548958	0.2285232511450958	2.767e-321	8.247887303648854e-15
EXO1_0_multinomial_train1.86	0.7477788569306617	0.2419487052228256	0.0040208744929043794	0.006251563353608394
EXO1_0_multinomial_train1.87	0.6976064199305467	0.3023935800694533	6.814656392593787e-125	3.98227976728204e-180
EXO1_0_multinomial_train1.88	0.741066863060557	0.20973309051428454	0.04920004642515844	3.6234152594057974e-122
EXO1_0_multinomial_train1.89	0.7354925003986037	0.23471864226774414	0.029788857333652122	3.1810904318239216e-163
EXO1_0_multinomial_train1.90	0.7528745356681906	0.24712546433180937	1.734e-321	1.9201776219850718e-167
EXO1_0_multinomial_train1.91	0.8168535930862058	0.16184238855915548	0.02130401835463888	2.8206045311801612e-117
EXO1_0_multinomial_train1.92	0.7159682969441836	0.24406424935999382	8.392563941995511e-57	0.039967453695822545
EXO1_0_multinomial_train1.93	0.7313860708841213	0.26861392911587867	4.2768893732057674e-146	3.3386106532405966e-264
EXO1_0_multinomial_train1.94	0.684008252895403	0.31599174710459715	1.5151133829070636e-226	4.417049966703866e-45
EXO1_0_multinomial_train1.95	0.7404217615710109	0.22189118193241583	1.6584068368092286e-210	0.0376870564965733
EXO1_0_multinomial_train1.96	0.8730836431376597	0.11210443858706463	0.014811918275275619	2.5524903069659343e-82
EXO1_0_multinomial_train1.97	0.6430644296952335	0.33811920927290123	0.006362686325231875	0.012453674706633522
EXO1_0_multinomial_train1.98	0.6982513183491639	0.2580191029862152	0.018477630297259975	0.025251948367360878
OGG1_0_multinomial_train1	8.201007285957183e-196	0.0651696107479684	0.9348303892520318	9.911946247218348e-18
OGG1_0_multinomial_train1.1	0.02311876741827819	9.175608751866544e-33	0.9768812325817218	4.614945387636827e-91
OGG1_0_multinomial_train1.2	0.016486883914099852	2.573935106920956e-06	0.9139868633224745	0.06952367882831878
OGG1_0_multinomial_train1.3	1.724e-321	3.778310619749787e-182	1.0	1.9840023219987047e-184
OGG1_0_multinomial_train1.4	1.09e-321	2.406313344006434e-298	0.9999999999999999	1.2402567667651815e-272
OGG1_0_multinomial_train1.5	0.01295834007704981	0.01719231931933553	0.9698493406036147	2.7279344396865617e-31
OGG1_0_multinomial_train1.6	3.593875755199128e-224	0.02557053690849687	0.84662786474225	0.12780159834925314
OGG1_0_multinomial_train1.7	2.9282891011668878e-43	1.3755884986239197e-84	1.0	2.1586061451706352e-100
OGG1_0_multinomial_train1.8	1.44e-321	5.14e-322	1.0	5.151993798358459e-287
OGG1_0_multinomial_train1.9	1.354e-321	1.7076571581752086e-279	1.0	1.9685561052332494e-267
OGG1_0_multinomial_train1.10	1.1095881303563923e-47	4.9885272452262195e-59	1.0	6.943289755310916e-109
OGG1_0_multinomial_train1.11	2.869755875526619e-243	1.8348775339727958e-234	1.0	5.0338294391490094e-192
OGG1_0_multinomial_train1.12	0.056722796777196764	0.01962954378439405	0.9236476594384093	2.5297920373009697e-17
OGG1_0_multinomial_train1.13	3.570753767644981e-130	0.007597833981969733	0.9924021660180302	3.4992140658272306e-66
OGG1_0_multinomial_train1.14	3.1218294094487645e-174	0.04285563316732861	0.9345219195537189	0.022622447278952323
OGG1_0_multinomial_train1.15	0.013365857301203462	4.565089799297099e-75	0.9866341426987966	3.0851184679455277e-77
OGG1_0_multinomial_train1.16	3.109550517760824e-129	3.5653574781634345e-107	1.0	1.6162528937371558e-102
OGG1_0_multinomial_train1.17	1.8319164684547206e-50	0.03282171402091838	0.9671782859790816	1.1931138861502822e-50
OGG1_0_multinomial_train1.18	2.477061211693961e-121	1.1972674287120782e-15	0.9999999999582018	4.1797071923186583e-11
OGG1_0_multinomial_train1.19	0.02296551531930283	4.8065748003591216e-40	0.9770344846806972	1.0567675864962555e-93
OGG1_0_multinomial_train1.20	7.619788599567141e-107	3.472652728778468e-119	0.9999999999999999	1.921938563706682e-144
OGG1_0_multinomial_train1.21	1.207914975760778e-32	0.019132176618534655	0.9491001460515229	0.03176767732994248
OGG1_0_multinomial_train1.22	0.010591083886438049	7.323821630952392e-44	0.9894089161135619	1.4162595141371828e-52
OGG1_0_multinomial_train1.23	5.440570283776192e-145	0.060963157916233676	0.9387338224768584	0.00030301960690799437
OGG1_0_multinomial_train1.24	2.9342133991584185e-71	0.025411570780144686	0.8078584338521156	0.1667299953677396
OGG1_0_multinomial_train1.25	3.83623411157521e-238	0.000541212942930898	0.999458787057069	3.9118485007220016e-100
OGG1_0_multinomial_train1.26	0.011747522807032503	4.458624795095878e-12	0.9882524765845956	6.039132057677914e-10
OGG1_0_multinomial_train1.27	6.256994665336994e-147	2.914791036778042e-88	0.9999999999999999	3.168683421514897e-142
OGG1_0_multinomial_train1.28	1.1085683824781458e-53	3.6764876305502896e-33	1.0	8.631405448935865e-19
OGG1_0_multinomial_train1.29	0.011153427049899039	8.201720941692324e-99	0.9888465729501008	7.0072639238756e-95
OGG1_0_multinomial_train1.30	0.004483142408398537	1.0503992256442668e-96	0.9955168575916016	1.3328072649785872e-75
OGG1_0_multinomial_train1.31	3.333212512089636e-94	2.813909455057196e-45	0.8785421100356878	0.12145788996431219
OGG1_0_multinomial_train1.32	0.03835061962610881	1.0895920742822536e-11	0.9600573885213277	0.0015919918416674968
OGG1_0_multinomial_train1.33	1.47e-321	5.93e-322	0.9999999999999999	1.0813926890383019e-266
OGG1_0_multinomial_train1.34	0.04349575501812101	7.115419306708247e-19	0.956504244981879	4.668092539270463e-53
OGG1_0_multinomial_train1.35	2.001116115494447e-219	4.611036263693339e-111	1.0	2.2184016538569802e-149
OGG1_0_multinomial_train1.36	3.673479969064555e-95	1.027941395062487e-42	0.9999999999999999	6.796029048568246e-86
OGG1_0_multinomial_train1.37	0.03468800527237902	8.028243669544558e-61	0.9653119947276211	4.3367068745643466e-67
OGG1_0_multinomial_train1.38	0.029434081925074008	0.04780508113341093	0.8985964508739155	0.024164386067599502
OGG1_0_multinomial_train1.39	0.009199587160163586	6.023188032956991e-48	0.9908004128398364	3.3552767798119523e-68
OGG1_0_multinomial_train1.40	2.739051450150613e-98	1.21369928852263e-310	1.0	1.0682542152943793e-217
OGG1_0_multinomial_train1.41	1.457e-321	1.7064364330067935e-267	0.9999999999999999	1.7777321385524974e-235
OGG1_0_multinomial_train1.42	2.7861281607848152e-65	1.0217138944506766e-25	0.7913449661860221	0.2086550338139779
OGG1_0_multinomial_train1.43	0.016862460368351633	3.215344715741845e-51	0.9831375396316484	7.297670072861569e-104
OGG1_0_multinomial_train1.44	2.85838694257336e-253	4.115510551432429e-143	1.0	1.8720330569946968e-147
OGG1_0_multinomial_train1.45	1.8271045963677312e-52	0.05825143895409454	0.9396718736888197	0.0020766873570857726
OGG1_0_multinomial_train1.46	1.32923557375349e-38	6.122195613021212e-134	1.0	2.973266271981018e-83
OGG1_0_multinomial_train1.47	8.124768937134884e-37	0.05153869721856725	0.9372965936364406	0.011164709144992116
OGG1_0_multinomial_train1.48	5.145601695577005e-60	0.05324312151836653	0.9467568784816335	1.6257058160438175e-17
OGG1_0_multinomial_train1.49	0.04317935034594613	0.03374942243589469	0.9230711588657335	6.835242551993174e-08
OGG1_0_multinomial_train1.50	0.02071166156412646	1.9020596722935832e-73	0.9122895719320898	0.0669987665037836
OGG1_0_multinomial_train1.51	0.03607804655558015	0.0249774955508713	0.9389444578911782	2.370474932245858e-12
OGG1_0_multinomial_train1.52	1.1479090254717087e-136	6.203764225017679e-117	1.0	9.126733489278737e-92
OGG1_0_multinomial_train1.53	5.22089780532554e-204	7.972055533338221e-139	1.0	8.194966003031045e-174
OGG1_0_multinomial_train1.54	1.344e-321	6.23e-322	1.0	5.908887208663961e-274
OGG1_0_multinomial_train1.55	4.811013998459997e-37	1.2291689998337885e-48	0.8055904931165078	0.19440950688349223
OGG1_0_multinomial_train1.56	1.3608739213550123e-35	0.07508190761600746	0.8089668453708102	0.11595124701318238
OGG1_0_multinomial_train1.57	0.0072444396746995645	1.6650700857609622e-28	0.9927555603253004	7.554757596919448e-48
OGG1_0_multinomial_train1.58	2.3290707373774548e-30	6.880259709216045e-06	0.8763886278846051	0.12360449185568555
OGG1_0_multinomial_train1.59	4.862040253281768e-15	0.02843679979168195	0.8638082115348654	0.10775498867344788
OGG1_0_multinomial_train1.60	0.039638800173386855	0.06539129329721584	0.8707844915022703	0.024185415027127066
OGG1_0_multinomial_train1.61	0.050953677488934056	0.04283002746876774	0.9062162949358027	1.0649533744663906e-10
OGG1_0_multinomial_train1.62	3.3920291006376033e-72	3.662771844152377e-102	0.9999999999999999	9.007018373411711e-49
OGG1_0_multinomial_train1.63	0.012762696826504074	1.0452976911899818e-152	0.9872373031734958	5.225373910051213e-66
OGG1_0_multinomial_train1.64	0.01453799786068602	1.1812215321736829e-20	0.985462002139314	3.192400628562947e-36
OGG1_0_multinomial_train1.65	2.0135659618062975e-46	0.11097395265402232	0.8889895675484633	3.647979751458219e-05
OGG1_0_multinomial_train1.66	0.01548349239475587	0.013683866812610706	0.9708325541600037	8.663262981693367e-08
OGG1_0_multinomial_train1.67	1.841980142346609e-15	0.1229781684722282	0.8632252618842657	0.013796569643504205
OGG1_0_multinomial_train1.68	1.702557510297668e-165	0.004094333868710502	0.9959056661312895	1.0749650688566475e-54
OGG1_0_multinomial_train1.69	0.0017221701835109494	0.008963358606240172	0.9414962218145492	0.047818249395699675
OGG1_0_multinomial_train1.70	2.3591953717304842e-188	0.006104296332394172	0.9938957036676059	9.375285834694092e-95
OGG1_0_multinomial_train1.71	1.5e-321	2.0368781919416577e-116	1.0	3.130872837202633e-132
OGG1_0_multinomial_train1.72	0.005587788113065741	3.668032365371308e-58	0.9944122118869343	1.1402145778679836e-50
OGG1_0_multinomial_train1.73	0.007169086054174403	2.922653953551648e-83	0.9928309139458255	1.199116482670969e-54
OGG1_0_multinomial_train1.74	1.6470175577321853e-146	2.3755147443059334e-42	0.9999999999999999	1.5394321613353758e-32
OGG1_0_multinomial_train1.75	1.947e-321	5.0470600355387695e-269	1.0	1.164709800972107e-253
OGG1_0_multinomial_train1.76	6.381843099365389e-35	0.025962323470996237	0.9740376125500523	6.397895153980358e-08
OGG1_0_multinomial_train1.77	9.292947950428427e-216	2.915192121243408e-161	0.9999999999999999	2.0075869340518556e-119
OGG1_0_multinomial_train1.78	5.3688902400501854e-61	0.02784561291711667	0.9721543870828835	1.5510418802652605e-51
OGG1_0_multinomial_train1.79	8.35e-322	1.1285965634885875e-204	0.9999999999999999	1.6472695316658748e-224
OGG1_0_multinomial_train1.80	2.2260608364525683e-10	2.1284093374073824e-76	0.999999999777394	3.3127978671408123e-139
OGG1_0_multinomial_train1.81	1.235e-321	1.5344114210990244e-253	0.9999999999999999	3.24774001865277e-227
OGG1_0_multinomial_train1.82	3.2546311932711975e-184	6.523687399545573e-38	1.0	5.144972241818266e-67
OGG1_0_multinomial_train1.83	0.0005693418979381681	0.007216614776706176	0.9809406077474125	0.011273435577943214
OGG1_0_multinomial_train1.84	1.9624139196689257e-38	0.05184642346162689	0.9481535765383731	5.365025210713628e-25
OGG1_0_multinomial_train1.85	0.00209053013679671	0.05270962899793751	0.9451998408652657	5.586734087128301e-60
OGG1_0_multinomial_train1.86	2.119375893989571e-112	0.043248537204678986	0.956751462795321	1.1230086717942938e-40
OGG1_0_multinomial_train1.87	0.023920051694632048	3.58058935816785e-55	0.9760799483053679	1.0705788343789626e-72
OGG1_0_multinomial_train1.88	0.014911210306429938	7.548714398794342e-43	0.8588833521289657	0.12620543756460423
OGG1_0_multinomial_train1.89	2.0489984830113888e-09	0.06376928739399668	0.936230663134316	4.7422688855819776e-08
OGG1_0_multinomial_train1.90	0.042029553859380106	8.84299807531422e-28	0.9579704461406198	3.147939304114621e-75
OGG1_0_multinomial_train1.91	0.023361058902369215	0.010049049071773097	0.9106322397320757	0.05595765229378216
OGG1_0_multinomial_train1.92	0.008041303380577418	0.018184367504484728	0.8723986022512352	0.1013757268637027
OGG1_0_multinomial_train1.93	4.716782899838933e-170	6.0856184873589934e-127	0.9999999999999999	1.6989647545806817e-97
OGG1_0_multinomial_train1.94	0.01788495005991463	3.048601432782565e-15	0.9821150499400824	1.0616113059418054e-51
OGG1_0_multinomial_train1.95	3.1651894461147743e-262	3.658326882554059e-05	0.9999634167311744	5.369739000383566e-102
OGG1_0_multinomial_train1.96	7.554963009720653e-141	6.22904555273464e-132	1.0	2.127089622991344e-124
OGG1_0_multinomial_train1.97	1.8499977411344226e-134	4.481245320751703e-150	1.0	5.282541078222293e-122
OGG1_0_multinomial_train1.98	1.0664836127132965e-123	0.05161608035602768	0.945829669482131	0.0025542501618412337
RNF168_0_multinomial_train1	0.7072336602022908	0.15870683077312187	0.12896505408048584	0.005094454944101509
RNF168_0_multinomial_train1.1	0.6194335219406193	0.26696831515239783	0.11359816290698306	3.2558928289195874e-139
RNF168_0_multinomial_train1.2	0.8372871188967808	2.7672635125357983e-16	0.16271288110321896	7.832732513052998e-216
RNF168_0_multinomial_train1.3	0.7243117003590294	0.20045223640399332	0.07523606323697728	3.398830448786853e-273
RNF168_0_multinomial_train1.4	0.5513301413507247	0.42210918062606667	0.026560678023208648	1.139760515761611e-106
RNF168_0_multinomial_train1.5	0.7120163739110634	0.23552641087985773	0.05245721520907887	5.586795089182738e-181
RNF168_0_multinomial_train1.6	0.7629658536281221	0.0962662321598866	0.14076791421199125	3.3954438865353288e-149
RNF168_0_multinomial_train1.7	0.7915454926888583	0.138561123848496	0.06989338346264554	2.1534420662067456e-162
RNF168_0_multinomial_train1.8	0.7341589736073172	0.10618661929197337	0.07328178579184315	0.08637262130886622
RNF168_0_multinomial_train1.9	0.7591258734533662	0.14507562430228466	0.0957985022443491	3.2803473601858684e-135
RNF168_0_multinomial_train1.10	0.6648329065783789	0.25933521231869955	0.07583188110292151	1.2171933069785814e-157
RNF168_0_multinomial_train1.11	0.7981788610460698	0.11718549034096742	0.08463564861296258	6.427220497622829e-108
RNF168_0_multinomial_train1.12	0.5596600325068715	0.3726512152931434	0.067688752199985	1.3693998122844612e-36
RNF168_0_multinomial_train1.13	0.6746181373575624	0.32538186264243774	1.29e-321	6.976998768232739e-210
RNF168_0_multinomial_train1.14	0.6541192640207656	0.23481603402360982	0.11106470195562454	8.104108217002044e-184
RNF168_0_multinomial_train1.15	0.619818501162655	0.2644760969156628	1.966955425478156e-178	0.11570540192168229
RNF168_0_multinomial_train1.16	0.67548316846036	0.12277522212081637	0.20174160941882344	1.0312367824342798e-49
RNF168_0_multinomial_train1.17	0.6292518136751714	0.3102423014223407	0.03451593269966052	0.02598995220282743
RNF168_0_multinomial_train1.18	0.6615532611870456	0.33844673881295445	1.2634685554733606e-291	5.284349709004303e-62
RNF168_0_multinomial_train1.19	0.5953050624961177	0.31201731058885085	0.09267762691503145	2.105e-321
RNF168_0_multinomial_train1.20	0.6484532193365975	0.2916129385100657	0.0518055041273224	0.008128338026014491
RNF168_0_multinomial_train1.21	0.5246800031496344	0.4753199968503656	1.003e-321	7.767503655385939e-111
RNF168_0_multinomial_train1.22	0.6697728682088828	0.26368921617057767	0.06653791562053957	5.723778616211043e-184
RNF168_0_multinomial_train1.23	0.7027667144867358	0.19344317954849008	0.09077699065362733	0.013013115311146965
RNF168_0_multinomial_train1.24	0.6524604321946111	0.17717470005963448	0.17036486774575438	8.456999579216949e-215
RNF168_0_multinomial_train1.25	0.6513283122188293	0.33616172248785214	0.012509965293318505	1.3107996110446081e-210
RNF168_0_multinomial_train1.26	0.5547543196949997	0.34267394314924354	0.10257173715575668	3.404576158180371e-245
RNF168_0_multinomial_train1.27	0.5352662938323612	0.3734051298009324	0.09132857636670628	2.5217723690387986e-174
RNF168_0_multinomial_train1.28	0.5755679117265338	0.34155037308406605	0.07107663863310684	0.011805076556293528
RNF168_0_multinomial_train1.29	0.5794913439111904	0.2258395881647247	0.038835423227682915	0.15583364469640193
RNF168_0_multinomial_train1.30	0.7755475450900914	0.13183666666790275	0.09261578824200588	8.51058267331293e-156
RNF168_0_multinomial_train1.31	0.6366983598308416	0.28736351970289475	3.762543845786179e-161	0.07593812046626365
RNF168_0_multinomial_train1.32	0.7038654843481608	0.1740977069512312	0.12203680870060807	1.685125204116466e-23
RNF168_0_multinomial_train1.33	0.7031867939403716	0.2900600857786622	0.006753120280966236	9.507911891370052e-229
RNF168_0_multinomial_train1.34	0.6128139514912587	0.3230360683192753	0.06414998018946605	1.0325179559469924e-163
RNF168_0_multinomial_train1.35	0.6756130305504838	0.13562229102208564	0.1887646784274306	2.5389685293365625e-154
RNF168_0_multinomial_train1.36	0.5493216762620593	0.4506783237379407	1.887e-321	2.7423875287843564e-74
RNF168_0_multinomial_train1.37	0.6767151564441122	0.20623519448582256	0.08879067699164934	0.028258972078415812
RNF168_0_multinomial_train1.38	0.774074765001538	0.2259252349984619	1.164002140684164e-70	2.663e-321
RNF168_0_multinomial_train1.39	0.7563456472234318	0.13348238973636636	0.11017196304020187	4.640352145374526e-187
RNF168_0_multinomial_train1.40	0.8066245584933541	0.008901688433562987	0.18447375307308292	1.2216363058458683e-123
RNF168_0_multinomial_train1.41	0.7682359246741906	0.11755395325328839	0.1142101220725212	1.8757612635712503e-265
RNF168_0_multinomial_train1.42	0.6315118944996423	0.2646920474833275	0.08337700586137846	0.0204190521556517
RNF168_0_multinomial_train1.43	0.6814996032029319	0.22827574596423944	0.09022465083282878	7.497249639432943e-87
RNF168_0_multinomial_train1.44	0.688425487125998	0.1868873230235465	0.12468718985045561	5.934979732994215e-24
RNF168_0_multinomial_train1.45	0.6599814460539394	0.22958139993336055	0.11043715401270006	9.39816939919417e-179
RNF168_0_multinomial_train1.46	0.5667952949357276	0.2990848619924571	0.13411983631213986	6.759675625425166e-09
RNF168_0_multinomial_train1.47	0.5940153745290465	0.34235362010744247	2.14e-321	0.06363100536351111
RNF168_0_multinomial_train1.48	0.7111691506036932	0.05411616956552443	0.23471467983078234	2.144e-321
RNF168_0_multinomial_train1.49	0.6065936013486479	0.3362807424348271	0.05712565621652493	6.554341311243961e-120
RNF168_0_multinomial_train1.50	0.5663633380737131	0.2428574060070112	0.0018275886783230646	0.18895166724095275
RNF168_0_multinomial_train1.51	0.6717906219965794	0.23392643533260513	0.09428294267081554	3.75214336541599e-211
RNF168_0_multinomial_train1.52	0.7580864433216721	0.15191110213817471	0.03787017611847346	0.05213227842167971
RNF168_0_multinomial_train1.53	0.7603643699171494	0.1402762137938394	0.09935941628901115	1.1270363305053508e-209
RNF168_0_multinomial_train1.54	0.8316522318266906	0.07490011663054592	0.09344765154276356	9.639728658976698e-134
RNF168_0_multinomial_train1.55	0.7286559127555479	0.22359146342092845	0.04775262382352361	2.9256986112644315e-38
RNF168_0_multinomial_train1.56	0.5830517255458711	0.2634257120406509	0.15352256241347703	8.600355088667703e-16
RNF168_0_multinomial_train1.57	0.6651512140434692	0.170169824292637	0.16467896166389384	1.1058251945716608e-250
RNF168_0_multinomial_train1.58	0.6758058458168399	0.29507354604863345	0.02912060813452664	2.8005412694215476e-304
RNF168_0_multinomial_train1.59	0.8031679427153883	0.052791883073834416	0.14404017421077744	4.233066908428198e-169
RNF168_0_multinomial_train1.60	0.7170205949290112	0.1527136308298355	0.051781179402187814	0.07848459483896555
RNF168_0_multinomial_train1.61	0.6276662043554346	0.22672610484022052	5.701168362692495e-116	0.14560769080434485
RNF168_0_multinomial_train1.62	0.6243767968538825	0.23755145854722737	0.13807174459889016	6.170779470481787e-52
RNF168_0_multinomial_train1.63	0.7243268903162283	0.10332027137201434	0.17235283831175732	7.530988133321951e-115
RNF168_0_multinomial_train1.64	0.4991245968515784	0.4481298169339935	0.00951694527611112	0.04322864093831713
RNF168_0_multinomial_train1.65	0.5810188572640673	0.36158173590345566	0.057399406832476955	1.2920026721940325e-166
RNF168_0_multinomial_train1.66	0.7417659072608844	0.1582680734835115	0.08212616441065546	0.017839854844948745
RNF168_0_multinomial_train1.67	0.7306456774356993	0.20945225947682594	0.05990206308747486	2.634616941097493e-290
RNF168_0_multinomial_train1.68	0.606298312073333	0.31610503633440434	0.05250459922340909	0.02509205236885367
RNF168_0_multinomial_train1.69	0.5069916618396781	0.4088671876119355	1.5100616948174507e-170	0.08414115054838643
RNF168_0_multinomial_train1.70	0.7647569383237433	0.17394271019963212	0.061300351476624604	7.688133390612814e-141
RNF168_0_multinomial_train1.71	0.5516946738735942	0.44830532612640567	9.001775299271306e-258	1.1757434132746841e-122
RNF168_0_multinomial_train1.72	0.5830293551420411	0.3786277282985526	0.03834291655940623	1.7486593614035482e-136
RNF168_0_multinomial_train1.73	0.835758360931045	0.16424163906430367	1.39e-321	4.6512256081372815e-12
RNF168_0_multinomial_train1.74	0.6408139481617899	0.17445812511797895	0.1847279267202312	2.2875034637657362e-298
RNF168_0_multinomial_train1.75	0.7824789939964919	0.0728391859001946	0.1446818201033135	1.6650892668561887e-281
RNF168_0_multinomial_train1.76	0.8931423115527743	1.7241166726284667e-129	0.10685768844722568	5.128320633999579e-108
RNF168_0_multinomial_train1.77	0.6388171712101629	0.22526075933309594	0.06595238208790849	0.06996968736883276
RNF168_0_multinomial_train1.78	0.7123221722053044	0.11535892348033483	0.17231890431436073	3.9437045381255976e-263
RNF168_0_multinomial_train1.79	0.6128300043787585	0.33214597793540546	0.05502399086753075	2.6818305340250088e-08
RNF168_0_multinomial_train1.80	0.5723534838363262	0.21082669583739408	0.05419972069983784	0.1626200996264419
RNF168_0_multinomial_train1.81	0.7322436313605883	0.20086656500661806	0.06688980363279373	4.17020509007617e-130
RNF168_0_multinomial_train1.82	0.7527937903835342	0.20738315095668614	9.6e-322	0.03982305865977962
RNF168_0_multinomial_train1.83	0.7541501065578913	0.1752237400731056	0.070626153369003	1.6682255748191942e-115
RNF168_0_multinomial_train1.84	0.6990161406906346	0.17573793485375674	0.12301397652095977	0.0022319479346488286
RNF168_0_multinomial_train1.85	0.6667501456923608	0.20523946363839865	0.1280103906692405	3.0922406956768e-310
RNF168_0_multinomial_train1.86	0.8685337912168241	0.06992165849791986	0.06154455028525623	3.6793141384920185e-178
RNF168_0_multinomial_train1.87	0.6203821492075883	0.23310692674798467	0.0812270700315846	0.06528385401284241
RNF168_0_multinomial_train1.88	0.6946613240835972	0.17116860169798154	0.13417007421842134	5.184892483164399e-185
RNF168_0_multinomial_train1.89	0.6408250434455756	0.3328378110294003	0.026337145525024207	6.3367905878468544e-152
RNF168_0_multinomial_train1.90	0.5848113402835767	0.3004481085399239	0.11474055117649942	6.853255951508503e-198
RNF168_0_multinomial_train1.91	0.6934088752121921	0.18301247885817465	0.1235780789054037	5.67024229592841e-07
RNF168_0_multinomial_train1.92	0.6602123981730417	0.31180722557318147	0.027980376253776914	8.437387680210588e-56
RNF168_0_multinomial_train1.93	0.8777029706027448	0.05888651937981955	0.06341051001743553	7.545941988688042e-190
RNF168_0_multinomial_train1.94	0.633616005622772	0.26359142060518564	0.10279257377204228	4.614355357889083e-255
RNF168_0_multinomial_train1.95	0.5787672624634901	0.279754002251599	9.408901383189933e-189	0.14147873528491084
RNF168_0_multinomial_train1.96	0.7198707442358883	0.08453757249512038	0.1955916832689913	1.7957825299117214e-148
RNF168_0_multinomial_train1.97	0.6897020056374487	0.15603288184655562	0.03973436843989914	0.11453074407609658
RNF168_0_multinomial_train1.98	0.6311898132082152	0.20017650587816438	0.16863368091362044	2.03e-321
UNG_0_multinomial_train1	0.07319229705697608	0.926807702943024	3.36e-322	5.83e-322
UNG_0_multinomial_train1.1	0.1771833885262346	0.8228166114737653	2.7e-322	6.2e-322
UNG_0_multinomial_train1.2	0.0639876724196643	0.9360123275803357	4e-322	5.7e-322
UNG_0_multinomial_train1.3	0.1419984339967948	0.8580015660032052	2.37e-322	6.47e-322
UNG_0_multinomial_train1.4	0.14808634522436537	0.8519136547756345	4.4e-322	3.1933188681060247e-214
UNG_0_multinomial_train1.5	0.1337262060142804	0.8662737939857196	2.67e-322	6.2e-322
UNG_0_multinomial_train1.6	0.10563244870829365	0.8943675512917062	3.75e-322	7.86e-322
UNG_0_multinomial_train1.7	0.15271685256253253	0.8472831474374675	2.8e-322	6.47e-322
UNG_0_multinomial_train1.8	0.06074951024698955	0.9392504897530104	7.66e-322	7.95e-322
UNG_0_multinomial_train1.9	0.16297451028355406	0.8370254897164459	1.93e-322	5.3e-322
UNG_0_multinomial_train1.10	0.17575140978863188	0.824248590211368	1.83e-322	4.94e-322
UNG_0_multinomial_train1.11	0.1485359962753323	0.8514640037246678	1.93e-322	5.34e-322
UNG_0_multinomial_train1.12	0.1732361201034059	0.826763879896594	2.7e-322	3.6923481814807146e-289
UNG_0_multinomial_train1.13	0.005496399426881342	0.9402811212136639	0.05422247935945478	3.24092300899069e-254
UNG_0_multinomial_train1.14	0.13511355254124066	0.8648864474587593	1.14e-322	4.55e-322
UNG_0_multinomial_train1.15	0.12164811363648735	0.8783518863635127	1.9e-322	5.2e-322
UNG_0_multinomial_train1.16	0.19491641512909075	0.8050835848709093	1.9e-322	5.1e-322
UNG_0_multinomial_train1.17	6.005945516061615e-97	0.9999999999999687	3.1200156162274456e-14	7.86e-322
UNG_0_multinomial_train1.18	0.21807116339326332	0.7819288366067367	1.04e-322	4.2e-322
UNG_0_multinomial_train1.19	0.1721964943702295	0.8278035056297703	1.8e-322	3.6e-322
UNG_0_multinomial_train1.20	0.20192703365301887	0.798072966346981	4.15e-322	5.7e-322
UNG_0_multinomial_train1.21	0.25401732762198936	0.7459826723780106	7.56e-322	1.023e-321
UNG_0_multinomial_train1.22	2.0517695493049305e-119	1.0	6.57e-322	1.042e-321
UNG_0_multinomial_train1.23	0.18117301121529406	0.818826988784706	2.1e-322	5.9e-322
UNG_0_multinomial_train1.24	0.16214099855080238	0.8378590014491976	2.7e-322	6.2e-322
UNG_0_multinomial_train1.25	0.1622458012121951	0.8258082009974657	0.011945997790339277	1.17e-321
UNG_0_multinomial_train1.26	0.08430300658075622	0.9156969934192438	1.9e-322	6.5e-322
UNG_0_multinomial_train1.27	0.13143183992684868	0.8685681600731513	1.83e-322	6.27e-322
UNG_0_multinomial_train1.28	0.00533072522743949	0.9946692747725604	2.47e-322	5.73e-322
UNG_0_multinomial_train1.29	0.07101354161078985	0.92898645838921	3.9e-322	8.2e-322
UNG_0_multinomial_train1.30	0.03223837445095074	0.9677616255490492	1.7e-322	5.83e-322
UNG_0_multinomial_train1.31	0.16133549388236657	0.8386645061176335	2.03e-322	5.7e-322
UNG_0_multinomial_train1.32	0.18355777219949868	0.8164422278005014	5.9e-322	1.07e-321
UNG_0_multinomial_train1.33	0.006859440599521809	0.9920529962156134	0.00108756318486466	1.126e-321
UNG_0_multinomial_train1.34	0.1303764043448509	0.8696235956551491	1.7e-322	5.9e-322
UNG_0_multinomial_train1.35	0.2212078594547852	0.7787921405452148	2.9e-322	1.07e-321
UNG_0_multinomial_train1.36	0.07569607224696658	0.9243039277530334	2.47e-322	4.6e-322
UNG_0_multinomial_train1.37	0.18621811515603479	0.8137818848439652	6.5e-322	7.4e-322
UNG_0_multinomial_train1.38	0.1717260920327922	0.8282739079672077	3.26e-322	6e-322
UNG_0_multinomial_train1.39	0.0953265597304824	0.9046734402695175	2.08e-322	4.3e-322
UNG_0_multinomial_train1.40	0.03757985355918734	0.9624201464408126	6.2e-322	8.65e-322
UNG_0_multinomial_train1.41	0.10148425716583961	0.8985157428341605	2.87e-322	5.34e-322
UNG_0_multinomial_train1.42	0.23958042019327896	0.760419579806721	8.55e-322	1.4021846072724235e-269
UNG_0_multinomial_train1.43	0.1354418028915839	0.8645581971084161	2.67e-322	8.6e-322
UNG_0_multinomial_train1.44	0.19506790351614967	0.8049320964838504	1.8e-322	6.03e-322
UNG_0_multinomial_train1.45	0.1032373657985436	0.8967626342014565	3.36e-322	9.44e-322
UNG_0_multinomial_train1.46	0.08456397699281964	0.9154360230071803	3.8e-322	5.34e-322
UNG_0_multinomial_train1.47	0.22097062583864224	0.7790293741613579	2.03e-322	5.5e-322
UNG_0_multinomial_train1.48	0.0366332319929506	0.9633667680070495	2e-322	5.53e-322
UNG_0_multinomial_train1.49	0.16003493122382256	0.8399650687761773	4.55e-322	8.8e-322
UNG_0_multinomial_train1.50	0.16981263339476546	0.8301873666052345	4.8e-322	1.05e-321
UNG_0_multinomial_train1.51	0.08970422805760542	0.9102957719423945	2.847976893172099e-135	1.3758848227690454e-275
UNG_0_multinomial_train1.52	0.131175854667891	0.868824145332109	6.47e-322	6.4e-322
UNG_0_multinomial_train1.53	0.18111974170179887	0.8188802582982012	7.46e-322	1.2486036230929662e-226
UNG_0_multinomial_train1.54	0.2038486918947708	0.7961513081052292	2.9e-322	6.6e-322
UNG_0_multinomial_train1.55	0.16430790571434345	0.8356920942856565	4.3e-322	6.570217766978757e-106
UNG_0_multinomial_train1.56	0.2955536790761252	0.7044463209238749	1.04e-322	4.1e-322
UNG_0_multinomial_train1.57	0.16655797327666835	0.8334420267233318	3e-322	8.2e-322
UNG_0_multinomial_train1.58	0.13933822328818488	0.8606617767118151	2.03e-322	5.6e-322
UNG_0_multinomial_train1.59	0.12125873972728478	0.8787412602727153	7.56e-322	1.060555159167195e-228
UNG_0_multinomial_train1.60	0.10276367419072939	0.8972363258092706	8.2e-322	6.442741241979325e-267
UNG_0_multinomial_train1.61	0.10130211276709318	0.8986978872329068	6.4e-322	2.3597409485201824e-270
UNG_0_multinomial_train1.62	0.18933317950974624	0.8106668204902536	5.73e-322	1.28144235e-316
UNG_0_multinomial_train1.63	0.12214746669700416	0.8778525333029958	2.96e-322	5.5e-322
UNG_0_multinomial_train1.64	0.19723782971323223	0.8027621702867679	4.05e-322	6.9e-322
UNG_0_multinomial_train1.65	0.10627504713662926	0.8937249528633707	1.9e-322	5.24e-322
UNG_0_multinomial_train1.66	2.3948892357142148e-144	1.0	4.4e-322	7.36e-322
UNG_0_multinomial_train1.67	0.14307343769676198	0.8569265623032379	3.56e-322	6.2e-322
UNG_0_multinomial_train1.68	0.10500582492754093	0.894994175072459	7.86e-322	1.8113131365195686e-288
UNG_0_multinomial_train1.69	0.1431729689429457	0.8170979914998378	0.03972903955721654	1.27e-321
UNG_0_multinomial_train1.70	0.12089498581668091	0.8791050141833192	1.1344948560448303e-154	5.253990421017264e-221
UNG_0_multinomial_train1.71	0.075931732402446	0.9240682675975541	2.47e-322	8.15e-322
