Samples	SBS96A	SBS96B	SBS96C	SBS96D	SBS96E
EXO1_0_real_train1	0.06041179869394795	0.09726937999207932	0.5861254515252025	0.02553208549430969	0.2306612842944605
OGG1_0_real_train1	0.8230334041343197	0.08350849746031032	0.011393118836831024	0.06046552666412378	0.021599452904415267
RNF168_0_real_train1	0.08901838072022626	0.14450089560626825	0.578740214373682	0.007683224036904357	0.1800572852629192
UNG_0_real_train1	0.11838442063976426	0.26043904652595407	0.08345011180124484	1.2801712808858312e-223	0.5377264210330369
ATP2B4_0_real_train1	0.2687025315363373	0.4060162199071624	0.1578151269709001	0.010998963367873368	0.15646715821772675
ATP2B4_1_real_train1	0.3323041604687426	0.5143783011753107	0.03236054336989739	0.12095699498604952	1.7969067980756408e-95
MLH1_0_real_train1	0.006033490773743344	1.9426202108416017e-135	2.3444705249922864e-213	0.8074775060815651	0.18648900314469158
MSH2_0_real_train1	0.001243328796541927	0.06104559599566352	4.13e-321	0.7624006246260892	0.17531045058170527
MSH6_0_real_train1	0.011398231250280113	0.02800290391560884	0.009248280616792505	0.8194021606471	0.13194842357021846
MSH6_1_real_train1	0.02722714325865213	0.0006271047612087782	0.02045721650146104	0.833401659705479	0.11828687577319899
PMS1_0_real_train1	0.1712458907142088	0.4925433125291675	1.019936476782645e-299	0.16041115975774325	0.17579963699888043
PMS2_0_real_train1	0.027955258607967638	0.024947228461424508	0.5137460466641903	0.43335146626641746	1.22e-321
EXO1_0_multinomial_train1	0.08399388268252615	0.05098553911692913	0.6169521145472897	0.011777275529600062	0.2362911881236549
RNF168_0_multinomial_train1	0.08785512304046701	0.20532995332713144	0.5420884876276996	0.0052217864141085295	0.15950464959059332
RNF168_0_multinomial_train1.1	0.09841222019660939	0.20570661841585086	0.581631514370317	1.4e-321	0.11424964701722258
EXO1_0_multinomial_train1.1	0.07613954503316958	0.06516947174462495	0.5771286041962067	0.08983874206597611	0.19172363696002262
RNF168_0_multinomial_train1.2	0.08687618922159272	0.22034542353845996	0.5660149335117026	0.05817818143641594	0.06858527229182869
RNF168_0_multinomial_train1.3	0.09244114596015851	0.15167498634313434	0.5060737775299133	0.03382495145344316	0.21598513871335068
RNF168_0_multinomial_train1.4	0.10902233232138439	0.18126896224802339	0.5286627723015862	0.04394174303125386	0.13710419009775218
RNF168_0_multinomial_train1.5	0.018607309968431487	0.22190350187710203	0.5653366902680258	2.18e-321	0.1941524978864406
RNF168_0_multinomial_train1.6	0.10284923423907118	0.11687002529080802	0.5303614882792693	6.697428560561908e-287	0.24991925219085145
RNF168_0_multinomial_train1.7	0.06373678085343305	0.10660254876890563	0.5908177471369898	0.01967060708267545	0.21917231615799615
RNF168_0_multinomial_train1.8	0.13141317702952238	0.10512372828281448	0.6113365929228546	0.00861373253491964	0.14351276922988895
EXO1_0_multinomial_train1.2	0.02890998702984735	0.15768756755276173	0.5791552390516963	0.010998186141242466	0.22324902022445203
EXO1_0_multinomial_train1.3	0.09525067204187655	0.02465434524062966	0.6383535365045597	0.04800063475238722	0.19374081146054678
RNF168_0_multinomial_train1.9	0.07301230387236626	0.14535217400456596	0.6094192006239048	3.014e-321	0.17221632149916297
EXO1_0_multinomial_train1.4	0.05519032793468971	0.10363268103337998	0.5900909658472417	0.002806042981086666	0.24827998220360176
EXO1_0_multinomial_train1.5	0.06715745889970859	0.08600293940177056	0.5809514686859626	0.03354136291906395	0.23234677009349428
EXO1_0_multinomial_train1.6	0.05752475418284767	0.09275759663540128	0.5915057349207139	1.9819204643385612e-91	0.258211914261037
EXO1_0_multinomial_train1.7	0.07287988076094651	0.052792728370883724	0.5893581940320376	0.028833489308529397	0.25613570752760295
EXO1_0_multinomial_train1.8	0.05510068057859818	0.12845843378893865	0.524213858644756	0.025375544208218446	0.2668514827794887
RNF168_0_multinomial_train1.10	0.1666321184900586	0.06638806472251367	0.521021387483876	1.4434434580475633e-206	0.2459584293035516
EXO1_0_multinomial_train1.9	0.04586073933393461	0.0694969174552375	0.6478668957253866	0.05701699058080443	0.17975845690463682
RNF168_0_multinomial_train1.11	0.041444745547459055	0.1736826259055874	0.5552119002453215	0.01468191940005899	0.21497880890157298
RNF168_0_multinomial_train1.12	0.08336400448407902	0.15915393685823556	0.5720450183561384	0.057989582198843766	0.1274474581027032
EXO1_0_multinomial_train1.10	0.041480139679454166	0.0894485648203722	0.5977259068103518	0.028912543577417297	0.24243284511240445
EXO1_0_multinomial_train1.11	0.06622218261715841	0.07696718764946756	0.5603491947475249	0.03763257452532568	0.2588288604605235
RNF168_0_multinomial_train1.13	0.08163986320599663	0.07019419267757498	0.5729017246538489	0.1626352226210296	0.11262899684154995
RNF168_0_multinomial_train1.14	0.08919773150857277	0.17253845512328547	0.5512531645739825	0.026311965411938674	0.16069868338222051
RNF168_0_multinomial_train1.15	0.08023337947962504	0.07208026492143023	0.5806795606660465	0.027821713910925534	0.2391850810219725
RNF168_0_multinomial_train1.16	0.10603988493486614	0.1601130095572723	0.5451542509952022	0.02102607318644918	0.16766678132621005
EXO1_0_multinomial_train1.12	0.0890473961260975	0.08887789931781462	0.6069125316861482	0.0038940559320202925	0.21126811693791944
RNF168_0_multinomial_train1.17	0.07350930034661042	0.1935478135412734	0.5107751311607736	0.031097294730425027	0.19107046022091748
EXO1_0_multinomial_train1.13	0.08564745272163476	0.08877061044805114	0.582203126553573	0.006338180545520771	0.23704062973122017
RNF168_0_multinomial_train1.18	0.11431165928877836	0.20174122208796688	0.5453586587629387	8.907669886508166e-307	0.13858845986031607
EXO1_0_multinomial_train1.14	0.07435988774620188	0.06765469513717831	0.5830938249665852	0.022712849600752396	0.25217874254928213
RNF168_0_multinomial_train1.19	0.08705626754183202	0.07800667576729625	0.6558528013774408	0.022188012318555658	0.1568962429948753
RNF168_0_multinomial_train1.20	0.025849176276883663	0.12813110920813536	0.5981652641922482	6.892083333847482e-120	0.24785445032273282
EXO1_0_multinomial_train1.15	0.06103956210909963	0.09616917389356704	0.5744880852903609	0.02301134532147257	0.2452918333854999
RNF168_0_multinomial_train1.21	0.128632311143172	0.10129638130701983	0.5513943625392089	0.009191987630721127	0.20948495737987807
RNF168_0_multinomial_train1.22	0.09916837159912543	0.18669651309380111	0.46955779542901	0.0408497454059899	0.20372757447207357
EXO1_0_multinomial_train1.16	0.04389350935839523	0.10341274702041306	0.555290692142878	0.02002837594650728	0.27737467553180645
EXO1_0_multinomial_train1.17	0.046407677362048816	0.098389367701858	0.6049312270950324	0.026937618739606616	0.223334109101454
RNF168_0_multinomial_train1.23	0.09246551209680105	0.06936511918437337	0.6402468362525655	1.859584960853829e-05	0.19790393661665143
EXO1_0_multinomial_train1.18	0.049701206692077914	0.11921447240912567	0.5326446114976727	0.03129123992222304	0.2671484694789007
RNF168_0_multinomial_train1.24	0.0571232913890961	0.17001337964365698	0.6395759039394243	0.00021643857980351694	0.13307098644801899
RNF168_0_multinomial_train1.25	0.05587499960622808	0.20150098165349045	0.5845098944807936	0.006208387358111143	0.15190573690137688
RNF168_0_multinomial_train1.26	0.056296547500530744	0.12387276493759539	0.6135798500214432	2.816e-321	0.20625083754043078
RNF168_0_multinomial_train1.27	0.13135074750650547	0.21534348618423774	0.4762004890774706	0.0018292301385586783	0.17527604709322767
RNF168_0_multinomial_train1.28	0.06094640477551976	0.13884370288118073	0.6049868690282757	0.02424044723672558	0.17098257607829817
EXO1_0_multinomial_train1.19	0.04052160261125962	0.12858048385749474	0.550682183544728	0.055280826487712036	0.22493490349880566
RNF168_0_multinomial_train1.29	0.053026607893010745	0.13814197535258238	0.5848802947997461	0.020887892120688322	0.20306322983397232
EXO1_0_multinomial_train1.20	0.0636752662191302	0.1061998597090427	0.5684421385413516	0.026147664000799806	0.23553507152967573
RNF168_0_multinomial_train1.30	0.08602927503344049	0.1544610019795895	0.5907655346303029	0.004247031156125962	0.16449715720054126
RNF168_0_multinomial_train1.31	0.06683348025696588	0.1776896906037664	0.5607708376909074	0.023219820970573263	0.17148617047778694
RNF168_0_multinomial_train1.32	0.08365442950797493	0.13480059335262712	0.6222144176086711	0.014466659056190056	0.14486390047453673
RNF168_0_multinomial_train1.33	0.058598478399197185	0.23958453756930842	0.5197959173019941	1.023e-321	0.1820210667295003
EXO1_0_multinomial_train1.21	0.06482837786506296	0.06373623958690813	0.5950404914213754	7.613598325604786e-180	0.27639489112665366
RNF168_0_multinomial_train1.34	0.08522350092234965	0.08173767769373243	0.6959897108849922	7.26e-322	0.13704911049892582
EXO1_0_multinomial_train1.22	0.06551816655633798	0.07676705253122515	0.6114952906538861	0.034580244690464515	0.21163924556808633
EXO1_0_multinomial_train1.23	0.05896171609002473	0.11544508282330183	0.5785051829653433	0.005270840389538307	0.24181717773179182
RNF168_0_multinomial_train1.35	0.09002903503599098	0.11648147636708453	0.5345061851972965	6.5842001333893835e-136	0.25898330339962794
RNF168_0_multinomial_train1.36	0.08318170754479015	0.2018937987631514	0.5553166731527466	0.0023731529401276995	0.15723466759918422
EXO1_0_multinomial_train1.24	0.06449814945320385	0.13402482182506653	0.6139860858072623	0.020979312991310336	0.16651162992315716
RNF168_0_multinomial_train1.37	0.06237700308094781	0.15885068744045885	0.5735096508960891	6.67845432330886e-268	0.20526265858250423
EXO1_0_multinomial_train1.25	0.07420647791209226	0.11052188076778346	0.5493998898295664	0.04941532564910839	0.21645642584144942
RNF168_0_multinomial_train1.38	0.09474866953513778	0.1531368354997455	0.6443386104520915	3.4587302497e-313	0.10777588451302525
EXO1_0_multinomial_train1.26	0.03997899602613028	0.10968092888044025	0.6131509110377631	0.03373053230051911	0.2034586317551472
EXO1_0_multinomial_train1.27	0.04640717731276843	0.12596353820539866	0.6025603131429105	0.002184983585923555	0.22288398775299892
EXO1_0_multinomial_train1.28	0.04858204764419162	0.11744657938619862	0.5963656819099509	0.004101326571852851	0.2335043644878062
EXO1_0_multinomial_train1.29	0.0612705022640844	0.1126544932036178	0.5985649432655383	0.007910070907658846	0.21959999035910077
EXO1_0_multinomial_train1.30	0.03379834865770965	0.14209124069442763	0.5886827873121371	4.794035689458178e-49	0.23542762333572578
RNF168_0_multinomial_train1.39	0.1156690013877555	2.065e-321	0.5751159080488741	5.50384846317647e-267	0.3092150905633703
RNF168_0_multinomial_train1.40	0.13734447296830488	0.18736978572182156	0.552722965952069	2.171886991049526e-304	0.12256277535780452
EXO1_0_multinomial_train1.31	0.04840595943049859	0.10480337313189209	0.5617745713549593	0.04549935758099385	0.2395167385016561
EXO1_0_multinomial_train1.32	0.0722480306387282	0.08063673518647187	0.5873806518859556	0.04140160441675369	0.21833297787209077
EXO1_0_multinomial_train1.33	0.07405550304658112	0.0633216474981788	0.6032696451215838	0.02631688983914418	0.23303631449451223
RNF168_0_multinomial_train1.41	0.08987354201131666	0.14901253099655842	0.6269181934227797	2.095e-321	0.13419573356934525
RNF168_0_multinomial_train1.42	0.0827843872028562	0.1469320012806246	0.6271700761268076	4.832505318865697e-62	0.14311353538971164
EXO1_0_multinomial_train1.34	0.06531270170310968	0.08340569625424772	0.5877247718786474	0.021311511110840065	0.2422453190531553
RNF168_0_multinomial_train1.43	0.0941974927872881	0.16645189149564404	0.5486058896071697	1.947e-321	0.19074472610989812
EXO1_0_multinomial_train1.35	0.07268603548388035	0.12639279244090604	0.5670444259256885	0.005577478394519183	0.22829926775500603
EXO1_0_multinomial_train1.36	0.05429376771456742	0.09426267867102799	0.5759548225682257	0.005637172685880666	0.2698515583602981
RNF168_0_multinomial_train1.44	0.10141943344491662	0.1755184321536038	0.5776384263862431	2.895e-321	0.14542370801523652
EXO1_0_multinomial_train1.37	0.072200434847519	0.043934348514703035	0.5997601282243955	0.015073769108814495	0.2690313193045681
RNF168_0_multinomial_train1.45	0.08109566997422422	0.19923081069905574	0.5613567122796913	2.68e-321	0.15831680704702863
RNF168_0_multinomial_train1.46	0.09684320041067235	0.10295610460389534	0.6240275642750889	3.3969343421805885e-172	0.1761731307103433
RNF168_0_multinomial_train1.47	0.031757827546608455	0.21147119011449583	0.597174760850533	0.013352350893716981	0.14624387059464564
RNF168_0_multinomial_train1.48	0.022731535704094787	0.2536153940321128	0.5695776272015443	2.2e-321	0.15407544306224813
RNF168_0_multinomial_train1.49	0.09932848158209102	0.13558156013172928	0.538026932509777	0.01917384912374265	0.20788917665266013
RNF168_0_multinomial_train1.50	0.07817691245206647	0.10674729109306466	0.5466677278251783	0.026999887053048958	0.2414081815766415
EXO1_0_multinomial_train1.38	0.08679711495065344	0.08317356544156933	0.6167134932390951	0.005557375793422714	0.20775845057525955
RNF168_0_multinomial_train1.51	0.05260102800909828	0.2071328504397001	0.5755298781662941	0.01848854801904827	0.14624769536585927
RNF168_0_multinomial_train1.52	0.09279399599513147	0.09313504434648169	0.5362356652787821	0.0811559557848717	0.19667933859473308
EXO1_0_multinomial_train1.39	0.08332918949882678	0.06349229429240333	0.540695960303339	0.053602193157799606	0.2588803627476313
EXO1_0_multinomial_train1.40	0.07791166320444412	0.07613807545962482	0.5720512476748048	0.04324386561053743	0.2306551480505889
RNF168_0_multinomial_train1.53	0.10957021114358659	0.1615858479276141	0.5722365834909691	0.0050515504106077285	0.15155580702722268
EXO1_0_multinomial_train1.41	0.020327730067036115	0.14481808401182727	0.5702257095860696	0.05723885548432144	0.20738962085074558
EXO1_0_multinomial_train1.42	0.042474320878440185	0.1416520430034475	0.5881422234135383	0.0023469612634408592	0.22538445144113323
RNF168_0_multinomial_train1.54	0.1199178547639596	0.19569831625671785	0.5153328040217412	1.37e-321	0.16905102495758137
OGG1_0_multinomial_train1	0.8203043731012895	0.12639599126087148	1.2759127371151762e-83	0.022640925051749416	0.03065871058608948
UNG_0_multinomial_train1	0.11396856811335085	0.2002135485748265	0.013074577812533133	0.04959496438470965	0.6231483411145796
UNG_0_multinomial_train1.1	0.1545394747043879	0.2865883755019968	0.06624485701570072	0.014757919371067603	0.477869373406847
UNG_0_multinomial_train1.2	0.1373521324386709	0.2362990420699037	0.08508146865452879	1.784e-321	0.5412673568368965
OGG1_0_multinomial_train1.1	0.8077214212651054	0.07107713767141584	0.0029114250019558526	0.1040942958402707	0.01419572022125217
UNG_0_multinomial_train1.3	0.13923690273150544	0.20401200803943842	0.14979454079313279	0.019732670399891208	0.48722387803603195
OGG1_0_multinomial_train1.2	0.8516571308973644	5.770642792841308e-273	0.010913451523758277	0.10168454784794953	0.035744869730927976
OGG1_0_multinomial_train1.3	0.8824529659260858	0.01656730303254201	0.02614653709654417	0.05440162647926874	0.020431567465559346
UNG_0_multinomial_train1.4	0.10732684504223958	0.34682359763343656	0.02521045475869642	2.065e-321	0.5206391025656273
UNG_0_multinomial_train1.5	0.09421132624611991	0.24881284639495244	0.09424550038523424	8.35e-322	0.5627303269736934
OGG1_0_multinomial_train1.4	0.9231943887651468	3.085973389576058e-123	3.62e-321	0.07525576083973044	0.001549850395122666
OGG1_0_multinomial_train1.5	0.8590021258702869	3.1494325843625856e-160	0.016245117031239535	0.12475275709847353	4.984067945261648e-74
UNG_0_multinomial_train1.6	0.12672045222147926	0.08119857403141988	0.12003707476390664	7.12747423847802e-170	0.672043898983194
UNG_0_multinomial_train1.7	0.23831222008581035	0.16407450259722225	0.05007374935990848	0.06241672557297041	0.48512280238408856
UNG_0_multinomial_train1.8	0.0823871817954643	0.3376903833869636	2.9744210384994384e-184	1.12e-321	0.579922434817572
OGG1_0_multinomial_train1.6	0.8570482117712348	0.010414042305789408	5.172472460057055e-170	0.07583650541667411	0.0567012405063016
UNG_0_multinomial_train1.9	0.10301005472641865	0.2575959903008941	0.10439347495957234	2.6904938765831883e-14	0.5350004800130881
OGG1_0_multinomial_train1.7	0.8466402259103172	0.08896509604445846	2.149698661415025e-08	0.058792877643371245	0.00560177890486634
UNG_0_multinomial_train1.10	0.07299076693129516	0.3817000863089528	0.06856080434026536	5.43e-322	0.4767483424194867
OGG1_0_multinomial_train1.8	0.7666427623716063	0.05026718087578298	0.09034291639722968	2.75e-321	0.09274714035538105
UNG_0_multinomial_train1.11	0.10758413972561709	0.3548699461551204	0.05124605863762714	1.917e-321	0.48629985548163535
OGG1_0_multinomial_train1.9	0.8385514313499822	0.09112008953218106	6.222450722437064e-101	0.06446434295825788	0.005864136159578866
OGG1_0_multinomial_train1.10	0.8129790889000935	0.13119477403664898	2.253e-321	0.055826137063257404	4.549983524881672e-78
OGG1_0_multinomial_train1.11	0.8956379944706896	2.2722832770269304e-22	0.002619171906566755	0.10174283362274361	6.427338925406641e-25
UNG_0_multinomial_train1.12	0.05579949096461592	0.2760341739228233	0.12829863255712448	7.76e-322	0.5398677025554363
UNG_0_multinomial_train1.13	0.11300447441491018	0.27077384926930675	0.06715642737203832	1.596e-321	0.5490652489437448
UNG_0_multinomial_train1.14	0.05987746146677372	0.2821088755011047	0.11146053693926737	2.124e-321	0.5465531260928543
OGG1_0_multinomial_train1.12	0.8843768128340828	1.765987853706589e-205	0.012148933507206585	0.0753465499385528	0.02812770372015775
OGG1_0_multinomial_train1.13	0.8041093454558528	0.0989383245273464	5.46e-321	0.03753355999096876	0.05941877002583198
UNG_0_multinomial_train1.15	0.11594415755996147	0.3608854655380782	1.4074161041256643e-43	0.017961453852060452	0.5052089230498998
UNG_0_multinomial_train1.16	0.17030678927875748	0.23723861379513297	0.07225521187736961	2.204e-321	0.5201993850487401
UNG_0_multinomial_train1.17	0.15595634741094647	0.1923636939377771	0.06799946280342817	1.107e-321	0.5836804958478483
OGG1_0_multinomial_train1.14	0.8338211106562232	0.11591941408495297	1.5659667507827995e-88	0.050259475258823745	1.374e-321
UNG_0_multinomial_train1.18	0.0730070131906063	0.4275274622666289	0.002851645889837022	9.05524343631239e-187	0.49661387865292783
OGG1_0_multinomial_train1.15	0.7749417239378165	0.1220563746989557	0.038407952473594145	0.06459394888963357	3.246682792071547e-58
UNG_0_multinomial_train1.19	0.1186206862408239	0.31074977945470456	0.046743428215501766	0.02688115767980097	0.49700494840916887
OGG1_0_multinomial_train1.16	0.8182312630311896	0.06957599749086993	0.010495369283893365	0.047433401793887796	0.05426396840015924
UNG_0_multinomial_train1.20	0.11976916238018899	0.25431732759568093	0.05951528854850799	3.069609838824911e-30	0.5663982214756222
UNG_0_multinomial_train1.21	0.13102032904322863	0.20822210724438212	0.10334227926993605	0.05152147941199486	0.5058938050304583
OGG1_0_multinomial_train1.17	0.8741633339673455	0.008428104844865291	1.0510092857241213e-55	0.09691990672304363	0.020488654464745553
UNG_0_multinomial_train1.22	0.06547654930179753	0.38034148696881936	1.1034029878174492e-173	4.27673386e-316	0.5541819637293831
UNG_0_multinomial_train1.23	0.03765472255065498	0.45622532789544346	0.011066545742671161	0.008111456518440956	0.4869419472927895
UNG_0_multinomial_train1.24	0.13435796782387335	0.2529563374239782	0.07425196245066258	3.616322423018338e-98	0.538433732301486
OGG1_0_multinomial_train1.18	0.7843718501985241	0.14296969127201983	0.015931167144521228	0.02315245320813865	0.03357483817679629
UNG_0_multinomial_train1.25	0.13357928047660397	0.34098772622500984	0.09927518555686511	8.45e-322	0.42615780774152123
OGG1_0_multinomial_train1.19	0.8210727181549535	0.05096425985403067	0.014211411282583894	0.09579607682033879	0.01795553388809308
UNG_0_multinomial_train1.26	0.0858966852493388	0.2667960824152268	3.205403938870015e-191	0.09900668518106893	0.5483005471543655
OGG1_0_multinomial_train1.20	0.7639054523788865	0.13084887381349403	0.040129380503761455	0.06511629330385792	9.465110331273623e-225
UNG_0_multinomial_train1.27	0.09963751745272988	0.3575911515186248	0.1014431887033493	1.245e-321	0.44132814232529605
OGG1_0_multinomial_train1.21	0.7043902968985105	0.23256295519071044	4.624e-321	0.06304674791077897	1.7212722468072186e-128
OGG1_0_multinomial_train1.22	0.8197336057760828	0.10345804453200937	0.03461173197882947	0.004846865362246217	0.03734975235083205
UNG_0_multinomial_train1.28	0.11155856503174433	0.1782596130522519	0.08524999708795081	8.4e-322	0.6249318248280529
UNG_0_multinomial_train1.29	0.14276981702556255	0.27979717589405995	0.015183119569329644	5.444108781006073e-51	0.5622498875110479
OGG1_0_multinomial_train1.23	0.8733255807426061	0.05183359709725156	4.84e-321	0.07484082216014236	4.0270549291202216e-282
OGG1_0_multinomial_train1.24	0.8356053604046922	0.05076764478709683	2.115e-321	0.11362699480821094	2.06e-321
OGG1_0_multinomial_train1.25	0.7292349087165629	0.19289056876809768	0.051101366679263814	0.026773155836075566	1.7377917847258346e-173
OGG1_0_multinomial_train1.26	0.8299269841187382	0.14443549679305637	2.653e-321	0.025637519088205395	2.984e-321
UNG_0_multinomial_train1.30	0.15189827191094138	0.2440280713097061	0.00032465200577449485	4.358478868960798e-53	0.6037490047735781
OGG1_0_multinomial_train1.27	0.8364480348192961	0.08446735292019557	4.782333159342635e-147	0.07908461226050832	7.164916975959632e-241
OGG1_0_multinomial_train1.28	0.7897783321625865	0.10697058063292833	0.023016881713125326	0.06037206040110228	0.019862145090257566
UNG_0_multinomial_train1.31	0.10776420078698792	0.39697535388052513	0.045624285566554124	1.7005769472837463e-73	0.44963615976593285
UNG_0_multinomial_train1.32	0.15908806744521964	0.16304053560582799	0.055129817554513905	2.46e-321	0.6227415793944384
UNG_0_multinomial_train1.33	0.08874278008955867	0.28010147199656465	0.07646800573870141	8.1e-322	0.5546877421751754
OGG1_0_multinomial_train1.29	0.7574793242148781	0.19147723605241418	0.013833630502890598	0.03228193589073576	0.0049278733390814055
OGG1_0_multinomial_train1.30	0.7903242868993129	0.11864982214700145	2.65e-321	0.09102589095368556	1.4301681719737821e-66
UNG_0_multinomial_train1.34	0.15006227990117307	0.20493833205237577	0.0646588568316023	0.019876784129414467	0.5604637470854344
OGG1_0_multinomial_train1.31	0.7974717715901651	0.1199429802411421	4.479230767897263e-200	0.08258524816869287	2.767e-321
UNG_0_multinomial_train1.35	0.13096664805109548	0.13979886795766236	0.15656872010924394	0.03655304125702585	0.5361127226249723
UNG_0_multinomial_train1.36	0.09052405670608576	0.335041644242109	0.055091897857905234	8.4e-322	0.5193424011939
UNG_0_multinomial_train1.37	0.07886029780808207	0.19529516987362175	0.10558638972710678	1.09e-321	0.6202581425911894
OGG1_0_multinomial_train1.32	0.8007653003250784	0.029952275455661995	0.04067508481646694	0.07418514999022653	0.05442218941256611
UNG_0_multinomial_train1.38	0.10329999589257942	0.29488284628066946	0.12594246200978992	4.09280270771784e-31	0.47587469581696107
OGG1_0_multinomial_train1.33	0.7546589132051968	0.17668895840762525	0.009898106946565394	0.04041852608151082	0.018335495359101634
OGG1_0_multinomial_train1.34	0.8010210256845431	0.09741036694228924	0.02269706025905191	0.042209210806196384	0.03666233630791918
OGG1_0_multinomial_train1.35	0.7957226944773914	0.12287711457448297	1.1472673505372379e-54	0.08140019094812546	6.672057804453772e-205
OGG1_0_multinomial_train1.36	0.8885689592275666	0.015749768339646787	0.01772566863570615	0.03965886300603486	0.03829674079104548
OGG1_0_multinomial_train1.37	0.8309761096459756	0.13714262875481634	2.185478604050171e-140	0.01571118315902086	0.01617007844018739
OGG1_0_multinomial_train1.38	0.8557025244250418	0.05851460664873375	4.007e-321	0.07436568762742139	0.011417181298803007
UNG_0_multinomial_train1.39	0.08335611648078321	0.32176935010240504	0.012160555849095875	0.02468836961640773	0.5580256079513081
OGG1_0_multinomial_train1.39	0.7584793064637182	0.11381815515089347	3.086346746589917e-169	0.11659033029504896	0.011112208090339444
UNG_0_multinomial_train1.40	0.047249519117935034	0.282578709333118	0.12317129078089027	3.5490930279461415e-201	0.5470004807680567
OGG1_0_multinomial_train1.40	0.793044280693728	0.13134735433162575	2.033834513121766e-293	0.07560836497464626	1.81e-321
OGG1_0_multinomial_train1.41	0.8754414722772547	2.2826133767833736e-37	0.05358903989394264	0.026610236263263004	0.044359251565539735
UNG_0_multinomial_train1.41	0.09548291284949446	0.2207144515202662	0.1732761054685942	1.78e-321	0.5105265301616452
OGG1_0_multinomial_train1.42	0.8429896122659815	0.09375686744139815	0.0021171801938712335	0.03387227692863941	0.027264063170110032
UNG_0_multinomial_train1.42	0.03973812013008564	0.33163881207126583	0.10452373683648426	1.29e-321	0.5240993309621642
OGG1_0_multinomial_train1.43	0.8329425787512844	0.08857730644798811	0.02593498984529929	0.05254512495542815	6.43250259991635e-183
OGG1_0_multinomial_train1.44	0.7709345238513108	0.12926996388911458	0.050511070770100946	0.020002074173684374	0.029282367315789298
OGG1_0_multinomial_train1.45	0.8058545244707088	0.16094824327757878	6.91877639201348e-294	0.03319723225032052	1.3917616087004646e-12
OGG1_0_multinomial_train1.46	0.7597315321109688	0.19371103094630132	0.00774528421861167	0.03350271923880102	0.005309433485317067
UNG_0_multinomial_train1.43	0.15344381632184187	0.2588760369659093	4.644e-321	0.04121500204839854	0.5464651446638502
OGG1_0_multinomial_train1.47	0.7881168403214958	0.12788700230850414	0.03961916723441414	0.044376990135586054	2.386669823259531e-139
OGG1_0_multinomial_train1.48	0.7777389594346311	0.12683760854215376	2.82e-321	0.0661445042794787	0.029278927743736492
OGG1_0_multinomial_train1.49	0.7889749950693147	0.131435367450316	0.029567114013920405	0.0445769803648178	0.00544554310163103
OGG1_0_multinomial_train1.50	0.8366568908845069	0.04893410734773897	5.78e-321	0.10313932302251066	0.011269678745243658
UNG_0_multinomial_train1.44	0.1597588233605099	0.17100379796727688	0.12304089703711628	0.030072707009163552	0.5161237746259334
OGG1_0_multinomial_train1.51	0.8039743680622717	4.74950163108911e-53	0.06891301793225157	0.07387557094764946	0.053237043057827164
OGG1_0_multinomial_train1.52	0.8660399904676793	0.025130555546808767	0.02205246513970534	0.0584665370876462	0.02831045175816043
ATP2B4_0_multinomial_train1	0.3019756604740892	0.318103975140955	0.110782110389571	0.10237254496391976	0.16676570903146512
ATP2B4_1_multinomial_train1	0.28255898096964954	0.5085213539152273	0.021592219456223243	0.10927419495804432	0.0780532507008554
ATP2B4_0_multinomial_train1.1	0.23524328280049742	0.4501180379719849	0.18773647518262454	1.785498663350401e-21	0.12690220404489333
ATP2B4_1_multinomial_train1.1	0.35659619218003613	0.517640097363559	0.06370137730228784	0.05325982098169262	0.008802512172424323
ATP2B4_1_multinomial_train1.2	0.4040553088036575	0.43803809423847617	0.07017339684442264	0.08773320011344353	8.225976819491263e-297
ATP2B4_1_multinomial_train1.3	0.20491724455225685	0.6617504466328247	0.06172325231730418	0.06490359219784936	0.006705464299764955
ATP2B4_0_multinomial_train1.2	0.2513544272898995	0.3971445885995639	0.20196661102899177	9.34e-322	0.14953437308154496
ATP2B4_1_multinomial_train1.4	0.41295291721717414	0.4656963528699245	1.813e-321	0.12135072991290144	6.617365574229119e-213
ATP2B4_0_multinomial_train1.3	0.20200667597198646	0.4523827371254512	0.2089168887403699	1.36e-321	0.13669369816219248
ATP2B4_0_multinomial_train1.4	0.22903253457177752	0.4607338868502624	0.10429371524061225	0.01541703644120676	0.19052282689614125
ATP2B4_0_multinomial_train1.5	0.2655871921585678	0.427969670733626	0.10606489821232204	0.02646922195090334	0.17390901694458086
ATP2B4_0_multinomial_train1.6	0.24206312036423333	0.40054850047163404	0.1583972937646096	1.728588489626784e-62	0.19899108539952312
ATP2B4_1_multinomial_train1.5	0.4730061886017457	0.34458499854219005	0.05949667750160551	0.12291213535445875	4.30538041294371e-164
ATP2B4_0_multinomial_train1.7	0.33815700523752906	0.36337209865419406	0.09287427836432156	0.06346147912394025	0.14213513862001498
ATP2B4_1_multinomial_train1.6	0.4628221013881062	0.4006284782130095	2.0402956047259015e-80	0.1365494203988842	8.35e-322
ATP2B4_1_multinomial_train1.7	0.3794250575987405	0.45746869956137726	4.22e-321	0.146234329737193	0.016871913102689234
ATP2B4_1_multinomial_train1.8	0.250306160519964	0.5449989493490793	5.734228012600528e-06	0.19177969657393792	0.012909459329006088
ATP2B4_1_multinomial_train1.9	0.40068504616882256	0.4118379754996577	0.08507435280592353	0.09250255617014126	0.009900069355454908
ATP2B4_1_multinomial_train1.10	0.3581400021483946	0.4022208171755821	0.09119333508110256	0.14844584559492066	7.261878798200913e-250
ATP2B4_1_multinomial_train1.11	0.3038686807100119	0.5665488523079002	1.5827010299349193e-40	0.12958243791058066	2.907150743078899e-08
ATP2B4_1_multinomial_train1.12	0.3077499832272793	0.5570599822900113	0.016339993844107736	0.11885004063860155	1.092370252543162e-307
ATP2B4_1_multinomial_train1.13	0.36376017747624895	0.5180721580207631	0.06061212585328517	0.05755553864970284	3.7005374289320156e-223
ATP2B4_0_multinomial_train1.8	0.2306934625372319	0.4292763762723032	0.2100737990411197	0.03576602337858279	0.09419033877076248
ATP2B4_1_multinomial_train1.14	0.43805989096596454	0.35562281268003215	0.0018456122758831789	0.13053405352699238	0.07393763055112772
ATP2B4_1_multinomial_train1.15	0.3537408780410984	0.42859149995844503	0.08280700608055971	0.11543973938704762	0.01942087653284913
ATP2B4_0_multinomial_train1.9	0.2992853387621032	0.32237008107707343	0.12855369380024473	0.04584988043560476	0.20394100592497383
ATP2B4_0_multinomial_train1.10	0.21546506072871663	0.5290783491681244	0.1464898774162109	1.196e-321	0.10896671268694817
ATP2B4_0_multinomial_train1.11	0.2136004321554333	0.49079935515941053	0.13585396884396866	0.06878597620055274	0.09096026764063476
ATP2B4_1_multinomial_train1.16	0.40429341013488174	0.42402597486859894	2.28e-321	0.16305522152341426	0.008625393473105156
ATP2B4_0_multinomial_train1.12	0.2356769980128083	0.35057202652508435	0.2419931376430163	0.0018916042119479204	0.16986623360714317
ATP2B4_0_multinomial_train1.13	0.19939751519825774	0.4035960980939246	0.2281888090857864	2.72e-321	0.16881757762203123
ATP2B4_0_multinomial_train1.14	0.2673171212459517	0.46038921716572134	0.10581867508385416	0.10133779153003643	0.0651371949744364
ATP2B4_0_multinomial_train1.15	0.2520157763243888	0.4545532748526173	0.1686189355598576	5.029008193458754e-171	0.12481201326313615
ATP2B4_1_multinomial_train1.17	0.2932642656078222	0.5618070410314527	1.4935001670337986e-39	0.13379295685625262	0.011135736504472294
ATP2B4_1_multinomial_train1.18	0.4403188072974751	0.42288638587351335	0.010546998644405444	0.0972500688060765	0.028997739378529515
ATP2B4_1_multinomial_train1.19	0.42962981824695534	0.3267276982134531	0.10381289547193297	0.08667455606481889	0.05315503200283978
ATP2B4_1_multinomial_train1.20	0.33448027378481865	0.45643626288271544	0.004400003610071119	0.10616084048850379	0.09852261923389101
ATP2B4_0_multinomial_train1.16	0.2841901750734073	0.348706008564738	0.21211866273934477	3.3375852591631796e-80	0.15498515362250997
ATP2B4_1_multinomial_train1.21	0.32909570634309704	0.473993908853938	0.0718457817103581	0.12506460309260678	2.016e-321
ATP2B4_1_multinomial_train1.22	0.3443450069904145	0.42163994965287077	0.15271604969621955	0.06356831475471736	0.01773067890577773
ATP2B4_0_multinomial_train1.17	0.24376072628726855	0.460112983076143	0.09764725678559617	0.01246063946521889	0.18601839438577325
ATP2B4_0_multinomial_train1.18	0.35982891741217127	0.2887908007755081	0.1621985059832522	0.04188321960683071	0.1472985562222378
ATP2B4_1_multinomial_train1.23	0.46577592050627414	0.3546597036222403	5.027325140362443e-219	0.14659535140772526	0.032969024463760245
ATP2B4_1_multinomial_train1.24	0.2988074355712244	0.5005164950221057	0.04890024121589965	0.0568849575579648	0.09489087063280546
ATP2B4_0_multinomial_train1.19	0.31445992649462956	0.36784647367181755	0.11511599165622684	0.02704272772681747	0.17553488045050863
ATP2B4_1_multinomial_train1.25	0.26420398434692344	0.5387087179507036	0.04895513006585071	0.14813216763652218	1.813e-321
ATP2B4_0_multinomial_train1.20	0.291870433219778	0.40813930440026913	0.09517566537081257	0.03084219294874449	0.17397240406039594
ATP2B4_0_multinomial_train1.21	0.40907613392982733	0.2210479591743124	0.14906857666084844	0.031188960088031865	0.18961837014698008
ATP2B4_0_multinomial_train1.22	0.32782144425159976	0.2879525666399568	0.20014037026281542	5.8870066736494445e-171	0.18408561884562785
ATP2B4_0_multinomial_train1.23	0.2568324962364833	0.37204360109729884	0.21226532555649225	0.024998043249197487	0.1338605338605281
ATP2B4_0_multinomial_train1.24	0.23331237417256578	0.4592195194925499	0.20026374006102982	0.0019546229886304293	0.10524974328522405
ATP2B4_1_multinomial_train1.26	0.23325168261592824	0.671447116832047	0.07293742393070554	0.022363776621319265	7.56e-322
ATP2B4_0_multinomial_train1.25	0.32468178334485065	0.43235154231322515	0.12437486815246908	0.07417058294817283	0.04442122324128216
ATP2B4_1_multinomial_train1.27	0.3726508247677792	0.4343586519184336	0.12553201743406417	0.05483889191775813	0.01261961396196473
ATP2B4_0_multinomial_train1.26	0.21427372311642406	0.3675647973142716	0.21400855544071795	5.4e-322	0.20415292412858638
ATP2B4_1_multinomial_train1.28	0.31732976706744725	0.5301156562579901	0.00038681992483305996	0.15216775674972982	1.17e-321
ATP2B4_0_multinomial_train1.27	0.2309759273583837	0.377771220676161	0.17141493330402763	0.07659684562874197	0.1432410730326858
ATP2B4_1_multinomial_train1.29	0.26274485862881014	0.5253126754966713	0.04858603054858547	0.16335643532593316	2.548948772719672e-240
ATP2B4_0_multinomial_train1.28	0.27420634484571704	0.3312113495914353	0.17898501034385397	0.003633931975697603	0.21196336324329612
ATP2B4_0_multinomial_train1.29	0.32558979021357665	0.3633071905374511	0.1809132777419919	0.0027109991884409494	0.12747874231853942
ATP2B4_0_multinomial_train1.30	0.361611197762705	0.2817598790941272	0.17385421933295725	0.019559570021151055	0.16321513378905944
ATP2B4_0_multinomial_train1.31	0.15934709236118838	0.4753026870439455	0.1538073301388068	0.053093154217135785	0.15844973623892342
ATP2B4_1_multinomial_train1.30	0.25818850866015997	0.5324805705102991	0.14168265574334302	0.06764826508619802	1.5907244796511272e-137
ATP2B4_1_multinomial_train1.31	0.34939817637780357	0.5417840078017806	0.007972677967132292	0.10084513785328357	1.003e-321
ATP2B4_1_multinomial_train1.32	0.3034209948455138	0.5473643706546416	0.09349473211311862	0.055719902386725764	2.986700601664092e-49
ATP2B4_0_multinomial_train1.32	0.26556143305855723	0.33195908900163074	0.24491403180226687	2.41e-321	0.15756544613754508
ATP2B4_0_multinomial_train1.33	0.266620783982398	0.4755770369004355	0.14827508681971305	0.020573477917681077	0.08895361437977241
ATP2B4_0_multinomial_train1.34	0.2700852200964755	0.37922356861979956	0.14366031902432674	0.013500611232637483	0.19353028102676084
ATP2B4_0_multinomial_train1.35	0.18806153635672343	0.42757190442938353	0.23349239816465017	0.023801565611627138	0.12707259543761582
ATP2B4_1_multinomial_train1.33	0.3089830684086575	0.5168642704131912	0.06264031198473971	0.07119366170364638	0.04031868748976509
ATP2B4_1_multinomial_train1.34	0.32518943756337154	0.40983667699969417	0.1309135751247033	0.1234951270226159	0.010565183289615053
ATP2B4_1_multinomial_train1.35	0.3663449963077568	0.42187517822982157	0.009189513156583907	0.15783764748256818	0.044752664823269686
ATP2B4_1_multinomial_train1.36	0.3201146306367613	0.4628031421083729	0.00017149170111145745	0.1837413267660784	0.03316940878767591
ATP2B4_0_multinomial_train1.36	0.32699165469871194	0.31466690998582403	0.19328065003950046	1.55e-321	0.16506078527596357
ATP2B4_0_multinomial_train1.37	0.20543831684110905	0.40309950412994977	0.2779766001814281	0.0008495265735841462	0.11263605227392891
ATP2B4_1_multinomial_train1.37	0.4131713438678659	0.4055129189901842	1.294e-321	0.16456093911505962	0.016754798026890203
ATP2B4_1_multinomial_train1.38	0.2218993000851705	0.6278425925061131	8.624772654734915e-196	0.15025810740871656	1.907e-321
ATP2B4_1_multinomial_train1.39	0.3409942863682221	0.4425632468873504	0.049094194581728104	0.16734827215795822	4.741112998748415e-12
ATP2B4_1_multinomial_train1.40	0.42515737853806074	0.43103173976731546	0.06185858842108111	0.08195229327354267	1.896133152386053e-119
ATP2B4_1_multinomial_train1.41	0.3577853989821999	0.4582575251975103	0.04385693714983455	0.11636110697676666	0.023739031693688597
ATP2B4_1_multinomial_train1.42	0.4267805273571077	0.3964011550482637	0.07167397072958819	0.10514434686504054	1.24e-321
ATP2B4_0_multinomial_train1.38	0.18807479076455585	0.5440267131186167	0.07901306913744913	0.044201753318094505	0.14468367366128396
ATP2B4_0_multinomial_train1.39	0.25858873849869846	0.3526613978262001	0.17275712466021484	0.023770752193195625	0.19222198682169095
ATP2B4_0_multinomial_train1.40	0.3322986754226951	0.3992058139899254	0.10935806190973298	0.025477248310263108	0.13366020036738357
ATP2B4_1_multinomial_train1.43	0.37619933920692605	0.44984602598538426	0.0032817806428296057	0.14820110484670185	0.022471749318158086
ATP2B4_0_multinomial_train1.41	0.2290769431680336	0.4477742443923246	0.15895381397618516	2.1354171973234453e-77	0.16419499846345673
ATP2B4_0_multinomial_train1.42	0.32083752266327736	0.32993723760350335	0.19172952783753172	2.618758743012577e-253	0.15749571189568753
ATP2B4_0_multinomial_train1.43	0.24958533366381896	0.4469158139641023	0.1279905608613603	1.94e-321	0.17550829151071845
ATP2B4_0_multinomial_train1.44	0.21493799768191552	0.3340029031822819	0.27378069505062785	0.029456590794528677	0.14782181329064614
ATP2B4_1_multinomial_train1.44	0.3576873181762593	0.5125815708966165	0.09212179691573981	0.037609314011376266	8.075456019785859e-15
ATP2B4_0_multinomial_train1.45	0.29992577902195594	0.33014174246983474	0.19624434973320196	0.02334428716913124	0.1503438416058761
ATP2B4_1_multinomial_train1.45	0.3708391029886826	0.40321248537909893	0.1548083773474452	0.07114003428477318	1.542305195976204e-65
ATP2B4_0_multinomial_train1.46	0.22261740720871706	0.5222473386272931	0.13698509801196831	0.03155234885813416	0.08659780729388734
ATP2B4_0_multinomial_train1.47	0.2256758402399671	0.4613801462218725	0.14387462603486909	0.05367177479619301	0.11539761270709811
ATP2B4_0_multinomial_train1.48	0.23393957575876514	0.47049187078800925	0.1390455803081511	0.007604798171582116	0.14891817497349244
ATP2B4_1_multinomial_train1.46	0.2025944188835435	0.6945201163596781	0.05135093574742835	0.05153452900935008	2.2752618885482077e-24
ATP2B4_1_multinomial_train1.47	0.25679812927908136	0.6083989034636113	0.026227241895777006	0.10857572536153026	1.68e-321
ATP2B4_1_multinomial_train1.48	0.37330751409951524	0.3793666022207197	0.08091176238701274	0.11677058637147411	0.04964353492127829
PMS1_0_multinomial_train1	0.1573912674977717	0.4643976474395777	0.025630410762623693	0.24676770203227136	0.10581297226775538
MSH6_1_multinomial_train1	0.020585010898173068	0.02184909285714501	0.046181868863856876	0.8112028387070089	0.10018118867381617
MSH6_0_multinomial_train1	0.004451174860466044	0.05183474598699004	8.85184594860995e-110	0.8217967946895459	0.12191728446299793
MSH2_0_multinomial_train1	2.67e-321	0.07494619747280563	2.825475382527709e-175	0.7584627828123702	0.16659101971482423
MSH6_0_multinomial_train1.1	0.020519105934682855	0.011764505888340951	2.0303517842391533e-49	0.8275269056289907	0.14018948254798558
MLH1_0_multinomial_train1	0.0021844884636508972	7.618582844563199e-162	0.0065503093540339235	0.7768354992202935	0.21442970296202163
MSH6_1_multinomial_train1.1	0.032187740603249346	0.010672428720741452	2.0075576512988485e-33	0.841124079897617	0.11601575077839237
MLH1_0_multinomial_train1.1	0.017982855944881505	2.194e-321	8.21986410453117e-292	0.7913525662101419	0.19066457784497653
PMS1_0_multinomial_train1.1	0.1388879833352041	0.49433133834194576	0.04260638177283607	0.14697368789434506	0.17720060865566914
