Samples	SBS96A	SBS96B	SBS96C	SBS96D	SBS96E
ATP2B4_real_train_fold1	0.3590238728441158	0.04066278819240703	0.45952704552727686	0.10804192852502048	0.03274436491117977
ATP2B4_real_train_fold1.1	0.4554903104469441	0.022391993374409752	0.23512745989286993	0.029679879092756108	0.25731035719302003
MLH1_real_train_fold1	7.306426966537427e-60	0.06619199467564078	0.04715402628151896	0.7148642335762627	0.1717897454665776
MSH2_real_train_fold1	0.03331411908716191	0.0008226771683549012	0.011979793883528277	0.7927459234583635	0.16113748640259126
MSH6_real_train_fold1	0.02143764298782541	0.0208825165512576	0.024973710837562568	0.8191114449508667	0.11359468467248772
MSH6_real_train_fold1.1	0.018736386069689446	0.04626632773767732	0.048039485344673075	0.8059962949351323	0.08096150591282777
OGG1_real_train_fold1	0.8490745615761963	0.012365284607210503	0.06074795171559355	0.05559979678503422	0.022212405315965314
PMS1_real_train_fold1	0.13068428690545233	2.64e-321	0.5952457288622258	0.21360704841662706	0.0604629358156948
PMS2_real_train_fold1	0.015252087679587679	0.6345270442566538	8.6e-322	0.35022086806375863	3.4e-322
RNF168_real_train_fold1	0.06038138217815767	0.5768962669969877	0.1025555306959543	0.07441519288322401	0.1857516272456763
UNG_real_train_fold1	0.09627177089168053	0.011947856782154268	0.15666330397767733	0.04752247757371166	0.6875945907747762
ATP2B4_multinomial_train_fold1	0.3143048343970359	0.027269637155763693	0.47809400150282744	0.1456900885022058	0.03464143844216731
ATP2B4_multinomial_train_fold1.1	0.5328666685492541	0.0873559555531137	0.1121118399108504	1.13e-321	0.2676655359867819
ATP2B4_multinomial_train_fold1.2	0.3646384372798056	0.0029312283838346565	0.3507248277094113	0.03505964191713483	0.24664586470981364
ATP2B4_multinomial_train_fold1.3	0.28340687912630297	0.050605734753056936	0.5684969431307809	0.07608244583017339	0.021407997159685735
ATP2B4_multinomial_train_fold1.4	0.5367362822032997	0.03262437755392346	0.13312233463164755	3.024e-321	0.2975170056111291
ATP2B4_multinomial_train_fold1.5	0.37828954656424263	0.11178299278114152	0.25142897636840433	0.00949092429414058	0.24900755999207094
ATP2B4_multinomial_train_fold1.6	0.5864006591874058	0.12198335324479585	6.9857276704710695e-43	0.008235219192405493	0.2833807683753929
ATP2B4_multinomial_train_fold1.7	0.3486278078240157	2.273e-321	0.24872526385367405	0.16438469697224328	0.2382622313500669
ATP2B4_multinomial_train_fold1.8	0.5371222675359387	0.0034981113833615165	0.2729130020335738	3.034e-321	0.18646661904712591
ATP2B4_multinomial_train_fold1.9	0.3572261665998797	2.92e-321	0.33109005253051216	0.03161423773653015	0.28006954313307814
ATP2B4_multinomial_train_fold1.10	0.5056484799767587	0.015028886823877659	0.11539587213932632	0.013876709133676059	0.3500500519263612
ATP2B4_multinomial_train_fold1.11	0.3773056138960978	2.65e-321	0.5437556004400628	0.0789387856638395	4.4276132293042785e-65
ATP2B4_multinomial_train_fold1.12	0.38232520056223185	0.03480058391823777	0.38159715207793954	0.08921077413118937	0.11206628931040151
ATP2B4_multinomial_train_fold1.13	0.584023760859482	2.816e-321	0.14977435461916458	0.07244556879382036	0.19375631572753294
ATP2B4_multinomial_train_fold1.14	0.37667342179539953	0.1371676650779176	0.37385247698818286	0.06136854413920782	0.05093789199929227
ATP2B4_multinomial_train_fold1.15	0.43011059610292424	0.07399454320963275	0.4034844825413083	0.0858982668900983	0.006512111256036449
ATP2B4_multinomial_train_fold1.16	0.185369972866621	0.019021698164906075	0.5837449087558235	0.16601229229676637	0.045851127915883125
ATP2B4_multinomial_train_fold1.17	0.43716782484445227	0.04602389651976415	0.42299548606889514	0.09381279256688843	4.879365899245131e-40
ATP2B4_multinomial_train_fold1.18	0.3626914056334297	7.593724804038728e-68	0.44337516343957484	0.08758766444077622	0.10634576648621906
ATP2B4_multinomial_train_fold1.19	0.487125173779281	0.059747290615890444	0.195464353922862	0.02119493439924248	0.23646824728272406
ATP2B4_multinomial_train_fold1.20	0.4253319042854413	0.04761372368360673	0.31510566711711097	0.09662358600089015	0.11532511891295066
ATP2B4_multinomial_train_fold1.21	0.4366077454212012	4.886e-321	0.2933438357701358	0.040989948535575464	0.22905847027308762
ATP2B4_multinomial_train_fold1.22	0.4886719006922895	0.08545117119875216	0.12863984783612697	2.554e-321	0.2972370802728312
ATP2B4_multinomial_train_fold1.23	0.3248825662641569	0.13622330976350927	0.5090271191292538	3.2352360037066312e-40	0.02986700484308002
ATP2B4_multinomial_train_fold1.24	0.43412791625159447	3.657811946248732e-132	0.4541005564470535	0.11177152730135209	1.117e-321
ATP2B4_multinomial_train_fold1.25	0.6664785173774643	4.48e-321	6.13e-322	0.08121488904489581	0.2523065935776399
ATP2B4_multinomial_train_fold1.26	0.45919498827119964	0.07278724383000172	0.11426070722806968	2.016e-321	0.3537570606707291
ATP2B4_multinomial_train_fold1.27	0.3335584515386295	0.055930100458097515	0.22683846130518623	0.07109024937330934	0.3125827373247775
ATP2B4_multinomial_train_fold1.28	0.5134841487043897	3.063e-321	0.16996698738724483	1.12e-321	0.3165488639083654
ATP2B4_multinomial_train_fold1.29	0.31989055567244407	0.052024115526232984	0.5949978602744806	0.021173322177667018	0.011914146349175363
ATP2B4_multinomial_train_fold1.30	0.4418442569587515	0.0023115503680532007	0.19273191425603964	1.620688178364207e-209	0.3631122784171556
ATP2B4_multinomial_train_fold1.31	0.3753609060372163	0.07845966559420296	0.3405684583210572	0.10024557332747205	0.10536539672005141
ATP2B4_multinomial_train_fold1.32	0.4770904771300353	1.1985163896712847e-219	0.24861719469255095	7.412385940317301e-153	0.2742923281774138
ATP2B4_multinomial_train_fold1.33	0.25858042520052615	0.08702522561695282	0.5113936013597045	0.07654393558731032	0.06645681223550626
ATP2B4_multinomial_train_fold1.34	0.36754320136980545	3.538e-321	0.4486696569535873	0.03596056400795685	0.14782657766865034
ATP2B4_multinomial_train_fold1.35	0.44895256900513236	0.09920833836050766	0.2777910526358033	5.147203420220374e-33	0.17404803999855673
ATP2B4_multinomial_train_fold1.36	0.40392445581204844	0.06477483109729602	0.4135992412669517	0.09527145576824354	0.02243001605546025
ATP2B4_multinomial_train_fold1.37	0.4152089876930529	0.07169053482643357	0.2586375536775939	0.08277072962105557	0.1716921941818641
ATP2B4_multinomial_train_fold1.38	0.34995035102576044	2.414850268277787e-27	0.3323942977187666	0.07627419646162675	0.24138115479384628
ATP2B4_multinomial_train_fold1.39	0.3989102325569255	8.882943442898569e-295	0.4628965167415796	0.09338186066188515	0.044811390039609704
ATP2B4_multinomial_train_fold1.40	0.33892814329420967	0.0583800689365298	0.41967002946025866	0.137875701465779	0.045146056843222884
ATP2B4_multinomial_train_fold1.41	0.5655536613686477	1.2925447251088905e-29	0.12611844058175783	0.022939789092021056	0.2853881089575735
ATP2B4_multinomial_train_fold1.42	0.3636148878641751	0.026938156208665617	0.4892008104660073	0.11668071865687224	0.003565426804279843
ATP2B4_multinomial_train_fold1.43	0.3814521552987207	0.060691744884882264	0.28037456623404416	2.46e-321	0.2774815335823528
ATP2B4_multinomial_train_fold1.44	0.47504962517232796	0.17321946020531886	0.1692869440156208	0.024941320992244713	0.15750264961448782
ATP2B4_multinomial_train_fold1.45	0.42975170914325633	7.1e-322	0.3171296835029028	0.09382762307386273	0.15929098427997818
ATP2B4_multinomial_train_fold1.46	0.5032629895530532	7.611479621328042e-17	0.20518046029619583	0.020417507887546243	0.2711390422632047
ATP2B4_multinomial_train_fold1.47	0.6513310946359796	0.007121775092698842	0.05360659333379865	1.3220666840488643e-107	0.2879405369375228
ATP2B4_multinomial_train_fold1.48	0.41327115607603776	0.04188848243742663	0.44718753956209123	0.06888380098696623	0.028769020937478094
ATP2B4_multinomial_train_fold1.49	0.39735993642251666	1.208278940451004e-203	0.3950708657046148	0.005400210978528483	0.20216898689433993
ATP2B4_multinomial_train_fold1.50	0.3458678651747135	0.14050212785210892	0.37132914719351895	0.09112216300857834	0.051178696771080195
ATP2B4_multinomial_train_fold1.51	0.4259299750346097	0.05414762171161486	0.18888202485605937	2.194e-321	0.33104037839771616
ATP2B4_multinomial_train_fold1.52	0.48867733432603055	3.3590401913848853e-277	0.25519341690583797	0.10941095335654494	0.14671829541158646
ATP2B4_multinomial_train_fold1.53	0.4464832899245924	0.00027764564439257785	0.18491206008572275	0.05645375955353506	0.31187324479175726
ATP2B4_multinomial_train_fold1.54	0.3518130992994064	0.09919678638857513	0.27315714574899436	0.005278569656442936	0.27055439890658123
ATP2B4_multinomial_train_fold1.55	0.37280567463316483	0.04359987620654393	0.43135991153200925	0.14687939431607622	0.0053551433122057054
ATP2B4_multinomial_train_fold1.56	0.4174118296219227	6.09918144743772e-21	0.2780451423951086	0.005345054108518158	0.29919797387445074
ATP2B4_multinomial_train_fold1.57	0.4006529582531858	0.052173738078682246	0.3907907790100927	0.11284862797025812	0.04353389668778131
ATP2B4_multinomial_train_fold1.58	0.462068921010402	0.1278651091030908	0.2755725366757064	0.11521080647902497	0.019282626731775904
ATP2B4_multinomial_train_fold1.59	0.35267888838031397	3.063e-321	0.4228692148075296	1.27e-321	0.2244518968121565
ATP2B4_multinomial_train_fold1.60	0.4407760637013718	0.03427870472281609	0.2257224413915124	0.08090849981332474	0.21831429037097488
ATP2B4_multinomial_train_fold1.61	0.3655756495872016	0.02542592142230539	0.44368162683367607	0.13137630196246294	0.03394050019435402
ATP2B4_multinomial_train_fold1.62	0.5654905944225007	2.74e-321	0.02610203014973502	0.037145088510665926	0.3712622869170983
ATP2B4_multinomial_train_fold1.63	0.3348871089039803	0.009064540556290713	0.47423061381116627	0.14774694118681111	0.034070795541751665
ATP2B4_multinomial_train_fold1.64	0.47620917186305733	0.039277652932158895	0.19726080274362212	1.6056466030112285e-190	0.28725237246116164
ATP2B4_multinomial_train_fold1.65	0.25916875584550025	0.08248518751102939	0.4633369079598877	0.19500914868358268	4.42958471106029e-195
ATP2B4_multinomial_train_fold1.66	0.30247845052649663	0.07049833723239966	0.40743227587537456	0.1436864145230807	0.07590452184264836
ATP2B4_multinomial_train_fold1.67	0.30140659304430256	0.018013912245317523	0.4318513382087781	0.1412800893732248	0.10744806712837701
ATP2B4_multinomial_train_fold1.68	0.3481236286084943	0.05888166119590147	0.4788093944419527	0.11418531575365164	1.65e-321
ATP2B4_multinomial_train_fold1.69	0.4030351837774635	0.04291163217060059	0.42718834256311555	0.059595318220783296	0.06726952326803694
ATP2B4_multinomial_train_fold1.70	0.506259404425597	4.343e-321	0.1443121587679531	0.005271893467073786	0.34415654333937606
ATP2B4_multinomial_train_fold1.71	0.30510185314334576	3.053e-321	0.34699871134927585	0.1930700966882607	0.1548293388191176
ATP2B4_multinomial_train_fold1.72	0.3502905767449788	0.021219230565673493	0.44684594462334903	0.17476512567299146	0.006879122393007146
ATP2B4_multinomial_train_fold1.73	0.24069508874637946	0.020377593831927825	0.5572355255691555	0.18169179185253725	1.5670781475285348e-96
ATP2B4_multinomial_train_fold1.74	0.45251813972196064	2.604e-321	0.3209285625455748	0.15748743281340055	0.0690658649190639
ATP2B4_multinomial_train_fold1.75	0.4627468926062286	0.07779437020327079	0.12855902923940105	0.06426798881556305	0.2666317191355367
ATP2B4_multinomial_train_fold1.76	0.4145247472261486	0.03593594744170002	0.268251000367616	0.0693736781929392	0.21191462677159625
ATP2B4_multinomial_train_fold1.77	0.3600801827926566	0.05004064099822584	0.412619699014661	0.15445929243705386	0.0228001847574028
ATP2B4_multinomial_train_fold1.78	0.6440696792538985	0.0190663284828157	0.005513651850482031	0.05647026121029938	0.27488007920250423
ATP2B4_multinomial_train_fold1.79	0.4064358384284804	0.07434948113722531	0.3629119170998318	0.1404917557263354	0.015811007608126947
ATP2B4_multinomial_train_fold1.80	0.45684481063393034	4.4299101610691593e-100	0.35727001519409585	0.1497131876967441	0.03617198647522958
ATP2B4_multinomial_train_fold1.81	0.4341039629681541	0.09345773739353243	0.15990436221513057	0.08050826530483028	0.2320256721183526
ATP2B4_multinomial_train_fold1.82	0.1893654070139883	0.027523726073659178	0.7192071940050058	0.059252281530165665	0.004651391377181022
ATP2B4_multinomial_train_fold1.83	0.42888580318735814	0.07717286950107685	0.15374100772283053	0.02817826754933572	0.31202205203939887
ATP2B4_multinomial_train_fold1.84	0.4974852421245486	0.0005875683381207922	0.22170168751095848	0.0588534622568241	0.22137203976954808
ATP2B4_multinomial_train_fold1.85	0.5794122346487024	0.03145180710439954	1.4124135787582023e-35	1.94e-321	0.38913595824689806
ATP2B4_multinomial_train_fold1.86	0.4534943539133004	0.00805088883351887	0.31117513127818697	0.003930403995723497	0.22334922197927018
ATP2B4_multinomial_train_fold1.87	0.48900181220864014	3.676e-321	0.020650445397837974	0.14739884635414421	0.34294889603937756
ATP2B4_multinomial_train_fold1.88	0.4556777754170128	0.03822783316821518	0.15187903819013518	0.05723192523290092	0.29698342799173594
ATP2B4_multinomial_train_fold1.89	0.36441261240912287	0.0030424644598056327	0.5097655722393932	0.11402882778315175	0.008750523108526507
ATP2B4_multinomial_train_fold1.90	0.4280641404362566	0.04651224751388827	0.20147993290858437	0.027391171426225228	0.2965525077150455
ATP2B4_multinomial_train_fold1.91	0.3273285574934987	0.043789568141962026	0.3572679832818213	0.013614409362163559	0.25799948172055437
ATP2B4_multinomial_train_fold1.92	0.3168394224475057	0.01870594095662528	0.4806945653199697	0.14552167575650646	0.03823839551939292
ATP2B4_multinomial_train_fold1.93	0.4073154134169509	0.07571673218012649	0.37749236019839916	0.08264318967575644	0.05683230452876705
ATP2B4_multinomial_train_fold1.94	0.30992643526115415	3.456273675165036e-07	0.4017976891882137	0.032220500362971694	0.2560550295602929
ATP2B4_multinomial_train_fold1.95	0.3706807699858831	0.048587404987615615	0.4564552692886821	0.07809998219433648	0.046176573543482737
ATP2B4_multinomial_train_fold1.96	0.259889196350804	0.007757160751864581	0.6415970379860828	0.09075660491124882	2.09e-321
ATP2B4_multinomial_train_fold1.97	0.35610830860000076	0.06655191893247211	0.2831550821666562	0.0012387599031644435	0.2929459303977064
PMS1_multinomial_train_fold1	0.08142190820870406	0.031890683431584126	0.7423291287326521	0.14435827962705988	1.35e-321
PMS2_multinomial_train_fold1	0.020427291794921438	0.6168105193748479	1.117e-321	0.36276218883023076	3.36e-322
PMS2_multinomial_train_fold1.1	0.008282633525894452	0.6319682758836533	5.63e-322	0.35974909059045224	3.26e-322
MSH6_multinomial_train_fold1	0.012363504374839946	0.04467350836645765	0.07838442907219136	0.7828652529103138	0.0817133052761972
PMS1_multinomial_train_fold1.1	0.12434322005416747	4.05e-321	0.633530410427648	0.19790488348937113	0.04422148602881329
MSH6_multinomial_train_fold1.1	0.034551860501700664	0.023158234690011464	0.005111478087332781	0.8327982211755955	0.1043802055453596
MSH6_multinomial_train_fold1.2	0.035091238978896024	0.03425875256488521	0.048566019267908836	0.7647426663378155	0.11734132285049445
MSH2_multinomial_train_fold1	0.03905315080798942	6.209104589529001e-112	8.551069314449646e-286	0.777448589355104	0.1834982598369067
PMS2_multinomial_train_fold1.2	0.007458442643490086	0.6524206045630985	5.7e-322	0.34012095279341165	3.36e-322
MSH6_multinomial_train_fold1.3	0.019636722368823356	0.013066173733586399	0.022811767882899403	0.8034527274948398	0.14103260851985105
PMS1_multinomial_train_fold1.2	0.14329690053597535	2.68e-321	0.5734581524503066	0.22654568736876313	0.056699259644955
PMS1_multinomial_train_fold1.3	0.09386745886726644	1.17e-321	0.6470713692448372	0.20639492395385017	0.05266624793404624
PMS1_multinomial_train_fold1.4	0.20309270429575155	3.053e-321	0.47123436650867323	0.27061527479910075	0.05505765439647448
PMS2_multinomial_train_fold1.3	0.002776721769610609	0.6313267485429801	6.23e-322	0.36589652968740943	3.5e-322
PMS1_multinomial_train_fold1.5	0.09104870805194351	2.525e-321	0.6239483245480932	0.24068143286144333	0.04432153453851971
MSH6_multinomial_train_fold1.4	0.024553861930088412	0.028572207666241235	0.01186157218762763	0.7924438011737489	0.14256855704229393
MSH6_multinomial_train_fold1.5	0.030505871000619588	0.008982483251701073	0.0030028230075382894	0.8485287868480641	0.10898003589207694
MSH6_multinomial_train_fold1.6	0.03992276328593654	0.020971590468293614	5.4110589049833595e-34	0.8402762194646216	0.0988294267811484
MSH6_multinomial_train_fold1.7	0.008588533050550077	0.07683087921067966	0.042852974413458506	0.8013301372512828	0.07039747607402888
PMS1_multinomial_train_fold1.6	0.16174719261116458	9.247176414508667e-115	0.6508793938301558	0.12313144485899567	0.06424196869968415
MSH6_multinomial_train_fold1.8	0.020235835884420978	0.08687219130133407	0.043063047248415906	0.8050658254909	0.04476310007492916
PMS2_multinomial_train_fold1.4	0.02284774962959116	0.6466902308306759	1.08e-321	0.33046201953973303	3.36e-322
MSH6_multinomial_train_fold1.9	0.020500175267170493	0.0054852263136037195	0.036653440623430136	0.8464304300330353	0.09093072776276023
MLH1_multinomial_train_fold1	0.011258064673246793	0.07141468760473792	0.02870761898326083	0.7428278704605125	0.14579175827824198
MLH1_multinomial_train_fold1.1	1.334e-321	0.06107062821891909	0.06448112862252202	0.7340743160360316	0.1403739271225274
MSH6_multinomial_train_fold1.10	0.0130365860011498	0.045860687132352626	0.04873498380494891	0.8008783056554221	0.09148943740612646
MSH6_multinomial_train_fold1.11	0.010016787014016693	0.0391034886052873	0.0413781412847446	0.7679560500314491	0.14154553306450224
MSH6_multinomial_train_fold1.12	0.03760181131792889	0.0687414056623055	0.03851216434688117	0.7800579532283618	0.07508666544452255
PMS1_multinomial_train_fold1.7	0.07303633081878527	3.607e-321	0.7013902933650448	0.17638384383179784	0.049189531984372176
PMS2_multinomial_train_fold1.5	0.021380436182578292	0.6162038931764766	8.4e-322	0.3624156706409451	3.36e-322
PMS2_multinomial_train_fold1.6	0.004890676054147367	0.6702508714911384	1.17e-321	0.3248584524547142	6.97e-322
MSH2_multinomial_train_fold1.1	0.029735109585510882	0.02315935987462552	2.2654700608901757e-31	0.8112413088941043	0.13586422164575918
MSH2_multinomial_train_fold1.2	0.029730841099288103	0.029633221839446163	9.687151601325023e-99	0.7722472034332998	0.16838873362796605
PMS2_multinomial_train_fold1.7	0.010904772580602936	0.6371885969191823	1.176e-321	0.35190663050021476	3.46e-322
MSH6_multinomial_train_fold1.13	0.023876362533684473	0.06409308817533574	0.04875947404712787	0.8414335834846998	0.021837491759152176
MSH6_multinomial_train_fold1.14	0.02949721801727164	0.030435912731249605	6.2751172155828836e-30	0.8290154627027201	0.11105140654875857
MLH1_multinomial_train_fold1.2	0.0028452799079810936	0.04955830684549999	0.05109372662348577	0.7364237079915225	0.16007897863151063
PMS1_multinomial_train_fold1.8	0.1157505234450686	2.3261177082448127e-218	0.5825159826282371	0.26042153335876744	0.041311960567926874
MLH1_multinomial_train_fold1.3	2.194e-321	0.12989088670669913	0.030663189848040815	0.6694324278443496	0.1700134956009105
MSH2_multinomial_train_fold1.3	0.025321114244806514	0.00764714210451997	0.0028293315130828787	0.8137435492725212	0.1504588628650695
MLH1_multinomial_train_fold1.4	9.5e-322	0.07007142500156725	0.0668552051553341	0.6871209327801178	0.1759524370629809
PMS1_multinomial_train_fold1.9	0.1649205349166874	0.014558616369593543	0.5746659310471847	0.1914625880046431	0.05439232966189119
MLH1_multinomial_train_fold1.5	2.026e-321	0.07103701856750153	0.05472504149077741	0.6908230288317069	0.1834149111100142
MSH6_multinomial_train_fold1.15	0.025687399271364146	0.044187449792319825	0.058444347111094676	0.813284796270598	0.05839600755462331
MSH6_multinomial_train_fold1.16	0.028128227416098134	0.07852109594359861	0.03414174172951901	0.7753407255033516	0.08386820940743245
PMS1_multinomial_train_fold1.10	0.1798624437200057	1.655e-321	0.5069495652116898	0.25144906016289476	0.06173893090540999
PMS1_multinomial_train_fold1.11	0.11817427196379457	2.204e-321	0.5600274460755269	0.2580261314986256	0.06377215046205308
MSH6_multinomial_train_fold1.17	0.023039262494848705	0.01891850486812822	0.03491495008512354	0.818455108673222	0.1046721738786774
MSH6_multinomial_train_fold1.18	0.03572515138013158	0.005123080844331681	0.0310077898817483	0.8457750100274768	0.08236896786631152
PMS2_multinomial_train_fold1.8	0.011338987127035276	0.6382685466576605	5.63e-322	0.3503924662153042	3.3e-322
MSH6_multinomial_train_fold1.19	0.025364517243960143	0.02877218307278134	0.03520202376320657	0.8042665156086916	0.10639476031136032
PMS2_multinomial_train_fold1.9	0.00992091085152205	0.6337932152050548	5.8e-322	0.35628587394342315	3.4e-322
MLH1_multinomial_train_fold1.6	0.0037372028989136473	0.05162711362869096	0.029851129945845673	0.7216066222959692	0.19317793123058052
MSH6_multinomial_train_fold1.20	0.010905824656743402	0.0062856412709524035	0.08562515555250488	0.8457774162604654	0.051405962259333936
PMS2_multinomial_train_fold1.10	0.014325469937079017	0.6467875570327697	8.45e-322	0.3388869730301512	6.77e-322
MSH6_multinomial_train_fold1.21	0.02309794792284611	1.929922664004704e-264	0.018446707125462414	0.8250720567683685	0.13338328818332296
PMS1_multinomial_train_fold1.12	0.10879627777848258	2.747e-321	0.6713622779725174	0.18975457228510717	0.030086871963892956
MSH6_multinomial_train_fold1.22	0.024426270954428862	0.04298259693266586	0.01022404438726329	0.8018618452211275	0.12050524250451454
MSH2_multinomial_train_fold1.4	0.030548746917601333	3.8e-321	0.01720504440555621	0.8209679285652873	0.13127828011155512
MSH6_multinomial_train_fold1.23	0.02691213158667242	1.1410495737867488e-145	0.03056282082452038	0.8293303617276248	0.11319468586118231
PMS2_multinomial_train_fold1.11	0.019625041901075575	0.6100128536002898	1.5868917740276502e-301	0.37036210449863466	3.46e-322
PMS1_multinomial_train_fold1.13	0.13433024983828665	2.105e-321	0.6760202398742786	0.17171023608286298	0.017939274204571875
PMS1_multinomial_train_fold1.14	0.15739809099576763	2.1e-321	0.6144468272505477	0.18772424758315798	0.04043083417052688
MSH6_multinomial_train_fold1.24	0.020476197445282923	0.02786472129129079	0.006468874658633967	0.8155553748568333	0.129634831747959
PMS1_multinomial_train_fold1.15	0.128979748100511	4.244e-321	0.6714610439535763	0.1982722703390213	0.0012869376068914082
MSH6_multinomial_train_fold1.25	0.026235391585069885	0.10696649979270427	0.012880170186942512	0.7630516574561781	0.09086628097910518
MSH6_multinomial_train_fold1.26	0.015295877429660853	0.048857393241695295	0.02216549260502568	0.8067360408138393	0.10694519590977894
MSH2_multinomial_train_fold1.5	0.03323148320022545	3.35e-321	0.022006794241543497	0.784304090345795	0.16045763221243606
PMS2_multinomial_train_fold1.12	0.01416961174959709	0.6257112098263871	8.4e-322	0.36011917842401586	6.6e-322
PMS2_multinomial_train_fold1.13	0.02836142292572371	0.6327584863075797	5.3e-322	0.3388800907666966	3.3e-322
MSH6_multinomial_train_fold1.27	0.014520894406007234	0.024245436781783238	0.06470195878616601	0.8288667798360965	0.06766493018994707
MSH6_multinomial_train_fold1.28	0.0159623677401063	0.01449021031744748	0.04674898140126366	0.818234754443877	0.10456368609730557
MSH6_multinomial_train_fold1.29	0.013580375320867958	0.002851244254146489	0.03703688106394578	0.8727066111242309	0.07382488823680904
PMS1_multinomial_train_fold1.16	0.13767957258851307	6.780964914988026e-289	0.6511030067581367	0.1972061985658559	0.014011222087494446
MSH6_multinomial_train_fold1.30	0.016561597442058176	0.014747202044450953	0.040922885656317735	0.8389115031630979	0.08885681169407518
PMS2_multinomial_train_fold1.14	0.0065393674073696085	0.6702876620947018	5.83e-322	0.32317297049792854	3.5e-322
MSH6_multinomial_train_fold1.31	0.011677094480521549	0.10134787794288086	0.04858647202376506	0.7494813852485469	0.08890717030428572
MSH6_multinomial_train_fold1.32	0.02873353898103115	0.03682521273340214	0.008968811944433643	0.830730777482043	0.09474165885909004
MSH6_multinomial_train_fold1.33	0.027712941564025255	0.06776437359288814	0.05808476038908532	0.7882170684504621	0.05822085600353932
MLH1_multinomial_train_fold1.7	3.52e-321	0.06008673014063275	0.04897255805455246	0.714565779006417	0.17637493279839786
PMS1_multinomial_train_fold1.17	0.13370637922358589	0.03064231084974536	0.5577000847627948	0.08728185177445029	0.1906693733894237
MSH6_multinomial_train_fold1.34	0.02183202823991117	0.06605056455633042	0.05209661660770487	0.8047646849981118	0.055256105597941724
MSH2_multinomial_train_fold1.6	0.027229910606202567	6.559020487933312e-69	0.031167242393104286	0.7930810064413901	0.14852184055930293
MSH6_multinomial_train_fold1.35	0.027715209151179275	1.093476268484555e-150	0.0205825586457572	0.8019788263821579	0.1497234058209055
MLH1_multinomial_train_fold1.8	2.6551500642665026e-116	0.04355272521414828	0.05226666225409109	0.7321804178244546	0.17200019470730604
MLH1_multinomial_train_fold1.9	0.008305718144882169	0.07570260755168418	0.03046250770805984	0.6999889339279999	0.1855402326673739
PMS1_multinomial_train_fold1.18	0.08489502673766287	1.685e-321	0.6117925992444136	0.23713804439750447	0.06617432962041907
MSH2_multinomial_train_fold1.7	0.04022877247597309	9.324934333515622e-107	0.02730899371886049	0.785124531674444	0.1473377021307225
MLH1_multinomial_train_fold1.10	8.357486315960128e-301	0.07634280350712994	0.023236232207122075	0.6904586918157345	0.2099622724700137
MSH6_multinomial_train_fold1.36	0.010669997431646974	0.05545118049907294	0.07814187692603522	0.8014045271258274	0.05433241801741744
MSH6_multinomial_train_fold1.37	0.04238265294891271	0.02794266084995178	1.89e-321	0.8128697087292924	0.116804977471843
PMS2_multinomial_train_fold1.15	0.02314371537583142	0.6517064950974591	8.15e-322	0.3251497895267096	3.4e-322
MSH6_multinomial_train_fold1.38	0.011516182825362325	0.03494243816599706	0.015863124797748734	0.8127715961166283	0.12490665809426373
MSH6_multinomial_train_fold1.39	0.028324703376133718	0.015636777221645005	0.020756868838753086	0.8478766884381187	0.08740496212534929
OGG1_multinomial_train_fold1	0.8433332533663452	1.4149189282679504e-129	0.06249321004738953	0.05562060107179363	0.03855293551447163
UNG_multinomial_train_fold1	0.11797560551729205	0.01904792011804137	0.16837384988336407	0.03242104734036736	0.6621815771409352
OGG1_multinomial_train_fold1.1	0.8005599942218546	0.011520191733438037	0.13537174202141097	0.03870262395389027	0.013845448069405979
OGG1_multinomial_train_fold1.2	0.7934728856141479	1.8826641668142074e-133	0.13713132847196813	0.03842544848817884	0.03097033742570508
OGG1_multinomial_train_fold1.3	0.9589795467470327	3.03e-321	7.144965526306179e-128	0.0355268487180168	0.005493604534950366
OGG1_multinomial_train_fold1.4	0.8603233678411272	0.004117964781842825	0.06294846856816082	0.0452347179634718	0.02737548084539759
UNG_multinomial_train_fold1.1	0.1394580536278282	0.060785381633911784	0.09387594815590986	2.13e-321	0.70588061658235
UNG_multinomial_train_fold1.2	0.053687647015467015	0.05333015503384694	0.19415893685039184	0.011429699999015863	0.6873935611012782
OGG1_multinomial_train_fold1.5	0.8656560036906145	0.006204432046636977	0.0780092674851328	0.029323958006630773	0.020806338770984863
UNG_multinomial_train_fold1.3	0.0731582618059714	1.255386617987473e-74	0.24687682878337544	0.10759174879142097	0.572373160619232
UNG_multinomial_train_fold1.4	0.08698615187088275	2.843210240597944e-132	0.07036444687230414	0.12204187371226527	0.7206075275445477
OGG1_multinomial_train_fold1.6	0.8787894533259311	5.927323847614196e-62	1.3710708558449473e-269	0.060168306706779265	0.06104223996728958
OGG1_multinomial_train_fold1.7	0.8584904570725308	0.01292780140371579	0.019562019509013685	0.06750191601484465	0.04151780599989498
OGG1_multinomial_train_fold1.8	0.8935001750179568	7.426905503786724e-261	4.441199797373897e-38	0.06311375781960323	0.0433860671624399
OGG1_multinomial_train_fold1.9	0.7733957505639498	0.07038383271932853	0.09982247302583881	0.03353066593760546	0.022867277753277307
UNG_multinomial_train_fold1.5	0.11799037276521894	1.853e-321	0.24453611382934073	0.022773165597728212	0.6147003478077122
UNG_multinomial_train_fold1.6	0.0894813284866041	0.11576191321125406	0.180927373788785	0.02949990863113247	0.5843294758822242
UNG_multinomial_train_fold1.7	0.06318934977772261	0.06834912483588898	0.11667491962953694	8.217171945176143e-116	0.7517866057568514
UNG_multinomial_train_fold1.8	0.07771052767471759	0.06361084859083872	0.13579434777134075	0.09603626306168607	0.6268480129014169
UNG_multinomial_train_fold1.9	0.08367218111847359	0.02534100780176107	0.09860704664911288	0.02241812322767626	0.7699616412029763
UNG_multinomial_train_fold1.10	0.1040113435890143	0.08866339893361158	0.18885456503640674	2.253e-321	0.6184706924409673
UNG_multinomial_train_fold1.11	0.11200137272964708	0.032001416437919976	0.08756555060035645	0.03173939480510367	0.736692265426973
UNG_multinomial_train_fold1.12	0.06948265046639472	0.04282258467699544	0.17871143452947913	1.1892980021205343e-64	0.7089833303271308
UNG_multinomial_train_fold1.13	0.09632510513908986	0.004598503659134315	0.1822278925879846	0.04671054871725017	0.6701379498965412
UNG_multinomial_train_fold1.14	0.08750869774165797	0.11822548911656548	0.19546462521678956	0.03565139302890847	0.5631497948960784
OGG1_multinomial_train_fold1.10	0.8700992927865752	0.048301274295894966	0.0051069590209098	0.038560626216040235	0.03793184768057979
UNG_multinomial_train_fold1.15	0.10450039376356272	0.08218638481576127	0.13025019144699335	0.044965681095385075	0.6380973488782975
UNG_multinomial_train_fold1.16	0.08399670368195089	9.9e-322	0.20149451930490508	0.10068068265872568	0.6138280943544183
UNG_multinomial_train_fold1.17	0.07971141789709904	0.023608542257171967	0.07849708361511554	0.1073415030122455	0.710841453218368
OGG1_multinomial_train_fold1.11	0.810099394871632	0.0107043247928332	0.1135904323016568	0.03303584114250179	0.03257000689137616
UNG_multinomial_train_fold1.18	0.0808980884944594	0.12200151008108483	0.14956259113568576	1.85e-321	0.64753781028877
UNG_multinomial_train_fold1.19	0.12274759435349218	0.052122058677367404	0.039218460674790935	0.11324961113182448	0.6726622751625249
OGG1_multinomial_train_fold1.12	0.8815574739348125	0.0894660871384141	4.9329607101260846e-57	0.007186360616469425	0.021790078310304023
UNG_multinomial_train_fold1.20	0.06497820971473854	3.3311397238499833e-211	0.16310242264242827	0.07510463047990394	0.6968147371629292
OGG1_multinomial_train_fold1.13	0.8417458091022992	0.04103964386830726	0.03788115859225842	0.05735876233555646	0.02197462610157874
UNG_multinomial_train_fold1.21	0.05658816965531216	0.0808549780616005	0.24359077774719276	1.08e-321	0.6189660745358945
UNG_multinomial_train_fold1.22	0.10239220300578612	0.03249714410929363	0.09237049822624724	0.012594465641382686	0.7601456890172904
UNG_multinomial_train_fold1.23	0.11138508407257446	0.0526708428392967	0.07118499427351865	0.07296284822288067	0.6917962305917293
OGG1_multinomial_train_fold1.14	0.8845894196025147	0.06157394211217604	0.020172823763243745	0.03366381452206566	6.196854499378074e-67
UNG_multinomial_train_fold1.24	0.1460792489802351	0.07176196162146205	0.1251510587483884	5.921098460090516e-18	0.6570077306499145
OGG1_multinomial_train_fold1.15	0.8181754342610154	8.598486541472835e-289	0.10549181399677543	0.03671001551401288	0.03962273622819625
OGG1_multinomial_train_fold1.16	0.8763630211287438	0.0091384466823124	0.015636508718837868	0.043441627713567355	0.055420395756538524
UNG_multinomial_train_fold1.25	0.1121277084407683	0.07087371138360607	0.08737255869734661	0.14430634589140295	0.5853196755868759
UNG_multinomial_train_fold1.26	0.10279281988380201	9.487422836715432e-210	0.21144489780084572	0.07548620486592868	0.6102760774494236
UNG_multinomial_train_fold1.27	0.14496519394267476	3.71e-321	0.06102677623458404	0.09583683912611328	0.6981711906966279
UNG_multinomial_train_fold1.28	0.002902328798554137	2.535e-321	0.37401693397148117	0.05929351914994332	0.5637872180800214
UNG_multinomial_train_fold1.29	0.08909985040250411	0.12440314462473516	0.08936409876792434	0.0387846949321869	0.6583482112726495
OGG1_multinomial_train_fold1.17	0.8304352495417393	1.3958130125141044e-46	0.07739765537405771	0.03883305402978631	0.05333404105441658
OGG1_multinomial_train_fold1.18	0.8844228691249785	0.0010237850367980682	0.05095476233779873	0.040303449749826144	0.023295133750598697
OGG1_multinomial_train_fold1.19	0.7950630004102078	1.3029490450726026e-169	0.13701880823922888	0.058424272822387935	0.009493918528175374
OGG1_multinomial_train_fold1.20	0.7998957736693758	0.05049228889973275	0.1063139687264696	0.03238945234035989	0.01090851636406203
UNG_multinomial_train_fold1.30	0.12243277717911052	0.04378423924871595	0.08641034260992685	0.002735713105934178	0.7446369278563125
UNG_multinomial_train_fold1.31	0.1639475795961315	2.614e-321	0.18734847114045694	0.07962711115486694	0.5690768381085447
OGG1_multinomial_train_fold1.21	0.8325055330848372	1.2544258553779387e-302	0.05507930676878015	0.11241516014638268	1.1429569851244042e-29
OGG1_multinomial_train_fold1.22	0.7801931362628424	0.08013012732876529	0.11909209967448751	0.020344838140797305	0.00023979859310767148
OGG1_multinomial_train_fold1.23	0.8426248707683127	0.01912122027233353	0.0688240036826796	0.06788284793925041	0.001547057337423638
OGG1_multinomial_train_fold1.24	0.8699892703496849	0.0477797646057868	6.97e-322	0.04483232314577937	0.037398641898749106
UNG_multinomial_train_fold1.32	0.09827173982211586	0.013612238316716778	0.09780082564730783	0.07024351192045111	0.7200716842934084
UNG_multinomial_train_fold1.33	0.11240560394692121	3.454e-321	0.11376392518300041	0.07874103278994586	0.6950894380801325
UNG_multinomial_train_fold1.34	0.06900435267286373	0.0312674078765692	0.12468130147304189	0.024503661493841818	0.7505432764836835
OGG1_multinomial_train_fold1.25	0.8026289615006164	0.07568102865800805	0.07400416749522454	0.011321234290515427	0.036364608055635614
UNG_multinomial_train_fold1.35	0.10590424439050417	5.47e-321	0.1356083447516672	0.036459298998905564	0.7220281118589231
OGG1_multinomial_train_fold1.26	0.8077221295997776	1.1704913613198464e-16	0.12254543292596566	0.021014176347958526	0.04871826112629818
UNG_multinomial_train_fold1.36	0.09011467796972333	1.660382101699325e-93	0.09048133956232478	0.0912678222840498	0.7281361601839023
OGG1_multinomial_train_fold1.27	0.8552885749707764	0.02193089696724405	0.06323611780959668	0.027253985776196185	0.03229042447618663
OGG1_multinomial_train_fold1.28	0.891164051986094	5.2818344366062524e-166	1.3486956925007471e-166	0.06016626987573193	0.04866967813817413
OGG1_multinomial_train_fold1.29	0.9030787998752459	3.0122502088004845e-206	1.649787334337645e-198	0.07476315922999284	0.0221580408947613
OGG1_multinomial_train_fold1.30	0.7453217817314836	0.055796333026469115	0.13102168880033566	0.027051426140412553	0.040808770301299126
OGG1_multinomial_train_fold1.31	0.9095165866815249	2.25e-321	1.2916435443630056e-35	0.05326883672245873	0.037214576596016215
UNG_multinomial_train_fold1.37	0.12888512087634268	0.023820571518465002	0.07815079208886458	0.009216676259911582	0.759926839256416
UNG_multinomial_train_fold1.38	0.06663045927373566	9.73e-322	0.18771480566072632	0.09870726485971966	0.6469474702058184
OGG1_multinomial_train_fold1.32	0.8927959862587761	4.701426037662145e-29	0.027314566410610083	0.045438175526318535	0.03445127180429523
OGG1_multinomial_train_fold1.33	0.766138383846664	0.0016447807221202154	0.14634046996367986	0.08587636546753592	1.87e-321
OGG1_multinomial_train_fold1.34	0.8827266645441068	6.382342438517377e-225	0.024954855302580743	0.0866642326754466	0.005654247477865838
OGG1_multinomial_train_fold1.35	0.8607955392980328	0.03326714253406241	0.02484961518415146	0.06085385287893334	0.020233850104820195
UNG_multinomial_train_fold1.39	0.08805132483286976	2.3771404959164037e-202	0.1854290602681673	0.03395242807980503	0.6925671868191579
UNG_multinomial_train_fold1.40	0.11587424626990381	0.007952552468912131	0.10630457461659497	0.061706975148049646	0.7081616514965394
UNG_multinomial_train_fold1.41	0.11556882390866154	5.434723734957101e-185	0.16793987104075364	0.04609944055191225	0.6703918644986727
UNG_multinomial_train_fold1.42	0.1316941211878566	3.2538307581894777e-07	0.07098275178504193	0.14463836571278035	0.6526844359312454
UNG_multinomial_train_fold1.43	0.18279642271841912	0.04683867710438729	0.1210377401500739	1.304e-321	0.6493271600271198
OGG1_multinomial_train_fold1.36	0.8982239666865797	7.853535710656262e-38	0.028317446029600724	0.04724652248928718	0.026212064794532336
OGG1_multinomial_train_fold1.37	0.791514804942538	0.03758355602554584	0.0681542375791805	0.05179616616690692	0.050951235285828796
UNG_multinomial_train_fold1.44	0.022404812844423253	1.675e-321	0.20865502934925184	0.06581754602654954	0.7031226117797753
UNG_multinomial_train_fold1.45	0.09961376426562014	4.03e-321	0.24402679145027287	1.0124797550872634e-26	0.6563594442841071
UNG_multinomial_train_fold1.46	0.15766385138658975	0.02384352352850293	0.08212693645076619	0.037164225192475094	0.6992014634416659
OGG1_multinomial_train_fold1.38	0.7450515721759248	0.005285054799639281	0.1551212602725657	0.07042929867879594	0.024112814073074394
OGG1_multinomial_train_fold1.39	0.908583560962444	0.0022811576618016974	2.940352892169342e-66	0.08666290577183035	0.002472375603924004
UNG_multinomial_train_fold1.47	0.13176953663321628	2e-321	0.012104248325393255	0.10101570900841136	0.7551105060329791
UNG_multinomial_train_fold1.48	0.0749780983614483	0.07600090196713599	0.159498839670612	0.049137197965380686	0.6403849620354229
UNG_multinomial_train_fold1.49	0.1012586280453963	0.01780371092645617	0.1443078990495232	0.03318076610158213	0.7034489958770422
OGG1_multinomial_train_fold1.40	0.9253220221409231	0.011017972105727062	0.03680012151910366	0.017608110919583825	0.009251773314662362
UNG_multinomial_train_fold1.50	0.06104398606701091	0.022930932228669588	0.1657136211300327	0.018284926668508356	0.7320265339057785
UNG_multinomial_train_fold1.51	0.04716448341480701	0.08261762004827373	0.17588686570069378	0.06310461479277803	0.6312264160434475
UNG_multinomial_train_fold1.52	0.10693220456036982	1.09e-321	0.07430650431616842	1.453e-321	0.8187612911234617
OGG1_multinomial_train_fold1.41	0.790696705943667	0.00999764971428079	0.12981441154115253	0.0694912328008995	1.5141495607794635e-17
OGG1_multinomial_train_fold1.42	0.7938349921307449	0.0862623404147219	0.05664418289095387	0.06325848456357926	2.6644925945956554e-208
UNG_multinomial_train_fold1.53	0.14239668483350304	0.05995277765792929	0.15936973242490646	0.04110537149538523	0.597175433588276
UNG_multinomial_train_fold1.54	0.048447781961706536	0.03224429231516915	0.23665709927191578	0.023597578049250518	0.659053248401958
RNF168_multinomial_train_fold1	0.06518704599800536	0.6093049256170531	0.09428218491578065	0.07144737337800479	0.1597784700911562
RNF168_multinomial_train_fold1.1	0.05154582625132965	0.5639008494750939	0.1134258814324486	0.08926965151350777	0.18185779132762017
RNF168_multinomial_train_fold1.2	0.04162557996840249	0.5341215333263554	0.139908391038814	0.11009991063268361	0.1742445850337445
RNF168_multinomial_train_fold1.3	0.11211003678712982	0.569591349970899	0.02137163646902221	0.06072672166450008	0.23620025510844903
RNF168_multinomial_train_fold1.4	0.034304243171860316	0.5577667802316415	0.16703081985017304	0.07339159455740246	0.16750656218892293
RNF168_multinomial_train_fold1.5	0.07435545280854833	0.5248312037168312	0.10357243560271047	0.11796788673654927	0.17927302113536064
RNF168_multinomial_train_fold1.6	0.037049143745373554	0.5498725262841133	0.17294253539421278	0.09059576899607998	0.14954002558022023
RNF168_multinomial_train_fold1.7	0.07736260175185887	0.5758957001944649	0.07288306978258331	0.08078761866165066	0.1930710096094424
RNF168_multinomial_train_fold1.8	0.0452472196952121	0.5674156012773091	0.1513381764751109	0.09679443053266455	0.13920457201970324
