Samples	SBS96A	SBS96B	SBS96C	SBS96D	SBS96E
ATP2B4_real_train_fold1	0.27361614442311305	0.49061619754786834	0.034032799597611865	0.08589474004524628	0.1158401183861605
ATP2B4_real_train_fold1.1	8.919986170615937e-57	0.9586363797877366	0.02573600146812093	5.080014269616181e-176	0.01562761874414232
EXO1_real_train_fold1	0.9454328131672454	2.6768560640595355e-102	0.029139269596518323	0.018342105180769605	0.007085812055466639
MLH1_real_train_fold1	0.010823546442825287	2.21e-321	0.9389743663297505	0.05020208722742414	2.19e-321
MSH2_real_train_fold1	5.63497267985912e-282	2.29e-321	0.9566696729898021	0.030152166298583326	0.013178160711614664
MSH6_real_train_fold1	1.3544972881028877e-303	2.297e-321	0.9835884546845073	8.26675894142699e-241	0.016411545315492698
MSH6_real_train_fold1.1	2.149791708443062e-256	8.079396071989906e-155	0.9903350134782378	7.790743132171639e-38	0.009664986521762148
MSH6_real_train_fold1.2	7.905219028207271e-208	0.012515107806770776	0.9386900818508808	0.04879481034234847	5.501077287345997e-36
OGG1_real_train_fold1	8.04448350147259e-35	4.2857981204290134e-16	0.03356371248119576	0.10212671588351999	0.864309571635284
PMS1_real_train_fold1	2.105e-321	0.4833929686291375	0.219567613189379	0.28298548184436934	0.014053936337114128
PMS2_real_train_fold1	0.4803860801405215	8.45e-322	0.5196139198594785	2.8e-322	7.95e-322
RNF168_real_train_fold1	0.8701244306018489	0.06312796146576705	2.07e-321	0.06674760793238396	2.1093537696880205e-35
UNG_real_train_fold1	2.23349374105907e-36	1.5579086382672193e-74	0.06657340081950167	0.8514652902351549	0.08196130894534331
ATP2B4_multinomial_train_fold1	0.41837526497742017	0.32583297113389664	0.046488709355351356	0.11546787270688857	0.09383518182644324
ATP2B4_multinomial_train_fold1.1	0.0015643530870891986	0.9068825077822186	0.037394490611936365	1.694659388738416e-97	0.05415864851875581
ATP2B4_multinomial_train_fold1.2	0.03127889418159105	0.9614217416206553	0.007061085986235212	0.0002382782115183952	4.852903323734225e-270
ATP2B4_multinomial_train_fold1.3	0.2830663350023617	0.4873097736864396	0.0372692254877374	0.08258023688827903	0.10977442893518229
ATP2B4_multinomial_train_fold1.4	5.657137608266413e-103	0.9492333769246596	0.05076662307534053	1.5590959944028848e-173	7.813199679002833e-53
ATP2B4_multinomial_train_fold1.5	0.010410499044693204	0.7241470686776721	0.0165419449651381	0.07095725764699717	0.17794322966549952
ATP2B4_multinomial_train_fold1.6	2.694145747287675e-191	0.9716921943412433	1.9173829056595224e-147	9.4e-322	0.028307805658756586
ATP2B4_multinomial_train_fold1.7	0.029404408681045185	0.9097237700733688	0.0236823120469178	2.2920920649099398e-293	0.03718950919866799
ATP2B4_multinomial_train_fold1.8	4.658836748324684e-18	0.9705127969484281	0.029487203051572076	4.179302229930437e-30	7.852210804009475e-37
ATP2B4_multinomial_train_fold1.9	3.239735744655836e-35	0.7970727108593461	0.04626342690047805	7.910692258310553e-142	0.1566638622401761
ATP2B4_multinomial_train_fold1.10	0.031667024775468754	0.8802453016159028	0.04293913567783047	4.886473281488692e-98	0.045148537930798135
ATP2B4_multinomial_train_fold1.11	0.22491183815698496	0.441354718403848	1.75e-321	0.15267038552681209	0.18106305791235494
ATP2B4_multinomial_train_fold1.12	0.12096113569572119	0.6947963460200005	0.17290832686449042	0.006786527857801841	0.0045476635619860215
ATP2B4_multinomial_train_fold1.13	0.11026249074039056	0.7146562393537952	0.026110376980031554	1.923368146062371e-201	0.14897089292578253
ATP2B4_multinomial_train_fold1.14	0.26230368668801723	0.4104340404090322	1.0573973138091455e-266	0.2321383630092921	0.0951239098936584
ATP2B4_multinomial_train_fold1.15	0.3080272051631818	0.5684257111003626	4.966311547745908e-267	5.090966052384242e-07	0.12354657463985055
ATP2B4_multinomial_train_fold1.16	0.27807653901507123	0.4515316530737872	1.45e-321	0.1276482589603444	0.1427435489507971
ATP2B4_multinomial_train_fold1.17	0.18975321938203155	0.3889912790958209	0.06948459118661371	0.17561915349753163	0.1761517568380023
ATP2B4_multinomial_train_fold1.18	0.3238399840406978	0.34208329770570645	2.915e-321	0.22458705381342062	0.10948966444017504
ATP2B4_multinomial_train_fold1.19	1.957128330577476e-70	0.9880736566486104	1.2610560246333634e-97	2.8828527847496117e-212	0.011926343351389548
ATP2B4_multinomial_train_fold1.20	0.3162654858000129	0.4105146083999449	0.024788179803272813	0.11563821104647998	0.13279351495028938
ATP2B4_multinomial_train_fold1.21	7.578257428953499e-107	0.9999999999999999	3.231768193794218e-188	9.945049364633528e-45	1.456074436898158e-181
ATP2B4_multinomial_train_fold1.22	0.0540209460137388	0.7639873548802224	0.1034499255357879	0.04255585295292724	0.03598592061732348
ATP2B4_multinomial_train_fold1.23	0.3398113931512394	0.4595529978173869	0.000630461013454523	0.0868140228099255	0.11319112520799351
ATP2B4_multinomial_train_fold1.24	0.14666295738545845	0.6091786321238789	0.035540943204626314	0.08158060438179499	0.12703686290424132
ATP2B4_multinomial_train_fold1.25	0.1331701685945982	0.8666184068103228	2.4734388393404655e-160	0.0002114245950789911	2.1e-322
ATP2B4_multinomial_train_fold1.26	5.084470647667053e-157	0.9311129271989725	0.04743983236136015	4.072614568854542e-82	0.02144724043966733
ATP2B4_multinomial_train_fold1.27	0.08645656810560153	0.8212273209958395	0.02780526674936732	2.1982878789241818e-101	0.06451084414919162
ATP2B4_multinomial_train_fold1.28	0.1776185072116898	0.7224294856440107	0.0055736306919725465	1.383e-321	0.09437837645232693
ATP2B4_multinomial_train_fold1.29	0.1917119531199275	0.5275754697829454	0.04082851208683686	0.21439773820480182	0.025486326805488388
ATP2B4_multinomial_train_fold1.30	3.6294533377046776e-13	0.9867448868043074	0.013255113195329618	1.4892986532403983e-129	1.1260349917253318e-114
ATP2B4_multinomial_train_fold1.31	0.24463801582914815	0.34553482598450613	0.01617984343779982	0.1571029798946887	0.2365443348538574
ATP2B4_multinomial_train_fold1.32	0.020616764386729283	0.9650226725229264	0.014360563090344228	1.6999642825783614e-112	2.3373491562749888e-112
ATP2B4_multinomial_train_fold1.33	0.165992825793665	0.740108995459189	0.044639618797103355	0.04925855995004267	3.26e-322
ATP2B4_multinomial_train_fold1.34	1.8557137097252745e-232	0.7592985441577144	6.905398335513382e-198	7.245423997871166e-287	0.24070145584228567
ATP2B4_multinomial_train_fold1.35	0.11315318789374793	0.8647183643351615	9.271633976053713e-264	2.9028916754921062e-291	0.022128447771090454
ATP2B4_multinomial_train_fold1.36	0.25640512129081683	0.1727294033314428	5.588788589522953e-243	0.28169511480283116	0.2891703605749091
ATP2B4_multinomial_train_fold1.37	0.07710169960785165	0.7495620122079945	0.02964026589142274	8.386196314860051e-130	0.1436960222927311
ATP2B4_multinomial_train_fold1.38	0.03711723825029714	0.6995519846759244	0.06220745300723758	1.457072133585834e-207	0.2011233240665407
ATP2B4_multinomial_train_fold1.39	0.19610770037819505	0.562329232471517	0.12008635324950326	0.07522223739644163	0.04625447650434317
ATP2B4_multinomial_train_fold1.40	0.20123354681071384	0.6780122401405788	2.065e-321	0.07208224353002818	0.04867196951867929
ATP2B4_multinomial_train_fold1.41	0.008688528440747531	0.8345217247794903	0.022278653367413834	3.572412868467681e-231	0.13451109341234851
ATP2B4_multinomial_train_fold1.42	0.31804860803860485	0.42700318121689007	0.03763802356162056	0.08442246256328038	0.132887724619604
ATP2B4_multinomial_train_fold1.43	8.15952311366375e-57	0.9649810787692374	0.0014716798386288058	6.88106599109991e-203	0.033547241392133845
ATP2B4_multinomial_train_fold1.44	3.29908105847856e-114	0.9191664548137121	0.08083354518628792	2.3442916423970223e-136	1.160937021513509e-149
ATP2B4_multinomial_train_fold1.45	6.836068063116948e-21	0.9217267000598777	0.07827329994012232	2.7122686126546114e-179	7.930245809527253e-188
ATP2B4_multinomial_train_fold1.46	2.5264171955043595e-137	0.6655359688672751	0.1462219178726111	3.494286354405709e-99	0.18824211326011392
ATP2B4_multinomial_train_fold1.47	3.128442201919162e-156	0.9200315602231209	0.07050845978840775	6.085316170513962e-234	0.009459979988471276
ATP2B4_multinomial_train_fold1.48	0.2388840854113648	0.5689817809753939	0.05160082231222678	0.14053331130101465	6.27e-322
ATP2B4_multinomial_train_fold1.49	8.302824885301542e-22	0.8191145591205887	0.0039856241924969005	0.1040484316249479	0.07285138506196633
ATP2B4_multinomial_train_fold1.50	0.20623298864546497	0.578787742041935	1.7561813049405797e-286	0.09334414752254089	0.12163512179005906
ATP2B4_multinomial_train_fold1.51	3.941347779970283e-63	0.9760306515018226	0.02396934849817754	7.709681891697775e-199	6.354485003176535e-52
ATP2B4_multinomial_train_fold1.52	1.1369838288939506e-131	0.9999999999999999	1.2141494299933048e-253	1.5690533370968836e-241	2.765823016617145e-19
ATP2B4_multinomial_train_fold1.53	1.6687038351815789e-214	0.916553441717734	0.017826145205843812	1.8140703647849586e-200	0.06562041307642232
ATP2B4_multinomial_train_fold1.54	2.4819150524190635e-73	0.972013097400793	0.027986902599207032	2.099869388003749e-71	4.8e-322
ATP2B4_multinomial_train_fold1.55	0.23134708821029554	0.25605709371095586	0.07987134609877625	0.2115960293158392	0.22112844266413334
ATP2B4_multinomial_train_fold1.56	0.006174552184377863	0.9051319715242228	2.5373072712779605e-263	1.424119506183248e-215	0.08869347629139934
ATP2B4_multinomial_train_fold1.57	0.24323891008854007	0.40686561070687965	0.06047684520991252	0.10724568122609374	0.18217295276857412
ATP2B4_multinomial_train_fold1.58	0.17430207601128883	0.7422878803862853	0.057410287684002116	0.025999755918423795	2.13299198925128e-65
ATP2B4_multinomial_train_fold1.59	9.376493607624218e-195	0.96864428932884	0.009011263320704614	1e-321	0.022344447350455526
ATP2B4_multinomial_train_fold1.60	7.201436662011845e-36	0.8795758200817961	0.06845463127980422	1.13e-321	0.05196954863839965
ATP2B4_multinomial_train_fold1.61	0.28040054796701425	0.5853766984292554	2.055e-321	0.05450572474763793	0.0797170288560925
ATP2B4_multinomial_train_fold1.62	0.032686946404485356	0.8668520561515692	0.05711145579082483	1.1e-321	0.04334954165312042
ATP2B4_multinomial_train_fold1.63	0.27993376977240464	0.6711250652936899	0.014316471880885393	5.321646621367436e-81	0.03462469305302016
ATP2B4_multinomial_train_fold1.64	1.332446957704797e-76	0.9255205353592311	0.053163018893167456	2.3948957494537355e-167	0.021316445747601602
ATP2B4_multinomial_train_fold1.65	0.381913604845635	0.39876889657278547	1.282781935532583e-292	0.1428164519581736	0.07650104662340584
ATP2B4_multinomial_train_fold1.66	0.11675181594916172	0.7578670736858781	0.05810262067030462	0.06727848969465554	9.702153742219712e-178
ATP2B4_multinomial_train_fold1.67	0.5093834903061264	0.45212134027349554	0.02807887782549832	4.017124812969553e-220	0.010416291594879685
ATP2B4_multinomial_train_fold1.68	0.21390640191163746	0.486981458049776	0.07331828290317761	0.045574800954213096	0.18021905618119577
ATP2B4_multinomial_train_fold1.69	0.39737571024159624	0.17996419830947527	0.07979287568203026	0.10980294834716753	0.2330642674197306
ATP2B4_multinomial_train_fold1.70	2.168122855908342e-164	0.8870393319689155	0.014470446005300638	1.12e-321	0.09849022202578393
ATP2B4_multinomial_train_fold1.71	3.0080734503098516e-194	0.878385591193869	0.12161440880613086	2.17756967615921e-56	1.4673031164143436e-230
ATP2B4_multinomial_train_fold1.72	0.25296838305827807	0.4302620842428342	0.058038308039952656	0.13384177101979514	0.12488945363913995
ATP2B4_multinomial_train_fold1.73	0.3553950255149689	0.5077163981681276	0.023469793740723617	0.030162605793222087	0.08325617678295778
ATP2B4_multinomial_train_fold1.74	0.25321978847520366	0.5608136610235293	5.182646647708048e-266	0.17094526938780877	0.015021281113458405
ATP2B4_multinomial_train_fold1.75	0.12245837177250586	0.8103674064389973	0.01819695834856705	2.2356313161345167e-38	0.04897726343992988
ATP2B4_multinomial_train_fold1.76	2.6308856732596476e-251	0.9029901815209799	0.08256294604196812	2.938380302373481e-165	0.014446872437051861
ATP2B4_multinomial_train_fold1.77	0.3457222622240318	0.5475241521385453	0.045408828674432425	0.011017756161037827	0.050327000801952466
ATP2B4_multinomial_train_fold1.78	3.4308364573901707e-159	0.9787591313599409	0.021240868640059096	3.041693855984894e-100	9.69637972975574e-130
ATP2B4_multinomial_train_fold1.79	0.31428817057765485	0.5033974604296081	0.06314984741418338	0.04714390615000783	0.0720206154285459
ATP2B4_multinomial_train_fold1.80	0.08288216543885656	0.754528694907535	0.08342509282387135	0.07916404682973709	1.7975182031161452e-53
ATP2B4_multinomial_train_fold1.81	9.97072029483759e-238	0.9374946902584226	0.06250530974157756	1.12e-321	1.7342027103900647e-52
ATP2B4_multinomial_train_fold1.82	0.3124924266908956	0.12259995096507804	0.02969095517768826	0.16015438539701385	0.3750622817693243
ATP2B4_multinomial_train_fold1.83	0.14239405166876146	0.8261004229200408	0.023227297100574813	0.008278228310623043	2.04182075390248e-149
ATP2B4_multinomial_train_fold1.84	0.020227266720131244	0.9221604834448024	0.03051788382161582	0.027094366013450694	4.94e-322
ATP2B4_multinomial_train_fold1.85	7.063238935400064e-61	0.6764542124590475	0.14295086331903423	1.289530597146106e-173	0.1805949242219184
ATP2B4_multinomial_train_fold1.86	2.500921411421183e-209	0.9709003990217174	0.029099600978282566	1.0053899699880458e-23	6.478137646104349e-153
ATP2B4_multinomial_train_fold1.87	0.0213489358123964	0.9135090032683573	0.05646077540159704	1.7758316580072223e-226	0.008681285517649358
ATP2B4_multinomial_train_fold1.88	5.139772206191782e-59	0.9889550471399489	0.011044952860051074	4.809210848823825e-48	3.4e-322
ATP2B4_multinomial_train_fold1.89	0.2822207451396322	0.34578484182571123	0.14541478710951183	0.06374152759206853	0.16283809833307614
ATP2B4_multinomial_train_fold1.90	1.4427023112693246e-256	0.9967480022447677	1.956e-321	1.6364115556963997e-235	0.0032519977552324547
ATP2B4_multinomial_train_fold1.91	1.2287123413987277e-194	0.8745920969736996	4.8210166872020205e-157	0.12540790302630053	3.16e-322
ATP2B4_multinomial_train_fold1.92	0.36527366190298133	0.47822375546140505	0.045673062354898625	0.024974829990162928	0.08585469029055193
ATP2B4_multinomial_train_fold1.93	0.2664811884597082	0.36618689332879184	0.027149177154708333	0.17281520384312782	0.1673675372136637
ATP2B4_multinomial_train_fold1.94	4.446740858749758e-94	0.9626846517380626	0.037315348261937234	2.1503798866689407e-229	3.14449324769819e-239
ATP2B4_multinomial_train_fold1.95	0.2176099638065944	0.7645299227202833	0.01786011347312227	2.382650793765306e-227	8.914199524233985e-40
ATP2B4_multinomial_train_fold1.96	0.31307854602255175	0.5275102618103834	0.05450736917849388	0.04831581389081823	0.056588009097752946
ATP2B4_multinomial_train_fold1.97	8.544037661277148e-16	0.9388778768859882	0.02827446624265472	1.673683344855503e-14	0.03284765687133939
EXO1_multinomial_train_fold1	0.8900308045391424	5.447629026048093e-99	0.021854545672138088	0.07412682166793601	0.013987828120783537
EXO1_multinomial_train_fold1.1	0.9155220847782158	0.03372108789383568	0.029256852484429743	0.021499892770321268	8.207319745665044e-08
RNF168_multinomial_train_fold1	0.8534861273280238	0.11614837679676478	3.3752818758117545e-218	0.027116521365058342	0.0032489745101531024
RNF168_multinomial_train_fold1.1	0.8062856459734552	0.07040256871122441	2.52e-321	0.12331178531532035	1.9236532389892594e-19
RNF168_multinomial_train_fold1.2	0.8929829067875265	0.014926032920632902	2.016e-321	0.09209106029184068	1.11e-321
RNF168_multinomial_train_fold1.3	0.9184665094022082	0.06262373734421693	2.4231943362404248e-245	0.016808991772315728	0.002100761481259216
EXO1_multinomial_train_fold1.2	0.9532784502665711	3.466535891352699e-16	0.0073161255281018215	0.036959719615129755	0.0024457045901968297
RNF168_multinomial_train_fold1.4	0.8738462345831965	0.08296006226787457	1.39e-321	0.043193703148928946	1.3580393750199253e-43
RNF168_multinomial_train_fold1.5	0.851953634762822	0.08696424965002726	1.087e-321	0.057794790633968245	0.003287324953182654
EXO1_multinomial_train_fold1.3	0.956111730281797	1.3422196274040686e-159	0.038133828027194595	1.9696514365274049e-113	0.005754441691008432
RNF168_multinomial_train_fold1.6	0.9139199027550602	0.008258873296946424	2.4e-321	0.07782122394799353	1.471828865613755e-272
EXO1_multinomial_train_fold1.4	0.9186907142815187	2.640468828714466e-185	0.05345777001799315	0.0009198947483695297	0.026931620952118672
RNF168_multinomial_train_fold1.7	0.9212081969797253	0.00531826301557503	8.536399470511249e-199	0.07347353990815296	9.654664653768608e-11
RNF168_multinomial_train_fold1.8	0.8599579709976419	0.10411492051851193	3.09e-321	0.035927108483846094	4.1676697758866475e-137
EXO1_multinomial_train_fold1.5	0.9479970465502098	8.041614915959091e-153	0.014970388221335921	0.03703256522845434	4.1462342380468586e-42
EXO1_multinomial_train_fold1.6	0.9033370967698338	1.6556738506261472e-153	0.034536579600945985	0.060754739724791035	0.0013715839044292195
RNF168_multinomial_train_fold1.9	0.8207265972369244	0.05397835922664163	2e-321	0.125295043536434	1.166e-321
EXO1_multinomial_train_fold1.7	0.9428062285844899	8.364557967196173e-216	0.018744182381945237	0.028009525775835396	0.010440063257729377
RNF168_multinomial_train_fold1.10	0.997896635913111	9.40122640599371e-163	2.045e-321	0.002103364086889003	6.7e-322
EXO1_multinomial_train_fold1.8	0.9367977852347956	1.328964249803317e-74	0.023458467616662124	0.0336890727355545	0.006054674412987819
RNF168_multinomial_train_fold1.11	0.8322365415740698	0.08608219569035312	1.374e-321	0.08168126273557702	1.819604682518298e-69
RNF168_multinomial_train_fold1.12	0.8189353355021025	0.03454235930815744	2e-321	0.0955322194546275	0.0509900857351126
RNF168_multinomial_train_fold1.13	0.8711972148981502	0.015125530487660613	1.88e-321	0.1136772546141891	7.429824371590055e-140
EXO1_multinomial_train_fold1.9	0.9292525495490936	2.29e-321	0.05119587572541161	1.8756865276080063e-46	0.01955157472549467
RNF168_multinomial_train_fold1.14	0.7820931185287818	0.12476534219987481	2.75e-321	0.09314153927134332	7.65779407714349e-198
EXO1_multinomial_train_fold1.10	0.913664732590689	2.8154706396842817e-108	0.034270935513271275	0.030695750817551645	0.02136858107848802
RNF168_multinomial_train_fold1.15	0.9343083619267656	0.04246677274115518	1.01e-321	0.023224865332079354	4.2545908986232654e-100
RNF168_multinomial_train_fold1.16	0.8770759641804073	0.07989670182249255	2.1e-321	0.043027333997100035	1.9980906391970866e-24
EXO1_multinomial_train_fold1.11	0.9223269874624829	3.036259970406165e-213	0.057237870439290156	1.5267136132578953e-131	0.020435142098226847
EXO1_multinomial_train_fold1.12	0.9028377160868819	1.7089455055065436e-180	0.038009205050059655	0.03563647950306316	0.023516599359995158
EXO1_multinomial_train_fold1.13	0.9301972197678883	5.456127813156563e-127	0.03699371468288363	2.454811880969457e-143	0.03280906554922815
EXO1_multinomial_train_fold1.14	0.9703755207155312	1.869455823576002e-31	1.3365258229043943e-71	0.029621742065670306	2.7372187984766335e-06
RNF168_multinomial_train_fold1.17	0.8464405807164106	0.053307723412236004	0.027202974406531577	0.07304872146482169	9.2e-322
EXO1_multinomial_train_fold1.15	0.8934823506662519	1.764e-321	0.06197769510644075	0.044539954227307346	8.4e-322
RNF168_multinomial_train_fold1.18	0.8342853135791688	0.053991823431425695	1.84e-321	0.077773102667204	0.03394976032220148
RNF168_multinomial_train_fold1.19	0.8477880684283069	0.0130792467256547	1.354e-321	0.13368244512013153	0.00545023972590699
RNF168_multinomial_train_fold1.20	0.877498581716872	0.11686896182063382	2.91e-321	0.005632456462494258	2.810031080067643e-174
EXO1_multinomial_train_fold1.16	0.9419967900365771	2.149542641286956e-237	0.025570919417520734	0.0001059800316097563	0.03232631051429233
EXO1_multinomial_train_fold1.17	0.9653190098083948	1.3276168620961406e-232	0.01782172404756848	0.014039560590502728	0.0028197055535340103
RNF168_multinomial_train_fold1.21	0.8022169289676447	0.021392860469563527	1.63e-321	0.17639021056279172	7.56e-322
EXO1_multinomial_train_fold1.18	0.9627500239879916	3.516851405882553e-59	4.364466124153395e-36	0.027250393101015388	0.009999582910992962
EXO1_multinomial_train_fold1.19	0.938340971649767	8.521498357845804e-99	0.013278179775707374	0.04223313748323062	0.006147711091294853
EXO1_multinomial_train_fold1.20	0.9418355946599041	5.6019935682801676e-219	0.04221719600469002	0.01594720933540579	2.134528430338846e-73
EXO1_multinomial_train_fold1.21	0.9313304637668602	6.601894509277213e-231	0.024309546818720957	0.04299269629444004	0.0013672931199787026
RNF168_multinomial_train_fold1.22	0.8950497748999002	2.5789738590217547e-180	1.793e-321	0.07684396344052456	0.02810626165957525
RNF168_multinomial_train_fold1.23	0.9344815292912848	0.015531795857179991	2.757e-321	0.01335694836598068	0.036629726485554584
EXO1_multinomial_train_fold1.22	0.9468047057792389	2.7672403263937778e-33	2.2013521282277025e-144	0.05200745564855166	0.0011878385722093585
RNF168_multinomial_train_fold1.24	0.9244753139073569	0.018232784644267617	1.665e-321	0.05729190144837551	1.0425232617679672e-197
EXO1_multinomial_train_fold1.23	0.9718628582707212	1.6168094782485704e-172	0.02309698316880923	0.005040158560469444	4.552145412460528e-137
EXO1_multinomial_train_fold1.24	0.9497089507882064	7.707383084865543e-160	2.8802739455281846e-98	0.04824720544072941	0.0020438437710643634
EXO1_multinomial_train_fold1.25	0.9791325587350344	2.0807605718246404e-92	0.0039020396315459904	0.013556729258362528	0.0034086723750571288
EXO1_multinomial_train_fold1.26	0.893466994706766	1.8178392929266083e-219	0.03584709036385082	0.07068591492938303	1.53e-321
EXO1_multinomial_train_fold1.27	0.9207133078567834	5.342364473298586e-116	0.07020778616582318	0.004592961415146399	0.004485944562247186
RNF168_multinomial_train_fold1.25	0.9333620732083485	0.020191838096595326	1.07e-321	0.03126363011494653	0.015182458580109533
RNF168_multinomial_train_fold1.26	0.841490185948246	0.01766976213025264	1.843e-321	0.1408400519215014	1.457069365542406e-89
EXO1_multinomial_train_fold1.28	0.960400765324364	1.1516097435430764e-83	0.022054876603204123	0.01227573260230578	0.0052686254701259745
RNF168_multinomial_train_fold1.27	0.8822268438811411	0.03364000133518559	8.414e-321	0.08413315478367331	1.44e-321
RNF168_multinomial_train_fold1.28	0.8910678448876663	0.021055717822551088	0.005402903379867749	0.0819064457479489	0.0005670881619659351
EXO1_multinomial_train_fold1.29	0.9379772307167007	1.5941294133781775e-146	0.030319234735762465	0.021960321316354506	0.009743213231182345
EXO1_multinomial_train_fold1.30	0.8952323339943027	1.1315086897006772e-109	0.029473595800530165	0.07128619431762188	0.004007875887545361
RNF168_multinomial_train_fold1.29	0.8095270345173843	0.04592700347954109	8.669017904573293e-216	0.12940424382411106	0.015141718178963563
RNF168_multinomial_train_fold1.30	0.8282457057347496	1.668949295600438e-30	0.015572617098718591	0.09059208604563156	0.0655895911209004
EXO1_multinomial_train_fold1.31	0.9192008796923973	4.675081865032614e-178	0.05936166038425658	0.0010490532545553723	0.020388406668790847
EXO1_multinomial_train_fold1.32	0.8850277097514709	4.946469282307541e-115	0.06097040262917457	0.031550789965919	0.022451097653435587
RNF168_multinomial_train_fold1.31	0.845638484872316	0.052295602224581815	3.22557631350927e-250	0.07457911817934919	0.027486794723753028
RNF168_multinomial_train_fold1.32	0.8015688477054539	0.08055535456462355	2.078784619384939e-100	0.11787579772992261	1.37e-321
RNF168_multinomial_train_fold1.33	0.8903529187907792	3.5798038836228644e-115	1.897e-321	0.10964708120922097	7.7e-322
RNF168_multinomial_train_fold1.34	0.9038965768338617	0.046064222653359015	2.05e-321	0.02694794002584769	0.02309126048693153
EXO1_multinomial_train_fold1.33	0.925581042277142	1.1891456483766613e-138	0.03335476821373026	0.03329378857367529	0.0077704009354524674
RNF168_multinomial_train_fold1.35	0.8683616747836467	0.060340639715989054	1.744e-321	0.07129768550036412	1.2221427745791172e-147
EXO1_multinomial_train_fold1.34	0.9486065567075872	2.1035838134420576e-150	0.044463976520702046	0.002072328391938507	0.004857138379772205
EXO1_multinomial_train_fold1.35	0.947384054075528	4.81300322899214e-87	0.004095496050347572	0.03209193422885486	0.016428515645269624
RNF168_multinomial_train_fold1.36	0.8090729357668565	0.0836941932301981	1.03e-321	0.10723287099414076	8.804501749054066e-12
RNF168_multinomial_train_fold1.37	0.8860452100160293	0.0039508082097072066	2.2937149261272435e-297	0.08142128537994009	0.028582696394323294
EXO1_multinomial_train_fold1.36	0.8722289300128242	3.572779950525917e-72	0.07068044424996425	0.0484980358626676	0.008592589874543914
EXO1_multinomial_train_fold1.37	0.9666368877754842	1.4261457067098275e-161	0.003035331740637248	0.028241793180630893	0.002085987303247825
EXO1_multinomial_train_fold1.38	0.8953984598875887	0.035529887183999465	0.03500482941192781	0.03352677938763357	0.0005400441288503935
EXO1_multinomial_train_fold1.39	0.948287820302395	2.1561994093189307e-37	1.326465807692275e-29	0.04687867061890205	0.004833509078702784
EXO1_multinomial_train_fold1.40	0.9517171285796476	1.056676894434822e-167	0.016420304741792718	0.02609555033434541	0.005767016344214353
EXO1_multinomial_train_fold1.41	0.8782210812788334	4.500990494583811e-212	0.06946218401886779	0.03255917694360142	0.019757557758697246
RNF168_multinomial_train_fold1.38	0.8820659187014864	0.0641721394309653	3.6823839413043845e-201	0.05376194186754825	5.654018428876366e-39
EXO1_multinomial_train_fold1.42	0.9166904997434732	1.32007326085745e-67	0.05069046490926204	0.026929558931176288	0.005689476416088607
RNF168_multinomial_train_fold1.39	0.9014036084451772	0.054156844138017045	2.09e-321	0.0444395474080512	8.75451412771812e-12
RNF168_multinomial_train_fold1.40	0.9004588233669547	0.0737532088524155	1.43e-321	0.025787967780629775	3.9103417260177905e-26
EXO1_multinomial_train_fold1.43	0.946400744729998	2.9491568607858483e-90	0.03156917667977634	2.727527147573895e-59	0.022030078590225613
EXO1_multinomial_train_fold1.44	0.9558679664045671	1.196e-321	0.044132033595432864	8.509702423024391e-123	9.8e-322
RNF168_multinomial_train_fold1.41	0.8666823699095126	0.09153103091335263	2.55e-321	0.04178659917713464	1.4879713799856563e-249
RNF168_multinomial_train_fold1.42	0.8901702467413956	0.03956070373613892	1.79e-321	0.07026904952246545	1.45e-321
RNF168_multinomial_train_fold1.43	0.7853656780435088	0.05714593216812146	0.020893710004720872	0.13659467978364898	1.2024468984545332e-190
RNF168_multinomial_train_fold1.44	0.8691246133242176	0.024103773068096454	2.905e-321	0.07926539444481734	0.027506219162868606
EXO1_multinomial_train_fold1.45	0.9183266915132883	2.947817470852109e-50	0.018516853874690677	0.04824063923711363	0.014915815374907508
EXO1_multinomial_train_fold1.46	0.9749831982822429	9.602822936491105e-168	1.0165108012887195e-47	2.5051215311998325e-108	0.0250168017177571
RNF168_multinomial_train_fold1.45	0.9525107553060452	7.679489256092084e-199	3.949566314593089e-94	0.047489244693954706	1.33e-321
EXO1_multinomial_train_fold1.47	0.9433639492002679	1.490870709868842e-279	0.019407714566222284	0.03722833623350975	1.41e-321
EXO1_multinomial_train_fold1.48	0.9253309883093552	2.703617085115361e-266	0.03491549633380113	0.022401431012267825	0.017352084344575826
EXO1_multinomial_train_fold1.49	0.9563826644709623	1.7383059523171663e-09	0.039761437671872076	1.0919011834300948e-104	0.0038558961188596657
RNF168_multinomial_train_fold1.46	0.8481503138787089	0.09245749718860388	1.1527955e-317	0.05939218893268714	7.440937805610076e-130
RNF168_multinomial_train_fold1.47	0.9165012423554859	0.009368177927875471	1.99e-321	0.07413057971663871	9.751792111467913e-91
MSH6_multinomial_train_fold1	2.7e-321	1.92e-321	0.9133706023527739	0.08662939764722606	8e-322
MSH6_multinomial_train_fold1.1	3.043e-321	0.007317556403273331	0.9480682146136757	0.04461422891216287	7.08880960672219e-11
MSH6_multinomial_train_fold1.2	4.863532447457035e-304	9.97097581573613e-158	0.9643383106890753	0.023126964854397917	0.01253472445652676
MSH6_multinomial_train_fold1.3	7.50851e-318	0.042394061862208864	0.9241786338650039	0.03342730427278729	8.772235846028258e-85
MSH6_multinomial_train_fold1.4	3.333587834088053e-235	0.03154296689707514	0.9660283203504034	0.002428712752521356	1.16268995326076e-31
MSH6_multinomial_train_fold1.5	2.938661342874868e-277	3.6127316269534055e-119	0.9841155770367368	0.005200103151769291	0.0106843198114939
MSH6_multinomial_train_fold1.6	5.18005419855485e-278	1.917e-321	0.9960723844199691	1.813e-321	0.003927615580030914
MSH6_multinomial_train_fold1.7	3.034e-321	5.019302981481943e-54	0.9746900479653455	0.008190900961104215	0.017119051073550353
MSH6_multinomial_train_fold1.8	2.46e-321	2.485e-321	0.9814705601633735	1.74e-321	0.018529439836626634
MLH1_multinomial_train_fold1	0.03731793605104093	1.87e-321	0.9167394155032683	0.04594264844569076	1.196e-321
PMS2_multinomial_train_fold1	0.4745543988888664	8.6e-322	0.5254456011111335	2.9e-322	8.1e-322
MSH6_multinomial_train_fold1.9	2.307619161892782e-152	8.5695586746579e-43	0.9200677664334479	0.07456075395049283	0.005371479616059183
MSH6_multinomial_train_fold1.10	6.892743257883215e-200	4.3525944273376846e-27	0.9844492306679586	0.009135698660482064	0.006415070671559322
PMS1_multinomial_train_fold1	1.43e-321	0.17699625219133472	0.19660122003029423	0.41300820849734143	0.2133943192810295
MSH6_multinomial_train_fold1.11	2.129275732571995e-151	1.705e-321	0.997641128810424	9.4860886e-317	0.0023588711895760855
PMS1_multinomial_train_fold1.1	2.865187753664086e-246	0.47630287372836866	0.23972855989914704	0.247827659608202	0.03614090676428227
PMS2_multinomial_train_fold1.1	0.5262847987729109	5.5e-322	0.4737152012270891	2.8e-322	5.04e-322
PMS2_multinomial_train_fold1.2	0.5604946729310977	7.95e-322	0.43950532706890233	2.8e-322	7.3e-322
PMS2_multinomial_train_fold1.3	0.49815644396719316	1.15e-321	0.5018435560328068	2.9e-322	1.344e-321
MLH1_multinomial_train_fold1.1	4.4945262269425386e-72	6.150592595342398e-245	0.9293819901220085	0.07012387701434497	0.0004941328636465732
MSH2_multinomial_train_fold1	2.31134769382961e-252	1.0629874109161232e-232	0.9288815157220562	0.06938119160259507	0.0017372926753486421
PMS2_multinomial_train_fold1.4	0.5047373592134454	1.12e-321	0.49526264078655463	2.87e-322	1.304e-321
MSH6_multinomial_train_fold1.12	3.236e-321	6.966417114825365e-252	0.9890667486343285	9.164106066100748e-115	0.010933251365671423
PMS1_multinomial_train_fold1.2	1.3552559307588098e-271	0.5658663148929476	0.1941597543927516	0.23997393071430087	9.934989236856488e-242
PMS2_multinomial_train_fold1.5	0.46783839764007984	8.74e-322	0.53216160235992	2.9e-322	5.5e-322
MSH6_multinomial_train_fold1.13	2.416e-321	1.937e-321	0.9786769908920785	1.92e-321	0.02132300910792141
MSH2_multinomial_train_fold1.1	1.7986669705273616e-295	1.79e-321	0.9525435012412331	0.0389382376397017	0.008518261119065037
PMS2_multinomial_train_fold1.6	0.4789118409103621	8.55e-322	0.521088159089638	2.9e-322	8.05e-322
PMS2_multinomial_train_fold1.7	0.5086561599541848	1.6e-321	0.49134384004581527	2.7e-322	1.74e-321
MSH6_multinomial_train_fold1.14	3.206e-321	2.34e-321	0.9823490827606477	5.191360528178242e-249	0.01765091723935238
MSH6_multinomial_train_fold1.15	3.3995895105908915e-306	2.564e-321	0.9831080287012216	3.454145503286403e-70	0.01689197129877837
MSH6_multinomial_train_fold1.16	4.175793446491857e-239	1.457e-321	0.9804481483032743	3.4848290795825462e-301	0.01955185169672557
MSH6_multinomial_train_fold1.17	2.866623373349347e-181	2.27e-321	0.9702846181358434	1.5276219213449747e-226	0.029715381864156416
MSH6_multinomial_train_fold1.18	3.8197006e-317	1.606e-321	0.9899410553072778	1.586e-321	0.01005894469272217
MLH1_multinomial_train_fold1.2	0.035172621358288296	1.69e-321	0.9263374911639644	0.038489887477747266	1.586e-321
MLH1_multinomial_train_fold1.3	0.06676162902036326	2.86e-321	0.9318734496542509	0.0013649213253857724	1.947e-321
MSH6_multinomial_train_fold1.19	2.134e-321	2.638882822006037e-191	0.9905668265293013	1.9025358735780455e-117	0.009433173470698782
MSH6_multinomial_train_fold1.20	6.459848115741567e-102	6.159146357466356e-215	0.9851699131370604	0.0005034857917476316	0.014326601071191974
MLH1_multinomial_train_fold1.4	7.011115541930506e-100	1.65e-321	0.9628561800374149	0.03714381996258492	1.27e-321
MSH2_multinomial_train_fold1.2	8.19967428171408e-245	4.1177288062981326e-273	0.9611179412404792	0.03776645840878109	0.0011156003507396361
MLH1_multinomial_train_fold1.5	0.07624081778935064	2.15e-321	0.8943638458559691	0.029395336354680196	2.376e-321
MSH6_multinomial_train_fold1.21	2.4957174871044134e-298	0.006777658761618196	0.9641246754851002	0.02909766567787891	7.540274081064739e-11
MLH1_multinomial_train_fold1.6	4.618876262084025e-212	1.32e-321	0.9675252447293918	0.03247475527060802	6.1e-322
MSH6_multinomial_train_fold1.22	1.4997123324079873e-261	1.76e-321	0.9799126738497899	1.546e-321	0.020087326150210104
MSH6_multinomial_train_fold1.23	3.034e-321	1.3818048721931412e-300	0.9501359769777767	0.04986402302222324	1.433e-321
MSH6_multinomial_train_fold1.24	3.794459467754542e-246	0.03787422497040131	0.9530353920892017	0.009090382940396859	3.354614991591857e-86
PMS1_multinomial_train_fold1.3	1.566e-321	0.5066580680586905	0.17097536816471398	0.32236656377659545	4.7e-322
PMS2_multinomial_train_fold1.8	0.47480848547976107	1.17e-321	0.5251915145202389	2.96e-322	8.25e-322
PMS1_multinomial_train_fold1.4	5.017065540588958e-111	0.5592961683205605	0.21903769960976974	0.22166613206966979	1.505406216171214e-160
MSH2_multinomial_train_fold1.3	2.194e-321	2.5184395708017692e-278	0.9454587478276506	0.039834987644793034	0.01470626452755636
MSH6_multinomial_train_fold1.25	1.7182719004836e-310	2.4411404228880568e-185	0.9977144502231892	2.2237065396359546e-06	0.002283326070271317
MSH6_multinomial_train_fold1.26	2.5529410407203096e-164	4.251838488448442e-250	0.9754482730949725	8.164898294782984e-177	0.02455172690502748
MLH1_multinomial_train_fold1.7	0.05695158799441391	1.117e-321	0.9430484120055861	9.959419607582749e-50	1.596e-321
PMS2_multinomial_train_fold1.9	0.42271068215710667	1.43e-321	0.5772675300320407	2.8e-322	2.1787810852553375e-05
MSH6_multinomial_train_fold1.27	2.8924203096723508e-269	1.1569059021354712e-233	0.9365196730632588	0.06348032693674138	1.6324746776290782e-249
MSH6_multinomial_train_fold1.28	2.6197147528544254e-133	9.804305112694691e-45	0.9875793680389171	5.092832607423623e-139	0.012420631961082966
PMS1_multinomial_train_fold1.5	1.6e-321	0.40763316274437544	0.29191193706652346	0.2933103885748515	0.0071445116142496825
MSH6_multinomial_train_fold1.29	9.746292604067192e-160	0.046352955539498836	0.9446458066168031	0.009001237843698079	3.14264594285698e-32
MSH2_multinomial_train_fold1.4	3.724223691913662e-262	2.13e-321	0.9450797824544654	0.03583342923721393	0.019086788308320602
MLH1_multinomial_train_fold1.8	0.014602916839028332	1.54e-321	0.9106555510840328	0.07474153207693883	8.6e-322
MSH6_multinomial_train_fold1.30	1.16886e-319	3.011905668996495e-157	0.9710944902879131	0.0010375801898556453	0.027867929522231404
PMS1_multinomial_train_fold1.6	5.701854617002523e-291	0.2499205362750133	0.22500303065862537	0.3414203893383221	0.18365604372803918
MLH1_multinomial_train_fold1.9	5.918070988658338e-75	1.616e-321	0.9127435484109027	0.08725645158909734	1.2e-321
MSH6_multinomial_train_fold1.31	1.3599661123268204e-196	0.030823159248947588	0.9242944280162102	0.04375808252274967	0.0011243302120926123
MSH6_multinomial_train_fold1.32	2.43e-321	2.21e-321	0.9812511372316148	1.72e-321	0.018748862768385163
MSH6_multinomial_train_fold1.33	3.13e-321	1.003e-321	0.9786145329494406	1.33e-321	0.021385467050559315
MSH6_multinomial_train_fold1.34	5.65628957367e-313	2.11e-321	0.9829614787711054	2.0693320980427557e-258	0.017038521228894637
MSH6_multinomial_train_fold1.35	3.06e-321	8.172518229499764e-286	0.9724764382912623	6.051169119012385e-269	0.027523561708737716
MSH6_multinomial_train_fold1.36	3.177e-321	4.630036372869123e-309	0.9888155282503754	5.065823688544367e-226	0.011184471749624548
PMS1_multinomial_train_fold1.7	2.263e-321	0.44731423274163373	0.22886983102647612	0.32381593623189014	2.518128066729673e-209
PMS2_multinomial_train_fold1.10	0.5228341554343172	7.86e-322	0.47716584456568273	2.7e-322	4.84e-322
PMS1_multinomial_train_fold1.8	1.54e-321	0.39351742944588575	0.21900174862979502	0.3479287546771789	0.039552067247140325
MSH6_multinomial_train_fold1.37	4.531179929287252e-273	0.003205006742810253	0.9382276780092887	0.056471734719082775	0.0020955805288180667
PMS2_multinomial_train_fold1.11	0.4783369464255803	5.6e-322	0.5216630535744198	2.8e-322	5.3e-322
MSH6_multinomial_train_fold1.38	1.2553603399617322e-173	1.912841640193257e-18	0.9399611757351042	0.060038824264895915	2.018458193711647e-17
MSH2_multinomial_train_fold1.5	2.2162415017079613e-55	2.47e-321	0.9558942625738338	0.03358865220513802	0.010517085221028222
PMS2_multinomial_train_fold1.12	0.4851852371119741	8.4e-322	0.514814762888026	2.8e-322	1.31e-321
MSH6_multinomial_train_fold1.39	9.2118637720485e-185	1.682258e-317	0.9303538122492762	0.06964618775072387	1.14e-321
MSH6_multinomial_train_fold1.40	4.672642602610022e-226	2.436e-321	0.9946250980874289	3.4921511383623524e-93	0.005374901912571095
MSH6_multinomial_train_fold1.41	4.0149172717034746e-261	2.347e-321	0.9641101673356295	0.027483180526236273	0.008406652138134222
MSH6_multinomial_train_fold1.42	2.45e-321	1.5871943007290516e-273	0.9884457080873191	7.6587150946745e-81	0.011554291912680724
MSH6_multinomial_train_fold1.43	2.826e-321	1.4490291148343657e-142	0.990191938299907	4.537442532918716e-48	0.00980806170009304
MSH2_multinomial_train_fold1.6	6.302143861073439e-306	9.235720481515375e-288	0.9408501762499042	0.0525558269239044	0.006593996826191496
PMS2_multinomial_train_fold1.13	0.5057765585561279	1.06e-321	0.49422343662905205	2.7e-322	4.814820250667809e-09
MSH6_multinomial_train_fold1.44	8.386829559281805e-268	2.18e-321	0.97730720400155	1.929664144022631e-179	0.02269279599845006
MSH6_multinomial_train_fold1.45	7.032978729280864e-122	2.1447820102305435e-42	0.9885289040308839	2.9051541862543072e-11	0.011471095940064584
MSH6_multinomial_train_fold1.46	2.9e-321	6.041969886898882e-27	0.9857182365787271	0.0014010424624621791	0.012880720958810567
PMS2_multinomial_train_fold1.14	0.4445469786034596	6.1e-322	0.5554530213965404	3.06e-322	8.7e-322
MSH6_multinomial_train_fold1.47	3.206e-321	2.204e-321	0.9966388750281633	1.823e-321	0.0033611249718367106
PMS1_multinomial_train_fold1.9	7.070849930047141e-285	0.4703519205598452	0.23227094808209464	0.29737713135806	8.072577922671466e-68
MSH6_multinomial_train_fold1.48	2.97e-321	0.028009296077269322	0.9488367992065522	0.023153904716178588	1.4834878247124443e-251
MSH2_multinomial_train_fold1.7	2.76e-321	1.793e-321	0.9777590193083382	0.01588602234113968	0.00635495835052213
MSH6_multinomial_train_fold1.49	7.859851590196628e-237	0.03160813206023938	0.9401286155703598	0.028263252369400842	1.3847629347882818e-63
OGG1_multinomial_train_fold1	0.0055436750636773165	0.2011621653192593	0.05289303145063359	1.2040965107459326e-16	0.7404011281664298
UNG_multinomial_train_fold1	3.425811546150712e-49	0.02907205039335436	0.024623800415844534	0.9319660420856041	0.014338107105197036
OGG1_multinomial_train_fold1.1	0.026264142133159005	1.7829792958025468e-56	9.732082191739506e-142	0.08201425491623966	0.8917216029506012
UNG_multinomial_train_fold1.1	0.14046094359609443	7.986588287345382e-47	0.06582516640285237	0.6806663842182312	0.11304750578282213
UNG_multinomial_train_fold1.2	1.503881185206178e-69	0.006602934148501635	0.11699068050634809	0.7097301646498575	0.1666762206952928
OGG1_multinomial_train_fold1.2	7.004116778342167e-119	0.19126894601901653	0.004652586226153748	0.13517924665488038	0.6688992210999494
UNG_multinomial_train_fold1.3	2.008111997179244e-205	0.07481953330048478	0.09256665122001129	0.7965028484194978	0.036110967060005994
OGG1_multinomial_train_fold1.3	0.010859006110715537	0.029172095626645134	7.88999178652721e-58	0.05994434378976927	0.9000245544728701
