Samples	SBS96A	SBS96B	SBS96C	SBS96D	SBS96E	SBS96F	SBS96G	SBS96H
EXO1_0_real_train1	1.714e-321	0.9877561138357311	2.623e-321	5.460341071446922e-92	0.009686072913258945	0.002557813251009965	7.361543937903373e-75	2.663e-321
OGG1_0_real_train1	0.03631809491986014	1.8391358297345812e-170	0.006948439414266272	2.4185291615002748e-161	0.867293712782241	0.04100673076690815	0.04843302211672446	1.0762356204280816e-80
RNF168_0_real_train1	1.225e-321	0.8944631208996273	3.8859754369020656e-207	1.5166278624722642e-122	0.01065319052393167	9.267489649926488e-121	0.09488368857644099	2.41267e-319
UNG_0_real_train1	8.94e-322	1.8374669791360812e-142	0.04091550721426489	0.8759754347953148	0.003364334087152153	5.690073612123155e-201	0.07974472390326806	1.625e-321
ATP2B4_0_real_train1	2.065e-321	0.0191577929674137	0.08815436038057803	0.24399145455874843	3.4029469816969614e-65	0.004508530877824377	0.6441878612154357	8.475552689871116e-198
ATP2B4_1_real_train1	0.06135901204415998	4.242223205078847e-203	0.03304992014448734	2.3752855021256136e-82	3.8318631026182034e-95	0.09714328557281142	0.8084477822385412	1.5215195462031958e-97
MLH1_0_real_train1	0.8017888832194066	0.09216910529854208	0.05199442380732313	0.025242209879780337	0.0013248037558903866	0.02748057403905764	2.2163117016195284e-101	1.7654843630252452e-21
MSH2_0_real_train1	0.5514728691066075	4.139287551872371e-90	0.0030045032334215897	0.04840988052719251	9.722870176297567e-201	0.04233742091070639	0.009387840075199152	0.3453874861468728
MSH6_0_real_train1	0.7012325145385128	6.883342045750391e-17	0.15106880706821765	0.02615892602635349	7.155702334594902e-103	1.1026491618844103e-15	0.05158354221718035	0.0699562101497346
MSH6_1_real_train1	0.6816717806307437	2.974483382594837e-70	0.15330542169256717	4.0983254591961966e-57	0.014374593894721987	1.65e-321	0.0436572913507253	0.10699091243124191
PMS1_0_real_train1	0.02489911152181793	1.1973898229897719e-102	0.04392785085937443	4.015273854781799e-141	0.05690412798312147	0.8742689096356862	1.8365489805185078e-105	1.3674554460407238e-90
PMS2_0_real_train1	0.04953643327104981	3.0138976715712253e-161	0.869679472594679	0.010194690353660356	0.011136125543903813	0.01781580478913776	0.04163747344756923	4.601025168531105e-62
EXO1_0_multinomial_train1	1.41e-321	0.9780729004742751	3.0812233464581045e-241	4.972861628196083e-200	0.02192709952572489	2.406e-321	2.0945259318851851e-206	2.376e-321
EXO1_0_multinomial_train1.1	2.436e-321	0.9621571516468194	3.5854309699799643e-245	0.019090682318410594	1.82e-321	0.01875216603476991	4.141025559110831e-123	3.3733294222552197e-301
EXO1_0_multinomial_train1.2	1.374e-321	0.991734525461577	3.7606336757902515e-216	9.22706597090964e-130	5.86618392509442e-41	0.008265474538423091	1.2465325008971022e-183	2.33e-321
EXO1_0_multinomial_train1.3	1.61e-321	0.9592357990996178	1.784e-321	0.025284118158414266	0.01548008274196809	4.0522952143596723e-79	7.046991755929362e-105	2.184e-321
EXO1_0_multinomial_train1.4	6.9e-322	0.9995243059388201	1.51e-321	8.335296211502322e-190	0.00047569406117973454	1.4429985013483304e-166	6.795914816002083e-231	1.35e-321
EXO1_0_multinomial_train1.5	1.324e-321	0.955985397062706	1.48e-321	7.692829729423479e-27	1.05e-321	0.04401460293729407	7.446969272318743e-240	2.27e-321
EXO1_0_multinomial_train1.6	3.25e-321	0.972408264197532	2.3025576523266203e-232	2.02e-321	0.027591735802467914	1.625e-321	4.5909773326e-314	8.38947019495131e-272
EXO1_0_multinomial_train1.7	1.813e-321	0.9926192520041957	1.59e-321	1.0561865727588791e-47	1.9923155735232756e-13	0.007380747995605075	6.222094137579794e-192	2.475e-321
EXO1_0_multinomial_train1.8	2e-321	0.9973408116314706	6.214724855300137e-66	6.052219141879505e-135	0.002659188368529155	6.4743410386592e-17	3.9805852448546286e-189	2.915e-321
EXO1_0_multinomial_train1.9	1.3e-321	1.0	1.42e-321	3.2906437354122984e-193	2.204e-321	5.061046471197602e-173	5.840861062752535e-293	1.89e-321
EXO1_0_multinomial_train1.10	1.665e-321	0.9544703186172109	3.35e-321	0.02213477562768296	0.007231288710273868	0.016163617044832348	2.6386146886255694e-208	2.594e-321
EXO1_0_multinomial_train1.11	1.76e-321	0.9273435040851272	1.986e-321	1.5495332262920196e-103	0.005558579809503616	0.0670979161053691	3.4038960629717895e-72	2.4e-321
EXO1_0_multinomial_train1.12	2.154e-321	0.953747745511704	2.77e-321	1.1435605385427984e-254	0.025473450991665876	0.02077880349663017	9.912537228982673e-49	2.77e-321
EXO1_0_multinomial_train1.13	1.413e-321	0.9797237379929615	0.004164402082447611	0.007360901445269157	1.124030920674039e-78	0.008750958479321542	6.974025928965814e-38	2.416e-321
EXO1_0_multinomial_train1.14	1.4e-321	0.9887373030848022	3.07e-321	1.4275554756753576e-109	1.4989374755633332e-24	0.011262696915197629	1.122169794693051e-160	2.04e-321
EXO1_0_multinomial_train1.15	3.424e-321	0.9859604236430636	4.187350383690721e-258	0.01403957635693647	3.462064629969615e-232	1.1011198999214503e-62	1.0451334645391242e-211	3.0747388260349714e-254
EXO1_0_multinomial_train1.16	1.7e-321	0.9947148235214882	1.5615800928122824e-263	6.726350165685168e-247	0.0052851764785118984	5.400543368110499e-247	1.777455114856257e-132	2.307e-321
EXO1_0_multinomial_train1.17	2.042466897429376e-170	0.993589361123817	1.038562879411655e-201	0.006410638876183138	1.606e-321	5.744209698513029e-90	2.21e-321	1.1797546700463654e-166
EXO1_0_multinomial_train1.18	1.453e-321	0.9643404967438866	3.57e-321	1.2050115535368956e-226	0.035614761724572806	4.474153154079393e-05	2.705237785849929e-43	2.095e-321
EXO1_0_multinomial_train1.19	1.65e-321	0.992848212990843	1.803e-321	4.281615341661122e-221	0.007151787009156967	8.364536202984843e-250	1.4572780502248536e-195	2.243e-321
EXO1_0_multinomial_train1.20	2.09e-321	0.9828910596319212	1.9e-321	1.7945703912834095e-104	0.01710894036807879	2.034525105767079e-107	1.991912181364812e-215	2.7e-321
EXO1_0_multinomial_train1.21	1.2584032090380519e-253	0.9973292826183353	1.956e-321	4.399955414130858e-224	0.0026707173816647206	6.623595750710999e-205	2.5191096438774415e-254	3.342676699279364e-285
EXO1_0_multinomial_train1.22	2.288e-321	0.9320964805496965	2.584e-321	7.241831229820227e-25	0.0018633124488731134	0.06604020700143029	4.1054417974725077e-119	3.18e-321
EXO1_0_multinomial_train1.23	1.06e-321	0.9330773991452015	2.43e-321	0.04665155702055156	2.288e-321	0.020271043834247018	2.698807126255678e-236	1.74e-321
EXO1_0_multinomial_train1.24	2.32e-321	0.9911894285655843	2.905e-321	0.0017460991879735097	0.007064472246442131	2.498637555612094e-208	1.4899219924421062e-268	1.596455626e-315
EXO1_0_multinomial_train1.25	2.4e-321	0.9730996874534119	1.7058739334496292e-205	2.7867727678981075e-78	1.79e-321	0.026900312546588055	2.1681946182371703e-202	2.083894e-316
EXO1_0_multinomial_train1.26	1.64e-321	0.9835027554072604	5.3985437201402954e-217	1.1140734135851585e-39	1.693340766627553e-210	0.016497244592739616	2.450958306516706e-34	2.56e-321
EXO1_0_multinomial_train1.27	2.836e-321	0.9794187699816986	2.357e-321	0.020581230018301477	7.56636202725738e-222	8.138424125859918e-248	2.297e-321	3.113e-321
EXO1_0_multinomial_train1.28	1.4868751215669913e-77	0.9578235750328057	2.5678740861530414e-191	5.60516390657017e-10	1.01e-321	0.042176424406677814	1.5412811553920966e-284	6.940906266346044e-95
EXO1_0_multinomial_train1.29	1.675e-321	1.0	3.65e-321	8.041884905089121e-232	1.136e-321	2.0091648547371147e-29	2.184e-321	2.604e-321
EXO1_0_multinomial_train1.30	2.846e-321	0.9841731306175133	3.11e-321	2.9e-321	0.015826869382486678	1.1920500483784633e-299	1.1141875040923214e-215	4.817e-321
EXO1_0_multinomial_train1.31	1.383e-321	1.0	3.41e-321	1.2870679508284905e-152	1.0140800920301811e-58	1.6998889267690973e-153	7.175520194033404e-192	2.026e-321
EXO1_0_multinomial_train1.32	9.63e-322	0.9979576288990527	2.11e-321	2.048219783700408e-150	0.0020423711009473194	2.07e-321	2.2312993703121416e-287	1.566e-321
EXO1_0_multinomial_train1.33	2.23e-321	0.9821417791178393	3.13e-321	8.113220803548033e-262	0.017858220882160557	1.125035683694187e-68	3.5583175487679817e-212	3.083e-321
EXO1_0_multinomial_train1.34	1.344e-321	0.9584981947295791	1.87e-321	0.016456971336464662	0.005629763704464369	0.019415070229491894	4.456847452020036e-75	1.96e-321
EXO1_0_multinomial_train1.35	3.2e-321	0.9549381015000845	3.953e-321	0.012314679438935187	0.01442028405674164	0.018326935004238643	3.653101933328729e-34	1.4817118348019252e-273
EXO1_0_multinomial_train1.36	1.443e-321	0.9844804114142528	2.76e-321	4.368725955285686e-268	0.007733911240189689	0.007785677345557305	3.468092322407776e-103	2.446e-321
EXO1_0_multinomial_train1.37	2.787e-321	0.9573526653062426	2.683e-321	1.076621791864685e-117	0.02586733388826644	0.01678000080549095	5.188830719118395e-36	3.36e-321
EXO1_0_multinomial_train1.38	9.73e-322	1.0	9.487546257714584e-233	2.717e-321	4.6627802920838635e-61	3.411295301684348e-181	2.9086972920453978e-28	1.58e-321
EXO1_0_multinomial_train1.39	1.013e-321	0.9954122238023926	3.31e-321	1.0471172391566729e-264	0.004587776197607348	4.439336558935423e-222	2.26782537972753e-105	1.64e-321
EXO1_0_multinomial_train1.40	6.67e-322	0.9564268732478353	3.325e-321	3.3037943800460425e-103	6.566685346172386e-66	0.029959842829107845	0.013613283923056899	1.294e-321
EXO1_0_multinomial_train1.41	1.08e-321	0.9478344301595519	3.25e-321	0.036510030839972396	0.007105992588545587	0.008549546411930007	4.511780047494647e-126	1.764e-321
EXO1_0_multinomial_train1.42	9.7e-322	0.9703319489942874	2.144e-321	4.322791560329767e-149	2.2261120704025222e-27	0.019323614182458638	0.010344436823253804	1.566e-321
EXO1_0_multinomial_train1.43	2.105e-321	1.0	9.343399656083384e-233	1.76e-321	1.9e-321	1.42e-321	1.527e-321	2.386e-321
EXO1_0_multinomial_train1.44	2.39e-321	0.975248662696772	1.1060678753694845e-206	0.003287230494889023	3.00683032954734e-67	0.02146410680833899	5.831821101009626e-104	5.252812348388639e-291
EXO1_0_multinomial_train1.45	3.3487888286388818e-276	0.9761428465440938	1.350075717769e-311	5.6738603490302645e-257	0.023857153455906204	1.643006655020791e-144	1.0008739515363195e-234	2.2503859876414194e-221
EXO1_0_multinomial_train1.46	2.75e-321	0.9789942752583396	3.549565597712568e-274	2.777e-321	0.021005724741660327	1.1359850516112092e-238	2.82960750281846e-245	1.222274611842751e-292
EXO1_0_multinomial_train1.47	6.67e-322	0.9852603898409322	3.295e-321	2.75e-321	6.792348215019752e-06	1.5409054959902547e-81	0.014732817810852856	1.3e-321
EXO1_0_multinomial_train1.48	6.793225502988905e-14	0.9960684408464798	3.695279601162427e-215	5.448178209620608e-28	0.003931559153452327	1.144440628971564e-295	2.307e-321	6.789429334847983e-79
EXO1_0_multinomial_train1.49	1.05e-321	0.9346220673372909	1.56e-321	2.1950785297599975e-102	0.03090642736811113	0.0344715052945979	1.9639005674134853e-65	1.354e-321
EXO1_0_multinomial_train1.50	1.4e-321	0.9902154268912652	1.9e-321	0.0016543127028894788	0.00813026040584521	1.2243210753807906e-72	1.1950470127046662e-142	2.03e-321
EXO1_0_multinomial_train1.51	1.38e-321	0.9925850961686123	3.014e-321	3.832277266328079e-111	0.007414903831387755	2.3292750389072097e-250	1.1933945651961974e-237	2.01e-321
EXO1_0_multinomial_train1.52	1.042e-321	0.9925832914087429	6.731973411845006e-164	4.129302816355367e-278	0.007416708591257067	2.099545560795215e-133	8.910965517612298e-46	1.68e-321
EXO1_0_multinomial_train1.53	6.4e-322	0.9795189924979784	1.784e-321	1.0491221844709398e-277	4.0346566652804643e-72	0.01848446319629676	0.0019965443057248003	1.26e-321
EXO1_0_multinomial_train1.54	1.033e-321	0.969610917826145	2.253e-321	8.758980499000415e-263	0.030389082173855133	1.0095954997803744e-245	7.002511511820158e-107	1.655e-321
EXO1_0_multinomial_train1.55	5.3942623185539025e-264	0.9887805140528649	2.61e-321	1.8262880656659724e-91	0.00992030805112637	0.001299177896008624	1.6724034611953326e-146	2.7714842912241642e-223
EXO1_0_multinomial_train1.56	1.0730236438651909e-237	0.9999999999999999	2.273e-321	1.454996834428797e-125	1.41e-321	1.874168864185845e-272	1.76e-321	8.016627631658988e-208
EXO1_0_multinomial_train1.57	2.53e-321	0.9664242821960727	2.386e-321	2.5670762901295226e-37	0.014156544660878954	0.019419173143048314	1.641486118640585e-69	3.147e-321
EXO1_0_multinomial_train1.58	6.7284043e-317	0.984700720541732	9.209793949335061e-138	1.9987999615539963e-59	8.55e-322	0.015299279458268143	1.3742362547272526e-287	8.636175479594539e-188
EXO1_0_multinomial_train1.59	9.93e-322	0.9698648520321583	3.686e-321	2.2497631944099038e-94	1.72e-321	0.030135147967841693	2.532936081050666e-69	1.94e-321
EXO1_0_multinomial_train1.60	1.73e-321	0.9760756404337155	3.77e-321	7.684348970125514e-113	0.023924332226087374	2.734019722844314e-08	4.567768550057384e-62	2.67e-321
EXO1_0_multinomial_train1.61	1.75e-321	0.988644808436615	3.83e-321	5.076403820404344e-37	0.011355191563385153	4.163316558088917e-30	1.4502123102389184e-112	2.376e-321
EXO1_0_multinomial_train1.62	1.754e-321	0.9932471438708067	1.1069809677577382e-284	2.381067370307826e-253	1.3846255255898756e-70	4.474461015584726e-27	0.0067528561291933	2.72e-321
EXO1_0_multinomial_train1.63	1.042e-321	0.982269501467404	1.52e-321	1.0791144673243223e-110	0.017730498532596013	5.820316632033964e-85	3.914591358904276e-30	1.68e-321
EXO1_0_multinomial_train1.64	1.354e-321	0.9834519405245917	3.325e-321	9.793482513828152e-70	0.01654805947540819	9.59085001344939e-100	1.925414213406208e-65	2.29e-321
EXO1_0_multinomial_train1.65	1.764e-321	0.9693812341528005	3.09e-321	3.2931845199202318e-183	0.030618765847199553	2.231754647933333e-50	3.4252716371882997e-99	2.717e-321
EXO1_0_multinomial_train1.66	1.655e-321	0.9807326489085773	2.564e-321	0.010944882119556637	3.481105785797592e-137	0.008322468971866056	4.582384770872556e-75	2.27e-321
EXO1_0_multinomial_train1.67	1.1e-321	0.9782399982312749	1.606e-321	1.946462662606568e-09	0.01795037249464696	0.003809627327615438	3.1596601350512154e-119	1.42e-321
EXO1_0_multinomial_train1.68	5.798092057543247e-272	0.9420014138705506	1.477e-321	0.023299051535101357	0.0041127711539219935	1.34352229086901e-23	0.0305867634404261	2.1814796087348716e-273
EXO1_0_multinomial_train1.69	0.0008092737398394468	0.9884216202506431	2.347e-321	0.010769106009517426	7.16e-322	1.8210542824315792e-80	1.546e-321	8.520379183495204e-80
EXO1_0_multinomial_train1.70	1.107e-321	0.968411324546393	2.41e-321	2.1981467293303103e-239	0.031588675453606954	2.727e-321	6.029471497140278e-254	1.42e-321
EXO1_0_multinomial_train1.71	2.26e-321	0.9938689476063644	2.115e-321	6.316599756850327e-227	0.006131052393635595	7.963854897892097e-103	9.198894744751286e-126	3.127e-321
EXO1_0_multinomial_train1.72	1.39e-321	0.9752708888931249	2.65e-321	4.63048556722416e-149	0.024729111106875125	7.768641303445844e-77	6.79255863122904e-57	2e-321
EXO1_0_multinomial_train1.73	1.4461978203602877e-155	0.9587884120093946	2.683e-321	2.9455774634331943e-13	0.005987361537154566	0.03522422645315636	2.634508174611525e-112	2.5057172478347577e-187
EXO1_0_multinomial_train1.74	1.34e-321	1.0	2.925e-321	2.705012047522839e-199	1.82e-321	1.583222750686334e-267	1.7e-321	1.95e-321
EXO1_0_multinomial_train1.75	1.714e-321	0.9180863546788495	2.486752273146799e-252	0.05255264514776214	1.304e-321	0.02936100017338854	2.357e-321	2.7e-321
EXO1_0_multinomial_train1.76	6.9e-322	0.9773463341148849	2.297e-321	1.446760597927469e-207	0.0019899716565323863	0.0206630052955124	6.889330701774893e-07	1.354e-321
EXO1_0_multinomial_train1.77	1.28e-321	0.9771774357045523	4.490222160179779e-174	7.655258676321669e-282	0.01258999223737025	5.3241404051284696e-120	0.010232572058077542	1.853e-321
EXO1_0_multinomial_train1.78	1e-321	0.9849860811347129	1.813e-321	3.82773417498044e-125	0.015013918865287008	4.407949880039805e-22	8.65914626255462e-83	1.606e-321
EXO1_0_multinomial_train1.79	1.02e-321	0.9687755718757205	4.2576511580053845e-242	3.8265641842867906e-129	1.588636608534279e-20	4.619360998053228e-32	0.031224428124279342	1.97e-321
EXO1_0_multinomial_train1.80	1.33e-321	0.9979689470192933	1.0123467489758443e-296	0.0020310529807068592	4.3561070355047694e-181	3.5799915862373697e-249	7.180227356441653e-191	2.27e-321
EXO1_0_multinomial_train1.81	2.52e-321	0.9666176952843775	3.94e-321	2.0553613267508779e-255	0.03338230471562265	5.9152769459619405e-183	1.4888392494116638e-149	3.47e-321
EXO1_0_multinomial_train1.82	1.02e-321	0.9834953005130752	2.97e-321	4.726391554092234e-251	0.01650469948692465	5.107229064427871e-216	5.603160215277673e-179	1.645e-321
EXO1_0_multinomial_train1.83	1.013e-321	0.9498434611125748	1.89e-321	2.9214443418118133e-155	0.003798658042209942	0.046357870246499414	1.0598715847470924e-08	1.645e-321
EXO1_0_multinomial_train1.84	1.344e-321	0.9814193734997307	2.94e-321	2.73e-321	0.01404608229068498	2.09775170263604e-171	0.004534544209584448	1.95e-321
EXO1_0_multinomial_train1.85	1.067e-321	0.9896993087948766	3.9e-321	3.0847000470055153e-293	1.186e-321	0.010300691205123383	2.29e-321	1.73e-321
EXO1_0_multinomial_train1.86	1.314e-321	0.9818454964569633	3.24e-321	8.663797118699468e-232	3.5894652776377696e-182	0.0014373467389225169	0.01671715680411419	1.91e-321
EXO1_0_multinomial_train1.87	1.37e-321	0.983042036865388	1.877e-321	0.0073373875536884	0.009620575580923524	2.517828757162754e-62	5.665005880055378e-173	1.66e-321
EXO1_0_multinomial_train1.88	2.58e-321	0.9672871686106909	2.816e-321	3.9187442427742343e-185	0.032712831389309145	2.1966563903217868e-164	1.8545060706930136e-222	3.187e-321
EXO1_0_multinomial_train1.89	1.403e-321	0.9780347797071166	3.45e-321	3.082034759693646e-169	0.02196522029288334	6.20357097533084e-203	1.0896909760269056e-143	2.03e-321
EXO1_0_multinomial_train1.90	3.8343917541159945e-282	0.9561020832848707	1.4769953318582825e-71	0.016192772631202876	1.087e-321	0.027705144083926447	6.7616944837584785e-242	5.872061971349451e-200
EXO1_0_multinomial_train1.91	2.475e-321	0.995739476697155	3.215814173705905e-88	2.643e-321	0.004260523302844984	5.771425679850241e-226	3.399849381865e-312	1.3096236093429565e-306
EXO1_0_multinomial_train1.92	1.996e-321	0.9383663334303702	6.282779325044596e-156	8.591254302672189e-114	0.0022362116141680715	0.05939745495546169	1.2635584052785824e-19	3.9543954997e-314
EXO1_0_multinomial_train1.93	1.12e-321	0.9999999999999997	1.625e-321	1.1828770224660265e-178	3.352842943640043e-16	3.014e-321	2.3864830694728727e-248	1.453e-321
EXO1_0_multinomial_train1.94	1.047e-321	0.9614546472645542	1.556e-321	3.814412665314733e-71	3.550812727645049e-63	0.038545352735445765	1.3737586206948416e-134	1.705e-321
EXO1_0_multinomial_train1.95	1.023e-321	0.9747323006261847	2.653e-321	2.816e-321	1.0505228162695645e-261	0.025267699373815313	8.82357388289741e-161	1.67e-321
EXO1_0_multinomial_train1.96	2.446e-321	0.9999992194038322	7.805961676644048e-07	1.28e-321	1.245e-321	1.73e-321	1.11e-321	6.084563760241149e-230
EXO1_0_multinomial_train1.97	7.16e-322	0.9478271203314135	1.59e-321	2.2127244091609263e-87	0.01721418572343363	0.034958693945153	2.2074765477080252e-29	1.39e-321
EXO1_0_multinomial_train1.98	3.23e-321	0.9371335951948118	2.406e-321	3.3297540335487315e-80	0.017943867040357064	0.04492253776483098	1.2666684016154369e-97	2.0590847081963675e-304
OGG1_0_multinomial_train1	1.817794551694143e-77	7.784670783661382e-245	5.685357442501168e-248	4.6068294380270155e-99	0.7412732293094164	0.018782688569846634	0.23994408212073712	1.1184314520242313e-205
OGG1_0_multinomial_train1.1	0.07109512874888964	4.3022378204530415e-194	1.4279537579793433e-29	2.1447074398852813e-115	0.8881150637009878	1.611975591869826e-34	0.040789807550122674	4.056218211680809e-101
OGG1_0_multinomial_train1.2	0.007059766113049418	1.7283706297257929e-125	0.029597278460835014	2.3611010433325304e-186	0.7966447665482062	0.11146094595565628	0.05523724292225312	1.8607741796113028e-44
OGG1_0_multinomial_train1.3	0.021196133342322093	4.800997808621016e-168	6.193225348414034e-253	9.386965275758268e-214	0.968486304830257	2.155914912525097e-90	0.010317561827421013	5.1532926548196794e-133
OGG1_0_multinomial_train1.4	0.03393206879503389	1.12e-321	2.925e-321	7.8e-322	0.9660679312049661	2.859826204041056e-272	2.6062346182633673e-181	2.45e-321
OGG1_0_multinomial_train1.5	0.049422790370611244	1.44e-321	3.48e-321	3.911872702323522e-173	0.794046598752042	3.0909594296069974e-28	0.15653061087734674	7.656900277180563e-161
OGG1_0_multinomial_train1.6	3.83e-321	8.864128230556472e-231	2.9572640303397985e-187	2.5007544346497213e-177	0.7089583962025412	0.1185591798686421	0.17248242392881685	1.5382102496232264e-223
OGG1_0_multinomial_train1.7	0.03616648080737473	1.562231336590489e-56	0.025262752270845748	7.235936250795361e-130	0.9341769394257176	0.004393827496061914	1.1358379686684967e-37	7.73950844750511e-23
OGG1_0_multinomial_train1.8	0.03631310786856954	1.477e-321	0.0030475143340993483	5.8e-322	0.960639377797331	3.770791844261408e-304	8.680429460532648e-77	1.0812546429980861e-268
OGG1_0_multinomial_train1.9	0.03162137255593692	1.996e-321	1.0412776383097362e-221	8.3e-322	0.9683786274440631	7.223560755883906e-268	9.642288572462577e-176	2.181876288676374e-204
OGG1_0_multinomial_train1.10	0.04732939917869902	2.2382449008288116e-280	0.020514741704612253	2.050593608805326e-102	0.9317326959328757	0.0004231631838130204	1.6116907863483828e-44	3.917265208653802e-106
OGG1_0_multinomial_train1.11	0.05315332339856249	1.675e-321	1.728148226939348e-176	7.8e-322	0.9468466766014374	1.9370485369050977e-162	3.9674750372330306e-79	4.175985635832048e-176
OGG1_0_multinomial_train1.12	0.05553423092863416	4.426011888366424e-81	0.010918398171067562	2.731997468253162e-121	0.8340616551328666	0.07591116909106922	0.023574546676362388	1.884830565460936e-52
OGG1_0_multinomial_train1.13	0.027000235525085712	1.1469905038579541e-135	1.6339672654356683e-103	7.847152541655775e-64	0.9217621992108873	0.05123756526402708	1.318675472517251e-21	6.45544477244377e-85
OGG1_0_multinomial_train1.14	1.6616138780138836e-163	1.0798629415118793e-83	5.653793643340891e-237	1.2693216869053524e-123	0.8333654599120099	0.12302831719593807	0.04360622289205187	3.6491040540612486e-126
OGG1_0_multinomial_train1.15	0.07120411532136821	1.0205582284479798e-234	0.002540348682639849	4.900941575069919e-184	0.9145622055917193	0.01163551713102129	5.781327325141314e-05	5.9597412263378536e-154
OGG1_0_multinomial_train1.16	0.036613619737582453	3.8762945348568135e-174	0.018396042892776375	1.1194749290945364e-170	0.9416605729937587	0.0033297643758824127	2.0222995810338248e-73	7.554788644437235e-86
OGG1_0_multinomial_train1.17	0.033738836980844664	5.050927007710354e-180	0.00680334828927939	1.0663755523363407e-57	0.8933631581390135	0.06609465659086236	2.4885241486170037e-42	2.7604058243610288e-34
OGG1_0_multinomial_train1.18	0.009541032465418119	3.215908720822261e-237	0.00033475021996651243	2.984799508010697e-193	0.9004249480981068	0.08969926921650852	1.8823279931305555e-60	3.420691107906653e-176
OGG1_0_multinomial_train1.19	0.054000877775994945	5.1176834318517165e-211	0.015684770472086416	1.1369828617868457e-142	0.8665896712065583	1.0571133823074117e-53	0.06372468054536028	8.086124218824908e-59
OGG1_0_multinomial_train1.20	0.060632164501393804	2.043985736975385e-142	8.669669875044135e-132	2.5021898701979255e-210	0.9393678354986061	4.8798537023782705e-98	1.2303550055506218e-20	9.436802691544583e-132
OGG1_0_multinomial_train1.21	0.013546534004966545	4.529427767303506e-152	0.009499568899880292	1.1717608726967841e-161	0.8389004777652276	0.10126244175612457	0.03679097757380091	9.755908544417281e-75
OGG1_0_multinomial_train1.22	0.0760522446086262	1.6511238020029555e-267	3.19e-321	1.8394065928352954e-186	0.904235238405499	0.01971251698587234	2.5162729743369376e-15	6.823548029256524e-122
OGG1_0_multinomial_train1.23	0.0059871474371948775	2.53922930797e-312	1.4729148807797512e-216	5.836373488321875e-128	0.7693752767272068	0.0544415238341634	0.17019605200143498	6.219860596236456e-154
OGG1_0_multinomial_train1.24	0.01903755956004833	6.18649932687322e-185	1.6018259094483898e-48	6.961427916762022e-174	0.6465708215649444	0.09279036658073428	0.241601252294273	1.5093459593315642e-76
OGG1_0_multinomial_train1.25	1.4771515381990473e-129	5.0684075180688516e-297	9.873488685317e-311	7.128305270624089e-132	0.8259831526077858	5.856119403208742e-107	0.17401684739221426	1.666468016776189e-223
OGG1_0_multinomial_train1.26	0.02438703885202196	2.785153836021969e-159	0.005888362760178723	4.833331573678448e-186	0.8838110780772289	0.08591352018316488	1.2740537733024229e-10	6.326032270582817e-36
OGG1_0_multinomial_train1.27	0.06000056932493616	1.13232187568139e-229	4.476e-321	3.192836963960055e-153	0.9399994306750639	3.84915856822349e-79	4.192411852758132e-61	3.983937900192025e-150
OGG1_0_multinomial_train1.28	0.0034513171089047344	3.0982167159272055e-235	0.0176032083535168	1.8122101992456458e-206	0.8835310507258229	0.0746767758962768	0.020737647915478892	9.295551261267641e-120
OGG1_0_multinomial_train1.29	0.07261125155788793	1.614553009172665e-111	0.003761374536884939	1.6270903437147841e-195	0.9236273734818162	5.0660959070395995e-12	4.183449593636165e-10	7.716082954760597e-68
OGG1_0_multinomial_train1.30	0.051894725994139544	2.953784458972656e-170	0.014062414071136963	7.143857132527053e-214	0.9174535520657053	0.016589307869018053	1.093592696903927e-21	2.287984259409127e-83
OGG1_0_multinomial_train1.31	0.02135907410740599	1.1382514424496627e-260	8.73803593805518e-146	9.002912738713142e-274	0.7631025500024711	0.11440354651758401	0.10113482937253909	4.132870131416287e-124
OGG1_0_multinomial_train1.32	0.015513752162922926	7.866692703201917e-181	0.03320787054119537	2.0099945083786988e-188	0.850308432682901	0.09603814444616175	0.004931800166818916	6.6472878299157464e-37
OGG1_0_multinomial_train1.33	0.040484151832653956	1.507e-321	2.509048237479582e-34	5.9e-322	0.959515848167346	7.949996496255859e-288	1.3214759757021516e-98	4.336429164755799e-259
OGG1_0_multinomial_train1.34	0.07020223410294946	1.4846718028104783e-244	4.054150602024139e-169	1.439691199833436e-194	0.8128155891845805	4.0487178178005373e-56	0.11698217671247005	7.864484461217392e-112
OGG1_0_multinomial_train1.35	0.022526876728097802	1.5375711892694033e-78	0.018577595160170976	1.5044785499869917e-112	0.9588955281117312	2.0462196944706817e-34	1.7032938326084572e-20	4.52891041235367e-50
OGG1_0_multinomial_train1.36	0.02664969241824444	1.1336914157920435e-307	3.31e-321	2.063410246620251e-230	0.8236737698568282	1.295133739901418e-124	0.1496765377249274	2.9865449100427395e-183
OGG1_0_multinomial_train1.37	0.04964595534550979	1.2808678415915542e-185	0.021338051071875187	7.967503003774838e-201	0.8364771715891753	8.095909737376667e-24	0.09253882199343955	1.3869557092731608e-118
OGG1_0_multinomial_train1.38	1.5934760015563027e-05	5.3293430696893e-90	0.03389785314231593	1.4865604812868905e-108	0.7602417503500706	0.0795521530138841	0.11247660224650026	0.013815706487213487
OGG1_0_multinomial_train1.39	0.029404297452877873	1.0401788010583996e-126	0.031761851632841384	4.44437229800619e-143	0.8998453277398619	0.027492879035729088	0.01149564413868988	6.150329299735449e-29
OGG1_0_multinomial_train1.40	0.08322980505713261	1.83e-321	1.8087721194683043e-236	5.34e-322	0.9167701949428673	3.709761369224548e-298	5.112399915165708e-108	2.2244080757082125e-279
OGG1_0_multinomial_train1.41	0.017349036181633838	7.172219668628835e-244	0.010773644940898218	9.93e-322	0.971877318877468	4.990336902415117e-176	2.5763205368738625e-69	1.2736650553256201e-199
OGG1_0_multinomial_train1.42	0.025617951824785722	8.803575053768529e-254	1.3496531117976027e-18	1.1985224996758835e-244	0.6683631275608435	0.129637526401744	0.17638139421262675	1.0027902782561109e-91
OGG1_0_multinomial_train1.43	0.08336595963278515	2.3273608430796135e-131	8.450552391569344e-297	2.325724311347168e-133	0.9166340403606769	7.576070871924646e-43	6.537847360653236e-12	1.3958050872413234e-73
OGG1_0_multinomial_train1.44	0.0011775304368528271	2.928157632340931e-153	0.0395907476797496	5.524963640118146e-140	0.9582575667818498	3.0556119558113547e-07	0.0009738495403523147	8.182365521757882e-62
OGG1_0_multinomial_train1.45	0.018720751427349986	2.9937060317187265e-232	0.0031571579319811622	2.3642274805502163e-109	0.8510624078326142	0.12705968280805466	1.0668041781528136e-22	2.6550759486786302e-101
OGG1_0_multinomial_train1.46	0.05374866225165958	3.552564808028462e-108	0.0028188326830473186	5.798779970620073e-249	0.9318841248328928	0.011548380232400294	1.8292433975967045e-71	3.279711896867429e-26
OGG1_0_multinomial_train1.47	0.010664324969513915	7.565570803919668e-197	0.013815462146440598	1.3573724787748313e-115	0.8432276000017608	0.12604911154513604	0.006243501337148772	3.843157823711945e-79
OGG1_0_multinomial_train1.48	0.01564911532758085	9.332103004429769e-191	0.00952532462238381	1.7657648327843345e-81	0.8620238948333425	0.11280162635040288	3.88662898627761e-08	3.483819404843328e-78
OGG1_0_multinomial_train1.49	0.04945734755896215	1.0735836469835573e-286	4.66748421392812e-234	4.712997221059392e-222	0.7002528032452313	3.38332794789134e-53	0.25028984919580644	6.379948848470483e-162
OGG1_0_multinomial_train1.50	0.009484010403321282	9.700650368778838e-165	0.04194666543186199	7.002917334855692e-283	0.8221092054774617	0.12646011868735504	2.629173946819148e-46	1.4240868656918932e-54
OGG1_0_multinomial_train1.51	0.0726550087120196	3.812815957481666e-276	2.683e-321	9.201168516580314e-158	0.8217231527358582	0.047188018303122234	0.058433820249000165	1.1049679769508602e-138
OGG1_0_multinomial_train1.52	0.042763675697168005	1.8840749912733614e-219	8.668622172493605e-32	5.339740583026759e-217	0.9378440086672839	0.01939231563554795	1.3059391183345825e-27	9.434043074257218e-134
OGG1_0_multinomial_train1.53	0.04584352533103777	6.597575981606343e-145	2.0993354340057392e-42	7.317366766808178e-195	0.9541564746689623	1.1271156976797724e-117	5.214673844576479e-28	8.075962230754061e-101
OGG1_0_multinomial_train1.54	0.01748760765330653	2.662530733e-312	0.011852410631579444	7.3e-322	0.9706599817151141	1.917188426582588e-263	7.474514281186159e-112	4.420366565786466e-248
OGG1_0_multinomial_train1.55	0.010083530611243185	3.905570838754096e-130	0.029830700764208958	4.185339323380685e-243	0.7566936658238632	0.20339210218487022	6.158144798400494e-10	6.841768127723715e-40
OGG1_0_multinomial_train1.56	0.02970064217199491	5.131814262934878e-221	8.586807670069757e-74	2.1231071305420567e-120	0.6178475624260522	0.05251509753386914	0.29993669786808375	5.584387869259894e-72
OGG1_0_multinomial_train1.57	0.05483267814115607	1.2770224798975442e-109	3.737284059291391e-178	6.816112312174348e-137	0.9109068897603284	0.03426043209851542	1.0458813824232743e-64	6.401747710800121e-72
OGG1_0_multinomial_train1.58	0.025063048856242044	2.449647008723821e-304	1.6486282383200686e-87	4.4491735853685304e-244	0.6567868946114259	0.012835619428144854	0.30531443710418704	5.695849601425222e-197
OGG1_0_multinomial_train1.59	0.00397226430297378	9.185598056137068e-215	0.025829067227374384	4.960614808422271e-158	0.7231787049893236	0.10635754747535832	0.14066241600496998	7.06333933034961e-71
OGG1_0_multinomial_train1.60	3.191778026734791e-72	5.405384125764248e-37	0.03497169413053922	5.655214096070294e-78	0.7905093731356736	0.1423326468177701	0.00014118254164789752	0.03204510337436903
OGG1_0_multinomial_train1.61	0.061642239120187514	1.3186992160598704e-267	8.576999641473457e-35	7.997718019966317e-155	0.7205285255946844	1.9753140707781412e-08	0.21782921553198742	1.1478624268110783e-128
OGG1_0_multinomial_train1.62	0.026064617815092617	3.273251245351431e-226	0.010294219494068935	2.9916858504366487e-274	0.9029225214973646	0.04499618087640883	0.015722460317065156	4.1428386047076286e-114
OGG1_0_multinomial_train1.63	0.039523517038821177	1.0065897157507292e-229	0.03049135102195533	1.23884046e-316	0.8992992234882479	0.03068590845097578	1.4175874440715065e-33	2.642599149916265e-109
OGG1_0_multinomial_train1.64	0.01950330031093897	1.0857823421065398e-183	0.02413148899708941	2.645739103208431e-144	0.884108202301789	0.06332874680050929	0.008928261589673392	8.919990129830286e-23
OGG1_0_multinomial_train1.65	1.901076702965727e-26	7.7712793782798e-29	6.027174152605625e-48	4.8525657083147165e-23	0.7905418032462456	0.1191579854953962	0.05984992373060648	0.03045028752775163
OGG1_0_multinomial_train1.66	0.013759072397525248	1.7001557360099032e-80	0.021936082955490543	4.617345407987662e-139	0.8715508826648393	0.09275396198214489	2.4962863194982277e-31	1.0227702788320526e-22
OGG1_0_multinomial_train1.67	0.015812789328480754	8.346724417900032e-123	0.021547971682105527	1.5133525093475274e-19	0.7565880961435543	0.1249540412310647	0.08109710161479464	8.833954185612779e-30
OGG1_0_multinomial_train1.68	0.02174336204706116	1.027371751539515e-225	3.04e-321	6.571888518026056e-107	0.8557287631963078	4.870869535241107e-07	0.12252738766967775	2.1051919934559585e-146
OGG1_0_multinomial_train1.69	0.03913809034455726	9.64622431931302e-259	9.126178005739226e-239	1.0370771472924552e-202	0.8044580403604707	0.06128674128440182	0.09511712801057003	5.90885283212257e-135
OGG1_0_multinomial_train1.70	0.0372670929983363	2.01771678996172e-204	3.44e-321	5.826398297239038e-19	0.9359271651119037	0.026805741889760194	1.630101363647245e-41	5.03547102632212e-93
OGG1_0_multinomial_train1.71	3.21e-321	2.7186983253148713e-202	0.015090315922044002	1.227122889595423e-156	0.928033939569854	3.1721870571490526e-17	0.05687574450810199	2.62e-321
OGG1_0_multinomial_train1.72	0.039083565151134786	1.2930541424995786e-207	0.015265992930923447	1.1585514336819144e-192	0.9049757901907671	0.040674651727174584	1.402509147412332e-26	2.8898063620131613e-84
OGG1_0_multinomial_train1.73	0.03561828763279633	8.129511369528938e-212	0.02689502453397885	1.3156682970288667e-226	0.9028203799027137	0.03466630793051126	7.844752235280077e-24	7.12741383400682e-87
OGG1_0_multinomial_train1.74	2.45417525e-316	1.6534789099554982e-47	0.011518848985274551	1.385528666344929e-186	0.908551857955817	0.07992929305890685	1.522171495083133e-15	4.076061613806718e-124
OGG1_0_multinomial_train1.75	0.04461983080605301	2.3345292427714677e-272	1.4079042533094318e-119	8.2e-322	0.955380169193947	2.4080480343205065e-271	4.0057705095431545e-123	8.9800423697735e-176
OGG1_0_multinomial_train1.76	0.03250286396051048	1.196e-321	3.345e-321	3.943925067665249e-206	0.7674241270070845	2.0388513141027547e-16	0.20007300903240482	1.6447767760307912e-253
OGG1_0_multinomial_train1.77	0.02410953862964908	2.5357150234262997e-170	0.015734354481669745	9.195338687896143e-223	0.950935961898581	0.009220144990100055	1.0732854173902125e-24	6.132297198588819e-140
OGG1_0_multinomial_train1.78	2.990479535357967e-21	1.8984792259045682e-12	0.023460024837705956	1.1234357123465212e-66	0.8089627113489877	2.905112041489834e-09	0.16757726090629577	5.029200243624616e-22
OGG1_0_multinomial_train1.79	0.00029171706971483084	1.83e-321	2.938404174119723e-142	7.861516557305353e-176	0.9997082829288757	3.2579864340297537e-83	1.409585542085161e-12	1.6385684874708021e-205
OGG1_0_multinomial_train1.80	0.0594312408090667	6.574348590655349e-198	0.012871398823633277	8.239791072283635e-145	0.9276973603673001	3.6134906680387718e-90	1.3238376748322203e-17	1.3731861485865225e-115
OGG1_0_multinomial_train1.81	0.02402448999961592	1.67e-321	4.762343908344708e-202	5.203e-321	0.975975510000384	3.422206482739116e-158	6.288987008611822e-65	7.199651333611305e-233
OGG1_0_multinomial_train1.82	0.012757466470699029	5.0814184952889325e-89	5.757131146108237e-104	5.58184884449335e-119	0.9315877652830441	0.055413892681609137	0.00024087556464758852	3.4097595795197456e-32
OGG1_0_multinomial_train1.83	0.0494228830367728	1.67e-321	1.8e-321	1.1149167794428599e-225	0.79612248799572	9.153965857393808e-07	0.15445371357092136	1.1476193267592417e-210
OGG1_0_multinomial_train1.84	1.723191678208633e-05	6.278761641380086e-125	0.02538912601358871	3.079537882501043e-70	0.8248098780880917	0.07688992643181326	0.0728938375497244	1.164777396290403e-38
OGG1_0_multinomial_train1.85	0.037578710549483335	1.596e-321	9.110454066956241e-235	1.0183452837920968e-166	0.7281284850978963	1.5686528559097943e-121	0.23429280435262034	6.851845046637279e-204
OGG1_0_multinomial_train1.86	0.010295884216806758	2.5039918476109695e-146	0.01235020670748675	2.997210756315925e-54	0.8821717664272507	0.09518212997919452	1.2669261228431445e-08	1.2304058840486331e-48
OGG1_0_multinomial_train1.87	0.04110075852406184	2.5075337796370276e-150	0.032165473584762155	2.4238535339744355e-138	0.8982036955096775	0.02852654151922018	3.5308622783253594e-06	2.5685949130467435e-60
OGG1_0_multinomial_train1.88	0.0528556528503057	3.9888825e-317	1.627025916033619e-235	1.209020724120041e-299	0.6712686135086978	0.019989753990792076	0.25588597965020426	1.6639298888520198e-140
OGG1_0_multinomial_train1.89	0.005796876745361926	1.6753854550749107e-255	0.024177922911161515	1.8924364286020868e-107	0.7894450829715901	0.07625179929303717	0.10432831807884928	9.09390284396635e-72
OGG1_0_multinomial_train1.90	0.03172430574016483	9.946835014554327e-101	4.967742675714535e-122	2.966860049252299e-116	0.8693310332102143	2.647822228831423e-05	0.035757616459163054	0.06316056636816952
OGG1_0_multinomial_train1.91	0.022215239008435056	9.555855874694768e-295	0.02154883780857802	6.315730868968728e-181	0.7826268888449777	0.09303387525263673	0.08057515908537242	9.334187803441057e-76
OGG1_0_multinomial_train1.92	0.032853534042066874	2.5290300294173153e-197	1.502332922969872e-86	2.117875884171585e-192	0.6874941003412403	0.03929993049772648	0.24035243511896642	1.2444113819185279e-130
OGG1_0_multinomial_train1.93	0.026259518047482493	1.523117605568336e-92	0.011976990270237632	4.840032572307465e-204	0.9436807793977842	0.018082712284495712	9.018341837953289e-40	1.6387492726342213e-52
OGG1_0_multinomial_train1.94	0.0680183066862712	2.0643520419292436e-215	1.2244919329416113e-197	1.0612863884478888e-129	0.9022308012381354	0.02975089207559347	1.6729110671230183e-40	5.680737224934085e-93
OGG1_0_multinomial_train1.95	0.001526051724300347	0.005092023630618865	3.481321709528461e-13	0.014946339892356759	0.9519542238935832	0.026481360857876744	2.9725272098820106e-101	9.161130412867502e-13
OGG1_0_multinomial_train1.96	0.03208491390986492	1.2756116745157824e-104	0.021346865167726284	2.7235792285258616e-175	0.9465682209220867	3.2202212436326444e-13	2.9148631339561557e-50	1.8732365272187828e-17
OGG1_0_multinomial_train1.97	0.021419501763933944	4.16583039966677e-116	0.03879579070194344	1.7556686039596626e-208	0.9397847075318455	2.276972836222836e-12	1.0671260294584588e-26	9.449636472413497e-82
OGG1_0_multinomial_train1.98	1.1168989041646523e-67	1.61e-321	0.00844624899583734	1.6633031232782787e-122	0.8519130668008502	0.1388005843805644	0.0008400998227479115	1.4845166438897306e-144
RNF168_0_multinomial_train1	1.74e-321	0.829112249088796	0.014428468324728	2.19e-321	1.1942951420000667e-37	1.8977364203176115e-189	0.156459282586476	1.4239469584344053e-257
RNF168_0_multinomial_train1.1	1.04e-321	0.8709339964338557	2.856664312810396e-127	0.0023926142831918254	0.05453366970923638	2.533095222272558e-115	0.07213971957371605	2.273e-321
RNF168_0_multinomial_train1.2	6.168204246586621e-72	0.9115116048929173	2e-321	9.04e-322	0.07152128095807683	8.25e-322	5.8192585542954775e-121	0.016967114149005886
RNF168_0_multinomial_train1.3	5.53e-322	0.9191147488014648	0.026806702489627496	4.6426115532689964e-116	0.05407854870890761	6.52943620466864e-284	5.905634809996836e-119	1.324e-321
RNF168_0_multinomial_train1.4	9.24e-322	0.7866772859333208	3.6814286546363827e-159	0.11677899797379207	0.0014898533005230728	1.0738014256103241e-63	0.09505386279236397	2.08e-321
RNF168_0_multinomial_train1.5	8.1e-322	0.9550101325908225	1.47e-321	2.1197320817481003e-207	0.02292987383278088	1.0949399201694406e-282	0.02205999357639677	1.55e-321
RNF168_0_multinomial_train1.6	2.253e-321	0.7627509720217258	0.08021010803680564	2.11e-321	0.006485194462856527	1.63e-321	0.15055372547861204	4.702957163741091e-218
RNF168_0_multinomial_train1.7	1.255e-321	0.9215810081254165	0.027797801438650023	7.53445003374e-313	0.019569128800621064	1.4511277584194426e-269	0.031052061635312347	2.717e-321
RNF168_0_multinomial_train1.8	5.7e-322	0.9178940870015748	2.8e-321	8.55e-322	5.027266230791041e-153	1.02983304708135e-268	0.08210591299842507	1.08e-321
