Samples	SBS96A	SBS96B	SBS96C	SBS96D	SBS96E
ATP2B4_real_train_fold1	0.06494378845910971	0.40943287692014163	0.23715334869053134	0.2453333048523167	0.043136681077900745
ATP2B4_real_train_fold1.1	0.11256444336083127	0.3226708404240902	0.20552154120782395	0.35924317500725444	2.5154604743808385e-235
MLH1_real_train_fold1	0.009316355925587548	0.018529772278302596	0.18959757601744084	0.019312321081916387	0.7632439746967528
MSH2_real_train_fold1	1.0121937891031845e-74	0.01316630999939362	0.19839146808205604	0.037232302725752564	0.7512099191927977
MSH6_real_train_fold1	0.06236642800382412	0.034487417339329265	0.11850489057319406	0.02353357288062258	0.76110769120303
MSH6_real_train_fold1.1	0.06989346939035435	0.023824197148711104	0.11066474946292572	0.058976596683283124	0.7366409873147256
OGG1_real_train_fold1	0.01581822937890901	0.6875747797373918	0.021500701721843787	0.25551445514143656	0.019591834020418874
PMS1_real_train_fold1	0.050724524404976025	0.18500728655832505	0.41139480081123425	0.23159836021713187	0.1212750280083329
PMS2_real_train_fold1	0.6318611120356655	0.03582736714312217	3.56e-322	0.02370106868987972	0.30861045213133254
RNF168_real_train_fold1	0.527570813053698	0.09181021355532303	0.19606945324816158	0.1145503117724684	0.06999920837034893
UNG_real_train_fold1	2.3908858658394302e-196	0.16515145992035957	0.5571210558641161	0.21332160058809968	0.06440588362742469
ATP2B4_dirichlet_train_fold1	0.09851728475865314	0.5915346595042346	0.30994805573711237	5.93978529530011e-288	9.34e-322
ATP2B4_dirichlet_train_fold1.1	0.051089498383762	0.2918909426765824	0.2087752745614677	0.448244284378188	1.714e-321
ATP2B4_dirichlet_train_fold1.2	0.3268382218293451	0.20097100285520872	0.22207483780378415	0.25011593751166217	1.9529416501972537e-190
ATP2B4_dirichlet_train_fold1.3	0.1634570858581143	0.4641663739066815	0.2197300611106388	0.10111585631376853	0.051530622810796727
ATP2B4_dirichlet_train_fold1.4	0.2737049374517707	0.268452701483855	0.1932432028073747	0.2645991582569994	1.35e-321
ATP2B4_dirichlet_train_fold1.5	0.1639797901612767	0.26476243004550454	0.18204238474395826	0.3892153950492605	9.577934577111068e-32
ATP2B4_dirichlet_train_fold1.6	0.06343794686547892	0.349096543820308	0.15869278411041726	0.3710588228083842	0.057713902395411604
ATP2B4_dirichlet_train_fold1.7	0.22707898649645472	0.2531106577789607	0.14160681652989415	0.3782035391946904	1.03e-321
ATP2B4_dirichlet_train_fold1.8	0.18575578106619087	0.3078236723287212	0.20301036610643206	0.30341018049865576	3.95e-322
ATP2B4_dirichlet_train_fold1.9	0.12177631928212268	0.19391288960998398	0.2627465088010088	0.4215642823068846	6.67e-322
ATP2B4_dirichlet_train_fold1.10	0.12597022952199366	0.3590118581632643	0.22033259263505234	0.29468531967968964	8.4e-322
ATP2B4_dirichlet_train_fold1.11	0.03994413791618779	0.43901576351572946	0.24857707597766987	0.24877762050184074	0.023685402088572175
ATP2B4_dirichlet_train_fold1.12	0.12153427997517452	0.5107079070930012	0.22021056707806153	0.14754724585376264	1.330426386644417e-305
ATP2B4_dirichlet_train_fold1.13	0.08230698856605095	0.2450051759613712	0.05635270910904913	0.5436254780783546	0.07270964828517423
ATP2B4_dirichlet_train_fold1.14	2.554e-321	0.454876410293363	0.32899439872624714	0.12276746067043502	0.09336173030995498
ATP2B4_dirichlet_train_fold1.15	0.14138870011553928	0.4078025990114238	0.25844516441486215	0.19017419206591044	0.0021893443922641927
ATP2B4_dirichlet_train_fold1.16	0.12377929367215312	0.3069108463071014	0.351614746887031	0.20711989037504952	0.010575222758664985
ATP2B4_dirichlet_train_fold1.17	4.63e-321	0.42494732068029695	0.2580333442908977	0.31701933502880547	6.97e-322
ATP2B4_dirichlet_train_fold1.18	0.09043416860846737	0.3769286326334773	0.3158892975171123	0.16972881745755203	0.04701908378339082
ATP2B4_dirichlet_train_fold1.19	2.29e-321	0.3629902837845882	0.3079337395942084	0.2886224149572759	0.040453561663927544
ATP2B4_dirichlet_train_fold1.20	0.05032633199293965	0.5200938168864455	0.13870948135359643	0.2506280506279369	0.04024231913908143
ATP2B4_dirichlet_train_fold1.21	0.058380564007530764	0.3730186912841203	0.16074931576328166	0.4023528160420463	0.00549861290302085
ATP2B4_dirichlet_train_fold1.22	0.11863878515898192	0.3523004154806525	0.2856798149400568	0.24338098442030892	3.56e-322
ATP2B4_dirichlet_train_fold1.23	0.00963733627764167	0.42799980125959514	0.39273559041851863	0.1416315487577465	0.02799572328649805
ATP2B4_dirichlet_train_fold1.24	0.18184058636583797	0.44515041888480633	0.22863965177610351	0.14436934297325207	2.03e-321
ATP2B4_dirichlet_train_fold1.25	0.2602745091990317	0.15131295361062322	0.22487241116944615	0.340613620244148	0.022926505776750865
ATP2B4_dirichlet_train_fold1.26	0.10391236827463936	0.29527041051742825	0.10151123483963193	0.4993059863683005	1.344e-321
ATP2B4_dirichlet_train_fold1.27	0.19215044514773394	0.19471971107026614	0.23588020223933023	0.3772496415426697	8.84e-322
ATP2B4_dirichlet_train_fold1.28	0.1563784522687738	0.19654760155592518	0.1629506084140719	0.43936926715528823	0.04475407060594082
ATP2B4_dirichlet_train_fold1.29	0.17241645371867775	0.26587199913859433	0.21516512156773643	0.2854513686193463	0.0610950569556453
ATP2B4_dirichlet_train_fold1.30	0.15240717764255893	0.25794614683073874	0.05691741715371902	0.46352402420281347	0.06920523417016998
ATP2B4_dirichlet_train_fold1.31	0.2595103291895886	0.24028811278984819	0.2547180024875337	0.24548355553302936	9.34e-322
ATP2B4_dirichlet_train_fold1.32	0.11998436598304199	0.38279364083406886	0.10187529736735329	0.311933076352227	0.08341361946330889
ATP2B4_dirichlet_train_fold1.33	0.22696725503679324	0.33534231868609066	0.26228612346239405	0.17540430281472194	8.05e-322
ATP2B4_dirichlet_train_fold1.34	0.20558771987233282	0.39063641120893267	0.2714402610475943	0.1323356078711403	1.26e-321
ATP2B4_dirichlet_train_fold1.35	0.14337655752302944	0.28707112106550414	0.15065105204959028	0.4189012693618761	7.95e-322
ATP2B4_dirichlet_train_fold1.36	0.13679738029515998	0.2744602147755572	0.29619118559640434	0.2925512193328786	2.144e-321
ATP2B4_dirichlet_train_fold1.37	0.11986001628482247	0.1627698034840532	0.2585856871031732	0.40508222563807006	0.053702267489881245
ATP2B4_dirichlet_train_fold1.38	0.08624681806613796	0.3787498167510045	0.21238597625000466	0.32261738893285286	2.08e-321
ATP2B4_dirichlet_train_fold1.39	0.18844365273858296	0.41476709964400105	0.23757883998980658	0.15921040762760946	5.519484804680549e-269
ATP2B4_dirichlet_train_fold1.40	0.16741938352582963	0.37443821445745384	0.3362966344561449	0.12184576756057147	3.15e-321
ATP2B4_dirichlet_train_fold1.41	0.01852132385984064	0.3511556719512647	0.1371323719054784	0.356488537129493	0.13670209515392331
ATP2B4_dirichlet_train_fold1.42	1.0019622556775159e-248	0.31624751112349136	0.4391969763003388	0.19968881133402977	0.04486670124214005
ATP2B4_dirichlet_train_fold1.43	9.50617970717104e-221	0.2249155546932776	0.19110172576485585	0.37337737310406605	0.21060534643780038
ATP2B4_dirichlet_train_fold1.44	0.19217085929172606	0.36384161037531576	0.060812054921090083	0.383175475411868	2.465e-321
ATP2B4_dirichlet_train_fold1.45	0.10361949960163945	0.4156658660999957	0.22000598258134269	0.25791423412787684	0.0027944175891454815
ATP2B4_dirichlet_train_fold1.46	0.25466766664791574	0.13323860695817058	0.2112427377331951	0.40085098866071844	6.03e-322
ATP2B4_dirichlet_train_fold1.47	0.0537818127861097	0.34303616481697824	0.19201169147259306	0.4111703309243191	3.258958119662462e-169
ATP2B4_dirichlet_train_fold1.48	0.17593086631113972	0.29813660747753906	0.3155027683237168	0.21042975788760435	8.05e-322
ATP2B4_dirichlet_train_fold1.49	0.2872811787154948	0.3630628176931031	0.16844358849402843	0.1812124150973737	3.85e-322
ATP2B4_dirichlet_train_fold1.50	0.10143967440519845	0.24048700910041115	0.2932798694750075	0.36479344701938277	6.259730597259044e-79
ATP2B4_dirichlet_train_fold1.51	2.25e-321	0.1525168589999503	0.3438299465439176	0.503653194456132	1.956e-321
ATP2B4_dirichlet_train_fold1.52	0.22526153898693838	0.21031728440519992	0.13183260714070888	0.3173087151861119	0.11527985428104105
ATP2B4_dirichlet_train_fold1.53	0.03620866428264179	0.27200561105333165	0.1837680645231747	0.5017520134643129	0.006265646676538858
ATP2B4_dirichlet_train_fold1.54	0.1018526101356785	0.3203005380890718	0.27329270311585524	0.30455414865939445	1.24e-321
ATP2B4_dirichlet_train_fold1.55	0.03652313306584297	0.31050949540035533	0.3007988215592851	0.22631594386612558	0.1258526061083909
ATP2B4_dirichlet_train_fold1.56	0.1198661818472396	0.3225424612666074	0.17106080280990674	0.3349471061774124	0.051583447898833935
ATP2B4_dirichlet_train_fold1.57	0.07913829443989889	0.265602917011012	0.3233530487192894	0.22808002415253528	0.10382571567726456
ATP2B4_dirichlet_train_fold1.58	0.03891052013825828	0.596843479582603	0.2127880942441016	0.15145790603503723	2.717e-321
ATP2B4_dirichlet_train_fold1.59	0.26132097053323455	0.32190633514780254	0.07576017380760663	0.34101252051135633	3.601637350219123e-21
ATP2B4_dirichlet_train_fold1.60	0.20236865852792327	0.26313968228819085	0.18954142617474204	0.34495023300914374	2.984e-321
ATP2B4_dirichlet_train_fold1.61	0.1521353549834862	0.4470333397522832	0.29914608977998874	0.10168521548424168	4e-322
ATP2B4_dirichlet_train_fold1.62	0.10739471346444232	0.27438052975895344	0.22386339921100262	0.39436135756560164	2.85e-321
ATP2B4_dirichlet_train_fold1.63	0.04414539615803355	0.3402313437686195	0.18090028342049982	0.2671730148713969	0.16754996178145026
ATP2B4_dirichlet_train_fold1.64	0.15866580596434532	0.21779241346879258	0.2080885477323627	0.4154532328344994	1.117e-321
ATP2B4_dirichlet_train_fold1.65	0.026440240009893076	0.4401390871168013	0.1919417219481453	0.29171912610092116	0.049759824824239324
ATP2B4_dirichlet_train_fold1.66	0.21115387918993542	0.3771424948315666	0.236904129238903	0.12679971959290354	0.04799977714669147
ATP2B4_dirichlet_train_fold1.67	1.56e-321	0.3660178279173994	2.93e-321	0.45761921292019236	0.17636295916240835
ATP2B4_dirichlet_train_fold1.68	0.15222605547857598	0.40166044306047	0.3076923691136135	0.1384211323473404	4.2e-322
ATP2B4_dirichlet_train_fold1.69	0.19691157424169856	0.23011727226300793	0.2671662466776239	0.28026688173101477	0.025538025086654936
ATP2B4_dirichlet_train_fold1.70	2.5104363978856046e-83	0.4114204673416695	0.2829474224104073	0.3056321102479231	2.036e-321
ATP2B4_dirichlet_train_fold1.71	0.3919454132388591	0.2096774925147021	0.04710854995180633	0.3512685442946324	5.395139434004966e-108
ATP2B4_dirichlet_train_fold1.72	0.09562706445500586	0.43063133232496753	0.13650628185288768	0.32430546608335403	0.012929855283784868
ATP2B4_dirichlet_train_fold1.73	0.06464184753146542	0.48031962314948684	0.23394796793614153	0.09873095971530835	0.12235960166759799
ATP2B4_dirichlet_train_fold1.74	0.06939170325255066	0.3643347204145637	0.47339420682335787	0.09287936950952788	2.15e-321
ATP2B4_dirichlet_train_fold1.75	0.19591505289503874	0.3465508725477684	0.10679966432499488	0.3507344102321981	4.35e-322
ATP2B4_dirichlet_train_fold1.76	0.08561267431485213	0.2515020620279998	0.2931219894132236	0.3697632742439245	1.537e-321
ATP2B4_dirichlet_train_fold1.77	0.29672938091317946	0.2927192449555838	0.19788681669015457	0.2126645574410822	1.403e-321
ATP2B4_dirichlet_train_fold1.78	0.3104557950275205	0.3587522253938462	0.05846476020507189	0.27232721937356136	1.517e-321
ATP2B4_dirichlet_train_fold1.79	0.18286156048079405	0.299108722847089	0.3236251240160093	0.19440459265610763	2.960321474385672e-291
ATP2B4_dirichlet_train_fold1.80	0.031084954688172555	0.23810126169292006	0.27256725839621826	0.4266209147540363	0.031625610468652865
ATP2B4_dirichlet_train_fold1.81	0.17842358988178283	0.34134757893285705	0.14676441963483733	0.33346441155052275	1.55e-321
ATP2B4_dirichlet_train_fold1.82	0.005575283698829184	0.37287378760817214	0.18003823487034087	0.3185036284175229	0.12300906540513484
ATP2B4_dirichlet_train_fold1.83	0.2508271444202594	0.34009251929242323	0.09223508657359017	0.23350510110497746	0.08334014860874997
ATP2B4_dirichlet_train_fold1.84	0.11750414235403592	0.35206160247463153	0.15575842137817655	0.37463701905906077	3.881473409523058e-05
ATP2B4_dirichlet_train_fold1.85	0.2190364160640195	0.2994783381718302	0.2868522021717172	0.194633043592433	2.538827526899662e-165
ATP2B4_dirichlet_train_fold1.86	0.16665758306958053	0.3607913226710986	0.013134300538148201	0.34967970149099015	0.1097370922301824
ATP2B4_dirichlet_train_fold1.87	0.07260103453267008	0.22231484671278298	0.28190720942058584	0.423176909333961	1.931761651129e-311
ATP2B4_dirichlet_train_fold1.88	0.31985111883576717	0.18112138944650097	0.1363689674626209	0.362658524255111	3.2e-322
ATP2B4_dirichlet_train_fold1.89	0.16001495438252392	0.3356301872836931	0.3038596346588147	0.20049522367496828	2.737e-321
ATP2B4_dirichlet_train_fold1.90	0.16953915306034736	0.39269424702184996	0.25282615671176906	0.1849404432060336	1.457e-321
ATP2B4_dirichlet_train_fold1.91	0.12700511094132214	0.32170193947027814	0.12426268013738725	0.29429741286802497	0.13273285658298753
ATP2B4_dirichlet_train_fold1.92	0.1830844466434181	0.22627307087437556	0.23537429401673507	0.23991810390793766	0.11535008455753364
ATP2B4_dirichlet_train_fold1.93	0.10132385581456993	0.3102719942515196	0.38001552651386394	0.1822630262379865	0.02612559718206008
ATP2B4_dirichlet_train_fold1.94	0.08721548676385789	0.22406280749236762	0.22425231557519537	0.4135639433444982	0.05090544682408072
ATP2B4_dirichlet_train_fold1.95	0.12829896358340867	0.32422685064591605	0.13073421815801103	0.3338097372034078	0.08293023040925647
ATP2B4_dirichlet_train_fold1.96	0.084078513976673	0.30552258737302246	0.19024447772570288	0.42015442092460176	7.945268860256591e-54
ATP2B4_dirichlet_train_fold1.97	0.21022620577877654	0.16330409084478015	0.19480061324392522	0.3832584096860072	0.04841068044651093
MSH2_dirichlet_train_fold1	3.765e-321	0.037113728196299094	0.2817617477020016	0.03331660978645868	0.6478079143152405
PMS1_dirichlet_train_fold1	0.1632732559484735	0.17977463450454256	0.349709906511399	0.21803124098826043	0.08921096204732464
MSH6_dirichlet_train_fold1	0.0007066103505462458	0.06845149223345198	0.10987459955638866	0.010618149923150447	0.8103491479364626
MSH6_dirichlet_train_fold1.1	0.13346879347216886	4.387e-321	0.05402624967443523	0.048934448324109474	0.7635705085292865
PMS2_dirichlet_train_fold1	0.5073814899606154	0.01800625691684055	0.023368814622638116	0.14510029613459585	0.3061431423653102
MSH6_dirichlet_train_fold1.2	0.1558876008191284	0.012560905031689879	0.03093806885796533	0.0879644052046688	0.7126490200865477
MSH2_dirichlet_train_fold1.1	0.18893043115951097	0.022137455753585576	0.20163368755792202	3.266e-321	0.5872984255289814
PMS1_dirichlet_train_fold1.1	0.11070701211163529	0.2151679985810692	0.422603132964417	0.1797922880125074	0.07172956833037113
PMS2_dirichlet_train_fold1.1	0.6133494265487414	0.018080691822639224	5.14e-322	5.75e-321	0.36856988162861953
MSH2_dirichlet_train_fold1.2	2.2293181008663424e-145	0.0349309458122504	0.2605466716986848	9.24e-322	0.7045223824890647
PMS1_dirichlet_train_fold1.2	0.22677513390308587	0.17073388947859056	0.321262690903825	0.2652786301938813	0.015949655520617195
MSH6_dirichlet_train_fold1.3	0.10704540568444326	0.05290674711860989	0.1410755750736192	0.1554885713092768	0.5434837008140507
MSH6_dirichlet_train_fold1.4	4.63871007e-316	0.023106352286198183	2.59e-321	0.05231767020964508	0.9245759775041568
MSH6_dirichlet_train_fold1.5	0.10121073884365098	0.016758138739161963	0.15914671669859104	0.08008603857420109	0.6427983671443951
PMS1_dirichlet_train_fold1.3	0.1571110475436335	0.18392997078969361	0.41361680500056386	0.24534217666610902	2.283e-321
MSH6_dirichlet_train_fold1.6	0.07131548963420695	0.04527631191484915	0.04898287346216047	0.09789587990536837	0.736529445083415
MSH6_dirichlet_train_fold1.7	0.09617832919940728	0.022732912513483545	0.1309728795048999	3.891071799899213e-234	0.7501158787822094
MSH6_dirichlet_train_fold1.8	0.08104702273338718	2.94e-321	0.15985093545377344	3.85e-322	0.7591020418128394
PMS2_dirichlet_train_fold1.2	0.7096900672253457	0.03261158894505174	1.44e-321	8.35e-322	0.2576983438296025
MSH2_dirichlet_train_fold1.3	1.765079036487774e-212	0.04765446240340175	0.17978760127194995	0.015084410316444623	0.7574735260082038
MLH1_dirichlet_train_fold1	4.684e-321	7.7e-322	0.2450770266811166	9.010041822783584e-215	0.7549229733188834
MSH6_dirichlet_train_fold1.9	0.1614076589283685	0.016409022503847914	0.12445616359809344	0.07473945697254594	0.6229876979971443
PMS2_dirichlet_train_fold1.3	0.6859750675174421	0.02296082287392399	4.6e-322	0.015953323790473897	0.2751107858181601
MLH1_dirichlet_train_fold1.1	4.01e-321	0.08295111427155992	0.09751169263464375	3.26e-322	0.8195371930937962
MSH6_dirichlet_train_fold1.10	0.31943773960502775	0.018548512249875783	0.07546811796711486	0.011916550654039328	0.5746290795239425
MSH6_dirichlet_train_fold1.11	2.88e-321	0.0633004433561647	0.2291849687608588	0.060605343113327784	0.6469092447696486
MSH6_dirichlet_train_fold1.12	0.17106135953962473	0.06492429671202644	0.2675798038968826	0.007021815814747053	0.4894127240367192
PMS2_dirichlet_train_fold1.4	0.8147133972513899	0.018109771232294274	0.0	0.024585967849899765	0.14259086366641624
MLH1_dirichlet_train_fold1.2	0.09686084829670917	1.57e-321	0.13445524147939833	0.011330933574932657	0.7573529766489598
MSH6_dirichlet_train_fold1.13	0.04249832473810428	0.005143674068592343	8.65836263904464e-126	0.09920577319358512	0.8531522279997181
MSH2_dirichlet_train_fold1.4	1.86e-321	0.039610059572431265	0.27728719391648327	0.035068675969778536	0.6480340705413069
MLH1_dirichlet_train_fold1.3	3.167e-321	0.01827590772398508	0.2367239980385922	0.04100119707102434	0.7039988971663982
MSH6_dirichlet_train_fold1.14	0.18921345939746073	6.951552355798339e-190	0.0771761786148856	0.10707095636259487	0.6265394056250587
MSH6_dirichlet_train_fold1.15	0.16438614281986613	0.03502769632243289	0.17374984961434706	0.015428376325506758	0.6114079349178472
PMS1_dirichlet_train_fold1.4	0.16624191455319248	0.15041690247651074	0.3723905246017657	0.21218689639437044	0.09876376197416072
MSH6_dirichlet_train_fold1.16	0.053845342737863316	0.0008973632540121507	0.09756151781663464	0.1410961170853087	0.7065996591061812
PMS2_dirichlet_train_fold1.5	0.7492480983817604	0.019330807268364097	3.75e-322	4.55e-322	0.23142109434987562
MSH6_dirichlet_train_fold1.17	0.08647590265627896	0.10309534365755671	0.31755359509320147	0.06578226611059151	0.42709289248237126
MSH6_dirichlet_train_fold1.18	0.04529580629039543	4.407e-321	0.0073564519106069795	0.09250614424073408	0.8548415975582634
PMS2_dirichlet_train_fold1.6	0.5916257233974677	0.04343844037323835	0.0	0.010249029286345407	0.3546868069429485
MSH2_dirichlet_train_fold1.5	7.95e-322	0.037351914600325054	0.3535826664591403	0.03455018688540859	0.5745152320551261
MSH6_dirichlet_train_fold1.19	0.1954641204621283	0.03424597673445832	0.024375659095393888	0.008735860622187428	0.7371783830858321
MLH1_dirichlet_train_fold1.4	3.246e-321	0.004415470898377402	0.39396635229894705	7e-322	0.6016181768026756
PMS2_dirichlet_train_fold1.7	0.6743560621744894	1.166e-321	3.36e-322	0.04728553615093582	0.2783584016745749
PMS1_dirichlet_train_fold1.5	0.05432354408069493	0.2100860527256463	0.3546413440035959	0.1775208452477486	0.2034282139423144
MSH2_dirichlet_train_fold1.6	0.032032136244717554	0.024097040190551453	0.39734986107835985	0.020805863057730457	0.5257150994286406
MSH2_dirichlet_train_fold1.7	0.01918123885152703	0.0035166018224027248	0.20823721152690547	0.07555620752431233	0.6935087402748524
MSH6_dirichlet_train_fold1.20	0.08898302627598863	0.0587330326986116	0.1040562741113987	3.95e-322	0.748227666914001
PMS1_dirichlet_train_fold1.6	0.14841780296776194	0.218235691222114	0.40042634816489386	0.21687309751173317	0.016047060133496962
MSH6_dirichlet_train_fold1.21	2.036e-321	0.02343583200885435	0.12775838874652096	0.05102559569277536	0.7977801835518494
MSH6_dirichlet_train_fold1.22	0.32641653062812825	0.023276937689853658	0.16962433865866353	0.09667503286432401	0.38400716015903047
MLH1_dirichlet_train_fold1.5	0.22309945660764433	0.014990297409416651	0.20394791427031972	0.015603383156089012	0.5423589485565303
PMS1_dirichlet_train_fold1.7	0.11910136514786336	0.10130660030604005	0.48251197365116094	0.10242344843279197	0.1946566124621436
PMS2_dirichlet_train_fold1.8	0.6759089300064112	0.007986372140224662	4.94e-322	0.044476047468759584	0.27162865038460443
PMS2_dirichlet_train_fold1.9	0.6255322279784481	0.09359190053071234	3.8e-322	0.027622483669953797	0.25325338782088574
PMS1_dirichlet_train_fold1.8	0.006093691744612432	0.21601963896617102	0.5187573730587175	0.22630566583430847	0.03282363039619046
PMS1_dirichlet_train_fold1.9	0.0275147449242505	0.11169324301364345	0.49841538211894076	0.15957094209648215	0.20280568784668324
PMS2_dirichlet_train_fold1.10	0.5843617629490115	0.1449564699495264	4e-322	6.10576458307814e-284	0.2706817671014621
MSH6_dirichlet_train_fold1.23	0.14958394844892006	0.020983283956793178	0.09435745315616609	0.0012848721274946163	0.733790442310626
MLH1_dirichlet_train_fold1.6	0.09510586935389233	0.014385572295531716	0.12308695065008433	0.053607349195501926	0.7138142585049897
MSH2_dirichlet_train_fold1.8	0.06731224657068682	0.0013976547266833753	0.1015443204384361	3.473e-321	0.8297457782641938
MSH6_dirichlet_train_fold1.24	0.0803284559325266	0.019255469772100128	0.31162380602835077	0.032532187466878006	0.5562600808001446
MSH6_dirichlet_train_fold1.25	0.10675869995683325	0.02636543612521522	7.633178779549581e-264	0.0680533847701846	0.7988224791477669
PMS2_dirichlet_train_fold1.11	0.7443547422492289	0.03873301260471355	0.0	0.007935123118762911	0.20897712202729463
PMS2_dirichlet_train_fold1.12	0.6439722851836311	2.036e-321	4.1e-322	0.12690213193935618	0.22912558287701268
MSH6_dirichlet_train_fold1.26	0.2273780457751883	0.030892497302671875	3.58e-321	0.11414799093724744	0.6275814659848924
PMS2_dirichlet_train_fold1.13	0.591856892545982	0.011458439139332652	3.46e-322	1.314e-321	0.39668466831468524
MLH1_dirichlet_train_fold1.7	1.0745914222585922e-238	0.025131854559435875	0.32083847485760847	3.56e-322	0.6540296705829556
MSH2_dirichlet_train_fold1.9	0.002356511846731246	0.0015567017161383751	0.33679689477342833	0.061399509997150915	0.597890381666551
MSH6_dirichlet_train_fold1.27	0.060962112170207965	0.062426653997528406	9.981444593168518e-158	0.04471049847244658	0.831900735359817
MSH2_dirichlet_train_fold1.10	0.07875140381913821	0.024076504444283865	0.1719087624098626	0.030259182770185484	0.6950041465565296
MLH1_dirichlet_train_fold1.8	0.03863049010694158	0.007217972461881402	0.11260949082323271	1.497e-321	0.8415420466079443
PMS1_dirichlet_train_fold1.10	0.11937383090155076	0.17225366366798256	0.4492812369500392	0.22367565609640958	0.035415612384017865
MSH2_dirichlet_train_fold1.11	2.243e-321	1.225e-321	0.18549576013160596	0.018537237768026467	0.7959670021003674
PMS2_dirichlet_train_fold1.14	0.765384564387722	2.54e-321	3.7e-322	0.042453851296201106	0.1921615843160768
MSH6_dirichlet_train_fold1.28	1.48e-321	0.03930948552107256	0.09319160375495572	0.02941537099749724	0.8380835397264744
MLH1_dirichlet_train_fold1.9	0.1421695950515946	0.035293548524299743	0.14669712153168377	0.01887182502065168	0.6569679098717701
PMS1_dirichlet_train_fold1.11	1.285e-321	0.17698166779623867	0.4541004300159923	0.2827132250660064	0.0862046771217627
MSH2_dirichlet_train_fold1.12	0.034907637555076095	9.63e-322	0.09048025745989897	0.1025697213704594	0.7720423836145657
MSH6_dirichlet_train_fold1.29	0.09042954886543086	0.06331708045970606	0.010283924228414343	0.12101728183537813	0.7149521646110706
PMS1_dirichlet_train_fold1.12	0.18141261713578913	0.1608566907662362	0.3453739732695711	0.2735589364725561	0.03879778235584741
MSH6_dirichlet_train_fold1.30	3.617e-321	2.977347896e-315	0.10395622383250863	1.196e-321	0.8960437761674913
MSH6_dirichlet_train_fold1.31	0.18369104720101945	0.03580581922272964	0.12128283980274776	0.05641314192704197	0.6028071518464612
MLH1_dirichlet_train_fold1.10	3.3e-321	5.657e-321	0.11259299082038918	1.492131967393097e-203	0.8874070091796108
MSH6_dirichlet_train_fold1.32	0.17760860068182663	0.03268003574016107	0.1991039108526732	0.053596698532598006	0.5370107541927411
PMS1_dirichlet_train_fold1.13	0.06459778380606931	0.2933211855999766	0.37899727523000104	0.158789631425329	0.10429412393862393
MSH2_dirichlet_train_fold1.13	1.7920023163403775e-205	0.0023497233071711207	0.11706037470303035	0.005853047731367474	0.8747368542584311
PMS1_dirichlet_train_fold1.14	0.19595047340666014	0.21725181217660042	0.24883971365191387	0.2756015110030765	0.06235648976174912
MLH1_dirichlet_train_fold1.11	1.96e-321	0.01173399682247363	0.14758916733918287	0.03760400153278147	0.803072834305562
MLH1_dirichlet_train_fold1.12	0.011677924238903199	0.0003839594075507289	0.2103047733001342	0.06473690225262121	0.7128964408007905
MSH6_dirichlet_train_fold1.33	0.02298225567442847	0.03019605671093103	0.12697038634884347	0.03249844275365675	0.7873528585121402
MSH6_dirichlet_train_fold1.34	0.07368327125283931	2.816e-321	0.11896539198019994	0.04614025782373088	0.7612110789432298
PMS2_dirichlet_train_fold1.15	0.5986394857852115	0.035801156000626104	8.25e-322	0.032033385460369865	0.33352597275379253
MSH6_dirichlet_train_fold1.35	0.1556460718707476	0.01330366117492813	0.16173447522133835	3.85e-322	0.6693157917329858
UNG_dirichlet_train_fold1	0.05484723122871429	0.2506554706044778	0.33534909161713167	0.2523811329435653	0.10676707360611111
OGG1_dirichlet_train_fold1	0.1101102177322251	0.6726649531445665	0.0014265772725275626	0.11355701581124755	0.10224123603943311
UNG_dirichlet_train_fold1.1	0.04003480613487016	0.07973026084362111	0.5288716387900952	0.3267689355353523	0.024594358696061278
OGG1_dirichlet_train_fold1.1	2.994e-321	0.6583250644365212	0.046803578802417506	0.25647110711716503	0.03840024964389634
OGG1_dirichlet_train_fold1.2	0.035135921635811376	0.5040841181123998	0.064599528004894	0.3961804322468949	4.8248699187733955e-307
OGG1_dirichlet_train_fold1.3	0.05116622380667644	0.705963368550065	0.042853728591199944	0.20001667905205853	3.473e-321
OGG1_dirichlet_train_fold1.4	0.08913665790899257	0.6549811076866066	0.03145129201740332	0.22443094238699757	1.0467982590063854e-88
UNG_dirichlet_train_fold1.2	0.07407777885052497	0.13568970450312356	0.5772921597841227	0.21294035686222865	1.3956543808422906e-306
OGG1_dirichlet_train_fold1.5	8.15e-322	0.5277341902498337	1.07e-321	0.3765987557826316	0.09566705396753468
UNG_dirichlet_train_fold1.3	0.021017740362242403	0.18279994390723953	0.5373419681382805	0.18786349272918657	0.07097685486305085
OGG1_dirichlet_train_fold1.6	0.051339258322797295	0.5356164700763743	5.7e-322	0.4051801936542363	0.007864077946592305
UNG_dirichlet_train_fold1.4	9.53887458173992e-205	0.1400125866413356	0.6433783595160282	0.16881106319553085	0.0477979906471055
OGG1_dirichlet_train_fold1.7	0.04898245569724208	0.6812492933317135	0.015359869722832792	0.21919435018193897	0.03521403106627261
UNG_dirichlet_train_fold1.5	0.13428541337095962	0.12135009774340419	0.495390708222899	0.1642873825957402	0.08468639806699689
OGG1_dirichlet_train_fold1.8	0.05621296550047186	0.6811404670341579	0.05065293282027281	0.21199363464509732	1.07e-321
UNG_dirichlet_train_fold1.6	0.07809282080643634	0.13633652060350926	0.5171618104908142	0.2684088480992402	1.566e-321
OGG1_dirichlet_train_fold1.9	0.06412657895221979	0.6322124334309016	0.037214703460075174	0.258602549117446	0.007843735039357487
UNG_dirichlet_train_fold1.7	2.184e-321	0.19466800910329768	0.43516887247093194	0.153984437156543	0.2161786812692275
UNG_dirichlet_train_fold1.8	0.14775935727702574	0.1328509133785786	0.46895314968183544	0.11154592324710992	0.1388906564154505
OGG1_dirichlet_train_fold1.10	0.0459672955833698	0.6542289683749913	0.011206650325321118	0.2418048990137075	0.04679218670261034
OGG1_dirichlet_train_fold1.11	0.07971502590348838	0.6740297587391914	0.0731835483110794	0.17307166704624075	1.996e-321
UNG_dirichlet_train_fold1.9	5.297237447725555e-29	0.0357937142574764	0.6491576598706528	0.3071342509608212	0.007914374911049656
OGG1_dirichlet_train_fold1.12	0.04382196023016406	0.6793346660870737	0.01282027211690353	0.26402310156585884	1.616e-321
OGG1_dirichlet_train_fold1.13	0.06814643255513422	0.740639609192777	0.00805970339730021	0.18315425485478862	5.657e-321
OGG1_dirichlet_train_fold1.14	0.1365426604970331	0.6542572954594739	0.10203561678113074	0.10716442726236226	3.127e-321
UNG_dirichlet_train_fold1.10	1.714e-321	0.1437920889748953	0.5990505182395031	0.25715739278560173	1.467e-321
UNG_dirichlet_train_fold1.11	0.16636365035297973	0.1596664818540929	0.5273149362304645	0.14665493156246268	2.406e-321
OGG1_dirichlet_train_fold1.15	0.04421327118006905	0.544781674364679	0.0676180601891197	0.34338699426613223	7.303357103570708e-279
OGG1_dirichlet_train_fold1.16	0.049580852304806786	0.6017548262283201	3.37e-321	0.3241486383612904	0.024515683105582647
OGG1_dirichlet_train_fold1.17	0.09759025739141595	0.6487202734366189	0.013948685371746747	0.23974078380021863	3.21e-321
UNG_dirichlet_train_fold1.12	1.2e-321	0.1293200102943272	0.5812240134672976	0.23458474451107117	0.054871231727303925
OGG1_dirichlet_train_fold1.18	0.09412530662409105	0.6055575940742315	0.08168263540085881	0.18219488052084892	0.036439583379969706
UNG_dirichlet_train_fold1.13	0.12262029839352773	0.10759845417087875	0.531061443668299	0.23871980376729454	1.24e-321
OGG1_dirichlet_train_fold1.19	0.031137552736399197	0.605841716996026	0.10198711020413606	0.2610336200634389	2.115e-321
OGG1_dirichlet_train_fold1.20	0.04309137462027579	0.664932662921971	0.07410049505176831	0.21787546740598493	4.860024509746021e-124
UNG_dirichlet_train_fold1.14	1.803e-321	0.12808231209071566	0.6182960998423083	0.25362158806697604	1.03e-321
UNG_dirichlet_train_fold1.15	0.2726159489262508	0.08922073628000772	0.4005905275423691	0.23757278725137232	6e-322
UNG_dirichlet_train_fold1.16	0.06505712686503826	0.16985624950981587	0.5243462009187246	0.17004443465330002	0.07069598805312133
UNG_dirichlet_train_fold1.17	0.07804052307444169	0.1762752551874993	0.6145225671847366	0.08785573649373722	0.043305918059585
OGG1_dirichlet_train_fold1.21	0.06321013445009026	0.6208954224736131	0.026792381562833138	0.25846213469144674	0.03063992682201689
UNG_dirichlet_train_fold1.18	0.049712904086615016	0.1461855656775149	0.5552302614467702	0.19600864985191369	0.052862618937186086
UNG_dirichlet_train_fold1.19	3.230221233552215e-200	0.1615939602520061	0.5420950797097144	0.25631057046855504	0.040000389569724334
UNG_dirichlet_train_fold1.20	0.05550992674690629	0.16222237858916913	0.552068939837515	0.14735653339449215	0.08284222143191737
OGG1_dirichlet_train_fold1.22	0.12103232367936649	0.5682266537600152	0.0012733364610685411	0.3094676860995497	4.232790986106859e-93
UNG_dirichlet_train_fold1.21	0.008748167626331056	0.1766957426215743	0.6100498701745389	0.187975946711706	0.016530272865849762
UNG_dirichlet_train_fold1.22	1.44e-321	0.20743343652042012	0.4065816591711412	0.2479143217126137	0.13807058259582497
OGG1_dirichlet_train_fold1.23	7.48e-321	0.6258987860101614	0.23419327708929494	0.08016872955624586	0.05973920734429794
OGG1_dirichlet_train_fold1.24	0.10492454980714852	0.7113372639105877	0.07197419635660687	0.11176398992565682	2.681393602159127e-292
OGG1_dirichlet_train_fold1.25	0.022979250069928913	0.6824399501634991	0.04760218544762816	0.24511067506998413	0.001867939248959605
UNG_dirichlet_train_fold1.23	1.0924750596245763e-54	0.09178066468436968	0.7315338913697057	0.17668544394592464	1.2605838281119907e-108
UNG_dirichlet_train_fold1.24	0.004290628821914662	0.16682006845284947	0.48584625967727524	0.1536085963662921	0.18943444668166853
OGG1_dirichlet_train_fold1.26	0.12127852300240508	0.4809556122026186	0.1020380809605324	0.295727783834444	1.46e-321
OGG1_dirichlet_train_fold1.27	0.06013046175020885	0.6009009354113617	3.91e-321	0.2514804721532674	0.08748813068516198
UNG_dirichlet_train_fold1.25	0.1448771352490813	0.20910560541062456	0.3456110077315143	0.15507934362581188	0.14532690798296785
OGG1_dirichlet_train_fold1.28	0.08043778132860703	0.5596958800494449	0.06906602848342612	0.2908003101385219	4.7e-322
UNG_dirichlet_train_fold1.26	1.8e-321	0.12421704936649448	0.49982810372230113	0.2554631501669587	0.12049169674424574
UNG_dirichlet_train_fold1.27	0.010357751819479602	0.20868018520209414	0.4683753435163298	0.2175049325654314	0.0950817868966649
UNG_dirichlet_train_fold1.28	1.18e-321	0.1600825497851254	0.5027600593890973	0.3371573908257774	7.6e-322
OGG1_dirichlet_train_fold1.29	0.026384466323739253	0.6678364617640615	6.08e-321	0.254897811477584	0.050881260434615
OGG1_dirichlet_train_fold1.30	0.1527765664283137	0.4960226222739792	0.08174678040843016	0.2694540308892769	5.04e-322
UNG_dirichlet_train_fold1.29	0.03606834986005801	0.10520397806735572	0.48482186063469046	0.24347166904069448	0.13043414239720127
UNG_dirichlet_train_fold1.30	0.009509194959587396	0.20211685916220815	0.6621989607881821	0.12617498509002248	1.4286664386256606e-229
UNG_dirichlet_train_fold1.31	1.744e-321	0.08949563463131993	0.5635934328652279	0.2655058789964319	0.0814050535070203
UNG_dirichlet_train_fold1.32	0.06730502793741905	0.1694229297959162	0.47969293567522775	0.2224673101509475	0.06111179644048938
OGG1_dirichlet_train_fold1.31	4.056e-321	0.5415770767475966	1.364e-321	0.4584229232524034	2.4e-321
OGG1_dirichlet_train_fold1.32	0.10266628254570576	0.5524081679913199	0.0008590536038626855	0.26725302150503444	0.07681347435407734
OGG1_dirichlet_train_fold1.33	0.04691492465687922	0.570655812633367	0.03613721707725467	0.3462920456324992	3.388110560959461e-255
OGG1_dirichlet_train_fold1.34	0.12143604936867473	0.5594308048879941	0.05520996608887863	0.20861226356734783	0.05531091608710455
OGG1_dirichlet_train_fold1.35	0.029801182203082904	0.7086768661352381	0.03999856975238572	0.21259546178491784	0.008927920124375469
OGG1_dirichlet_train_fold1.36	0.047898537429803684	0.7205034167183637	0.021778364172974178	0.20981968167885837	2.17e-321
OGG1_dirichlet_train_fold1.37	0.03091921464777458	0.6065035954687368	0.016554950426526917	0.34602223945696187	3.36e-321
UNG_dirichlet_train_fold1.33	0.013405734907869027	0.1633709381611029	0.3262503497099805	0.36983158927159954	0.12714138794944807
UNG_dirichlet_train_fold1.34	5.53e-322	0.09756270649661646	0.4524072752340451	0.35013959823959057	0.09989042002974792
UNG_dirichlet_train_fold1.35	0.010509571734283005	0.08253746596713564	0.38878556778643425	0.3951817537318194	0.12298564078032762
OGG1_dirichlet_train_fold1.38	0.03527831275449613	0.5955064736133974	0.06044282068040014	0.24955308358979852	0.05921930936190775
UNG_dirichlet_train_fold1.36	0.054348632816418274	0.1386934711669131	0.5676757658780531	0.14143370788111442	0.09784842225750123
UNG_dirichlet_train_fold1.37	0.08083642292360198	0.12477982796976195	0.507694104017152	0.20984035673531753	0.07684928835416667
OGG1_dirichlet_train_fold1.39	0.017280567471937135	0.7861174271187134	1.48e-321	0.19660200540934947	1e-321
OGG1_dirichlet_train_fold1.40	0.024286982314029985	0.5773746974750458	0.008015987026228228	0.2998605005058633	0.0904618326788326
UNG_dirichlet_train_fold1.38	0.1432887511151262	0.2193705714653011	0.47820065636027964	0.15914002105929306	2.204e-321
OGG1_dirichlet_train_fold1.41	9.04e-322	0.6497495955549724	0.12510055378546173	0.2251498506595661	1.724e-321
OGG1_dirichlet_train_fold1.42	0.05849811337969463	0.6486160482274781	6.47e-322	0.2928858383928273	9e-322
OGG1_dirichlet_train_fold1.43	0.029784070321265763	0.6210611262670733	0.014072627741020166	0.2823285356016584	0.052753640068982526
OGG1_dirichlet_train_fold1.44	0.11533789581610447	0.5950376677927228	0.06163289007551385	0.22622938901338116	0.001762157302277821
UNG_dirichlet_train_fold1.39	0.05103744655937575	0.1063954078808556	0.5169001054868854	0.2937139915492784	0.0319530485236049
UNG_dirichlet_train_fold1.40	0.04026926882444392	0.13147665427735922	0.5310107351354666	0.27139881739828753	0.025844524364442702
OGG1_dirichlet_train_fold1.45	0.12229802319756256	0.5486069655198209	5.970660352804524e-92	0.31780087032086585	0.01129414096175053
UNG_dirichlet_train_fold1.41	0.1199668713811509	0.24434426059334685	0.4772394129237144	0.10613941298904812	0.05231004211273962
UNG_dirichlet_train_fold1.42	3.735e-321	0.22969107512483192	0.5297888801028937	0.1724056116890631	0.06811443308321113
OGG1_dirichlet_train_fold1.46	0.02422621133658871	0.6115629765108818	0.05862692755664096	0.3055838845958885	1.5570059708553512e-35
OGG1_dirichlet_train_fold1.47	0.12919905167598192	0.5883718557580386	2.91e-321	0.28242909256597964	1.01e-321
UNG_dirichlet_train_fold1.43	0.0736790687916051	0.1396183205315049	0.5213908622595832	0.2653117484173069	3.543446048070161e-54
OGG1_dirichlet_train_fold1.48	0.09015542616410975	0.6890606434269871	0.01714048091138052	0.144467694855435	0.05917575464208749
OGG1_dirichlet_train_fold1.49	0.08578093994381754	0.7053353106815435	0.07159750578165869	0.09925453288046197	0.03803171071251833
OGG1_dirichlet_train_fold1.50	9.736393652576922e-206	0.6051379858825654	4.46e-321	0.38184394889606127	0.013018065221373444
OGG1_dirichlet_train_fold1.51	0.14881170853115008	0.5593172648578659	0.014049827987476378	0.2778211986235076	2.03e-321
UNG_dirichlet_train_fold1.44	0.13138202936265556	0.2333241373896812	0.5046175699808477	0.11379733327041869	0.016878929996396858
OGG1_dirichlet_train_fold1.52	0.11276056260126573	0.4930459125261202	0.03201284980659516	0.3621806750660189	3.01e-321
RNF168_dirichlet_train_fold1	0.522328277147106	0.12544760111911044	0.2673351945252921	0.06481453730806733	0.020074389900424292
RNF168_dirichlet_train_fold1.1	0.5747762505893024	0.04865553006875207	0.11412655044298561	0.13533897962440417	0.1271026892745559
RNF168_dirichlet_train_fold1.2	0.5432673964811423	0.07170666955028447	0.06759922026823047	0.15322327107854822	0.1642034426217947
RNF168_dirichlet_train_fold1.3	0.5470505744905056	0.06599338708440429	0.23474790699084705	0.1522081314342432	2.24e-321
RNF168_dirichlet_train_fold1.4	0.6571472493028099	0.06585261717975857	0.07876222975725594	0.055993940844001576	0.14224396291617408
RNF168_dirichlet_train_fold1.5	0.6108262045214753	0.05299488600285615	0.19409287305023434	0.1270750169918734	0.015011019433560936
RNF168_dirichlet_train_fold1.6	0.5863156411151298	0.08424570145977185	0.13878000316058153	0.11677843483993627	0.07388021942458067
RNF168_dirichlet_train_fold1.7	0.5220897069239155	0.12824194721196736	0.1628426187593178	0.09512163323621464	0.09170409386858457
RNF168_dirichlet_train_fold1.8	0.44080263536066255	0.08141407898460452	0.286462222374557	0.060708754154158585	0.13061230912601743
RNF168_dirichlet_train_fold1.9	0.5399199676682003	0.02756419799215305	0.1378908350708427	0.08113565249478621	0.21348934677401762
RNF168_dirichlet_train_fold1.10	0.5199725264488732	0.09383811066528425	0.06771316897213688	0.04985193011458389	0.26862426379912197
RNF168_dirichlet_train_fold1.11	0.48617468579267575	0.13038411485281143	0.2288006654663787	0.15464053388813426	4.826946578353947e-188
RNF168_dirichlet_train_fold1.12	0.5237636763204702	0.03010694500646177	0.20383767634017871	0.1360654649962927	0.10622623733659664
RNF168_dirichlet_train_fold1.13	0.5564600906314278	0.18177218798179176	0.21955519418967204	0.02128867819950563	0.020923848997602804
RNF168_dirichlet_train_fold1.14	0.4530248711701905	0.09163656080982369	0.13796379511079906	0.07536803530059956	0.2420067376085872
RNF168_dirichlet_train_fold1.15	0.38175906483492095	0.15163291646399985	0.23020504714607304	0.1556042780095845	0.08079869354542171
RNF168_dirichlet_train_fold1.16	0.5539894009097825	0.07210190219815725	0.26675850265304524	0.0411551346806812	0.06599505955833372
RNF168_dirichlet_train_fold1.17	0.5062907356309108	0.02222763416068533	0.3266469978800168	0.0694168538766105	0.07541777845177676
RNF168_dirichlet_train_fold1.18	0.28409536159157744	0.038228656476017836	0.4431689580752758	0.15865790683501751	0.07584911702211139
RNF168_dirichlet_train_fold1.19	0.5955544702403491	0.09533302757560454	0.15327606125321377	0.06882585072424682	0.08701059020658566
