Samples	SBS96A	SBS96B	SBS96C	SBS96D	SBS96E
EXO1_0_real_train1	0.8845848981938573	0.0036499798833650185	3.7245014348106114e-128	0.11176512192277752	2.5261095531998905e-161
OGG1_0_real_train1	3.495902297596679e-55	0.03547264309045851	1.1306926866947304e-13	0.10319690456047036	0.8613304523489582
RNF168_0_real_train1	0.8454763244494878	6.3873442180564486e-220	0.06625839703718456	0.07041795889121026	0.01784731962211742
UNG_0_real_train1	0.03630155785996604	6.626424983257093e-178	0.09801696015990444	0.8562260773298098	0.009455404650319656
ATP2B4_0_real_train1	0.15318578664488938	6.3932972668492605e-62	0.6502122961270133	0.1505000128648415	0.04610190436325599
ATP2B4_1_real_train1	2.257052719577573e-135	0.0759897875220821	0.8674644734746714	8.061708730317754e-244	0.056545739003246574
MLH1_0_real_train1	2.44e-321	0.9999999999999873	1.067e-321	1.2679070645663525e-14	1.26e-321
MSH2_0_real_train1	2.6e-321	0.9335479854152661	9.966684862151472e-250	0.06645201458473396	1.6103158302687624e-283
MSH6_0_real_train1	1.0323647269682573e-261	0.9933981281034762	7.04048368789172e-225	2.108012941328261e-118	0.006601871896523999
MSH6_1_real_train1	1.10176404874507e-309	0.9866879931790075	1.774e-321	2.19e-321	0.013312006820992374
PMS1_0_real_train1	5.119329466641614e-159	0.206244663859929	0.6028916932346732	0.1908636429053979	7.80985823062505e-181
PMS2_0_real_train1	0.47466650686626893	0.525333493133731	1.22e-321	3.06e-322	2.085e-321
EXO1_0_multinomial_train1	0.9070132569140339	9.598317318546036e-74	6.815543633376623e-203	0.08347571785463499	0.009511025231330949
RNF168_0_multinomial_train1	0.7925566083203879	4.01166476158385e-217	0.17321069875806008	0.034232692921551955	1.214155089969283e-225
RNF168_0_multinomial_train1.1	0.8046597230496336	1.225e-321	0.1953402769503665	2.7082328578756983e-72	3.0215015573012954e-34
EXO1_0_multinomial_train1.1	0.8670890878560861	0.08373351805704163	2.1897583830480112e-156	0.032309844584341815	0.016867549502530353
RNF168_0_multinomial_train1.2	0.820397006538442	0.002010091865027466	0.17759290159653052	1.91426800653766e-300	2.4535687776258215e-49
RNF168_0_multinomial_train1.3	0.7775339718875317	4.3581361058075734e-35	0.05879153288828894	0.14406976183826098	0.01960473338591839
RNF168_0_multinomial_train1.4	0.7840467007749043	0.014200910923455892	0.17117725416896562	0.017291172464700372	0.013283961667973796
RNF168_0_multinomial_train1.5	0.8419113490447921	1.586e-321	0.013267382443278864	0.14482126851192895	6.87e-322
RNF168_0_multinomial_train1.6	0.7628041679105757	2.15e-321	6.111138386743122e-103	0.19360249713138603	0.04359333495803831
RNF168_0_multinomial_train1.7	0.8752459194719876	2.5671088487710287e-73	4.9341434213083853e-116	0.12273462930326172	0.00201945122475082
RNF168_0_multinomial_train1.8	0.8936282929683448	3.567800599686368e-202	0.025697899295895672	0.004085601189808706	0.07658820654595078
EXO1_0_multinomial_train1.2	0.8747158744404537	6.574052013538364e-61	1.3186514056928663e-181	0.12528412555954632	6.13e-322
EXO1_0_multinomial_train1.3	0.9482562283389833	0.028704785263939436	3.0538736442828124e-275	7.82888106515841e-46	0.023038986397077216
RNF168_0_multinomial_train1.9	0.89184075502583	2.01e-321	0.0798103125785604	0.02834893239560951	1.7192861766695512e-92
EXO1_0_multinomial_train1.4	0.8774060267982235	1.8417714472574195e-152	3.1674129775055557e-219	0.12259397320177644	1.81e-321
EXO1_0_multinomial_train1.5	0.872392112158155	0.01784161935582588	6.477367186904876e-79	0.10841526382942288	0.001351004656596166
EXO1_0_multinomial_train1.6	0.8756848588085845	1.870928512625964e-212	3.671528680110541e-294	0.12431514119141558	1.477e-321
EXO1_0_multinomial_train1.7	0.8688673700111406	0.017128480647321642	2.717e-321	0.11400414934153795	5.8964001597385955e-152
EXO1_0_multinomial_train1.8	0.8009704960761175	0.005314748652749978	5.295741216136447e-145	0.19371475527113247	1.830702306831729e-280
RNF168_0_multinomial_train1.10	0.744327648498916	2.787e-321	6.443941919654573e-194	0.1538093202684352	0.10186303123264882
EXO1_0_multinomial_train1.9	0.9529293706046	0.047070629395399875	1.6e-321	1.0058504992263873e-99	1.146e-321
RNF168_0_multinomial_train1.11	0.8390576089756137	1.3121301690636718e-116	0.014364386668194958	0.14657800435619148	1.56e-321
RNF168_0_multinomial_train1.12	0.860869592442211	0.021938404201071644	0.0861806681706562	0.015524481470465566	0.015486853715595689
EXO1_0_multinomial_train1.10	0.8853814481989232	0.03187099885407729	1.364e-321	0.08274755294699963	7.07e-322
EXO1_0_multinomial_train1.11	0.8294747004813559	0.027671150110374246	1.2792426879452811e-238	0.14285414940826976	1.7367502993586549e-192
RNF168_0_multinomial_train1.13	0.8278540595327524	0.14056881421103243	8.870472711142433e-143	2.446e-321	0.03157712625621533
RNF168_0_multinomial_train1.14	0.8151258693849274	2.1072794321541873e-40	0.13940358858312762	0.04547054203194514	2.167409052227264e-64
RNF168_0_multinomial_train1.15	0.8614661803188817	0.0038361102363371528	4.337178776745532e-192	0.12572925200554239	0.008968457439238768
RNF168_0_multinomial_train1.16	0.8064183052120901	2.6380371334110534e-66	0.08855268118600554	0.07195589773785664	0.0330731158640477
EXO1_0_multinomial_train1.12	0.8927335396852397	9.191556840090095e-218	3.254236327012751e-122	0.07940255165817708	0.027863908656583253
RNF168_0_multinomial_train1.17	0.7687104196315914	1.1033185747704086e-11	0.0971440046449393	0.1341455757124361	3.0451796911475546e-39
EXO1_0_multinomial_train1.13	0.8733367121020362	8.570048945366123e-194	1.8643470746089564e-91	0.10636647401757289	0.02029681388039079
RNF168_0_multinomial_train1.18	0.7901631448335893	2.14e-321	0.1968173514185118	1.33589427719767e-09	0.013019502412004535
EXO1_0_multinomial_train1.14	0.8773730761646242	0.0022942862831391536	4.684376364893699e-190	0.11972918302442616	0.0006034545278104005
RNF168_0_multinomial_train1.19	0.9703856431752045	2.8119246411158304e-103	1.325508403856402e-109	3.556050182140591e-58	0.02961435682479543
RNF168_0_multinomial_train1.20	0.8923439675197239	8.601706046243054e-197	1.136e-321	0.10765603248027615	3.9e-322
EXO1_0_multinomial_train1.15	0.866956979673844	0.0018070572754575293	2.472341800768972e-194	0.13123596305069854	8.544171546285625e-226
RNF168_0_multinomial_train1.21	0.7800786066944263	5.284343320786372e-138	8.55232320767293e-138	0.14575610728206725	0.07416528602350653
RNF168_0_multinomial_train1.22	0.686971000183036	0.021163098993607996	0.08357360447925764	0.1778841602718402	0.030408136072257973
EXO1_0_multinomial_train1.16	0.8243251571341865	0.015074843797720176	1.576e-321	0.16059999906809347	6.77e-322
EXO1_0_multinomial_train1.17	0.9018787959381535	0.018473241958003084	2.8468944921226738e-303	0.07964796210384366	1.117e-321
RNF168_0_multinomial_train1.23	0.9302331220446054	5.448857554934015e-226	6.72915473869771e-218	0.040389684714080366	0.029377193241314197
EXO1_0_multinomial_train1.18	0.7998272759605596	0.02065748362251426	1.0717664492951581e-226	0.17951524041692604	1.364e-321
RNF168_0_multinomial_train1.24	0.9224475836251074	3.724375012086654e-287	0.0775524163748925	2.712577910918009e-81	1.611958712496298e-291
RNF168_0_multinomial_train1.25	0.8734230730761268	1.704774981163576e-239	0.0909780735888903	0.035598853334982895	8.223491055184678e-282
RNF168_0_multinomial_train1.26	0.9040849627283386	1.88e-321	0.010638298895162003	0.08527673837649927	3.4122823704188856e-136
RNF168_0_multinomial_train1.27	0.6829593663492333	5.078035963321721e-237	0.2675812133098441	0.04945942034091826	4.315760301044865e-15
RNF168_0_multinomial_train1.28	0.9047176148596521	1.5856742592577784e-70	0.041546958265876455	0.05373542687447142	3.062061829469479e-105
EXO1_0_multinomial_train1.19	0.8371022586894808	0.04430351975950762	1.606622372338847e-157	0.11859422155101139	1.136e-321
RNF168_0_multinomial_train1.29	0.8697877210242219	3.3674942544014666e-99	0.007696912176825535	0.12251536679895272	2.9232538545742646e-108
EXO1_0_multinomial_train1.20	0.8571758080124815	0.0028028657878486434	4.3454407569136907e-10	0.13991356463568716	0.00010776112943874436
RNF168_0_multinomial_train1.30	0.8459335650350659	5.01731543246644e-289	0.11405428337778814	0.040012151587146	2.3222605560525976e-33
RNF168_0_multinomial_train1.31	0.8492764290989704	1.5017271951850665e-62	0.09128892195970598	0.05943464894132371	2.904719288229581e-214
RNF168_0_multinomial_train1.32	0.9211356353899804	8.922546113512508e-198	0.014018361941417205	0.028908789152440845	0.03593721351616132
RNF168_0_multinomial_train1.33	0.7532376503660743	8.94e-322	0.11840250011369081	0.12835984952023496	1.14e-321
EXO1_0_multinomial_train1.21	0.8631765013357195	3.7123500480248577e-221	1.92e-321	0.1368234986642806	1.41e-321
RNF168_0_multinomial_train1.34	0.9712523582464517	6.47e-322	1.1990774660558633e-211	3.399678232071337e-262	0.028747641753548266
EXO1_0_multinomial_train1.22	0.919711599945946	0.014455093139380155	6.793425964106306e-140	0.06532590275440993	0.0005074041602638751
EXO1_0_multinomial_train1.23	0.863290100423751	5.435331144295032e-174	5.246438685991751e-55	0.13670989957624896	3.3972395931736853e-125
RNF168_0_multinomial_train1.35	0.7712103521626735	2.16248787789e-312	3.5612183357378634e-44	0.2019467610706813	0.026842886766645157
RNF168_0_multinomial_train1.36	0.8095697807640061	3.205759798074306e-258	0.15699801402307006	0.033432205212923824	2.4459609573375617e-216
EXO1_0_multinomial_train1.24	0.9197846458967448	6.288145455987217e-72	0.05226424453153148	0.027951109571723736	6.328522949424195e-101
RNF168_0_multinomial_train1.37	0.8442951658955647	1.907e-321	0.05494906059914189	0.10075577350529329	1.6329802441493326e-225
EXO1_0_multinomial_train1.25	0.838671171451995	0.031019884444242394	0.03031679431588181	0.09430617047522659	0.00568597931265418
RNF168_0_multinomial_train1.38	0.8873501755852675	1.19e-321	0.09211015329699507	1.6122581072864288e-283	0.02053967111773726
EXO1_0_multinomial_train1.26	0.9233820431102391	0.021105626265729382	2.365543878254776e-252	0.055512330624031554	9.4e-322
EXO1_0_multinomial_train1.27	0.8911604923747571	3.989602894673971e-182	1.4945954102116266e-134	0.10883950762524273	1.47e-321
EXO1_0_multinomial_train1.28	0.8892649667451892	1.6654177713299627e-136	1.9622453147683276e-181	0.11073503325481071	1.6e-321
EXO1_0_multinomial_train1.29	0.8886825658771341	3.9352910963260365e-179	0.004390034624783076	0.10692739949808285	1.9010100102701858e-19
EXO1_0_multinomial_train1.30	0.8690447747548656	8.080792137128983e-172	9.737480016242607e-302	0.1309552252451345	8.35e-322
RNF168_0_multinomial_train1.39	0.826542139127027	1.3790923631910824e-251	8.74e-322	0.14926386925397295	0.02419399161900003
RNF168_0_multinomial_train1.40	0.7710449595828376	1.754e-321	0.19699906593119207	6.156159135501819e-198	0.031955974485970345
EXO1_0_multinomial_train1.31	0.8343299638462194	0.039089751577302614	3.484088553734783e-288	0.12658028457647794	1.33e-321
EXO1_0_multinomial_train1.32	0.8863813145151176	0.02252073073825851	3.622881090242589e-118	0.08318009746157091	0.00791785728505275
EXO1_0_multinomial_train1.33	0.9053440959431486	0.0037447526694816113	1.9328324999937533e-195	0.08889353472158133	0.0020176166657885877
RNF168_0_multinomial_train1.41	0.8974032708300876	1.225e-321	0.08461412182027749	2.826912974956332e-57	0.017982607349634912
RNF168_0_multinomial_train1.42	0.9062482062847459	2.535e-321	0.06689206825073002	0.00883144279407684	0.018028282670447062
EXO1_0_multinomial_train1.34	0.8779796295641448	0.0015172967243074363	7.484606805020033e-197	0.12050307371154782	1.63611969315488e-139
RNF168_0_multinomial_train1.43	0.7870343891982605	1.73e-321	0.13655695974612972	0.07640865105560968	1.1862764927341184e-22
EXO1_0_multinomial_train1.35	0.8433243943439558	4.369027924545805e-177	0.03815809218326491	0.1176215209179709	0.0008959925548083712
EXO1_0_multinomial_train1.36	0.8510318343317844	9.053732640784774e-60	2.36e-321	0.14896816566821558	1.12e-321
RNF168_0_multinomial_train1.44	0.8223157017400585	1.91e-321	0.1343157429121105	0.026366805448202125	0.017001749899628747
EXO1_0_multinomial_train1.37	0.875537893994908	0.003183824904766086	1.576e-321	0.12127828110032587	1.793e-321
RNF168_0_multinomial_train1.45	0.8063305479463372	2.03e-321	0.15077333067513632	0.042896121378526615	1.0843417520191292e-219
RNF168_0_multinomial_train1.46	0.9125784955723066	2.727e-321	5.2273495106902005e-52	0.04320610381003489	0.04421540061765846
RNF168_0_multinomial_train1.47	0.8960445566506624	5.50025059837199e-183	0.048348110105631406	0.0556073332437061	8.7e-322
RNF168_0_multinomial_train1.48	0.8441810425992153	1.596e-321	0.06642499016892267	0.089393967231862	6.13e-322
RNF168_0_multinomial_train1.49	0.8049475648702583	4.342274374507416e-92	0.057238389595670805	0.11137712018093315	0.026436925353137693
RNF168_0_multinomial_train1.50	0.8163424610068053	4.363500732556039e-10	2.5397312460182697e-121	0.16923800123318178	0.014419537323662957
EXO1_0_multinomial_train1.38	0.9125456142169799	1.0564105554506216e-226	1.9655636422198187e-83	0.0635339469372099	0.02392043884581016
RNF168_0_multinomial_train1.51	0.8635795231133456	1.8400742238567514e-95	0.09056264790152284	0.04585782898513162	1.546e-321
RNF168_0_multinomial_train1.52	0.8286835511597522	0.05867843639330432	5.678680217192158e-60	0.07485763409006257	0.037780378356880834
EXO1_0_multinomial_train1.39	0.8138935030034506	0.04048293097729848	5.751628863245816e-193	0.13477770934502256	0.010845856674228205
EXO1_0_multinomial_train1.40	0.84746333617454	0.0309778366860256	1.9225015615667578e-172	0.10968890730827394	0.011869919831160466
RNF168_0_multinomial_train1.53	0.8248784385245382	4.889041862728856e-223	0.1553384119381082	0.007228243953692215	0.012554905583661373
EXO1_0_multinomial_train1.41	0.8491611181683052	0.056469272767361633	2.26e-321	0.09436960906433317	6.5e-322
EXO1_0_multinomial_train1.42	0.8757371920617649	2.1364181897286885e-177	1.2295604534484755e-63	0.12426280793823508	1.52e-321
RNF168_0_multinomial_train1.54	0.7199014939714787	1.21e-321	0.1747798019517951	0.08388942310342277	0.021429280973303447
OGG1_0_multinomial_train1	1.921284790108931e-134	3.621569812884909e-143	0.09368077692604901	0.09417212784004597	0.8121470952339052
UNG_0_multinomial_train1	1.4694994467716065e-250	0.047460859469515206	1.1147420075747306e-114	0.9361023860621424	0.016436754468342373
UNG_0_multinomial_train1.1	7.069280388959625e-12	0.011800808659255922	0.15481805805566573	0.7891412248211341	0.044239908456875074
UNG_0_multinomial_train1.2	0.057545118766886234	2.386e-321	0.05782109315464021	0.8429147883270759	0.04171899975139756
OGG1_0_multinomial_train1.1	5.268792328937164e-101	0.08495961992096462	2.1008367995870614e-14	0.07594085223048713	0.8390995278485273
UNG_0_multinomial_train1.3	0.15379731663490626	0.015992257767197593	0.03642118063895961	0.7414315693645107	0.052357675594425904
OGG1_0_multinomial_train1.2	2.826267901565744e-140	0.10119858261687961	6.209772656978373e-163	0.012326786826217798	0.8864746305569027
OGG1_0_multinomial_train1.3	3.906388811984607e-51	0.0353893263253618	6.579400352344075e-57	0.04483906774036143	0.9197716059342766
UNG_0_multinomial_train1.4	1.4082957842715396e-147	1.96e-321	0.16566757729855044	0.8343324227014496	9.206112705267178e-169
UNG_0_multinomial_train1.5	0.03530504232265489	1.01e-321	0.035898069683135546	0.9287823503536473	1.4537640562190039e-05
OGG1_0_multinomial_train1.4	1.4898574699919096e-252	0.04917839570141206	4.497476291618453e-99	1.2482278782832177e-32	0.9508216042985881
OGG1_0_multinomial_train1.5	6.472031859886763e-154	0.11227660546536349	2.9462805090392906e-150	1.956649829325744e-83	0.8877233945346366
UNG_0_multinomial_train1.6	0.036376545133556544	0.006651546614311864	9.1e-322	0.9569719082521314	1.7024834322976283e-105
UNG_0_multinomial_train1.7	7.537124721897345e-22	0.07063501975873557	3.1467664164634873e-37	0.7568210380914804	0.17254394214978394
UNG_0_multinomial_train1.8	2.38e-321	1.16e-321	0.07265193708701323	0.9273480629129867	3.2047128472906022e-270
OGG1_0_multinomial_train1.6	1.05861866945399e-192	0.055438695666373584	5.350724323538911e-90	0.07559069899153686	0.8689706053420895
UNG_0_multinomial_train1.9	0.07812293368507733	3.4783021721993474e-59	0.0805086920681075	0.841368374246815	6.095061519506641e-38
OGG1_0_multinomial_train1.7	2.5874166293919235e-103	0.02315837637395242	8.870175360318829e-10	0.09436192174256405	0.8824797009964659
UNG_0_multinomial_train1.10	0.012644957467715939	9.63e-322	0.15810788617423133	0.8292471563580527	5.5e-322
OGG1_0_multinomial_train1.8	0.037860054163857786	2.08e-321	3.5816231169663163e-106	0.1629992581602195	0.7991406876759227
UNG_0_multinomial_train1.11	0.013915573065839851	2.6400664164502513e-287	0.21142933496045974	0.7746550919737005	6.286331709986446e-302
OGG1_0_multinomial_train1.9	8.551247728486121e-105	0.03331756768971904	0.05291386529503195	0.05999119110047611	0.853777375914773
OGG1_0_multinomial_train1.10	1.534101138528756e-228	0.025101978329604542	0.1532896650115011	0.026283693240026353	0.7953246634188681
OGG1_0_multinomial_train1.11	2.5881251924032595e-138	0.0798411489797037	3.6721820799432116e-62	8.179006673617782e-17	0.9201588510202962
UNG_0_multinomial_train1.12	0.10733929872786359	1.16e-321	1.3010069067748072e-76	0.8926607012721365	7.76e-322
UNG_0_multinomial_train1.13	0.0039625112912205045	1.3489434457e-314	0.11769737036917362	0.8783401183396059	3.22656637968426e-73
UNG_0_multinomial_train1.14	0.09492107208301033	3.748238297100293e-309	1.1745148956760886e-06	0.905077753402094	1.02e-321
OGG1_0_multinomial_train1.12	9.326121885640241e-133	0.06662951438931543	7.965673216989335e-136	0.014102744883312299	0.9192677407273722
OGG1_0_multinomial_train1.13	2.1335841235370542e-179	0.0034901030790089483	1.4029240405030503e-22	0.16686406071316554	0.8296458362078254
UNG_0_multinomial_train1.15	1.848291577191371e-235	5.2206276159401134e-40	0.18407568237885927	0.8159243176211406	4.00088864645236e-68
UNG_0_multinomial_train1.16	0.014262376194529743	2.535e-321	0.10811659167677722	0.8169051227647641	0.06071590936392877
UNG_0_multinomial_train1.17	0.008721497356454517	1.497e-321	9.754392160104087e-55	0.9240093029981348	0.06726919964541063
OGG1_0_multinomial_train1.14	4.439118809204689e-132	0.024304578866654707	0.15042673920819336	6.985058218389402e-51	0.8252686819251519
UNG_0_multinomial_train1.18	6.272428395627504e-240	9.849443264996499e-236	0.17401910534557136	0.8259808946544287	4.35e-322
OGG1_0_multinomial_train1.15	0.014660896534693008	0.04816214601771286	0.07096109997417277	0.06480470557461165	0.8014111518988097
UNG_0_multinomial_train1.19	0.0020927822476346208	0.028575726247224098	0.18797325572735651	0.7813582357777846	6.466037243534724e-113
OGG1_0_multinomial_train1.16	2.0808473411347676e-56	0.021471156134001346	7.886002463252236e-21	0.13084501994707196	0.8476838239189267
UNG_0_multinomial_train1.20	4.1090012078020257e-44	8.525525178402894e-42	0.07876533355309408	0.9099483780790764	0.011286288367829666
UNG_0_multinomial_train1.21	0.0814726477980347	0.05653628565664655	2.463999909451936e-08	0.8035285513396799	0.05846249056563968
OGG1_0_multinomial_train1.17	3.3577082361781692e-161	0.07597361948183057	1.5766806943444584e-77	0.031237288856248883	0.8927890916619206
UNG_0_multinomial_train1.22	1.1417491035973689e-251	2.22e-321	0.09037013677355622	0.9096298632264439	6.4e-322
UNG_0_multinomial_train1.23	5.776435560313962e-111	7.275528374682583e-21	0.1345797768366766	0.8654202231633235	3.4e-322
UNG_0_multinomial_train1.24	0.022298985142447436	8.007163652700224e-130	0.08589492738436161	0.8616538501738019	0.030152237299389078
OGG1_0_multinomial_train1.18	3.2985269607314924e-39	1.7837662392150356e-79	0.11799536545188519	0.10278523832267725	0.7792193962254377
UNG_0_multinomial_train1.25	0.06402826725121061	9.73e-322	0.26352884381117675	0.6724428889376126	6.609473725277511e-47
OGG1_0_multinomial_train1.19	7.063689349528574e-55	0.08261754564157828	6.37995309751048e-32	0.060964508280885815	0.8564179460775361
UNG_0_multinomial_train1.26	2.7002338157202e-310	0.10124291425086944	0.05608343135881533	0.8426736543903152	1.7950921270094793e-190
OGG1_0_multinomial_train1.20	0.013202178960028158	0.057766337502169106	0.12805813879436426	0.026902273417152005	0.7740710713262865
UNG_0_multinomial_train1.27	0.06225314366378099	1.665e-321	0.21757749472478166	0.7201693616114373	7.76e-322
OGG1_0_multinomial_train1.21	1.0150814202829753e-177	0.034091199627587075	0.3232157822999948	0.015498978008036617	0.6271940400643814
OGG1_0_multinomial_train1.22	2.7843218160775264e-33	9.588189174251926e-242	0.034246796575094704	0.11857367173385487	0.8471795316910504
UNG_0_multinomial_train1.28	0.003183243234252843	1.294e-321	7.542293886871406e-178	0.9893351550864327	0.007481601679314449
UNG_0_multinomial_train1.29	9.223626578942356e-215	5.779787135169218e-160	0.14679036939039825	0.8406710953677325	0.012538535241869212
OGG1_0_multinomial_train1.23	2.8323431758178343e-152	0.05489195137206602	1.4841401105492983e-15	0.02944366733519198	0.9156643812927404
OGG1_0_multinomial_train1.24	1.3509998235137475e-235	0.11100397616959662	0.008078197786714019	1.713207538297352e-07	0.8809176547229356
OGG1_0_multinomial_train1.25	0.03791728715336558	9.518702778531592e-15	0.18976470134043175	0.05711001909077828	0.7152079924154149
OGG1_0_multinomial_train1.26	5.381338005699882e-237	2.433810124386231e-88	0.1841344151997924	0.010484582176593978	0.8053810026236135
UNG_0_multinomial_train1.30	3.0862382627653137e-266	2.2190817812641227e-204	0.014831036238190796	0.9248727152923844	0.06029624846942479
OGG1_0_multinomial_train1.27	6.063198037165885e-131	0.05379522078534395	0.051863147392951246	0.03706965610201286	0.8572719757196919
OGG1_0_multinomial_train1.28	0.0006852550838982242	0.03879317338761443	1.9290465328072117e-06	0.12384459862194039	0.8366750438600141
UNG_0_multinomial_train1.31	7.16269625286355e-21	7.423557643250431e-103	0.2569375920757615	0.7430624079242385	7e-322
UNG_0_multinomial_train1.32	2.136706976094515e-108	1.9646437792066425e-225	2.1713829857882756e-167	0.9428964407207203	0.057103559279279834
UNG_0_multinomial_train1.33	0.019358722873450026	1.21e-321	0.06091119178377778	0.9197300853427722	1.5960735384398932e-152
OGG1_0_multinomial_train1.29	1.7673271013104986e-55	4.335244180410446e-15	0.18665868877532588	0.0794023672122702	0.7339389440123996
OGG1_0_multinomial_train1.30	2.9406397503526152e-213	0.06630771988944943	0.07494934921559088	0.055858947707877346	0.8028839831870824
UNG_0_multinomial_train1.34	0.008969894587093253	0.024737343220571743	9.125682550189148e-47	0.8973256873907676	0.06896707480156745
OGG1_0_multinomial_train1.31	6.381629259749975e-124	0.0689007566643256	0.06392891268236302	0.044120702069026255	0.8230496285842851
UNG_0_multinomial_train1.35	0.12631173205692123	0.05007746355359796	1.9271006847533054e-190	0.7854297239058545	0.038181080483626215
UNG_0_multinomial_train1.36	1.1799830068170932e-18	1.487e-321	0.13881603064548761	0.8611839693545125	9.6e-322
UNG_0_multinomial_train1.37	0.025108468873558516	2.33e-321	1.117e-321	0.9748915311264413	6.13e-322
OGG1_0_multinomial_train1.32	0.001025138565304721	0.07406913169300884	8.826872754944089e-82	0.08800752958854469	0.8368982001531418
UNG_0_multinomial_train1.38	0.10288241198094215	4.6971241069959055e-83	0.1352913593971442	0.7618262286219136	1.921323217010354e-91
OGG1_0_multinomial_train1.33	6.402066008128149e-57	0.009014961047955199	0.13416317452917764	0.1088620949306857	0.7479597694921815
OGG1_0_multinomial_train1.34	4.4601621415866446e-29	0.014903678530095646	1.0424491322040684e-23	0.142568470984813	0.8425278504850913
OGG1_0_multinomial_train1.35	1.4575293942035605e-83	0.06145350036320027	0.06285122998348769	0.05845757718185558	0.8172376924714564
OGG1_0_multinomial_train1.36	2.2377088583650592e-80	0.01518182078221724	3.90730553453448e-64	0.06750964923735783	0.9173085299804249
OGG1_0_multinomial_train1.37	4.912714424901192e-172	1.8710953233909977e-296	0.1048699308529762	0.07862747826027555	0.8165025908867483
OGG1_0_multinomial_train1.38	2.083388914231346e-183	0.05204704727046274	3.0751074348215e-22	0.05920894644963911	0.888744006279898
UNG_0_multinomial_train1.39	2.7692048528121884e-171	0.01913874758248535	0.07468977600418757	0.9061714764133271	3.5673398098261145e-195
OGG1_0_multinomial_train1.39	7.258411117993317e-112	0.09839241892238468	0.049775499960976646	0.07724035406067846	0.7745917270559604
UNG_0_multinomial_train1.40	0.10187794498081547	1.8508506273219546e-102	2.741034331893147e-164	0.8981220550191845	6.1e-322
OGG1_0_multinomial_train1.40	2.1967216886650628e-166	0.06100337817720329	0.15394319101019027	2.0022437861413404e-49	0.7850534308126065
OGG1_0_multinomial_train1.41	0.0068446744839425555	0.013999780105229655	8.470725403054393e-100	0.06042698994359966	0.918728555467228
UNG_0_multinomial_train1.41	0.1813939748068726	1.82e-321	0.03090227804529528	0.7828777363426241	0.004826010805207927
OGG1_0_multinomial_train1.42	3.737058073132672e-68	5.614234120153347e-09	0.0057034790684785735	0.11822418332678879	0.8760723319904984
UNG_0_multinomial_train1.42	0.0922455075792101	1.61e-321	0.018568335007484962	0.8891861574133049	5.34e-322
OGG1_0_multinomial_train1.43	0.0017491659016181944	0.03360242398262079	0.054803769078910936	0.04268606448244427	0.8671585765544059
OGG1_0_multinomial_train1.44	0.024177188103957623	6.252724868321332e-92	0.037973627068937484	0.13413209981895008	0.803717085008155
OGG1_0_multinomial_train1.45	2.1973668312990587e-149	7.398308436984327e-65	0.18759715318463285	0.03930731116718573	0.7730955356481815
OGG1_0_multinomial_train1.46	5.969617173109725e-66	0.001499064782323863	0.1670262401016264	0.08833091113807486	0.743143783977975
UNG_0_multinomial_train1.43	7.71401048741332e-308	0.031286979811577686	0.047548938854547	0.8556152806247724	0.06554880070910285
OGG1_0_multinomial_train1.47	0.02362674510311768	0.017261342551110663	0.06346928858948774	0.07689468765697254	0.8187479360993113
OGG1_0_multinomial_train1.48	1.3227465834573762e-196	0.03817060535649067	0.052710301702452424	0.11601671404565622	0.7931023788954008
OGG1_0_multinomial_train1.49	2.813740796221403e-17	0.021148777119878167	0.11553655321591817	0.06624422698864799	0.7970704426755557
OGG1_0_multinomial_train1.50	7.080056360605604e-169	0.08634832301176947	1.4520825324944963e-43	0.047500155711337345	0.8661515212768933
UNG_0_multinomial_train1.44	0.08898156831684313	0.03990083593193348	6.257301611547947e-107	0.7896519242889818	0.08146567146224157
OGG1_0_multinomial_train1.51	0.020517323061590327	0.08090604094121798	2.064725921209376e-130	0.0551311805911724	0.8434454554060191
OGG1_0_multinomial_train1.52	1.0283184531198926e-74	0.034710081249296525	1.6221717918147872e-60	0.06717385764311169	0.8981160611075918
ATP2B4_0_multinomial_train1	0.0949988239604954	0.10276383945484081	0.50067157028509	0.17453939058396326	0.12702637571561046
ATP2B4_1_multinomial_train1	2.081239605715701e-79	0.10432376314588787	0.887777076227356	0.00789916062675606	3.660625342489593e-26
ATP2B4_0_multinomial_train1.1	0.18579029865212005	1.0190810158666722e-165	0.7193483362505666	0.09486136509731334	3.173488209615095e-49
ATP2B4_1_multinomial_train1.1	3.163276453152342e-27	0.011388110412834463	0.9247229228122518	8.312173505236463e-217	0.06388896677491372
ATP2B4_1_multinomial_train1.2	4.230032634472319e-27	0.04823962209049474	0.7921043091463774	9.938301317301319e-291	0.1596560687631278
ATP2B4_1_multinomial_train1.3	0.0441188799654875	0.06443625066081882	0.8849655679108764	0.006479301462817389	3.66e-322
ATP2B4_0_multinomial_train1.2	0.21169468407865924	1.05e-321	0.565795191056112	0.161918837196925	0.06059128766830392
ATP2B4_1_multinomial_train1.4	1.433e-321	0.06763008092769975	0.7634494845050128	8.762348461572243e-208	0.16892043456728728
ATP2B4_0_multinomial_train1.3	0.2109846520745566	1.15e-321	0.6354309026091463	0.1535844453162972	7.423356287504579e-84
ATP2B4_0_multinomial_train1.4	0.06987546818005957	0.004441474760252277	0.6938952747233913	0.23178778233629688	9.515584933220147e-77
ATP2B4_0_multinomial_train1.5	0.06496153916725785	0.017555972898693616	0.6403303456485524	0.22525023879856762	0.05190190348692844
ATP2B4_0_multinomial_train1.6	0.15045001807595515	3.464557516335273e-180	0.6284815079758049	0.2033165942262105	0.01775187972202938
ATP2B4_1_multinomial_train1.5	6.659667018160175e-07	0.09945911730776882	0.6083351323573556	1.9188471222447523e-218	0.2922050843681738
ATP2B4_0_multinomial_train1.7	0.050136171930747715	0.06538130726355514	0.5464238038381732	0.17463308184143947	0.16342563512608438
ATP2B4_1_multinomial_train1.6	1.578617856640267e-292	0.08633922933058077	0.6541356581559699	8.94e-322	0.25952511251344945
ATP2B4_1_multinomial_train1.7	1.2367008789974186e-284	0.11031994748862467	0.751839368869015	2.1984566507112757e-139	0.1378406836423605
ATP2B4_1_multinomial_train1.8	6.055918420360778e-209	0.16142384775742394	0.8385761522425761	1.5769165590459099e-180	1.5252339341688777e-142
ATP2B4_1_multinomial_train1.9	0.027384816321198758	0.06312363012506733	0.7413279519257427	1.7760300889167223e-234	0.1681636016279911
ATP2B4_1_multinomial_train1.10	0.04380258856392034	0.1327682545665777	0.6624060415133161	9.156263496686365e-250	0.16102311535618577
ATP2B4_1_multinomial_train1.11	1.2315556707984759e-287	0.06666330838420541	0.9333366916157946	4.157505634955044e-260	1.2631688876831932e-33
ATP2B4_1_multinomial_train1.12	2.3396094139107077e-194	0.0716687079942203	0.9035096031944123	1.3187768129418448e-253	0.02482168881136751
ATP2B4_1_multinomial_train1.13	4.935670854454519e-81	0.013577587162518978	0.9046670402613224	7.878563849232044e-258	0.08175537257615863
ATP2B4_0_multinomial_train1.8	0.24705393229463415	0.017219536563016908	0.6926182523834893	0.04111305734697385	0.001995221411885806
ATP2B4_1_multinomial_train1.14	2.6095455000186743e-176	0.12853099628803097	0.6292890656572113	0.011176392204258779	0.23100354585049898
ATP2B4_1_multinomial_train1.15	0.018385640801467627	0.09225488178731876	0.7840351239605108	7.527204939914405e-196	0.10532435345070285
ATP2B4_0_multinomial_train1.9	0.1390491054041729	0.039429665109810205	0.4280886998574118	0.2482783671345445	0.14515416249406068
ATP2B4_0_multinomial_train1.10	0.11110277706003377	1.26e-321	0.7561229579603956	0.13277426497957054	4.812864631339043e-199
ATP2B4_0_multinomial_train1.11	0.13574427387542384	0.05362695752396055	0.7224367020527145	0.08819206654790102	1.8412476411901384e-145
ATP2B4_1_multinomial_train1.16	1.655e-321	0.13524277410320323	0.6715588602462803	2.715632638398045e-124	0.19319836565051646
ATP2B4_0_multinomial_train1.12	0.28929781048860453	4.887473712600779e-141	0.5293064770920568	0.1377758118249643	0.043619900594374345
ATP2B4_0_multinomial_train1.13	0.26711625947910383	1.784e-321	0.5798518594814703	0.1530318810394258	2.5061936609681833e-81
ATP2B4_0_multinomial_train1.14	0.07201572246842439	0.09880567132518518	0.8265038430018027	1.199935264630937e-37	0.0026747632045876547
ATP2B4_0_multinomial_train1.15	0.15341002962849404	2.2968041909107755e-229	0.7460750572888726	0.09483247953022265	0.005682433552410692
ATP2B4_1_multinomial_train1.17	5.132432054122307e-233	0.08240421948097273	0.9175957805190272	3.6423424659854602e-236	9.436936086320184e-54
ATP2B4_1_multinomial_train1.18	3.221320163529187e-176	0.06040538108132209	0.7423207133117833	6.615266311758112e-114	0.19727390560689448
ATP2B4_1_multinomial_train1.19	0.08132378840457653	0.08732076023572292	0.5651966115789255	0.006320133628883898	0.25983870615189103
ATP2B4_1_multinomial_train1.20	2.7096477981513264e-167	0.09004560861920861	0.7792863483859684	0.05475145065482984	0.07591659233999318
ATP2B4_0_multinomial_train1.16	0.2349144943355053	1.9064293858737237e-240	0.47887620939455766	0.1670854853085035	0.11912381096143357
ATP2B4_1_multinomial_train1.21	2.9541133007002517e-19	0.08904266281266433	0.8419596369509582	1.156e-321	0.06899770023637752
ATP2B4_1_multinomial_train1.22	0.12741591133042152	0.026590257456289082	0.7363495985614994	1.2959849481319596e-200	0.10964423265179002
ATP2B4_0_multinomial_train1.17	0.06254493691329532	5.942036372917432e-27	0.7204904283910976	0.21696463387473142	8.208757231359309e-10
ATP2B4_0_multinomial_train1.18	0.14992613985958247	0.04206401213618753	0.5155203537007526	0.11001363451625282	0.18247585978722478
ATP2B4_1_multinomial_train1.23	3.170236695413848e-227	0.12533964528541555	0.6060421336139309	5.040625787699474e-99	0.2686182211006536
ATP2B4_1_multinomial_train1.24	1.3267588652366984e-33	0.04301070917244215	0.9212695379958347	0.03571975283172309	8.883618943584733e-26
ATP2B4_0_multinomial_train1.19	0.11365709391806074	0.010489420836018911	0.5743115143174122	0.18712069148787933	0.11442127944062873
ATP2B4_1_multinomial_train1.25	2.958513116842529e-100	0.12026427152611772	0.8797357284738824	1.21e-321	1.1395797243354812e-32
ATP2B4_0_multinomial_train1.20	0.06853002257914009	0.01724989584001006	0.6728345719676735	0.18063076546377005	0.06075474414940615
ATP2B4_0_multinomial_train1.21	0.16912090565794696	0.013858080581572473	0.3101483008368776	0.2158669928456794	0.2910057200779236
ATP2B4_0_multinomial_train1.22	0.21141852834388303	1.9321804986866083e-289	0.3675794724282575	0.2258603092469486	0.19514168998091086
ATP2B4_0_multinomial_train1.23	0.23984453485064053	0.009913956549302664	0.6032452248335933	0.09839088900528446	0.04860539476117892
ATP2B4_0_multinomial_train1.24	0.19100536219927314	6.633275108878926e-94	0.7461546890151934	0.06283994878553333	3.067891087873585e-115
ATP2B4_1_multinomial_train1.26	0.013429082331651932	0.005040913909049086	0.9815300037592991	4.528795806422669e-278	4e-322
ATP2B4_0_multinomial_train1.25	0.11888607630018393	0.04989245127965816	0.7412509701939698	5.359830576514755e-62	0.08997050222618816
ATP2B4_1_multinomial_train1.27	0.07206323032110258	0.01612783538227604	0.7921741163044995	4.815989370742008e-237	0.11963481799212197
ATP2B4_0_multinomial_train1.26	0.23334108681939625	6.9e-322	0.5111708194879377	0.228294485824478	0.027193607868188176
ATP2B4_1_multinomial_train1.28	1.998825868846501e-253	0.0984919388609939	0.8541118507892558	8.25e-322	0.047396210349750396
ATP2B4_0_multinomial_train1.27	0.20470344763853396	0.06621908846042793	0.5710977915859184	0.1237017231090548	0.03427794920606501
ATP2B4_1_multinomial_train1.29	1.854762162444047e-113	0.1368068269936069	0.8631931730063932	1.057e-321	1.6841618722871943e-62
ATP2B4_0_multinomial_train1.28	0.170866760302666	1.9942555677202086e-71	0.45962853908895396	0.26336872830979025	0.10613597229858976
ATP2B4_0_multinomial_train1.29	0.1740482796249194	7.669518865518436e-152	0.5757697147959916	0.11658180689604974	0.1336001986830393
ATP2B4_0_multinomial_train1.30	0.18945425255648538	0.0014103493962179655	0.4279638984299867	0.17118796979827608	0.20998352981903368
ATP2B4_0_multinomial_train1.31	0.17931755727461635	0.05097263434196411	0.5661766039546262	0.2035332044287935	2.764350418124424e-287
ATP2B4_1_multinomial_train1.30	0.10052158539565544	0.03414111217266	0.8653373024316845	1.0453102660680054e-249	1.9257748619303096e-66
ATP2B4_1_multinomial_train1.31	4.584858043736367e-224	0.0398998696935387	0.8921450987575097	8.55e-322	0.06795503154895169
ATP2B4_1_multinomial_train1.32	0.04241833525747496	0.007992690140635876	0.9397533789318642	4.929046397879783e-218	0.009835595670025083
ATP2B4_0_multinomial_train1.32	0.2928699904418905	2.055e-321	0.505380462216989	0.1191509489341781	0.08259859840694253
ATP2B4_0_multinomial_train1.33	0.1155574853754745	0.006721929095776706	0.8247072668458788	0.05052068648859698	0.002492632194272922
ATP2B4_0_multinomial_train1.34	0.1358977652480167	2.335013827653563e-10	0.5816366995106105	0.21853630417802977	0.0639292308298417
ATP2B4_0_multinomial_train1.35	0.25747211602556414	0.012138053220016922	0.610386065255966	0.12000376549845305	1.9197286334557143e-185
ATP2B4_1_multinomial_train1.33	0.0050489088853890385	0.06398715976190746	0.8977483654109286	3.2762231683144065e-50	0.03321556594177483
ATP2B4_1_multinomial_train1.34	0.13041040301343407	0.09588371267540423	0.6495218022383163	1.1746739381403289e-164	0.12418408207284526
ATP2B4_1_multinomial_train1.35	7.399366219334229e-164	0.13133892272485845	0.7527447513334928	1.064229803372865e-136	0.1159163259416487
ATP2B4_1_multinomial_train1.36	1.832229114085228e-245	0.14962919142763625	0.7938529403005626	8.341405399078014e-159	0.056517868271801115
ATP2B4_0_multinomial_train1.36	0.20864959339436373	1.596e-321	0.42221989681249994	0.1879535937781189	0.18117691601501734
ATP2B4_0_multinomial_train1.37	0.333810842364468	3.9570008024590955e-207	0.6132660246788015	0.05292313295673049	5.037487685731304e-57
ATP2B4_1_multinomial_train1.37	1.21e-321	0.12080775095750734	0.6966021942472697	4.9312984905503715e-177	0.18259005479522294
ATP2B4_1_multinomial_train1.38	1.802147184063083e-247	0.12620734695823355	0.8737926530417665	1.1004498972684466e-220	4.5e-322
ATP2B4_1_multinomial_train1.39	9.197159062572123e-65	0.14573164549575976	0.7412909484702377	8.22748499529418e-192	0.11297740603400247
ATP2B4_1_multinomial_train1.40	1.5331582133839373e-33	0.042188602502169485	0.7731371422482485	3.2434832237682104e-235	0.1846742552495821
ATP2B4_1_multinomial_train1.41	3.3828803395479397e-28	0.09632658496668296	0.7923150909985163	1.8316289438989128e-120	0.11135832403480066
ATP2B4_1_multinomial_train1.42	1.6025199659383002e-13	0.0819792330788807	0.6899166276932858	1.17e-321	0.2281041392276733
ATP2B4_0_multinomial_train1.38	0.05678903169964523	0.042155117103111726	0.7004439483368688	0.20061190286037414	1.27e-321
ATP2B4_0_multinomial_train1.39	0.19352063576386216	0.005995763277913335	0.5070145166979055	0.21752706746687625	0.07594201679344294
ATP2B4_0_multinomial_train1.40	0.07057034293647439	0.013120297595949026	0.6521931343227093	0.14404972876301286	0.12006649638185453
ATP2B4_1_multinomial_train1.43	1.2309879188344298e-199	0.11765565657746735	0.7458990442982911	4.514700322084939e-102	0.1364452991242416
ATP2B4_0_multinomial_train1.41	0.14685280738350692	1.456748672130456e-178	0.713203823229171	0.13994336938732224	4.1848674107761956e-181
ATP2B4_0_multinomial_train1.42	0.2053114272749305	2.623e-321	0.5118987274614216	0.14148021422474255	0.14130963103890534
ATP2B4_0_multinomial_train1.43	0.096408059339993	1.91e-321	0.7373836759634348	0.16620826469657224	1.5522345874679106e-33
ATP2B4_0_multinomial_train1.44	0.3474110145076308	0.015246386238787067	0.4942637207953019	0.10635468164498052	0.0367241968132997
ATP2B4_1_multinomial_train1.44	0.02909210760783518	3.154142772974059e-60	0.8910221436505724	5.93221400073124e-223	0.07988574874159253
ATP2B4_0_multinomial_train1.45	0.21391434326651942	0.003069231665674607	0.5280820854130651	0.14079511601322992	0.11413922364151093
ATP2B4_1_multinomial_train1.45	0.11213126740745188	0.03849766169300034	0.6881598762995957	1.4565362520905222e-206	0.16121119459995192
ATP2B4_0_multinomial_train1.46	0.13591213597904495	0.022907971530127233	0.7880886034594123	0.053091289031415335	8.133948763287264e-251
ATP2B4_0_multinomial_train1.47	0.1366728559769234	0.04328461438978906	0.7162314890421245	0.10381104059116301	1.1971162471108415e-71
ATP2B4_0_multinomial_train1.48	0.1134355481078689	3.7129897543533073e-72	0.7266063784978513	0.15995807339427975	3.2702609953674583e-80
ATP2B4_1_multinomial_train1.46	0.029572011461565323	0.044324457763997835	0.9143455876961663	0.011757943078270421	3.16e-322
ATP2B4_1_multinomial_train1.47	3.353521958537356e-105	0.07959840951344889	0.9204015904865511	2.3569440436587805e-215	1.2509033238744625e-137
ATP2B4_1_multinomial_train1.48	0.03834573223019947	0.12531256886318135	0.6647249767903818	2.433821842746539e-05	0.17159238389781
PMS1_0_multinomial_train1	0.018151668409843155	0.3281569593736638	0.6011106932274783	0.05258067898901494	2.0254045710792254e-163
MSH6_1_multinomial_train1	6.764079843056037e-166	0.985847816571519	7.079483753991471e-231	3.59871514614e-313	0.014152183428481012
MSH6_0_multinomial_train1	8.2817583414947735e-286	0.9927891445281704	4.101125561933437e-84	3.544448621914625e-70	0.007210855471829642
MSH2_0_multinomial_train1	1.6056548501187817e-248	0.931295959269508	2.424596493924899e-181	0.06870404073049212	2.49e-321
MSH6_0_multinomial_train1.1	2.495e-321	0.9898697042710238	2.35e-321	1.460287456217752e-137	0.010130295728976137
