Samples	SBS96A	SBS96B	SBS96C	SBS96D	SBS96E
ATP2B4_real_train_fold1	0.21042851197009363	0.06723819946600597	0.30462093543838076	0.2815923368196745	0.13612001630584508
ATP2B4_real_train_fold1.1	0.07103642709395468	0.024437038904295917	0.4243852823928388	0.3165847109130993	0.16355654069581124
EXO1_real_train_fold1	0.5824319618370948	0.10025573087799007	0.13209235721425253	0.05809487342119297	0.12712507664946962
MLH1_real_train_fold1	0.14988540438154602	0.7457062682035625	0.06797298297580225	0.010951718499790078	0.02548362593929915
MSH2_real_train_fold1	0.08916600565628598	0.8130736958239664	0.05949059610411166	0.03435074337382597	0.003918959041809994
MSH6_real_train_fold1	0.12255612689853951	0.8016920338032736	0.040606933597777624	0.035144905700409255	1.97e-321
MSH6_real_train_fold1.1	0.10537736558000538	0.8004956999794444	0.0606461995534644	0.021370144047734574	0.012110590839351353
MSH6_real_train_fold1.2	0.10540662286810203	0.7678182450838305	0.10168065475266136	0.0238998754100634	0.0011946018853426447
OGG1_real_train_fold1	4.644e-321	6.768329441164478e-51	0.06488284873994321	0.642365466096361	0.2927516851636957
PMS1_real_train_fold1	1.96e-321	0.2709158178503881	0.3807615652724343	0.1922065199031293	0.15611609697404824
PMS2_real_train_fold1	0.6388040038981828	0.2934769668785177	0.03237292150366534	0.035346107719634076	1.477e-321
RNF168_real_train_fold1	0.5635929844831813	0.04148454552906062	0.20019831650914666	0.0761238998023084	0.11860025367630307
UNG_real_train_fold1	0.014566980827095148	0.2955359316598058	0.3691936396818547	0.13463402373502897	0.18606942409621538
ATP2B4_dirichlet_train_fold1	0.07229153399715979	0.36566163808269114	0.09140546876861969	0.2871960595001539	0.1834452996513755
ATP2B4_dirichlet_train_fold1.1	0.18538891946404604	0.05076162919435858	0.412694582861278	0.3352568344798571	0.015898034000460394
ATP2B4_dirichlet_train_fold1.2	0.0737234936016464	8.3e-322	0.4999879457606128	0.2645020778537905	0.16178648278395033
ATP2B4_dirichlet_train_fold1.3	0.3306506949210638	0.02161300327828782	0.07165503534231665	0.38494867142473177	0.19113259503360003
ATP2B4_dirichlet_train_fold1.4	0.08924017004902093	0.0719151369734233	0.3843688601655404	0.36445231150356516	0.09002352130845018
ATP2B4_dirichlet_train_fold1.5	0.03596227697691184	0.003759073469551774	0.41369223097895225	0.22485553106002584	0.3217308875145585
ATP2B4_dirichlet_train_fold1.6	0.04380248712243007	0.043113384136743226	0.3677704606702825	0.2661473060552046	0.2791663620153396
ATP2B4_dirichlet_train_fold1.7	0.15554306260049336	0.017236812105295648	0.23208213456691437	0.5388239509214963	0.05631403980580025
ATP2B4_dirichlet_train_fold1.8	0.056805514157791046	1.403e-321	0.2908671693724449	0.30786155545679916	0.3444657610129649
ATP2B4_dirichlet_train_fold1.9	0.06431717763321185	0.06732481189745873	0.6075579512752974	0.21320057408767346	0.04759948510635848
ATP2B4_dirichlet_train_fold1.10	1.744e-321	2.703e-321	0.7003413403588734	0.2502146176626606	0.04944404197846583
ATP2B4_dirichlet_train_fold1.11	0.1423078450646526	0.1688429388011895	0.18941359987503076	0.4315427223777216	0.06789289388140554
ATP2B4_dirichlet_train_fold1.12	0.23604022142150283	0.040524070444475625	0.34816022180603734	0.2879477079471309	0.08732777838085325
ATP2B4_dirichlet_train_fold1.13	0.08765511212297543	0.11370460797094038	0.3860996429262188	0.1668715813310514	0.245669055648814
ATP2B4_dirichlet_train_fold1.14	0.1091812073731755	0.10736776385713306	0.4573610014698879	0.3260899883925312	3.890727225158691e-08
ATP2B4_dirichlet_train_fold1.15	0.27485003085041937	2.796e-321	0.15604135808198932	0.24312223508257458	0.3259863759850168
ATP2B4_dirichlet_train_fold1.16	0.39718177112966346	0.06556557960368337	0.13059059357770278	0.2996006023289898	0.1070614533599608
ATP2B4_dirichlet_train_fold1.17	0.21069985010405068	0.01086657867270376	0.4171534696505266	0.2842982556293961	0.07698184594332279
ATP2B4_dirichlet_train_fold1.18	0.11703220244960731	0.09836573041989895	0.3690301427334125	0.3103047130997173	0.10526721129736387
ATP2B4_dirichlet_train_fold1.19	0.17082125392609335	0.13320891597872903	0.3327243245535265	0.3313481738062473	0.03189733173540376
ATP2B4_dirichlet_train_fold1.20	0.14375825570768805	0.12157615351650265	0.28503133354483007	0.11733298170404605	0.3323012755269331
ATP2B4_dirichlet_train_fold1.21	2.36e-321	0.023055822744593262	0.5769181489393099	0.11642122372284691	0.2836048045932498
ATP2B4_dirichlet_train_fold1.22	0.060514081661179865	1.077e-321	0.4967567529677752	0.33061248811046756	0.11211667726057732
ATP2B4_dirichlet_train_fold1.23	0.3601223105001432	4.15763988396239e-244	0.16476154839011387	0.2994587039192271	0.17565743719051563
ATP2B4_dirichlet_train_fold1.24	1.4350361741832768e-123	0.009805867797754551	0.4419918065920234	0.1204747567402227	0.42772756886999946
ATP2B4_dirichlet_train_fold1.25	0.1419117498901124	0.02085751470947267	0.4552862225640728	0.31865850156793746	0.06328601126840466
ATP2B4_dirichlet_train_fold1.26	2.574e-321	0.17572419529203287	0.34189629109843944	0.1681518509619293	0.31422766264759827
ATP2B4_dirichlet_train_fold1.27	2.047576067070793e-52	0.08576520339826432	0.4720544354640943	0.33073662222935113	0.11144373890829025
ATP2B4_dirichlet_train_fold1.28	0.10368630008397683	0.006702089957392173	0.39211678869850686	0.31570913266776546	0.1817856885923586
ATP2B4_dirichlet_train_fold1.29	0.12794112893073306	0.05824312480189841	0.2371912507147298	0.24576149811658604	0.33086299743605263
ATP2B4_dirichlet_train_fold1.30	4.978018564935864e-109	0.14447415141938194	0.3365802372295755	0.41188617882819356	0.10705943252284922
ATP2B4_dirichlet_train_fold1.31	0.2941159359083241	0.16628885201109367	0.05036217127651456	0.2438307973020752	0.24540224350199258
ATP2B4_dirichlet_train_fold1.32	0.09191318973777828	2.07e-321	0.46196358317343833	0.22722419535643304	0.21889903173235029
ATP2B4_dirichlet_train_fold1.33	0.3564307327238436	3.66e-321	0.28922080778647746	0.35434845948967897	4.35e-322
ATP2B4_dirichlet_train_fold1.34	0.09320578187386672	7.66e-322	0.4761981930691126	0.4305960250570206	8.010180533862133e-168
ATP2B4_dirichlet_train_fold1.35	0.12581057802917056	0.01915929249911048	0.47915605663086036	0.24178506683831602	0.13408900600254248
ATP2B4_dirichlet_train_fold1.36	0.13389616997260342	0.08653133059402741	0.3372804682320383	0.24382721980089989	0.1984648114004311
ATP2B4_dirichlet_train_fold1.37	0.03086100599828708	0.06340856107822655	0.5164318091674097	0.38929862375607666	5.040325986802087e-128
ATP2B4_dirichlet_train_fold1.38	0.24105071807642053	1.285e-321	0.40375035136968584	0.3551989305538935	1.034218843097629e-248
ATP2B4_dirichlet_train_fold1.39	0.0484857388245256	0.050829797328019184	0.4348462892430226	0.2977022599102686	0.16813591469416403
ATP2B4_dirichlet_train_fold1.40	0.2230567359133197	0.09456452547092493	0.14259032939135372	0.3412403420959722	0.19854806712842935
ATP2B4_dirichlet_train_fold1.41	0.10383930326982593	1.78e-321	0.43974384982131126	0.45641684690886275	5.3e-322
ATP2B4_dirichlet_train_fold1.42	0.2792315419423327	1.625e-321	0.25638351044394747	0.26578984566191965	0.1985951019518003
ATP2B4_dirichlet_train_fold1.43	0.03998907813079383	0.18548455270947303	0.44006730466026833	0.3028514374066264	0.03160762709283837
ATP2B4_dirichlet_train_fold1.44	0.13069122035868913	0.0369601476579464	0.422693950024285	0.4096546819590794	5.4221673397242e-85
ATP2B4_dirichlet_train_fold1.45	0.2182383162023311	2.525e-321	0.2746336009763949	0.46391781326922177	0.04321026955205212
ATP2B4_dirichlet_train_fold1.46	0.1461302464117996	0.15873977846352166	0.21236789726118263	0.33777507648622795	0.14498700137726814
ATP2B4_dirichlet_train_fold1.47	0.09275162435784076	0.0019393338529425292	0.36129307246261116	0.12061336635150387	0.4234026029751017
ATP2B4_dirichlet_train_fold1.48	0.12291760216505333	0.1581543441693454	0.1755537113402661	0.3033039563667531	0.24007038595858202
ATP2B4_dirichlet_train_fold1.49	0.05753910713934512	0.08876294193437895	0.2898582050168755	0.2338073960548676	0.3300323498545328
ATP2B4_dirichlet_train_fold1.50	0.38785583559877473	0.01465417663461482	0.15318758038843822	0.39648958382990573	0.04781282354826656
ATP2B4_dirichlet_train_fold1.51	0.10064430731523531	0.04097821792859523	0.5996047126456813	0.2015741000822374	0.05719866202825085
ATP2B4_dirichlet_train_fold1.52	0.01236285699249387	1.62e-321	0.3176336123294108	0.35651742287706023	0.313486107801035
ATP2B4_dirichlet_train_fold1.53	0.05585094170699618	0.12609790692812173	0.3976406835697388	0.23037330359327124	0.19003716420187208
ATP2B4_dirichlet_train_fold1.54	0.004843740213928385	0.15401706913388677	0.2120685234044538	0.49062020117388605	0.13845046607384495
ATP2B4_dirichlet_train_fold1.55	0.3206161493435531	0.10913437407914767	0.18973211660224656	0.2820904300374368	0.09842692993761573
ATP2B4_dirichlet_train_fold1.56	0.06326622942361773	0.060916258576900806	0.34483684370831197	0.3509778761928468	0.1800027920983227
ATP2B4_dirichlet_train_fold1.57	0.4424694718265605	0.06601941527017269	0.1401541599176669	0.20794657109591702	0.1434103818896829
ATP2B4_dirichlet_train_fold1.58	0.1881213767472913	0.03580344198789508	0.2755721895747205	0.2062327900661237	0.29427020162396944
ATP2B4_dirichlet_train_fold1.59	0.04442217625424526	0.01089199279116403	0.46453781077305567	0.24090505362920453	0.23924296655233046
ATP2B4_dirichlet_train_fold1.60	0.09033365911412233	0.05965664978223528	0.35792280897837725	0.3045123096601869	0.18757457246507833
ATP2B4_dirichlet_train_fold1.61	0.16564246521494624	7e-322	0.24610735537472175	0.18020507544622855	0.40804510396410354
ATP2B4_dirichlet_train_fold1.62	0.1743924284525835	7.541613658e-314	0.3209636974654675	0.2741020951680967	0.23054177891385227
ATP2B4_dirichlet_train_fold1.63	0.10175061294838739	1.2e-321	0.3359316566181921	0.2009658434396816	0.3613518869937389
ATP2B4_dirichlet_train_fold1.64	0.1080312890119341	3.41480393133355e-200	0.4322880204537195	0.0884253322511055	0.3712553582832408
ATP2B4_dirichlet_train_fold1.65	0.029670474764636905	0.04949361614526954	0.2952820451307595	0.39176245649271846	0.23379140746661545
ATP2B4_dirichlet_train_fold1.66	0.10135496763079624	0.07935349405932039	0.488306963042086	0.22333688753301179	0.10764768773478557
ATP2B4_dirichlet_train_fold1.67	0.18531564806040707	0.10843064944497419	0.3005832063636983	0.2547183808873746	0.15095211524354593
ATP2B4_dirichlet_train_fold1.68	0.3520769544557072	3.646e-321	0.30439092999855255	0.21489288368777731	0.12863923185796308
ATP2B4_dirichlet_train_fold1.69	0.3643051483231532	0.031491138330792104	0.22944352407395113	0.0807207755632334	0.29403941370887027
ATP2B4_dirichlet_train_fold1.70	1.156e-321	3e-322	0.6205994284592669	0.2465448452915444	0.1328557262491888
ATP2B4_dirichlet_train_fold1.71	1.4202187736291627e-142	0.042449173458047836	0.44641388041795105	0.28081255902803043	0.23032438709597058
ATP2B4_dirichlet_train_fold1.72	0.16712065471912624	0.11663720286794	0.43609090078244395	0.1515378406600009	0.1286134009704889
ATP2B4_dirichlet_train_fold1.73	0.08245160274325582	0.17680661941816608	0.5559720890016467	0.1841830377903205	0.0005866510466109291
ATP2B4_dirichlet_train_fold1.74	0.1993760251270822	7.5e-322	0.37924056950373564	0.3362950848091902	0.08508832055999206
ATP2B4_dirichlet_train_fold1.75	0.1523490556053163	2.269033836313048e-07	0.22445190062620113	0.4668710876158666	0.15632772924923233
ATP2B4_dirichlet_train_fold1.76	0.05812727020355463	1.05e-321	0.38108033871221547	0.2514342360608713	0.30935815502335867
ATP2B4_dirichlet_train_fold1.77	0.2840473432222391	0.045866842432014665	0.2825832739965696	0.29195896950456124	0.09554357084461536
ATP2B4_dirichlet_train_fold1.78	0.09158684530954835	8.05e-322	0.5923455628738724	0.1559437479223298	0.16012384389424958
ATP2B4_dirichlet_train_fold1.79	0.30867608620641684	0.030988935836843683	0.21121846143387177	0.29701465521788695	0.15210186130498066
ATP2B4_dirichlet_train_fold1.80	0.24556707879755302	0.12178391964011907	0.2998013681993891	0.21861151818556088	0.11423611517737801
ATP2B4_dirichlet_train_fold1.81	0.15709422520675817	0.07321664950722272	0.33106570923444056	0.28849515321484337	0.15012826283673517
ATP2B4_dirichlet_train_fold1.82	0.28058345418838315	4.884120308099194e-249	0.312961261271803	0.34521907278532393	0.06123621175448979
ATP2B4_dirichlet_train_fold1.83	3.190558769689363e-167	0.13824275101104436	0.3081274914677684	0.2951284605615107	0.25850129695967655
ATP2B4_dirichlet_train_fold1.84	0.19441693604594718	1.38e-321	0.489994860924037	0.2434922932768886	0.07209590975312731
ATP2B4_dirichlet_train_fold1.85	0.06753207145068224	0.04739669733336818	0.5125629648190988	0.1754918709605738	0.19701639543627697
ATP2B4_dirichlet_train_fold1.86	0.11325069494413685	0.07632826200011432	0.1818176970126092	0.31885728597949314	0.3097460600636464
ATP2B4_dirichlet_train_fold1.87	0.10169669088140848	0.06608680336298856	0.32870414609975496	0.22607833607229244	0.2774340235835557
ATP2B4_dirichlet_train_fold1.88	0.3157826003726776	2.7092677555262924e-53	0.3036345153848776	0.2875754401184631	0.09300744412398168
ATP2B4_dirichlet_train_fold1.89	0.07205698141024125	0.18072503274788557	0.5089845377822225	0.23823344805965055	1.1159251364145522e-88
ATP2B4_dirichlet_train_fold1.90	0.23403063885107683	0.14595590941163428	0.16097110907654827	0.2826170050604375	0.17642533760030313
ATP2B4_dirichlet_train_fold1.91	3.9e-321	0.040139274938887096	0.45269432563315015	0.4377764666183636	0.06938993280959911
ATP2B4_dirichlet_train_fold1.92	0.15284764090801756	0.054368330945139605	0.1857537995064679	0.21796327160572315	0.38906695703465166
ATP2B4_dirichlet_train_fold1.93	0.5042826668491814	0.11813449616208327	0.03723054521755045	0.29472290029789683	0.04562939147328802
ATP2B4_dirichlet_train_fold1.94	0.20828627637380476	0.04177022258692985	0.2736864496591066	0.30716838867301755	0.1690886627071412
ATP2B4_dirichlet_train_fold1.95	0.25105970919318954	0.018813255015425974	0.2754801279172114	0.28598056280288475	0.16866634507128833
ATP2B4_dirichlet_train_fold1.96	0.42808003434455344	0.06416160381469746	0.19759416988433515	0.06166235186690421	0.24850184008950965
ATP2B4_dirichlet_train_fold1.97	0.040495612250079374	3.92e-321	0.39226756338176716	0.4051124621464465	0.16212436222170687
EXO1_dirichlet_train_fold1	0.47280180449090436	0.15795594803112065	0.08401992123848614	0.03646105762509971	0.24876126861438919
EXO1_dirichlet_train_fold1.1	0.5492619067222785	0.13344770329680947	0.1701536237019731	0.0386463865178937	0.10849037976104522
RNF168_dirichlet_train_fold1	0.4980517393211248	3.2204147191987746e-252	0.3755888514118471	0.04008947851086925	0.086269930756159
RNF168_dirichlet_train_fold1.1	0.4687764089607859	0.13595397514675833	0.34002503490513797	0.024712280106592318	0.03053230088072548
RNF168_dirichlet_train_fold1.2	0.6196595012725481	0.21762699908289135	0.06833942626218818	0.044734897781298286	0.04963917560107408
RNF168_dirichlet_train_fold1.3	0.6397697704713486	0.0730355219676641	0.041019029779474754	0.0634568790209664	0.18271879876054625
EXO1_dirichlet_train_fold1.2	0.5678515247357128	0.09417505678312903	0.25847922355302244	0.00866565311109849	0.07082854181703725
RNF168_dirichlet_train_fold1.4	0.6072388828579065	1.2483942000669164e-202	0.18128961158723295	0.04175281295769108	0.16971869259716943
RNF168_dirichlet_train_fold1.5	0.5410397019232179	0.0640669939623787	0.31309834159936434	0.04952129419536229	0.03227366831967659
EXO1_dirichlet_train_fold1.3	0.6204996060131006	0.04461362081187633	0.10968582008148987	0.05128722477749641	0.1739137283160368
RNF168_dirichlet_train_fold1.6	0.577926310783256	0.007471112190426886	0.16575248663870354	2.2020065786176496e-161	0.24885009038761366
EXO1_dirichlet_train_fold1.4	0.5345921911657502	0.0678663628815741	0.15259303890261233	0.01983415253130146	0.22511425451876196
RNF168_dirichlet_train_fold1.7	0.4692426936570182	0.18906670488209257	0.23746618438069522	0.0450671467623078	0.0591572703178862
RNF168_dirichlet_train_fold1.8	0.5554867230893008	0.040709077187261175	0.15100211750718	0.1054333123942555	0.14736876982200275
EXO1_dirichlet_train_fold1.5	0.5816517498885388	0.12408195686246673	0.024624663084405574	0.10244235664077347	0.16719927352381536
EXO1_dirichlet_train_fold1.6	0.6193730482147606	0.11359901190552418	0.06531080513349141	0.11076659604799988	0.09095053869822378
RNF168_dirichlet_train_fold1.9	0.6938397591598291	0.09491941502882839	0.0863898217211486	0.00459743878681651	0.12025356530337733
EXO1_dirichlet_train_fold1.7	0.37960717716234593	0.06790646324379285	0.262099942473112	0.0423258999459843	0.24806051717476482
RNF168_dirichlet_train_fold1.10	0.6136496750500826	0.08035126034342781	0.18190532093703085	0.04613181415270195	0.07796192951675698
EXO1_dirichlet_train_fold1.8	0.5765124323039341	0.21981994004035205	0.06476309668977417	0.06321887528856154	0.07568565567737819
RNF168_dirichlet_train_fold1.11	0.3754444794520462	0.19347152324690645	0.3499072666522168	0.01125328662091041	0.06992344402792029
RNF168_dirichlet_train_fold1.12	0.7690093297381004	0.03182492978452887	0.08819676726227539	0.07551040319072337	0.03545857002437189
RNF168_dirichlet_train_fold1.13	0.6023263874560438	2.747e-321	0.27543888246908116	0.00745866091278925	0.11477606916208598
EXO1_dirichlet_train_fold1.9	0.6775975836839047	0.13181852286461085	0.09454074136239786	0.07680386850585473	0.019239283583231747
RNF168_dirichlet_train_fold1.14	0.4633032914504065	0.08198968156125534	0.16024464388441084	0.20722363903047694	0.08723874407345047
EXO1_dirichlet_train_fold1.10	0.5905077208817349	0.022866442592165	0.22446256373796852	0.10401255426060649	0.05815071852752514
RNF168_dirichlet_train_fold1.15	0.4120030526088083	0.08917131225111907	0.19034717348321892	0.13071238888381137	0.17776607277304227
RNF168_dirichlet_train_fold1.16	0.47882971031897603	0.17825509972363945	0.1896730507715523	0.05167606141538759	0.10156607777044445
EXO1_dirichlet_train_fold1.11	0.6342642872579392	0.08135588618412293	0.05205599822399784	6.57e-322	0.23232382833394008
EXO1_dirichlet_train_fold1.12	0.7349512391319399	0.06783704123767424	0.10115221236079727	0.038162300213553255	0.057897207056035405
EXO1_dirichlet_train_fold1.13	0.5717955560416184	0.1285260068421337	0.07688680829426797	0.036932182741965	0.185859446080015
EXO1_dirichlet_train_fold1.14	0.45811079578673586	0.041911061371492996	0.14926840573641428	0.08513186343635429	0.26557787366900243
RNF168_dirichlet_train_fold1.17	0.6747162311209214	0.012331898907796658	0.2072117462250045	0.01292003795717316	0.09282008578910451
EXO1_dirichlet_train_fold1.15	0.6604260841791568	0.06457789494705732	0.17265518614852915	0.010317136650748843	0.09202369807450787
RNF168_dirichlet_train_fold1.18	0.7843831216224618	0.04382734375684054	0.03799448139681335	0.01122007790057872	0.12257497532330555
RNF168_dirichlet_train_fold1.19	0.6888975836650008	1.403e-321	0.15418828913747998	0.09446041822484609	0.06245370897267336
RNF168_dirichlet_train_fold1.20	0.4733474324399871	0.030328015369222045	0.3611253701483935	0.07793286183205232	0.05726632021034497
EXO1_dirichlet_train_fold1.16	0.5701825548049169	0.14853971589291365	0.026264267768617462	0.05862466470842772	0.1963887968251243
EXO1_dirichlet_train_fold1.17	0.39207025555385455	0.12315206811549122	0.07388354010101428	0.11392175950325183	0.2969723767263883
RNF168_dirichlet_train_fold1.21	0.6852999420742535	0.00404901766649634	0.22505350795682516	0.0855975323024251	1.6949268238163906e-113
EXO1_dirichlet_train_fold1.18	0.4668958733415314	0.19103549748971377	0.2729777297920349	0.027176028351578924	0.04191487102514095
EXO1_dirichlet_train_fold1.19	0.6133810429028095	0.014866173720586018	0.16904006981334757	4.7e-322	0.20271271356325693
EXO1_dirichlet_train_fold1.20	0.5931185700667665	0.10139011625856265	0.1429496121782425	0.0844331287620321	0.07810857273439621
EXO1_dirichlet_train_fold1.21	0.6066089772842636	0.06599404881915277	0.06571957693690948	0.03281544718384417	0.2288619497758301
RNF168_dirichlet_train_fold1.22	0.4993706967887819	0.014852152042013778	0.2504334327610592	0.0803676154531712	0.1549761029549739
RNF168_dirichlet_train_fold1.23	0.5647989027766548	0.06575574043078301	0.13735804571817511	0.061949007283770674	0.1701383037906166
EXO1_dirichlet_train_fold1.22	0.394176288336231	0.1212268173819327	0.10524722398322088	0.06593272169864374	0.3134169485999718
RNF168_dirichlet_train_fold1.24	0.4814409084154313	0.016002040493499764	0.15186654486881337	0.03494757455258361	0.315742931669672
EXO1_dirichlet_train_fold1.23	0.5061571421905783	0.19754545283258487	0.1613591471380363	0.006869845893381562	0.1280684119454189
EXO1_dirichlet_train_fold1.24	0.6639931088033262	0.05780275723151588	0.01776705761588182	0.007622720305033916	0.25281435604424235
EXO1_dirichlet_train_fold1.25	0.6140912070282273	0.1159150597898729	0.05932935318401037	0.09679699164778062	0.11386738835010875
EXO1_dirichlet_train_fold1.26	0.6949836485801443	0.05268907428788729	0.06982999878151686	0.11461695304747929	0.06788032530297224
EXO1_dirichlet_train_fold1.27	0.7027627861476813	0.10102257175569059	0.07225481307393374	0.025512310681137282	0.09844751834155714
RNF168_dirichlet_train_fold1.25	0.5961638889971074	0.1068195135845922	0.20175773911228115	0.07376103791273873	0.021497820393280593
RNF168_dirichlet_train_fold1.26	0.47995628431235327	0.06012427835672361	0.12427264977357957	0.11333391521472473	0.22231287234261898
EXO1_dirichlet_train_fold1.28	0.5629221261046331	0.11902240861112118	0.16460544200812685	0.01814817870782263	0.13530184456829628
RNF168_dirichlet_train_fold1.27	0.4862264738524946	0.0565583754305214	0.32270013867244524	0.13256470178314486	0.0019503102613936325
RNF168_dirichlet_train_fold1.28	0.5414451319005043	0.018017098239058386	0.26301369277530157	0.14930336675547487	0.02822071032966094
EXO1_dirichlet_train_fold1.29	0.5383932551073233	0.08374990781033884	0.13407987804997332	0.031063721834247906	0.2127132371981167
EXO1_dirichlet_train_fold1.30	0.5449957819957816	0.12129930796711258	0.12869916322333466	0.13366717643031953	0.07133857038345175
RNF168_dirichlet_train_fold1.29	0.6009589814079712	1.497e-321	0.1500514748224702	0.11219810380448933	0.1367914399650693
RNF168_dirichlet_train_fold1.30	0.5662865233826486	4.288250170485577e-255	0.1395345514363078	0.04516880246003408	0.24901012272100959
EXO1_dirichlet_train_fold1.31	0.5858723492066114	0.07157150206688542	0.1670336554281177	0.02810986466660789	0.14741262863177748
EXO1_dirichlet_train_fold1.32	0.6380986248581159	0.06761052684838839	0.013072774632079415	0.1387561718098633	0.142461901851553
RNF168_dirichlet_train_fold1.31	0.6647516766397401	0.11801039436955667	0.12495011858360991	0.0922878104070933	1.0600063847996242e-274
RNF168_dirichlet_train_fold1.32	0.6165332462727651	0.01582013153275743	0.2268641935877684	0.07860011530545465	0.06218231330125461
RNF168_dirichlet_train_fold1.33	0.4285130339871892	0.1501238174404031	0.2419655300482151	0.04326967533757536	0.1361279431866174
RNF168_dirichlet_train_fold1.34	0.5123805667613077	0.01673401549138239	0.05262773241437855	0.07156023177698732	0.34669745355594384
EXO1_dirichlet_train_fold1.33	0.5821288903770468	1.136e-321	0.10200137474509259	0.022228369282818013	0.29364136559504245
RNF168_dirichlet_train_fold1.35	0.6734295366395371	0.05610889979001389	0.13282764595087715	0.12035950793573849	0.017274409683833588
EXO1_dirichlet_train_fold1.34	0.5943974948199627	0.0650820754259264	0.13993056560218078	1.370518633417151e-61	0.2005898641519302
EXO1_dirichlet_train_fold1.35	0.7472213574042436	0.011792261921360089	0.10687729998758022	0.07687191604686446	0.05723716463995163
RNF168_dirichlet_train_fold1.36	0.7389044201719912	0.06125977042590823	0.08183682869106505	0.11785478143810774	0.00014419927292766245
RNF168_dirichlet_train_fold1.37	0.5293446382118124	0.01728604085237592	0.15742265687075113	0.14787844421763932	0.1480682198474211
EXO1_dirichlet_train_fold1.36	0.5918464774546643	0.1982669752139471	0.09749476894086433	0.019826943398952704	0.09256483499157152
EXO1_dirichlet_train_fold1.37	0.6428240264987627	0.09077429951683991	0.048137577099874186	0.043212490205776374	0.17505160667874678
EXO1_dirichlet_train_fold1.38	0.6549968464562246	0.16571928210028866	0.04506829758261783	0.04395070059078394	0.09026487327008496
EXO1_dirichlet_train_fold1.39	0.5076952721246599	0.18719588716021446	0.14526928871091885	0.031657629608235587	0.12818192239597126
EXO1_dirichlet_train_fold1.40	0.5948281895170892	0.13582049305694754	0.11158352374661483	0.07785627378789539	0.07991151989145295
EXO1_dirichlet_train_fold1.41	0.5968055117152176	0.08526018372217435	0.09874313276397038	0.10411886790499422	0.11507230389364333
RNF168_dirichlet_train_fold1.38	0.5442773775320762	0.12642379225935116	0.25039816800890224	0.011233861896494475	0.06766680030317587
EXO1_dirichlet_train_fold1.42	0.6432258085337651	1.907e-321	0.2083267054282841	0.009268674869135603	0.13917881116881514
RNF168_dirichlet_train_fold1.39	0.5263754345194821	0.0721385433729712	0.33828034135435076	0.05890940967969521	0.004296271073500752
RNF168_dirichlet_train_fold1.40	0.5408663585751334	0.057500810833329655	0.22336010901553177	0.0375641736082169	0.1407085479677883
EXO1_dirichlet_train_fold1.43	0.6077378831889176	0.008215233412833247	0.1907590458627611	0.0013964276248764462	0.19189140991061143
EXO1_dirichlet_train_fold1.44	0.5046917276835575	0.13553561429906877	0.13728869644760133	0.04786832089011403	0.17461564067965826
RNF168_dirichlet_train_fold1.41	0.7456633575841531	0.06275978136325006	0.1316000176954726	0.02990271874509507	0.03007412461202911
RNF168_dirichlet_train_fold1.42	0.5989949772900742	2.505e-321	0.07212871434369753	0.11756008113052999	0.21131622723569818
RNF168_dirichlet_train_fold1.43	0.496041208308855	0.10309157729566236	0.19451493920844856	0.13280748619722124	0.07354478898981291
RNF168_dirichlet_train_fold1.44	0.4976735197934121	4.68e-321	0.2562158554431519	0.09830839024881835	0.1478022345146177
EXO1_dirichlet_train_fold1.45	0.5697299372367503	0.13876719423410924	0.1518527308984809	7.76e-322	0.13965013763065964
EXO1_dirichlet_train_fold1.46	0.5580948994666688	0.12092284968719169	0.06909026422350845	0.09372579522160321	0.15816619140102808
RNF168_dirichlet_train_fold1.45	0.5350191925325641	1.0961544953481428e-141	0.2407722196179148	0.11190220812221609	0.11230637972730499
EXO1_dirichlet_train_fold1.47	0.45418921731053175	0.1322317107865562	0.06805140970443244	0.0426007534808334	0.3029269087176464
EXO1_dirichlet_train_fold1.48	0.7832943632899803	0.02204753389674985	0.14106033919885314	0.010080647319098862	0.043517116295318
EXO1_dirichlet_train_fold1.49	0.5573137991617516	0.18750304250066	0.04870951221735842	0.10105785556538571	0.10541579055484439
RNF168_dirichlet_train_fold1.46	0.588594854371951	1.25e-321	0.26791326581999986	0.03128132086129126	0.11221055894675791
RNF168_dirichlet_train_fold1.47	0.6295221178758231	0.021338043884873564	0.19993432015003906	0.04714807200597002	0.10205744608329424
MSH6_dirichlet_train_fold1	0.12507484782128725	0.626606137388992	0.21157805268835242	0.03674096210136824	8.7e-322
MSH6_dirichlet_train_fold1.1	0.20147740699921077	0.7780533350858627	1.196e-321	0.02046925791492653	2.0582043945039872e-76
MSH6_dirichlet_train_fold1.2	0.02902924385218812	0.8812830539835148	0.08968770216429706	8.15e-322	1.803e-321
MSH6_dirichlet_train_fold1.3	0.14050434650420585	0.5763701473989908	0.2470450672749577	0.001117456807536172	0.034962982014309536
MSH6_dirichlet_train_fold1.4	0.05979212249211474	0.655069303611147	0.2717669934584767	0.013371580438261631	7.304087821694472e-229
MSH6_dirichlet_train_fold1.5	0.1443171941507369	0.7384286113515276	0.11725419449773547	5.5153472487354076e-58	1.9199924949973457e-129
MSH6_dirichlet_train_fold1.6	0.11339800474306774	0.7546638225802852	6.709252469093439e-255	0.1319381726766472	2.727e-321
MSH6_dirichlet_train_fold1.7	0.19603743645789234	0.7340533167590229	0.036994394154316525	0.03019320543269094	0.002721647196077285
MSH6_dirichlet_train_fold1.8	0.15302523171870158	0.7367885875751615	0.0070465054633833185	0.037560230170388946	0.06557944507236452
MLH1_dirichlet_train_fold1	3.137e-321	0.9281880781831879	9.1e-322	0.04324118694485161	0.028570734871960508
PMS2_dirichlet_train_fold1	0.6649971938167785	0.2896046165959219	4.25e-322	9.4e-322	0.04539818958729976
MSH6_dirichlet_train_fold1.9	0.1978382729516531	0.6067134935817893	0.120426436938189	0.0010300075961479605	0.07399178893222069
MSH6_dirichlet_train_fold1.10	0.05802612359512643	0.860879695239466	0.04108194129861861	0.022027604023112858	0.017984635843676253
PMS1_dirichlet_train_fold1	0.09714525300398213	0.3617666923526168	0.2754858551302859	0.14774191958551333	0.11786027992760183
MSH6_dirichlet_train_fold1.11	0.401344613122206	0.4797774193929256	3.450238884717526e-170	0.11887796748486829	5.5e-322
PMS1_dirichlet_train_fold1.1	0.007568507311893047	0.2445469878608416	0.38119843637342476	0.18340513738670103	0.1832809310671396
PMS2_dirichlet_train_fold1.1	0.6139486228074743	0.24981265625371848	0.11591202246821714	0.020326698470590085	4.05e-322
PMS2_dirichlet_train_fold1.2	0.5780371434521675	0.23752942333397	0.16576684005027342	0.008106131774876837	0.010560461388712299
PMS2_dirichlet_train_fold1.3	0.7617130409130327	0.191964511471334	0.01892850744468803	0.027393940170945336	4.5e-322
MLH1_dirichlet_train_fold1.1	0.2786534283789671	0.6626234504078063	0.002756620534103037	0.025159600458638166	0.030806900220485187
MSH2_dirichlet_train_fold1	0.0961090799322076	0.6969566982032449	0.1332920385109408	0.019148167078984087	0.054494016274622546
PMS2_dirichlet_train_fold1.4	0.6170020293789751	0.30717530349839833	0.011835799700159046	0.06398686742246776	2.92e-321
MSH6_dirichlet_train_fold1.12	0.2296956325353798	0.7300188509699586	4.006016630387425e-107	0.02568859547866709	0.014596921015994585
PMS1_dirichlet_train_fold1.2	5.04822900270694e-51	0.4534742111849128	0.19652001530253307	0.10834353582581822	0.24166223768673603
PMS2_dirichlet_train_fold1.5	0.6573658992112033	0.2468685053681872	0.03416013029899868	0.06160546512161077	3.16e-322
MSH6_dirichlet_train_fold1.13	0.2362278603606648	0.6628027847198241	0.0074219751817026156	0.0935473797378084	9.323994883615652e-195
MSH2_dirichlet_train_fold1.1	0.1583667196691464	0.7484987367798175	1.7233707117424198e-280	0.09313454355103615	6.87e-322
PMS2_dirichlet_train_fold1.6	0.5801518008923356	0.39707835147418763	8.55e-322	0.022769847633476628	8.55e-322
PMS2_dirichlet_train_fold1.7	0.6475281221711486	0.19948599527158378	0.03142299947306548	0.06097608181188006	0.06058680127232195
MSH6_dirichlet_train_fold1.14	0.2203727194375143	0.7044106876141397	0.06571481136132819	2.2768480120417865e-15	0.009501781587015526
MSH6_dirichlet_train_fold1.15	0.06397087803685074	0.858475662774715	0.05535406170983901	2.707e-321	0.022199397478595225
MSH6_dirichlet_train_fold1.16	0.09666663144430397	0.7421455492798037	0.14165298691088185	0.01953483236501063	6.5e-322
MSH6_dirichlet_train_fold1.17	0.24010423608916018	0.5599875454498524	0.14728155780007496	0.05262666066091254	1.56e-321
MSH6_dirichlet_train_fold1.18	0.17980198486150914	0.795197201017928	7.5e-322	0.02500081412056297	2.34e-321
MLH1_dirichlet_train_fold1.2	0.26432531622120575	0.5672978736090533	0.0998914602320733	9.9e-322	0.06848534993766765
MLH1_dirichlet_train_fold1.3	0.041071383535864175	0.8729099802231581	0.040703482534552346	0.005338220899151729	0.03997693280727367
MSH6_dirichlet_train_fold1.19	0.37507953419440065	0.552278326162488	0.03729561981503753	0.035346519828074026	2.955e-321
MSH6_dirichlet_train_fold1.20	0.08629391177549428	0.8506022415533705	0.052295953126293655	0.010807893544841506	1.41e-321
MLH1_dirichlet_train_fold1.4	0.3305003494962394	0.5759414880216324	0.044599475192048856	0.04895868729007934	3.648843217658352e-166
MSH2_dirichlet_train_fold1.2	0.11657954258326693	0.7439935411336157	0.11702302433452788	0.010180490057576071	0.012223401891013397
MLH1_dirichlet_train_fold1.5	0.42655433163575146	0.5041277603151229	0.02179841624934685	0.005574155455653814	0.04194533634412508
MSH6_dirichlet_train_fold1.21	0.20036330114681916	0.6827209964282703	0.04340144629235289	0.051069945122671746	0.022444311009885864
MLH1_dirichlet_train_fold1.6	0.25623906343986397	0.6807742850999815	0.061853145516324565	2.544e-321	0.0011335059438298714
MSH6_dirichlet_train_fold1.22	0.06602195146020394	0.8713777009632759	0.0002900717643640954	0.062310275812156084	1.64e-321
MSH6_dirichlet_train_fold1.23	0.1601080970586473	0.7366324409845346	0.07521080587024756	0.028048656086570683	6.085851834668655e-256
MSH6_dirichlet_train_fold1.24	1.104664703569793e-18	0.8846660856514794	0.0502140939057242	0.06511982044279647	1.0352639674431355e-280
PMS1_dirichlet_train_fold1.3	0.04008994813362645	0.33523509052813605	0.37860001417955047	0.16934751845421878	0.07672742870446822
PMS2_dirichlet_train_fold1.8	0.6665069895443174	0.22695337977802504	0.06862742174627019	0.03791220893138717	4e-322
PMS1_dirichlet_train_fold1.4	3.854e-321	0.3262169486183215	0.4281682191566625	0.10295316826828207	0.14266166395673402
MSH2_dirichlet_train_fold1.3	0.10154946437463655	0.7497319136454843	0.003200697138638639	0.14551792484124035	1.4740777841641501e-183
MSH6_dirichlet_train_fold1.25	0.18737897440510515	0.6756704587351722	0.08449281295695338	0.052457753902769265	9.7e-322
MSH6_dirichlet_train_fold1.26	0.08439913149813942	0.8304071990655032	0.07947392346938115	0.005719745966976205	1.15e-321
MLH1_dirichlet_train_fold1.7	0.09375601948961769	0.6308846048591524	0.17990982128454475	2.4e-322	0.09544955436668523
PMS2_dirichlet_train_fold1.9	0.6779823864010524	0.2948215206289979	2.5396019440235048e-104	0.027196092969949858	9.1e-322
MSH6_dirichlet_train_fold1.27	0.14952819167134204	0.7248168589394212	0.09628442218107156	0.004873244377642141	0.024497282830523118
MSH6_dirichlet_train_fold1.28	0.16757880567717023	0.6303257490043115	0.12405412624495296	0.07804131907356529	9.1e-322
PMS1_dirichlet_train_fold1.5	1.23e-321	0.3569073497753432	0.4119918291418845	0.05768157627169232	0.17341924481108
MSH6_dirichlet_train_fold1.29	0.003994375327486209	0.6863797628788	0.284324783382017	0.025301078411696768	2.8e-322
MSH2_dirichlet_train_fold1.4	0.04129418926995056	0.7624702721396344	0.09810022155285664	0.015833257439989933	0.08230205959756863
MLH1_dirichlet_train_fold1.8	0.033669924863383126	0.8741461058970075	0.0046441398936483795	0.015250821416644487	0.07228900792931643
MSH6_dirichlet_train_fold1.30	0.1268991699474493	0.7766742349287616	0.04403028515835464	3.1661654569137004e-20	0.05239630996543447
PMS1_dirichlet_train_fold1.6	0.026038763658932713	0.10414845167191447	0.5189569945092627	0.2554817648509262	0.09537402530896398
MLH1_dirichlet_train_fold1.9	0.0468947331573763	0.8197052047552726	0.08592144680193614	0.02547310481971913	0.0220055104656958
MSH6_dirichlet_train_fold1.31	0.22491082035329105	0.6724884720918138	0.09393658297812384	0.00866412457677131	1.613201006119305e-151
MSH6_dirichlet_train_fold1.32	0.23651881672639752	0.7165155524219994	0.0015970601794673672	0.01938071471614895	0.025987855955986912
MSH6_dirichlet_train_fold1.33	2.594e-321	0.8856914892345935	0.10324364203098854	0.011064868734418006	7.66e-322
MSH6_dirichlet_train_fold1.34	0.08803946428674986	0.8172454443252537	0.021589587638724567	0.0234502194827781	0.04967528426649382
MSH6_dirichlet_train_fold1.35	0.1454920180319334	0.7063991700698841	0.12541576977011545	0.02269304212806718	6.9e-322
MSH6_dirichlet_train_fold1.36	2.35e-321	0.885119907256928	0.03916511382460307	0.016191491165115677	0.059523487753353206
PMS1_dirichlet_train_fold1.7	6.477e-321	0.22830328084588578	0.3512695617617151	0.32548364436282434	0.09494351302957475
PMS2_dirichlet_train_fold1.10	0.6221061428598029	0.2677484575791374	0.08720680883057723	0.014064730498052968	0.008873860232429686
PMS1_dirichlet_train_fold1.8	0.10964110541737895	0.10707076525416682	0.22773885228669255	0.05403854457321807	0.5015107324685436
MSH6_dirichlet_train_fold1.37	0.11654773946345863	0.8433467453312637	0.018601849005381733	0.021503666199895865	6.5e-322
PMS2_dirichlet_train_fold1.11	0.4788809764187417	0.28174360153474665	0.17586163536391905	0.06351378668259246	2.96e-322
MSH6_dirichlet_train_fold1.38	0.05602404141819331	0.7727475761278026	0.10254635223765696	0.03754213205350563	0.03113989816284151
MSH2_dirichlet_train_fold1.5	0.007086694447769756	0.7771280660969339	0.10025545998696	0.06299572525742757	0.05253405421090871
PMS2_dirichlet_train_fold1.12	0.586127653714771	0.413386323779262	4.5e-322	0.00048602250596681496	1.947e-321
MSH6_dirichlet_train_fold1.39	0.23500241187094476	0.6496199480699827	0.10976010726428119	0.005617532794791349	1.16e-321
MSH6_dirichlet_train_fold1.40	0.20637664272576606	0.7302760350038255	0.05818943612005833	0.00515788615035012	8.9e-322
MSH6_dirichlet_train_fold1.41	0.09192473499155793	0.8085352237601006	0.03318833297365789	0.030690755747917728	0.03566095252676599
MSH6_dirichlet_train_fold1.42	0.09734303138374963	0.7385748056975091	0.09547938928810293	0.06860277363063838	4.879982701797341e-284
MSH6_dirichlet_train_fold1.43	0.17462997965301055	0.7135770125022798	0.10527189957847106	0.006521108266238676	7.66e-322
MSH2_dirichlet_train_fold1.6	0.20182157819165575	0.6503268438565696	0.11747027458177027	0.030381303370004532	1.04e-321
PMS2_dirichlet_train_fold1.13	0.5346268576072087	0.310112173825412	0.12925681977409956	0.026004148793279773	7.56e-322
MSH6_dirichlet_train_fold1.44	0.025577948230064075	0.9317752656403513	0.04264678612958476	1.55e-321	1.28e-321
MSH6_dirichlet_train_fold1.45	0.15007175431107597	0.6652585944882238	0.17676154632036983	0.007908104880330556	2.680605894582895e-86
MSH6_dirichlet_train_fold1.46	1.966e-321	0.8774267024384323	0.0908148786244414	0.031758418937126304	1.0972678231213538e-22
PMS2_dirichlet_train_fold1.14	0.6807427072384691	0.2454526870839964	0.07379835041357512	6.255263959431479e-06	1.853e-321
MSH6_dirichlet_train_fold1.47	0.20780936016549922	0.6859426806024189	0.043854519961723966	0.037139247627644985	0.02525419164271303
PMS1_dirichlet_train_fold1.9	0.04377678751520829	0.26328657437809055	0.36747327227317006	0.306627796396547	0.018835569436984032
MSH6_dirichlet_train_fold1.48	0.08743693236667253	0.7130685108202771	0.09839903947944054	1.5631136407154247e-164	0.10109551733360984
MSH2_dirichlet_train_fold1.7	0.36394490947749814	0.48559357381373547	0.06483425149544965	0.010873335641008768	0.074753929572308
MSH6_dirichlet_train_fold1.49	0.16736070596409675	0.7514635467157496	0.0678057227663185	0.01337002455383521	2.06e-321
OGG1_dirichlet_train_fold1	0.05369346653898256	2.73e-321	1.73e-322	0.48037336657838536	0.46593316688263214
UNG_dirichlet_train_fold1	0.18200446397524372	0.21751587991847715	0.1859123765249428	0.12358514636914955	0.2909821332121869
OGG1_dirichlet_train_fold1.1	0.08412296340804312	7.66e-322	0.20332057747539858	0.5061010418123031	0.20645541730425537
UNG_dirichlet_train_fold1.1	8.351518168322467e-199	0.30644199378368014	0.40523154651129745	0.09340843504903244	0.19491802465598992
UNG_dirichlet_train_fold1.2	1.815137772860609e-239	0.2525169360094505	0.32834557752628224	0.2211764589953238	0.19796102746894334
OGG1_dirichlet_train_fold1.2	6.31e-321	2.204e-321	0.14463830147338513	0.5756606737353163	0.27970102479129866
UNG_dirichlet_train_fold1.3	0.019830115137226382	0.26514701396553514	0.6448614930778696	0.0484065393954688	0.021754838423900188
OGG1_dirichlet_train_fold1.3	6.863e-321	0.03551727881710525	9.9e-322	0.62380084865524	0.3406818725276549
OGG1_dirichlet_train_fold1.4	0.15215195534928028	1.3782674362582855e-86	1.003e-321	0.6222182937512151	0.22562975089950477
OGG1_dirichlet_train_fold1.5	2.357e-321	3.25e-321	0.20217861156327974	0.6011651863102319	0.19665620212648846
OGG1_dirichlet_train_fold1.6	6.2e-322	3.26e-322	0.1384702342238865	0.4627965089690077	0.39873325680710575
OGG1_dirichlet_train_fold1.7	0.013468858585299583	6.67e-322	1.5e-322	0.45475565977405086	0.5317754816406496
UNG_dirichlet_train_fold1.4	1.439102568177806e-256	0.25943010043139775	0.4338035262074931	0.16381202066702205	0.14295435269408718
UNG_dirichlet_train_fold1.5	5.35379131923427e-58	0.42914640248751657	0.22121968866157066	0.27619713984131933	0.07343676900959357
OGG1_dirichlet_train_fold1.8	2.396e-321	0.11282884220539563	0.072038577528672	0.6630439198253579	0.1520886604405742
