Samples	SBS96A	SBS96B	SBS96C	SBS96D	SBS96E
EXO1_0_real_train1	0.5714436672166978	0.09675065398901342	0.0478629341938225	0.11200486501184155	0.1719378795886247
OGG1_0_real_train1	0.005576028223832845	2.3127622667828847e-164	0.7044411583841655	0.11740821537885439	0.17257459801314734
RNF168_0_real_train1	0.5576786960574163	0.05510084752073968	0.07856133868583107	0.135886797942668	0.17277231979334506
UNG_0_real_train1	0.0688880201253781	0.08230032227288864	0.091824580223938	0.2670588603086559	0.48992821706913947
ATP2B4_0_real_train1	0.15907355306489793	0.02971979940966092	0.2856934533486059	0.3394291501985347	0.18608404397830045
ATP2B4_1_real_train1	0.08762693207704061	0.1184836370401077	0.404722540310412	0.38916689057243975	6.50642659543407e-140
MLH1_0_real_train1	0.00488249550962051	0.8427215091559063	5.3866117488049505e-15	0.04096076736599883	0.11143522796846884
MSH2_0_real_train1	2.997341114326144e-184	0.7908125134541862	0.002231398412567641	0.09224985771133358	0.11470623042191248
MSH6_0_real_train1	0.029700843455652454	0.8193872379692679	0.011485509717789288	0.05809438773464807	0.08133202112264232
MSH6_1_real_train1	0.04255180053140269	0.8383654919986979	0.026388246599827584	0.039321055307603325	0.05337340556246838
PMS1_0_real_train1	0.02772326698924003	0.18301384597834633	0.2313995834051569	0.3700809751438583	0.18778232848339832
PMS2_0_real_train1	0.49287957229707247	0.43148756690664064	0.03299260942372669	0.04264025137256009	7.36e-322
EXO1_0_dirichlet_train1	0.5957913874349228	0.06775417317758275	0.1949487970555388	0.02096062383721943	0.12054501849473612
RNF168_0_dirichlet_train1	0.5586498477983646	0.05024749088258865	0.025895947033881567	0.20084017680773486	0.1643665374774305
RNF168_0_dirichlet_train1.1	0.6478702206498278	0.04056350640860246	0.15806901046793959	0.04838889023243692	0.1051083722411931
EXO1_0_dirichlet_train1.1	0.4717853607982412	0.12073519754078997	0.06283379494447217	0.2153967696467477	0.12924887706974902
RNF168_0_dirichlet_train1.2	0.7450215697337901	1.784e-321	0.11817508418249117	0.08448514800933207	0.052318198074386785
RNF168_0_dirichlet_train1.3	0.6006056233923225	0.04763965447190229	0.10480544652823662	0.03749740909910368	0.20945186650843492
RNF168_0_dirichlet_train1.4	0.624884132817712	0.04252027086881363	0.07142624401158586	0.12451010059045546	0.13665925171143326
RNF168_0_dirichlet_train1.5	0.5273763410725004	0.050066536941048095	0.00014136166806054913	0.050739757638562595	0.37167600267982837
RNF168_0_dirichlet_train1.6	0.47522924604523376	3.8e-322	0.04692024179810339	0.11198872194353993	0.3658617902131228
RNF168_0_dirichlet_train1.7	0.6139345527315068	0.13246142909688727	0.1222269347414625	0.0960601847712659	0.03531689865887755
RNF168_0_dirichlet_train1.8	0.5650657782950474	0.021893749647990495	0.0987623374674659	0.03023120137560885	0.28404693321388735
EXO1_0_dirichlet_train1.2	0.40046374618474734	0.12520554953642704	0.004769072116659234	0.09445004483689946	0.37511158732526684
EXO1_0_dirichlet_train1.3	0.6472930874164422	0.10529473558491902	0.044976749512870895	0.04204010181945176	0.16039532566631615
RNF168_0_dirichlet_train1.9	0.48670706622394433	2.64e-321	0.14334657096652917	0.09266692764591689	0.2772794351636097
EXO1_0_dirichlet_train1.4	0.46469560511395647	0.10889182800684893	0.003088123622655769	0.1563827951359662	0.26694164812057275
EXO1_0_dirichlet_train1.5	0.6831263368382603	0.05166656331091525	0.0328248270922582	0.01706023877336092	0.21532203398520527
EXO1_0_dirichlet_train1.6	0.6436695369966916	2.223e-321	0.015485002641651589	0.07962448444550452	0.2612209759161525
EXO1_0_dirichlet_train1.7	0.5565513369460524	0.24112259171325626	0.0021950391487335994	0.06322169956227905	0.1369093326296787
EXO1_0_dirichlet_train1.8	0.5711842319810605	0.17851409528115794	8e-322	0.11883391031121308	0.13146776242656869
RNF168_0_dirichlet_train1.10	0.4641404578613054	0.14847373472499314	0.04936860049256131	0.15447591218256498	0.18354129473857508
EXO1_0_dirichlet_train1.9	0.49541432244497163	0.24036488177419274	0.1535583874835033	0.02052950763332975	0.09013290066400237
RNF168_0_dirichlet_train1.11	0.5407188680849593	0.13048832410733235	0.0670086899732088	0.12224933560424256	0.13953478223025684
RNF168_0_dirichlet_train1.12	0.5611725415217041	3.636e-321	0.08516474943495442	0.1723399082923698	0.18132280075097168
EXO1_0_dirichlet_train1.10	0.6357956337694411	0.1135899287535866	0.06604641719730749	0.09615387713430679	0.08841414314535781
EXO1_0_dirichlet_train1.11	0.5515711104745775	1.3830726422531092e-233	0.03404031651785708	0.16591603312011494	0.24847253988745044
RNF168_0_dirichlet_train1.13	0.536842868974173	0.156696381644894	0.009043710157878549	0.08180150294650175	0.21561553627655258
RNF168_0_dirichlet_train1.14	0.6105985557735208	0.14157243200526584	0.04531394926554008	0.20251506295567337	6.13e-322
RNF168_0_dirichlet_train1.15	0.5846633615908012	1.441583650559626e-78	0.02674213694849998	0.2503423251037858	0.13825217635691306
RNF168_0_dirichlet_train1.16	0.42161227559444714	0.12325151442111909	0.0610871214836591	0.2646279565475764	0.12942113195319824
EXO1_0_dirichlet_train1.12	0.6358243732617122	0.04977769194579111	0.12423722662580138	0.07470518885182903	0.11545551931486651
RNF168_0_dirichlet_train1.17	0.467869101551438	0.19351615208139866	0.11306361965346852	0.07540971614448004	0.15014141056921454
EXO1_0_dirichlet_train1.13	0.668063579288289	0.0683565305644964	0.03479307060566268	0.09620621765932362	0.13258060188222814
RNF168_0_dirichlet_train1.18	0.6217737269468611	0.0037776222261817973	0.1219704660659308	0.09110798289174271	0.16137020186928372
EXO1_0_dirichlet_train1.14	0.48445461334960427	0.2055006157708066	0.15875468395156542	0.12753443825424188	0.023755648673781753
RNF168_0_dirichlet_train1.19	0.48849012686745197	0.14492012076089966	0.1125921282723338	0.11456704847989688	0.1394305756194179
RNF168_0_dirichlet_train1.20	0.3391403235195021	0.0425829130987225	0.15280677441235252	0.14356511631090185	0.321904872658521
EXO1_0_dirichlet_train1.15	0.4526263597684803	0.17654568633859283	0.01026473141974294	0.19191341758527894	0.1686498048879051
RNF168_0_dirichlet_train1.21	0.699341347134971	0.048046085324845986	0.04609901792507789	0.07211475051821406	0.13439879909689106
RNF168_0_dirichlet_train1.22	0.6036699864679952	0.037600685975821856	0.08120061379287298	0.1566580018594987	0.12087071190381105
EXO1_0_dirichlet_train1.16	0.6712149248187863	0.10587057087562803	0.07226882428238357	0.04788945093810676	0.10275622908509541
EXO1_0_dirichlet_train1.17	0.5103357746715438	0.1099145550631903	3.6e-322	0.13692624572074022	0.24282342454452577
RNF168_0_dirichlet_train1.23	0.5588429994541437	1.873e-321	0.05935166137983138	0.09387672666524458	0.28792861250078033
EXO1_0_dirichlet_train1.18	0.5178508875109957	0.05942911694319436	0.06841761131331216	0.10422176887796279	0.250080615354535
RNF168_0_dirichlet_train1.24	0.546263546463885	0.08930512630913268	0.07860897453991784	0.14591717572052082	0.13990517696654353
RNF168_0_dirichlet_train1.25	0.659433245947825	0.015562498536337975	0.12212434866091935	0.20030786791123315	0.002572038943684411
RNF168_0_dirichlet_train1.26	0.4792264832756745	0.13575298906858457	0.049388333918791306	0.07775576355243514	0.2578764301845144
RNF168_0_dirichlet_train1.27	0.4961275897469958	0.10845708388086894	0.024850065398081003	0.23390915484445304	0.13665610612960136
RNF168_0_dirichlet_train1.28	0.5505151982117683	0.002710710605722848	0.08645918731159892	0.2986832175338663	0.06163168633704367
EXO1_0_dirichlet_train1.19	0.46995033033707057	0.10191211690044492	2.66e-321	0.18037863261397294	0.24775892014851164
RNF168_0_dirichlet_train1.29	0.6804299757068695	3.063e-321	0.061329143603521874	0.09331887338568157	0.164922007303927
EXO1_0_dirichlet_train1.20	0.4549415718100319	0.2656471721542574	5.458066319857055e-223	0.12969680028242045	0.1497144557532902
RNF168_0_dirichlet_train1.30	0.5297910615640922	0.13376620503666006	0.05768660376585727	0.2787561296333907	2.206927640163317e-161
RNF168_0_dirichlet_train1.31	0.7497123545180857	0.001915401333820306	0.03582362652273971	0.07628522570148319	0.13626339192387102
RNF168_0_dirichlet_train1.32	0.4624058364435216	0.08104290132322672	0.09655365437813634	0.24517195029781957	0.11482565755729564
RNF168_0_dirichlet_train1.33	0.5305151913609158	0.09465466998669216	0.09009954449523187	0.12955889816670632	0.15517169599045383
EXO1_0_dirichlet_train1.21	0.45379800173839524	0.09701803538495422	0.17386749788537353	0.2145282980151776	0.060788166976099296
RNF168_0_dirichlet_train1.34	0.6184349576906153	0.1459816992254985	0.05834862164012758	0.14717059713231628	0.030064124311442404
EXO1_0_dirichlet_train1.22	0.5030489627151382	0.21720230394972057	0.02397271560590812	0.07675070550164464	0.1790253122275885
EXO1_0_dirichlet_train1.23	0.5462445451769278	0.1573722949474607	0.01082450818084931	0.13228703655230478	0.15327161514245732
RNF168_0_dirichlet_train1.35	0.2858090874771281	0.0916515360877748	0.11033232497441794	0.24391515054651	0.2682919009141691
RNF168_0_dirichlet_train1.36	0.5943977307076498	0.14601407607329908	0.15443576127913	0.0717345465587989	0.03341788538112219
EXO1_0_dirichlet_train1.24	0.7407722674267728	1.774e-321	0.028387432945912644	0.09284007386200827	0.1380002257653062
RNF168_0_dirichlet_train1.37	0.6340360571644078	0.09872646636466587	0.067860607961729	0.07463449827287164	0.12474237023632588
EXO1_0_dirichlet_train1.25	0.7073933886580457	0.027060181451353603	0.027390058073368813	0.023883870851867682	0.2142725009653643
RNF168_0_dirichlet_train1.38	0.4948096952300446	0.060924821420578944	0.12918572868034367	0.09770881238029315	0.21737094228873965
EXO1_0_dirichlet_train1.26	0.7522665396728043	1.6682285908806087e-43	0.06475529455139338	0.018372608712810788	0.16460555706299151
EXO1_0_dirichlet_train1.27	0.5976024271182329	0.0527566567393088	0.01778454266923409	0.24058375674016635	0.09127261673305768
EXO1_0_dirichlet_train1.28	0.6892637994941904	0.13304291165614407	0.07771373135281137	0.09511766353340213	0.004861893963452212
EXO1_0_dirichlet_train1.29	0.6069475511058989	0.03809971846639268	0.07509236712470722	0.135414930969761	0.14444543233324003
EXO1_0_dirichlet_train1.30	0.6816439582837781	0.0848823700097805	0.01824869816066803	0.06784276603689933	0.14738220750887415
RNF168_0_dirichlet_train1.39	0.30729204759162054	0.30586114790755675	0.024655859807948356	0.07787230144232195	0.2843186432505523
RNF168_0_dirichlet_train1.40	0.5737639363522983	0.13933014179018535	0.08555063081675933	0.13015648873353297	0.07119880230722417
EXO1_0_dirichlet_train1.31	0.535537261997758	0.049460163772913686	0.13276289584557333	0.09382457130082628	0.1884151070829286
EXO1_0_dirichlet_train1.32	0.4955450730929941	0.22308877498982377	0.03780221734408	0.09076557759723217	0.15279835697587005
EXO1_0_dirichlet_train1.33	0.6355669653202087	0.04261074197849447	0.1458683958601484	0.08331302703508846	0.09264086980605986
RNF168_0_dirichlet_train1.41	0.5344944532902478	0.1455049282942565	0.06257528414938222	0.07948470097845312	0.1779406332876603
RNF168_0_dirichlet_train1.42	0.5586175630283414	0.04620372639020541	0.06777458371305986	0.08851711032237611	0.23888701654601727
EXO1_0_dirichlet_train1.34	0.5943475555571949	0.19722462045708658	0.003573228265860468	0.12748740280120366	0.07736719291865451
RNF168_0_dirichlet_train1.43	0.6421609974323808	1.55e-321	0.06492581433529068	0.04054676060822002	0.2523664276241084
EXO1_0_dirichlet_train1.35	0.5730297413308154	0.1096706314293475	0.011376961610827237	0.1042824100799276	0.20164025554908227
EXO1_0_dirichlet_train1.36	0.4795845061400914	0.05803765541965515	0.14058294925583442	0.18759306035035195	0.13420182883406712
RNF168_0_dirichlet_train1.44	0.5783301952476594	0.03267407695758827	0.07879364028483889	0.18979227376461655	0.12040981374529691
EXO1_0_dirichlet_train1.37	0.5976402807954886	0.01926357558498271	0.06396509036772462	0.09409536899861352	0.2250356842531907
RNF168_0_dirichlet_train1.45	0.6206004191056524	0.04259065138138905	0.031296889228394326	0.05545613076735878	0.2500559095172055
RNF168_0_dirichlet_train1.46	0.49026116264493524	0.0500324963556989	0.02493349631665745	0.24744649730273824	0.1873263473799701
RNF168_0_dirichlet_train1.47	0.5925706978092357	0.11154118833961585	0.1826026587553221	0.00865794692199043	0.10462750817383595
RNF168_0_dirichlet_train1.48	0.5959388131814825	0.03493991984747303	0.17717545449306135	0.187257195212451	0.004688617265532181
RNF168_0_dirichlet_train1.49	0.6993915856019756	0.021841910034658237	0.01689062017476991	0.08967223981123056	0.17220364437736582
RNF168_0_dirichlet_train1.50	0.5193633983014361	0.14769671091191985	0.023306221308202407	0.2508399502816498	0.058793719196791876
EXO1_0_dirichlet_train1.38	0.44918820077039645	1.0317291640800918e-294	0.13771360492141657	0.14465311448151538	0.2684450798266716
RNF168_0_dirichlet_train1.51	0.47523635374528495	0.1799198651391959	0.1326091821520028	0.07019848208963174	0.1420361168738846
RNF168_0_dirichlet_train1.52	0.24163446116609133	0.2798035335414373	0.20440830755821357	0.10567383503332982	0.1684798627009278
EXO1_0_dirichlet_train1.39	0.6879617195982501	0.060365952645740704	1.54e-321	0.085561919468224	0.16611040828778503
EXO1_0_dirichlet_train1.40	0.6984738358196052	0.0557792796798856	0.048313051989381836	0.02259055092194404	0.17484328158918339
RNF168_0_dirichlet_train1.53	0.6435906581856192	7.8e-322	0.06589693419083555	0.07588890472767043	0.21462350289587484
EXO1_0_dirichlet_train1.41	0.6262458820652748	0.051188025778152284	0.10616834067455619	0.09357708849039277	0.12282066299162384
EXO1_0_dirichlet_train1.42	0.6306895463959661	0.15889446913753655	0.10737501266435526	0.03451708775762619	0.0685238840445159
RNF168_0_dirichlet_train1.54	0.3129332224092058	3.66e-322	0.07930720390511328	0.38415186013384905	0.22360771355183184
OGG1_0_dirichlet_train1	0.016356357457503728	2.233e-321	0.6977640305856079	0.14574266602988312	0.14013694592700526
UNG_0_dirichlet_train1	0.08580402238561162	0.10132124250325536	0.04251569537342093	0.2867177245835304	0.48364131515418174
UNG_0_dirichlet_train1.1	0.07415937941969428	0.0855336299509968	0.12094876856600087	0.22094206924385124	0.49841615281945684
UNG_0_dirichlet_train1.2	0.045794840931592536	0.04045000228101768	0.11459025380947434	0.3625155998051563	0.4366493031727592
OGG1_0_dirichlet_train1.1	0.1220137769542311	1.3e-321	0.5606945102671992	0.28596088582011203	0.031330826958457625
UNG_0_dirichlet_train1.3	0.09124168063315093	0.12591275553783846	0.09996972421879532	0.28803762386659815	0.3948382157436172
OGG1_0_dirichlet_train1.2	0.06784739136553954	8.5e-322	0.6856890759874162	0.10630487964355287	0.14015865300349142
OGG1_0_dirichlet_train1.3	0.030756102387815964	1.033e-321	0.5603039785726649	0.16423656192739167	0.24470335711212754
UNG_0_dirichlet_train1.4	0.08453595386369904	5.234965986762284e-46	0.13760036339187076	0.3423546444296135	0.4355090383148166
UNG_0_dirichlet_train1.5	0.02015208403647729	1.013e-321	0.1779656906102966	0.41617990342285105	0.3857023219303752
OGG1_0_dirichlet_train1.4	1.25e-321	1.616e-321	0.8612763991596298	0.12149310786224042	0.017230492978129775
OGG1_0_dirichlet_train1.5	6.084309902398232e-285	1.1568536852014464e-115	0.7519224560559186	0.18243145654528167	0.06564608739879983
UNG_0_dirichlet_train1.6	0.17509340245838192	0.13345016417872924	0.09830925091267091	0.12222554764518266	0.4709216348050351
UNG_0_dirichlet_train1.7	5.63e-321	0.12082097275034746	0.0953837318836963	0.3226087210330465	0.4611865743329099
UNG_0_dirichlet_train1.8	3.2360955669458236e-297	0.15995304456855916	0.20388213511229636	0.1738445869381152	0.46232023338102923
OGG1_0_dirichlet_train1.6	1.6672160680068957e-288	2.45e-321	0.8709116301170732	0.0973473436562927	0.03174102622663418
UNG_0_dirichlet_train1.9	2.2951640877244104e-277	0.03087636455575689	0.03745567666813574	0.22810423465286914	0.7035637241232381
OGG1_0_dirichlet_train1.7	0.020631569227597183	2.337e-321	0.6243959518210789	0.26142918728941467	0.09354329166190922
UNG_0_dirichlet_train1.10	0.060897867333911566	0.11411207881264429	0.08831574539449379	0.2231147533006251	0.5135595551583254
OGG1_0_dirichlet_train1.8	2.866e-321	0.07890961220683632	0.7785386318417211	0.08725108073794421	0.055300675213498504
UNG_0_dirichlet_train1.11	1.2148944107945388e-215	0.056017201045857626	0.09763565660807706	0.2443698057981869	0.6019773365478784
OGG1_0_dirichlet_train1.9	0.12418333926165183	0.06919514909903675	0.7034651889437086	0.04429165561278924	0.05886466708281362
OGG1_0_dirichlet_train1.10	0.06263062165857308	3.4e-321	0.7658727048270704	2.96e-322	0.17149667351435666
OGG1_0_dirichlet_train1.11	0.08581502816583127	0.11526572637116447	0.5838636637255159	0.17574576787686763	0.03930981386062077
UNG_0_dirichlet_train1.12	0.1989637036334663	0.06098037477222858	0.16343139892849998	0.15590992616657465	0.4207145964992305
UNG_0_dirichlet_train1.13	0.12683067972911338	0.07626288825862598	0.08316605984285107	0.2661731676407882	0.4475672045286213
UNG_0_dirichlet_train1.14	0.06633293897283034	0.021541457213332563	0.08245486711425595	0.2726373141404588	0.5570334225591222
OGG1_0_dirichlet_train1.12	0.11313351615971869	3.5e-322	0.61774711677416	0.03623438712734511	0.23288497993877613
OGG1_0_dirichlet_train1.13	0.022060066774737777	0.0040077810417888495	0.7801874280746712	0.05000763409916766	0.14373709000963464
UNG_0_dirichlet_train1.15	1.78e-321	0.022805017322853643	0.05895565909273013	0.3692354243246699	0.5490038992597464
UNG_0_dirichlet_train1.16	6.930834674668776e-24	0.24251244006018316	0.03714749293265588	0.318178329700113	0.40216173730704785
UNG_0_dirichlet_train1.17	0.009100470472973014	0.1810467621424434	0.2676944643255545	0.14657690871038645	0.3955813943486426
OGG1_0_dirichlet_train1.14	3.57e-321	0.07743200708386487	0.5082127192125864	0.11853333481670035	0.2958219388868484
UNG_0_dirichlet_train1.18	0.0725855441401601	0.03318345864276454	0.07625943931328104	0.41343618436908636	0.40453537353470786
OGG1_0_dirichlet_train1.15	0.027257685304588223	1.285e-321	0.6645859369810186	0.25082061730172256	0.05733576041267061
UNG_0_dirichlet_train1.19	5.806743398193471e-118	0.2814920099565418	0.028852291237140698	0.19936335315470188	0.4902923456516157
OGG1_0_dirichlet_train1.16	0.06838202172624022	7.26e-322	0.5573048273279295	0.2032373037024076	0.1710758472434226
UNG_0_dirichlet_train1.20	0.0690319820761681	0.16703290472421317	0.13186561624800783	0.17966600221074608	0.45240349474086483
UNG_0_dirichlet_train1.21	0.00486959000537707	0.2253975683486111	0.1689625144204799	0.2952235593253276	0.3055467679002044
OGG1_0_dirichlet_train1.17	2.243e-321	0.03339582110204791	0.4707638404612722	0.303162753763731	0.19267758467294896
UNG_0_dirichlet_train1.22	1.453e-321	0.12329772458905305	7.76e-322	0.4057435555944145	0.47095871981653237
UNG_0_dirichlet_train1.23	4.25e-322	0.4071771575936176	0.06444501026845267	0.16483820149802048	0.36353963063990946
UNG_0_dirichlet_train1.24	0.045229799621320246	0.09339752833181958	0.11932845196522798	0.23231979654621418	0.509724423535418
OGG1_0_dirichlet_train1.18	0.05799420760507769	8.1e-322	0.6500736628606704	0.016517525716292173	0.2754146038179598
UNG_0_dirichlet_train1.25	0.1190933542682168	0.20550033523098313	1.5974405794718124e-25	0.35408433630807845	0.3213219741927217
OGG1_0_dirichlet_train1.19	3.5479959031366926e-26	0.06716061731178002	0.6990110953107883	0.11292014313578408	0.12090814424164766
UNG_0_dirichlet_train1.26	0.12226586044500655	0.12916258487684762	0.08409966544679319	0.2597966523665788	0.4046752368647739
OGG1_0_dirichlet_train1.20	7.946644197614257e-102	3.2e-322	0.6319621306117218	0.04004715896786151	0.3279907104204167
UNG_0_dirichlet_train1.27	1.714e-321	0.18616896055257245	0.053788117247089505	0.197009335759566	0.563033586440772
OGG1_0_dirichlet_train1.21	0.10155525636327992	0.018485088966531418	0.6193091125582977	0.012629612839947712	0.24802092927194322
OGG1_0_dirichlet_train1.22	0.13848342229944788	0.015326639235675238	0.6805038107737174	0.055985459984575284	0.1097006677065844
UNG_0_dirichlet_train1.28	0.09695654963958857	0.19395367183126047	0.14192421766218213	0.19863093492036224	0.3685346259466066
UNG_0_dirichlet_train1.29	0.03965398439915366	0.014676594485355372	0.24397628919864942	0.2766043292975017	0.4250888026193399
OGG1_0_dirichlet_train1.23	0.06059330970665407	1.275e-321	0.7074831172471914	0.08463576341824275	0.1472878096279118
OGG1_0_dirichlet_train1.24	0.08852990075372678	0.06515226549127916	0.6503626122652981	0.19595522148969585	6.4e-322
OGG1_0_dirichlet_train1.25	2.213e-321	6.47e-322	0.6438821228394305	1.17e-321	0.35611787716056964
OGG1_0_dirichlet_train1.26	0.02464191091311668	0.07705910114164158	0.6161596814723644	0.030881617989375207	0.251257688483502
UNG_0_dirichlet_train1.30	0.05275590553437657	3.129786386516924e-202	0.022982084456293562	0.39585610326910886	0.5284059067402209
OGG1_0_dirichlet_train1.27	0.04804218299624502	0.0014806792530053289	0.8701806627299399	0.08029647502080979	1.6393522885073567e-143
OGG1_0_dirichlet_train1.28	0.13673579916837053	1.04e-321	0.5203530761864241	0.06521433445577562	0.27769679018942983
UNG_0_dirichlet_train1.31	0.09750664755137943	0.20055204905521296	0.03210087450176837	0.48924649188297187	0.18059393700866752
UNG_0_dirichlet_train1.32	0.07422918610056631	5.862077231693856e-14	0.052603968932997985	0.25905746352628567	0.6141093814400914
UNG_0_dirichlet_train1.33	0.045691072612178474	0.007804402131337807	0.1277568159787541	0.30465757685635986	0.5140901324213698
OGG1_0_dirichlet_train1.29	0.1862111502778907	0.0956480467032821	0.5230520334298059	0.05712225470456452	0.1379665148844567
OGG1_0_dirichlet_train1.30	0.00014936770591742588	1.27e-321	0.6790825470699454	0.2800315764434697	0.04073650878066734
UNG_0_dirichlet_train1.34	0.11441425623277614	0.1937165957521015	0.11181681582949969	0.22207157248497242	0.35798075970065013
OGG1_0_dirichlet_train1.31	0.008462003349311239	1.53e-321	0.4690705048311514	0.23253844241580607	0.2899290494037313
UNG_0_dirichlet_train1.35	6.666102446403e-311	0.12563344103047333	0.1804787235409505	0.15154550415832763	0.5423423312702487
UNG_0_dirichlet_train1.36	0.10094827382200453	0.07039291046042269	0.04359985876737159	0.2874047398780637	0.49765421707213753
UNG_0_dirichlet_train1.37	0.06635658385229137	0.1510463995869871	0.07020401259092561	0.3130453750676876	0.3993476289021085
OGG1_0_dirichlet_train1.32	0.02741846683612779	0.10948517433223698	0.6142512425849002	0.21078557079918595	0.0380595454475491
UNG_0_dirichlet_train1.38	0.09767003769419437	0.020069183514483974	0.05726062721039722	0.12089265638961133	0.7041074951913131
OGG1_0_dirichlet_train1.33	0.006601241407291604	2.19e-321	0.6508904787044668	0.28926827285713425	0.05324000703110721
OGG1_0_dirichlet_train1.34	0.09474086079282094	0.03433619221272891	0.598134150887258	0.0657540344199426	0.20703476168724946
OGG1_0_dirichlet_train1.35	0.09051869075550921	1.097e-321	0.6394393581204605	0.03490717178203045	0.23513477934199986
OGG1_0_dirichlet_train1.36	0.02340883251610858	1.334e-321	0.8148690336426094	0.07743120908211375	0.08429092475916816
OGG1_0_dirichlet_train1.37	0.07771134094447643	0.01853879620431207	0.6095411092555398	0.1482783262917241	0.14593042730394762
OGG1_0_dirichlet_train1.38	3.42e-321	6.7e-322	0.6709203106972126	0.0032708767604430374	0.32580881254234434
UNG_0_dirichlet_train1.39	0.0323064448073306	0.12447242367434995	0.10260060544583222	0.061950554076528296	0.6786699719959589
OGG1_0_dirichlet_train1.39	0.0033925480628976337	7.1e-322	0.6554271670975836	0.014650490058293017	0.3265297947812257
UNG_0_dirichlet_train1.40	1.469573092711014e-283	0.0563290768618086	0.13035464690929327	0.17583545029367448	0.6374808259352238
OGG1_0_dirichlet_train1.40	0.041969171902044376	4.05e-322	0.768283567406516	0.0047773540639996954	0.18496990662743967
OGG1_0_dirichlet_train1.41	0.01836704951830438	0.009884073689196927	0.7644527329509915	0.02654637550462214	0.18074976833688497
UNG_0_dirichlet_train1.41	0.04714407668678014	0.22358322106608558	0.012981425072702895	0.17328465336036103	0.5430066238140703
OGG1_0_dirichlet_train1.42	3.87e-321	0.07342777662028536	0.5714745307945042	0.12233536452981114	0.23276232805539931
UNG_0_dirichlet_train1.42	0.08675558666502824	0.07536609479917823	0.1837902910855085	0.3130193581755003	0.34106866927478463
OGG1_0_dirichlet_train1.43	0.05497708751757205	0.002592317365393627	0.882081295504763	0.06034929961227121	3.193119328279974e-46
OGG1_0_dirichlet_train1.44	0.04420772694869852	0.009364394781710242	0.6071834056226729	0.2576042556614429	0.08164021698547526
OGG1_0_dirichlet_train1.45	0.05529960927918511	0.011036563389065269	0.6217741008820827	0.31188972644966695	2.3086883819808295e-117
OGG1_0_dirichlet_train1.46	0.10373145453091062	1.04e-321	0.48408580863969997	0.03007584957361895	0.3821068872557705
UNG_0_dirichlet_train1.43	7.075834961855281e-12	0.2373950632536181	0.25278781038348874	0.09762729789147231	0.41218982846434504
OGG1_0_dirichlet_train1.47	2.3256274249653534e-121	1.255e-321	0.6462580914515155	0.2452523570780748	0.10848955147040973
OGG1_0_dirichlet_train1.48	1.146e-321	0.05921931803232832	0.6359931909224077	0.2507824141351424	0.05400507691012145
OGG1_0_dirichlet_train1.49	0.13324640274422708	2.31e-321	0.5396977387192501	0.1746432209366414	0.15241263759988147
OGG1_0_dirichlet_train1.50	0.03474316682205921	4.363e-321	0.7022426415849222	0.0654877339688501	0.19752645762416832
UNG_0_dirichlet_train1.44	0.026615954914154402	0.18565577528508606	0.14817865882432674	0.22897610302258395	0.41057350795384884
OGG1_0_dirichlet_train1.51	0.09977423111350599	1.91e-321	0.7594763301721559	0.007508821898554195	0.1332406168157838
OGG1_0_dirichlet_train1.52	4.466e-321	0.14089660632988601	0.746272762564977	0.11283063110513707	1.2869691494192182e-205
ATP2B4_0_dirichlet_train1	0.23921249801555428	0.12376525788967399	0.23934116196393074	0.20584278586712126	0.1918382962637197
ATP2B4_1_dirichlet_train1	0.1404284496300169	0.14945402717508205	0.5479247806670576	0.1339001568641871	0.02829258566365626
ATP2B4_0_dirichlet_train1.1	0.09502636147484954	3.1260184422092076e-152	0.22730581321097248	0.4465013298941243	0.2311664954200536
ATP2B4_1_dirichlet_train1.1	0.10379211509088682	0.09958207796785049	0.3704125507400132	0.3640740983496879	0.062139157851561516
ATP2B4_1_dirichlet_train1.2	0.20404949357342073	0.17150551150489654	0.26589679277877565	0.35854820214290706	3.589763067328558e-102
ATP2B4_1_dirichlet_train1.3	1.81e-321	0.05457166482215994	0.380500806658086	0.47350363401264295	0.09142389450711097
ATP2B4_0_dirichlet_train1.2	0.3469869453590071	0.025099807702975433	0.18812619349002022	0.3359928959749267	0.10379415747307037
ATP2B4_1_dirichlet_train1.4	0.07856623007375763	0.28781714791188423	0.31324591021834614	0.30124175461486435	0.019128957181147647
ATP2B4_0_dirichlet_train1.3	0.22215403557377789	0.060454036495167535	0.20725441137658518	0.5101375165544695	2.194e-321
ATP2B4_0_dirichlet_train1.4	0.10445480110726475	0.09867380587762217	0.2564519307278737	0.257757448744123	0.2826620135431164
ATP2B4_0_dirichlet_train1.5	0.17614371039829568	0.04061732781515868	0.27725437603906355	0.2678639189829084	0.2381206667645737
ATP2B4_0_dirichlet_train1.6	0.14874092149930268	0.08368728758488077	0.31459248863271627	0.34361382620120307	0.10936547608189719
ATP2B4_1_dirichlet_train1.5	0.11772410764161301	1.03e-321	0.292303830233218	0.4437663677694197	0.14620569435574948
ATP2B4_0_dirichlet_train1.7	0.09161485376106432	0.22316468316222962	0.11767328163609872	0.31438063249459314	0.2531665489460143
ATP2B4_1_dirichlet_train1.6	0.009979411240353973	0.289763263510259	0.3394071608913553	0.36085016435803174	1.73e-322
ATP2B4_1_dirichlet_train1.7	0.15142293135732543	0.09570639071055137	0.27924887741509324	0.47362180051703007	3.66e-322
ATP2B4_1_dirichlet_train1.8	0.18366020061235644	0.011351533092160726	0.5107981710427068	0.294190095252776	7.3e-322
ATP2B4_1_dirichlet_train1.9	1.7234388727161103e-44	0.12456149528783737	0.22183457219443403	0.37733711187354424	0.2762668206441844
ATP2B4_1_dirichlet_train1.10	0.054819320848164724	0.18465709607626443	0.4173952950824038	0.31246294689067433	0.030665341102492697
ATP2B4_1_dirichlet_train1.11	0.12141062587119111	0.11502989001536632	0.4061422141350016	0.33055080165112805	0.02686646832731285
ATP2B4_1_dirichlet_train1.12	2.74e-321	0.029147246804072532	0.5178624002335293	0.45299035296239826	8.5e-322
ATP2B4_1_dirichlet_train1.13	0.31940469697543605	0.01619890149470005	0.2921303510405586	0.3722660504893053	6.13e-322
ATP2B4_0_dirichlet_train1.8	0.12370224350365888	0.05871471921997619	0.2312687998670735	0.26323040603704084	0.3230838313722506
ATP2B4_1_dirichlet_train1.14	0.08561028282070196	0.03835215482506146	0.4347442183278847	0.3965424149018051	0.044750929124546764
ATP2B4_1_dirichlet_train1.15	0.1603037312399571	0.17149537585492267	0.3076494271770391	0.3605514507276454	1.500043584412236e-08
ATP2B4_0_dirichlet_train1.9	0.2434814174266242	0.1251201646866948	0.29484544604662455	0.21760045696323785	0.11895251487681864
ATP2B4_0_dirichlet_train1.10	0.1450415306362522	2.09e-321	0.32785348902056816	0.3532118592744814	0.17389312106869823
ATP2B4_0_dirichlet_train1.11	0.19032158893411094	0.07747721111614923	0.2915238386105946	0.23416393716880526	0.20651342417033983
ATP2B4_1_dirichlet_train1.16	0.1949244242329354	0.20910546917879652	0.193129266690831	0.40284083989743713	5.83e-322
ATP2B4_0_dirichlet_train1.12	0.2778798772474823	1.003e-321	0.27657704211697065	0.2633229739897169	0.18222010664583024
ATP2B4_0_dirichlet_train1.13	0.2335428013412578	0.05566304460751287	0.20818776791901542	0.2968218113692056	0.20578457476300846
ATP2B4_0_dirichlet_train1.14	0.27322384268486605	1.34e-321	0.14322015415589126	0.30556023773583785	0.27799576542340476
ATP2B4_0_dirichlet_train1.15	0.2719490344994798	2.416e-321	0.23840264737065667	0.34051285325861824	0.1491354648712454
ATP2B4_1_dirichlet_train1.17	0.1731540849813414	0.11509829671351086	0.40487420284685927	0.25097530040100974	0.0558981150572788
ATP2B4_1_dirichlet_train1.18	0.0031445953821754875	1.5057560683818195e-73	0.48528642730586763	0.5115689773119569	4.84e-322
ATP2B4_1_dirichlet_train1.19	0.029024836341280412	0.05026242369725347	0.3307268691935264	0.5899858707679397	4.84e-322
ATP2B4_1_dirichlet_train1.20	0.20998548551714383	0.12763765523655304	0.17887710074588842	0.34793085463784734	0.13556890386256726
ATP2B4_0_dirichlet_train1.16	0.17734020246021331	0.014445693648350794	0.28854259082611233	0.4355765718105219	0.08409494125480164
ATP2B4_1_dirichlet_train1.21	0.057207130600835314	0.07795453903125715	0.27740358953658406	0.5874347408313235	1.976e-321
ATP2B4_1_dirichlet_train1.22	0.18803100710387338	0.03914851418506571	0.28761951846665057	0.3950174300426885	0.09018353020172193
ATP2B4_0_dirichlet_train1.17	0.11420402811000452	2.25e-321	0.26322956494634886	0.3861107321324295	0.23645567481121696
ATP2B4_0_dirichlet_train1.18	0.09979341122342802	0.03422124910643619	0.10085574732255931	0.47894897489435206	0.2861806174532244
ATP2B4_1_dirichlet_train1.23	0.03219538858302735	0.17538196508668294	0.31323902953218774	0.47918361679810206	8.55e-322
ATP2B4_1_dirichlet_train1.24	0.13348528650327326	0.12150289403443261	0.5261644367115997	0.21228082575426455	0.0065665569964298235
ATP2B4_0_dirichlet_train1.19	0.2687965309083233	1.186e-321	0.20441431728474263	0.255257108635013	0.2715320431719209
ATP2B4_1_dirichlet_train1.25	0.17708095512289948	3.2402443608908362e-285	0.36073565378555106	0.31990649697877793	0.14227689411277164
ATP2B4_0_dirichlet_train1.20	0.21463113817618182	0.015414148308494033	0.19344410176033822	0.276658756463068	0.29985185529191805
ATP2B4_0_dirichlet_train1.21	0.054440877414543176	0.11210184629427426	0.3114221960138658	0.29296864034094616	0.22906643993637069
ATP2B4_0_dirichlet_train1.22	0.2879252766779158	0.009433474437812625	0.28814732800879894	0.29809466976778476	0.1163992511076878
ATP2B4_0_dirichlet_train1.23	0.22573168659665066	0.1837659731310114	0.19546513058948717	0.2902979678159696	0.10473924186688116
ATP2B4_0_dirichlet_train1.24	0.25850809628701193	7.51905189081457e-104	0.3697750427727825	0.22520244478104956	0.1465144161591562
ATP2B4_1_dirichlet_train1.26	4.654e-321	0.2345170461212149	0.2453543262852669	0.5201286275935182	3.80080220006624e-310
ATP2B4_0_dirichlet_train1.25	0.15845175841424744	0.012357227037158388	0.20390271536827057	0.2676441333149465	0.35764416586537706
ATP2B4_1_dirichlet_train1.27	0.1363198020771668	0.01194406791534388	0.3979792438612189	0.4537568861462704	6.47e-322
ATP2B4_0_dirichlet_train1.26	0.17221773216721156	0.0837642589617826	0.24258776601791357	0.3624493426596599	0.13898090019343223
ATP2B4_1_dirichlet_train1.28	0.20375370145940427	0.04487437706438995	0.32553227470820895	0.4258396467679968	6.23e-322
ATP2B4_0_dirichlet_train1.27	0.03624306689772533	0.060633884509549894	0.15398313651689804	0.5314020729581047	0.21773783911772196
ATP2B4_1_dirichlet_train1.29	0.12787998055229102	0.0960863631730164	0.41642395454198133	0.35960970173271106	1.483423829025039e-73
ATP2B4_0_dirichlet_train1.28	0.06819995636878416	4.0170811957480644e-158	0.4505328499492737	0.48126719368194226	3.16e-322
ATP2B4_0_dirichlet_train1.29	0.13385913416344425	7.5e-322	0.40671182899873676	0.4594290368378189	2.652376066489826e-202
ATP2B4_0_dirichlet_train1.30	0.23226937100153106	4.455482104908619e-106	0.21647647065768053	0.3191627171131429	0.23209144122764547
ATP2B4_0_dirichlet_train1.31	0.20813273537805133	0.022036917274082496	0.1953480509469197	0.21098172452388345	0.36350057187706286
ATP2B4_1_dirichlet_train1.30	0.14787740891320067	0.10858079378967811	0.297058840118092	0.4232769460134306	0.02320601116559849
ATP2B4_1_dirichlet_train1.31	0.23550208487401625	0.10437088404174279	0.348068296370729	0.2547994664633036	0.05725926825020832
ATP2B4_1_dirichlet_train1.32	0.041130733351541764	0.035531878779525294	0.5078513906612565	0.41548599720767637	1.1514398608609355e-179
ATP2B4_0_dirichlet_train1.32	0.14614252556294663	0.1352919557633524	0.27412993050768614	0.4444355881660149	1.1856985774734224e-108
ATP2B4_0_dirichlet_train1.33	0.06477731059147741	0.04454342379369319	0.31166330154473565	0.3901415971584603	0.18887436691163353
ATP2B4_0_dirichlet_train1.34	0.21830850768242113	0.15914021753699786	0.16262494856082083	0.39052327196955294	0.06940305425020722
ATP2B4_0_dirichlet_train1.35	0.003348928914423229	0.10738839202242915	0.43756969468911183	0.4516929843740358	3.9571614987244546e-302
ATP2B4_1_dirichlet_train1.33	0.17677983362715005	0.0833610819986501	0.27024059877315915	0.4696184856010406	2.08e-322
ATP2B4_1_dirichlet_train1.34	0.052527572921174596	0.10255947375827916	0.47916056047579647	0.36575239284474975	8.3e-322
ATP2B4_1_dirichlet_train1.35	0.09332304803665656	0.1492633931239709	0.28741055621832234	0.4700030026210501	3.85e-322
ATP2B4_1_dirichlet_train1.36	5.535672892992377e-182	0.0578868858651023	0.46340926178883113	0.4787038523460666	2.96e-322
ATP2B4_0_dirichlet_train1.36	0.24654279744511326	0.10040602699420291	0.20123218602482448	0.41089775024679087	0.04092123928906839
ATP2B4_0_dirichlet_train1.37	0.09621985338448184	3.262925642129345e-229	0.20984238895738336	0.4604306632457694	0.23350709441236547
ATP2B4_1_dirichlet_train1.37	0.115480529430271	0.1760042687136153	0.39485525052606785	0.313659951330046	1.5833793173367455e-155
ATP2B4_1_dirichlet_train1.38	0.020136856425726164	0.12255551249718595	0.4346180625493423	0.4226895685277456	6.77e-322
ATP2B4_1_dirichlet_train1.39	0.033895207474258324	0.1611147100694018	0.3225642139713533	0.4362888669648868	0.046137001520099696
ATP2B4_1_dirichlet_train1.40	1.364e-321	0.2821672338441695	0.297056201569586	0.4207765645862446	4.6e-322
ATP2B4_1_dirichlet_train1.41	0.10544514713477934	0.15889966958439533	0.39166696498836284	0.3439882182924625	5.6e-322
ATP2B4_1_dirichlet_train1.42	0.12584267522077205	0.07925556235114517	0.4915029675602569	0.3033987948678258	4.3785997747249356e-76
ATP2B4_0_dirichlet_train1.38	0.24486603767165577	0.018620202945868962	0.296690168523688	0.4060137347073254	0.03380985615146187
ATP2B4_0_dirichlet_train1.39	0.26371771133475835	1.433e-321	0.36882045700507105	0.25892138483137267	0.10854044682879788
ATP2B4_0_dirichlet_train1.40	0.20285175400131641	0.036733782688051164	0.20032996695420835	0.3558780446077935	0.20420645174863047
ATP2B4_1_dirichlet_train1.43	0.016362442132361776	0.09309443061806642	0.29479190397470423	0.5911639798333135	0.004587243441554195
ATP2B4_0_dirichlet_train1.41	0.08921401899871868	0.05321779316067291	0.47358726204674184	0.2833584726299362	0.10062245316393036
ATP2B4_0_dirichlet_train1.42	0.1547769039465204	1.18e-321	0.2036465773956538	0.34141005525606194	0.3001664634017636
ATP2B4_0_dirichlet_train1.43	0.23164152470073246	0.05398762913229567	0.31298966619861035	0.27670580881030904	0.12467537115805231
ATP2B4_0_dirichlet_train1.44	1.4468733807181223e-297	0.12135130523456242	0.28265899516393994	0.42496355566679467	0.17102614393470283
ATP2B4_1_dirichlet_train1.44	0.25467173989180125	2.25996077102463e-31	0.34090820399217087	0.38186396378194476	0.022556092334083046
ATP2B4_0_dirichlet_train1.45	0.2651500654768342	0.03169318009597974	0.33333776767474654	0.231734559893945	0.13808442685849456
ATP2B4_1_dirichlet_train1.45	0.21817435100637414	0.1372906586311019	0.4427379004967723	0.19196092855111646	0.00983616131463505
ATP2B4_0_dirichlet_train1.46	0.2620872802509928	7.46e-322	0.14838094815762437	0.3493776780795481	0.24015409351183464
ATP2B4_0_dirichlet_train1.47	0.039685392139762986	0.08284334705088249	0.25118071368304035	0.2683732443036136	0.3579173028227005
ATP2B4_0_dirichlet_train1.48	0.22974682251095252	7.1e-322	0.2332633491163052	0.4449806520916487	0.09200917628109358
ATP2B4_1_dirichlet_train1.46	0.11261757143196584	0.24034957973582644	0.3438508432266286	0.28523666006173864	0.017945345543840443
ATP2B4_1_dirichlet_train1.47	0.07011367400602865	0.07941025961758491	0.23376818106710454	0.6167078853092819	1.83e-322
ATP2B4_1_dirichlet_train1.48	0.2789887111987726	1.08e-321	0.3410270558818273	0.3799842329194001	1.156e-321
PMS1_0_dirichlet_train1	3.84e-321	0.2998986140200862	0.32418427051938936	0.33612453852598634	0.03979257693453805
MSH6_1_dirichlet_train1	0.1433437313610207	0.7249395284713244	0.030088839089560556	6.5e-322	0.10162790107809452
MSH6_0_dirichlet_train1	2.485e-321	0.7855767218541894	9.5e-322	0.10391802352805427	0.11050525461775641
MSH2_0_dirichlet_train1	4.3e-322	0.7167247564622565	0.007445702536620677	0.12900852944781085	0.14682101155331193
MSH6_0_dirichlet_train1.1	0.030280855375833377	0.7394736769939477	1.275e-321	0.03299371317825199	0.19725175445196683
MLH1_0_dirichlet_train1	1.08e-321	0.8147072010411596	0.01897072493835812	0.007842453293898434	0.15847962072658375
MSH6_1_dirichlet_train1.1	2.034127066769307e-191	0.875688497700419	0.03546708636909894	0.04754655041169864	0.04129786551878346
MLH1_0_dirichlet_train1.1	0.22519445365354418	0.7393139942818974	4.05e-322	9.54e-322	0.035491552064558285
PMS1_0_dirichlet_train1.1	2.376e-321	0.17326590745413975	0.24520355497760957	0.5266494617391724	0.05488107582907838
PMS1_0_dirichlet_train1.2	0.10908830129697614	0.005761202598003324	0.19347510473545537	0.32866538414348306	0.363010007226082
MSH6_1_dirichlet_train1.2	1.6961396693295628e-253	0.9525773306594116	0.035448113915373274	0.00362339721724097	0.008351158207974073
MSH6_1_dirichlet_train1.3	0.05706055177265723	0.716757451993566	1.023e-321	0.1238369228116021	0.10234507342217462
PMS1_0_dirichlet_train1.3	0.051902989834610315	0.2084308000464293	0.18056455880956507	0.29075683654413087	0.26834481476526456
PMS1_0_dirichlet_train1.4	0.10819254285084502	0.1364392256853626	0.18432746437181635	0.20044460725271096	0.3705961598392651
PMS2_0_dirichlet_train1	0.5131673187165688	0.41993877966642046	0.026645248723980178	0.04024865289303037	1.013e-321
MSH6_1_dirichlet_train1.4	0.19247985740231988	0.6549663134147737	0.03926826542053399	0.07283705814434281	0.04044850561802961
MSH6_0_dirichlet_train1.2	0.06921597757040064	0.8179587609019652	2.4621836190459819e-85	0.1016181848352518	0.011207076692382266
PMS1_0_dirichlet_train1.5	1.13e-321	0.09078795239588575	0.262623658456187	0.5075386188383963	0.13904977030953075
PMS1_0_dirichlet_train1.6	1.705e-321	0.1244758875512037	0.14689241227663108	0.5460046094154191	0.18262709075674613
