Samples	SBS96A	SBS96B	SBS96C	SBS96D	SBS96E
EXO1_0_real_train1	0.061631761322103615	0.5862007576575103	0.09602804561990828	0.025634521633606463	0.2305049137668715
OGG1_0_real_train1	0.8240527681639156	0.011595788087940451	0.08219046521216236	0.060586679059181275	0.0215742994768003
RNF168_0_real_train1	0.09099959767208171	0.5788510817352038	0.14245984338200676	0.007719966142976631	0.17996951106773101
UNG_0_real_train1	0.12233938358344311	0.08347442288850752	0.2565918170795863	1.306604317797737e-223	0.5375943764484631
ATP2B4_0_real_train1	0.27488347508006505	0.15790427533774148	0.3998043016426954	0.010966400692991386	0.15644154724650675
ATP2B4_1_real_train1	0.3401527416574131	0.03239450394336538	0.5064529739958089	0.12099978040341253	4.132252900637172e-96
MLH1_0_real_train1	0.005649560685854606	4.6742836648718583e-212	4.634530752156943e-131	0.8076638744870285	0.18668656482711693
MSH2_0_real_train1	0.001725575768603755	4.13e-321	0.06046403328467391	0.7624404145745496	0.17536997637217258
MSH6_0_real_train1	0.011324208907386588	0.009296781878586841	0.027944775587350243	0.8194293814477362	0.13200485217894026
MSH6_1_real_train1	0.026712068127450132	0.02050054036004024	0.0009905088435861655	0.8334638235829432	0.11833305908598005
PMS1_0_real_train1	0.17879198088265796	5.759711008558301e-299	0.4850165784166769	0.16039926146119995	0.17579217923946525
PMS2_0_real_train1	0.027880682011250813	0.5138285378044027	0.024835506401296958	0.43345527378304943	1.22e-321
EXO1_0_multinomial_train1	0.08448130273968525	0.6170362985058776	0.050460308624188675	0.011900670408028079	0.23612141972222034
RNF168_0_multinomial_train1	0.09080108991074431	0.5421613798920413	0.2023558050098977	0.005299383496485984	0.15938234169083074
RNF168_0_multinomial_train1.1	0.10136421533397344	0.5817543329055547	0.20265660081455403	1.4e-321	0.11422485094591782
EXO1_0_multinomial_train1.1	0.07682296446400426	0.5772112246859973	0.06442962835014432	0.08995287948258637	0.19158330301726767
RNF168_0_multinomial_train1.2	0.09003521211552339	0.5661326471194768	0.2170843017498263	0.05817120789723223	0.06857663111794135
RNF168_0_multinomial_train1.3	0.0945351977170672	0.5061530843310331	0.14955493197157416	0.033900081559958856	0.21585670442036675
RNF168_0_multinomial_train1.4	0.11157051238292313	0.5287556629567447	0.1786565060395532	0.043999146807344014	0.13701817181343492
RNF168_0_multinomial_train1.5	0.021822609889512744	0.5654365258843509	0.21868636185772297	2.18e-321	0.1940545023684133
RNF168_0_multinomial_train1.6	0.10441334442142561	0.530493262177294	0.1152549836232468	1.1750418172215143e-286	0.2498384097780337
RNF168_0_multinomial_train1.7	0.06512440992456121	0.5909275326954647	0.10514976542330338	0.01971556836785501	0.21908272358881556
RNF168_0_multinomial_train1.8	0.1327631129166335	0.6114649426087417	0.10367394585584382	0.008667417547606356	0.14343058107117457
EXO1_0_multinomial_train1.2	0.031086956458043453	0.5792097919275132	0.15552633608330396	0.01109641913789478	0.22308049639324457
EXO1_0_multinomial_train1.3	0.09529859770243988	0.6384564355958526	0.024536701572485928	0.048119784724656355	0.19358848040456525
RNF168_0_multinomial_train1.9	0.0749994579604353	0.609560065306421	0.14332790804854906	3.014e-321	0.17211256868459443
EXO1_0_multinomial_train1.4	0.056519940406168374	0.5901630880808295	0.1022958512652362	0.0029078146918571145	0.24811330555590883
EXO1_0_multinomial_train1.5	0.0681959759246629	0.5810268221915553	0.08493966450788774	0.03365018429805318	0.23218735307784094
EXO1_0_multinomial_train1.6	0.05868545895493221	0.5916381945823919	0.09159446013824679	2.742954932466498e-90	0.25808188632442913
EXO1_0_multinomial_train1.7	0.07339506479088977	0.589446880345901	0.0522486965402343	0.028931420531016924	0.2559779377919581
EXO1_0_multinomial_train1.8	0.056835771139492175	0.5242796014874075	0.12671992035831714	0.025465851866331247	0.266698855148452
RNF168_0_multinomial_train1.10	0.16738943671706835	0.5211808396870177	0.06558506267831125	4.1363902609270845e-205	0.2458446609176026
EXO1_0_multinomial_train1.9	0.04661330594211128	0.6479641265397624	0.06868479062016193	0.057104517390368724	0.17963325950759554
RNF168_0_multinomial_train1.11	0.04389470017953196	0.5553026363124199	0.1712110569796722	0.014715831573135638	0.21487577495524018
RNF168_0_multinomial_train1.12	0.08555013574882539	0.5721366138931845	0.1568914467372939	0.05806253129922662	0.12735927232146965
EXO1_0_multinomial_train1.10	0.042575895976504984	0.5978051107858211	0.08833474687401986	0.02900486725278151	0.24227937911087258
EXO1_0_multinomial_train1.11	0.06712661359097873	0.5604331352429744	0.07603613457520489	0.03771915583722725	0.2586849607536147
RNF168_0_multinomial_train1.13	0.08236884203854704	0.5729783817271624	0.06937086091435461	0.16278182263059468	0.11250009268934119
RNF168_0_multinomial_train1.14	0.09161797589975226	0.5513415543118102	0.17006252590223347	0.026375945712802096	0.16060199817340184
RNF168_0_multinomial_train1.15	0.08107289307791336	0.5808017772625318	0.07117110424653136	0.0278695740374176	0.23908465137560586
RNF168_0_multinomial_train1.16	0.10827562760096542	0.5452852318210072	0.15780252607421646	0.021019230433790278	0.16761738407002047
EXO1_0_multinomial_train1.12	0.09014046189266837	0.6070190880665018	0.0877370201114815	0.003957605659975354	0.21114582426937303
RNF168_0_multinomial_train1.17	0.07627192906035729	0.5108919772064191	0.19073932487732045	0.03107652284306003	0.19102024601284306
EXO1_0_multinomial_train1.13	0.08673189132250685	0.5822730993222596	0.0876786809129236	0.006462990594580546	0.23685333784772927
RNF168_0_multinomial_train1.18	0.11719899302435065	0.5454800930778707	0.19880155407721972	3.627318205971174e-306	0.13851935982055896
EXO1_0_multinomial_train1.14	0.07511089418597325	0.5831698821552725	0.06688266003972493	0.02283130626315679	0.25200525735587237
RNF168_0_multinomial_train1.19	0.08795311576271782	0.6559575598204209	0.07703741569012064	0.022276127703791147	0.1567757810229494
RNF168_0_multinomial_train1.20	0.027581790893202163	0.5982879510657022	0.12638303160335326	6.082132382147634e-119	0.24774722643774255
EXO1_0_multinomial_train1.15	0.062247691292391855	0.5745618937401985	0.09494280379007866	0.02311467022009976	0.24513294095723134
RNF168_0_multinomial_train1.21	0.12994833380189413	0.551547256880781	0.09988191242402242	0.009183110650406666	0.20943938624289554
RNF168_0_multinomial_train1.22	0.10183389122568896	0.4696926840969098	0.18396308911443332	0.04079756529025826	0.20371277027270965
EXO1_0_multinomial_train1.16	0.04522079173001778	0.5553407583788275	0.10209829516767353	0.02015545100457913	0.2771847037189022
EXO1_0_multinomial_train1.17	0.047639608468531526	0.6050053732084171	0.0971366943314734	0.027043005012740182	0.22317531897883763
RNF168_0_multinomial_train1.23	0.0932505637403829	0.640391823569062	0.06849938071160908	4.472865468296581e-05	0.197813503324263
EXO1_0_multinomial_train1.18	0.051277943954078246	0.5327009950075249	0.1176467013917261	0.031397785133141634	0.26697657451352913
RNF168_0_multinomial_train1.24	0.05948515766276907	0.6396631660008185	0.16760547185555044	0.00029321385862637287	0.13295299062223556
RNF168_0_multinomial_train1.25	0.05874718163674334	0.5845929925142621	0.19860288727882322	0.0062660215792897135	0.15179091699088162
RNF168_0_multinomial_train1.26	0.05794217868671827	0.6137160098498096	0.12220640566738841	2.816e-321	0.2061354057960838
RNF168_0_multinomial_train1.27	0.13446372511024204	0.4762448186319387	0.21221437057662296	0.001961002152556572	0.17511608352863958
RNF168_0_multinomial_train1.28	0.06282838158966554	0.6050984982560994	0.1368986934089241	0.024275830003954963	0.17089859674135585
EXO1_0_multinomial_train1.19	0.042228199172357844	0.5507398250478265	0.12687141990085335	0.05538127308879542	0.22477928279016696
RNF168_0_multinomial_train1.29	0.0549009769329095	0.5849773247797609	0.13623236355143642	0.020935976824392428	0.2029533579115007
EXO1_0_multinomial_train1.20	0.06503856717454184	0.5685111242158726	0.10482260460540338	0.026254394424986487	0.23537330957919567
RNF168_0_multinomial_train1.30	0.0881596856973489	0.5908545833355581	0.15228363116796426	0.004328376432354177	0.1643737233667745
RNF168_0_multinomial_train1.31	0.06932568848938897	0.5608320985367282	0.1751771530470076	0.02332421930738387	0.17134084061949156
RNF168_0_multinomial_train1.32	0.0854781829424573	0.6223470483172797	0.13287605776010503	0.014476138771752278	0.14482257220840564
RNF168_0_multinomial_train1.33	0.06210487055965054	0.5199061499732777	0.23605024900929747	1.023e-321	0.18193873045777417
EXO1_0_multinomial_train1.21	0.06553476319213118	0.5951798237931311	0.06302173198175019	2.112747602887079e-178	0.2762636810329877
RNF168_0_multinomial_train1.34	0.08619001705880298	0.6961613373745155	0.08066816866868777	7.26e-322	0.1369804768979939
EXO1_0_multinomial_train1.22	0.06640179482781382	0.6115872126849262	0.07584087025972312	0.03466935959971344	0.2115007626278235
EXO1_0_multinomial_train1.23	0.06048380322277668	0.5785808391692404	0.11390559276764041	0.0053624568250568595	0.24166730801528571
RNF168_0_multinomial_train1.35	0.09158971779787309	0.5346312690974373	0.11488498116179124	3.6807037713172766e-135	0.2588940319428985
RNF168_0_multinomial_train1.36	0.08607461420960645	0.5553983182320563	0.19896579166114453	0.0024386056195305665	0.15712267027766214
EXO1_0_multinomial_train1.24	0.06628877639955293	0.614071658325807	0.13219884236969986	0.021063492667344835	0.16637723023759543
RNF168_0_multinomial_train1.37	0.06459017706794698	0.5736415127501606	0.15661881514965306	1.7686208637039994e-266	0.20514949503223917
EXO1_0_multinomial_train1.25	0.07562605052455745	0.5494549737134728	0.10908883308195838	0.049548352017604665	0.21628179066240646
RNF168_0_multinomial_train1.38	0.09685267649384849	0.6444914034057266	0.15095157222967245	7.11954976558e-312	0.10770434787075232
EXO1_0_multinomial_train1.26	0.041380812246663685	0.6132183407329717	0.10826111395830837	0.03384172608203048	0.20329800698002573
EXO1_0_multinomial_train1.27	0.04808991009176012	0.6026443318395263	0.12426332434891826	0.002260597155260514	0.22274183656453475
EXO1_0_multinomial_train1.28	0.050129076512593504	0.5964475932651232	0.11588741690427815	0.004177051402585223	0.23335886191542002
EXO1_0_multinomial_train1.29	0.06273991899496022	0.5986466354540654	0.11115833990637157	0.007999078457766796	0.21945602718683585
EXO1_0_multinomial_train1.30	0.03574225564487244	0.5887995838750457	0.14014993206330814	4.63276935635197e-48	0.23530822841677368
RNF168_0_multinomial_train1.39	0.11544810179853672	0.5753399921011713	2.08e-321	1.279421001631426e-266	0.309211906100292
RNF168_0_multinomial_train1.40	0.13999496506508666	0.5528563549608608	0.18467980728380778	5.229638264431392e-303	0.12246887269024488
EXO1_0_multinomial_train1.31	0.04974795817244442	0.561855030139742	0.10343963854722038	0.04557838617334949	0.23937898696724377
EXO1_0_multinomial_train1.32	0.07320204811465027	0.58746735326593	0.07963780558095376	0.04149927586108683	0.21819351717737906
EXO1_0_multinomial_train1.33	0.07473090193603661	0.60334896622677	0.06261698813664295	0.026435173874428047	0.2328679698261223
RNF168_0_multinomial_train1.41	0.09191719192163215	0.6270622555053506	0.14688319350640572	2.095e-321	0.1341373590666116
RNF168_0_multinomial_train1.42	0.08480890355629726	0.6273115571278238	0.14480635722073096	6.295112446703673e-62	0.14307318209514813
EXO1_0_multinomial_train1.34	0.06631144852562132	0.5877992522252361	0.0823878633679081	0.02142001613188086	0.24208141974935346
RNF168_0_multinomial_train1.43	0.09653114852104222	0.5487290582188189	0.16408244613102815	1.947e-321	0.1906573471291108
EXO1_0_multinomial_train1.35	0.07437314542372755	0.5671092291542186	0.12470289399329741	0.005687984780930313	0.22812674664782612
EXO1_0_multinomial_train1.36	0.05547909007396091	0.5760240011231781	0.09307855035111899	0.0057407169525643285	0.2696776414991778
RNF168_0_multinomial_train1.44	0.10389995052714417	0.577764469928266	0.17294007568505296	2.89e-321	0.14539550385953692
EXO1_0_multinomial_train1.37	0.0725824951998895	0.5998473150271425	0.04352187621385212	0.015180289499044056	0.26886802406007193
RNF168_0_multinomial_train1.45	0.08395076277193833	0.5614775563850665	0.19632549800032453	2.673e-321	0.15824618284267072
RNF168_0_multinomial_train1.46	0.0981654090588628	0.624176907598336	0.10155898927029386	2.261059773966583e-171	0.17609869407250733
RNF168_0_multinomial_train1.47	0.034788935645187244	0.597266336926363	0.2084024308151896	0.013377443795565817	0.14616485281769434
RNF168_0_multinomial_train1.48	0.026442408693606367	0.5696711785576519	0.2498910337630182	2.2e-321	0.15399537898572366
RNF168_0_multinomial_train1.49	0.10117206119467409	0.5381167631887165	0.13368918819737963	0.019247782030884064	0.2077742053883455
RNF168_0_multinomial_train1.50	0.07957462901059947	0.5468073630456849	0.1052836993115235	0.02697625072828699	0.2413580579039053
EXO1_0_multinomial_train1.38	0.08778997477324786	0.6167843352160876	0.08214731177426907	0.005700277996508282	0.20757810023988726
RNF168_0_multinomial_train1.51	0.05555744571724159	0.5756194859287433	0.20415004696764413	0.018517488857236794	0.14615553252913396
RNF168_0_multinomial_train1.52	0.09393868752792134	0.5363168496288067	0.09193682462590562	0.08126491991991394	0.19654271829745248
EXO1_0_multinomial_train1.39	0.08401017713115658	0.54076131636593	0.06279091150574781	0.053737547027833586	0.25870004796933205
EXO1_0_multinomial_train1.40	0.07880043487075156	0.5721472478036641	0.07520335034663003	0.0433200882058543	0.23052887877310008
RNF168_0_multinomial_train1.53	0.11181207798781156	0.5723208704168606	0.15929213066773426	0.005148176764909392	0.151426744162684
EXO1_0_multinomial_train1.41	0.0222840926381458	0.5702870247908594	0.142860045680715	0.057323261614786694	0.20724557527549298
EXO1_0_multinomial_train1.42	0.04440164514785297	0.5882146957722703	0.13973002589669922	0.0024215698177174863	0.22523206336546017
RNF168_0_multinomial_train1.54	0.1227282826817013	0.5154647159233601	0.19281712390034755	1.37e-321	0.16898987749459088
OGG1_0_multinomial_train1	0.8221037002588137	3.7686810365236504e-81	0.1244547522080608	0.022864916209566103	0.030576631323559207
UNG_0_multinomial_train1	0.11697590990537758	0.013082337314285803	0.19732566477343674	0.049605655035873976	0.623010432971026
UNG_0_multinomial_train1.1	0.15890073706126132	0.06629730569010524	0.28230969981699866	0.014677020378620743	0.4778152370530141
UNG_0_multinomial_train1.2	0.14092527989947776	0.0851090601819016	0.23283235289018384	1.784e-321	0.5411333070284369
OGG1_0_multinomial_train1.1	0.8085289172728976	0.0031162415594812374	0.06996642567546683	0.10420611480512249	0.014182300687031992
UNG_0_multinomial_train1.3	0.1422678714060944	0.14980515452409154	0.2010614464977626	0.01978648467513236	0.48707904289691917
OGG1_0_multinomial_train1.2	0.851292065671714	0.011168883823925852	4.044525792165482e-286	0.10178806583966768	0.03575098466469245
OGG1_0_multinomial_train1.3	0.8824104413877316	0.026340468977024443	0.016293937413469066	0.05459185248708209	0.02036329973469266
UNG_0_multinomial_train1.4	0.11266035544037782	0.025230419886020834	0.3415994126711787	1.81e-321	0.5205098120024226
UNG_0_multinomial_train1.5	0.09798979035387244	0.0942775193502873	0.24513472146177476	8.35e-322	0.5625979688340654
OGG1_0_multinomial_train1.4	0.9229780353162068	3.597e-321	5.5368349696383474e-129	0.07556064708168606	0.0014613176021069593
OGG1_0_multinomial_train1.5	0.8586388703361583	0.016481089108758444	8.209461578053895e-168	0.12488004055508316	2.673201156261059e-74
UNG_0_multinomial_train1.6	0.1278470898064152	0.12008987591251087	0.08017738164240307	2.8790514460898225e-169	0.6718856526386708
UNG_0_multinomial_train1.7	0.24070585620391907	0.050078517668823895	0.16173658494390483	0.06254758478404746	0.4849314563993048
UNG_0_multinomial_train1.8	0.08759671445974249	8.392272479653469e-184	0.332605719732555	1.12e-321	0.5797975658077026
OGG1_0_multinomial_train1.6	0.8570265595032119	7.84434462551678e-166	0.010265891374546445	0.07604017286967489	0.05666737625256653
UNG_0_multinomial_train1.9	0.10691128870211175	0.10441423789318807	0.25381745599463473	2.183232016171494e-14	0.5348570174100435
OGG1_0_multinomial_train1.7	0.8478656426273709	1.0390756107084733e-05	0.08756528193996645	0.0589425316962774	0.005616152980278122
UNG_0_multinomial_train1.10	0.07886792724251333	0.06855449773149351	0.37594218973066656	5.43e-322	0.47663538529532656
OGG1_0_multinomial_train1.8	0.7671536095081284	0.09062894580312754	0.04940431966659038	2.737e-321	0.09281312502215379
UNG_0_multinomial_train1.11	0.11302741470155173	0.05124800795344567	0.34957455468294196	1.917e-321	0.48615002266206075
OGG1_0_multinomial_train1.9	0.8397629321769032	2.782954491866122e-98	0.0897509075866694	0.06473191457764092	0.005754245658786583
OGG1_0_multinomial_train1.10	0.8147840238253341	2.233e-321	0.12916162500288217	0.05605435117178357	5.4079336048687656e-80
OGG1_0_multinomial_train1.11	0.8952777951182758	0.0027993991454075364	1.952463457822234e-23	0.10192280573631662	3.2449145343642746e-26
UNG_0_multinomial_train1.12	0.06000034346970614	0.12832369485157855	0.27194135398754066	7.76e-322	0.5397346076911749
UNG_0_multinomial_train1.13	0.11712797711588037	0.06717564103079304	0.2667744339909652	1.59e-321	0.5489219478623615
UNG_0_multinomial_train1.14	0.06417630489813078	0.11148022780947313	0.27793199953675934	2.124e-321	0.5464114677556368
OGG1_0_multinomial_train1.12	0.8840247798994187	0.012388664556870809	1.0014174742796085e-215	0.075481966845249	0.02810458869846157
OGG1_0_multinomial_train1.13	0.8054903125706023	5.425e-321	0.09741483766450532	0.03770377874557331	0.059391071019319036
UNG_0_multinomial_train1.15	0.1215004605317029	9.336494741180158e-43	0.35547208422417487	0.017842030689722645	0.5051854245543996
UNG_0_multinomial_train1.16	0.17389334047446606	0.07228454738896749	0.23375919561264621	2.204e-321	0.5200629165239203
UNG_0_multinomial_train1.17	0.1588489338053592	0.0680501953027337	0.18956153510565668	1.107e-321	0.5835393357862504
OGG1_0_multinomial_train1.14	0.8354048597633278	3.317301288854657e-86	0.11410928929986276	0.050485850936809414	1.374e-321
UNG_0_multinomial_train1.18	0.07961604847054998	0.002819060906723233	0.42106960003926686	1.3752158957262545e-187	0.49649529058345987
OGG1_0_multinomial_train1.15	0.7765740553644667	0.038619261777530195	0.12013314287025968	0.06467353998774343	6.11969950816711e-58
UNG_0_multinomial_train1.19	0.12335971374677056	0.04674840837337719	0.3061328205414491	0.026891142940580485	0.49686791439782274
OGG1_0_multinomial_train1.16	0.8190414490302811	0.010664090529217025	0.06850537426709041	0.0476091238624636	0.05417996231094783
UNG_0_multinomial_train1.20	0.12363029429180314	0.059524467931669274	0.2505796397597392	1.0105682724698593e-30	0.5662655980167886
UNG_0_multinomial_train1.21	0.13411391105076176	0.10336314429395733	0.20521756408256908	0.051552548711050875	0.505752831861661
OGG1_0_multinomial_train1.17	0.8740957248733485	4.179786450548711e-52	0.008302089637971938	0.09715804117068898	0.02044414431799062
UNG_0_multinomial_train1.22	0.07134956178204338	1.1799753218536979e-173	0.37462111291169387	2.72605567e-316	0.5540293253062627
UNG_0_multinomial_train1.23	0.04471916044411804	0.011067762311800108	0.44932158865132105	0.008045025487237654	0.48684646310552326
UNG_0_multinomial_train1.24	0.13819324040208375	0.07427866009581628	0.24924365662732834	1.6088492764923894e-97	0.5382844428747715
OGG1_0_multinomial_train1.18	0.7863504786239929	0.01608125863831952	0.14074540001070024	0.023330748346806856	0.03349211438018064
UNG_0_multinomial_train1.25	0.13879740563175408	0.09931722471931294	0.3358184390060105	8.4e-322	0.42606693064292245
OGG1_0_multinomial_train1.19	0.8215638580933741	0.014380574749597188	0.050186313028605475	0.09598701077915857	0.017882243349264575
UNG_0_multinomial_train1.26	0.08992271206368915	2.3309543279953426e-191	0.2629005316038248	0.09902776820364861	0.5481489881288375
OGG1_0_multinomial_train1.20	0.7656605167239176	0.040307087929949664	0.12880146525337174	0.06523093009276101	3.253206450342292e-225
UNG_0_multinomial_train1.27	0.10511660711531944	0.10145910220192364	0.35222290207309265	1.245e-321	0.4412013886096642
OGG1_0_multinomial_train1.21	0.7078368165778138	5.114e-321	0.22898311707931304	0.06318006634287301	4.6995005392044706e-129
OGG1_0_multinomial_train1.22	0.8210884988400698	0.034801759846247234	0.10182854219564738	0.004985892356057771	0.03729530676197783
UNG_0_multinomial_train1.28	0.11423255049532424	0.08529366405376146	0.17567430456698152	8.4e-322	0.6247994808839327
UNG_0_multinomial_train1.29	0.14703860013365777	0.015189528700611602	0.2756750006407566	1.4522201517113338e-50	0.562096870524974
OGG1_0_multinomial_train1.23	0.8739121392419622	4.807e-321	0.05103433331829185	0.07505352743974578	1.1299367181259144e-283
OGG1_0_multinomial_train1.24	0.836119957575199	2.1e-321	0.049994928667401926	0.11388511375739907	2.06e-321
OGG1_0_multinomial_train1.25	0.7320088681786471	0.05133433737054163	0.1898551689543566	0.026801625496454703	4.869832504971451e-172
OGG1_0_multinomial_train1.26	0.8319611773317587	2.633e-321	0.14218691025950372	0.025851912408737642	2.984e-321
UNG_0_multinomial_train1.30	0.15561244826393375	0.00033664903655865086	0.24045146114111532	9.306557411825835e-53	0.6035994415583924
OGG1_0_multinomial_train1.27	0.8375502715011336	1.2630337813371959e-143	0.08314998388620803	0.07929974461265843	8.07080924735706e-242
OGG1_0_multinomial_train1.28	0.791168483965743	0.023239855275635223	0.105279715634086	0.06043209900875756	0.01987984611577804
UNG_0_multinomial_train1.31	0.11387221986643922	0.045618359021194786	0.3909995265264057	1.8803452423510634e-73	0.44950989458596047
UNG_0_multinomial_train1.32	0.16150626570627505	0.055177647523947854	0.16074323999812826	2.46e-321	0.6225728467716488
UNG_0_multinomial_train1.33	0.09301715701865301	0.0764969339898639	0.27594104878615716	8.1e-322	0.5545448602053258
OGG1_0_multinomial_train1.29	0.7602211453082021	0.014049184826685114	0.18845241416820646	0.03231803597448318	0.004959219722423026
OGG1_0_multinomial_train1.30	0.7919671173463508	2.633e-321	0.11682346763342953	0.0912094150202196	5.4900531290215535e-67
UNG_0_multinomial_train1.34	0.15313846814401227	0.06469845771554973	0.20195086398022954	0.019877993447726384	0.560334216712482
OGG1_0_multinomial_train1.31	0.7991554956965962	3.2767489793988158e-196	0.1180931140950496	0.08275139020835436	2.767e-321
UNG_0_multinomial_train1.35	0.13298123741377893	0.1566292338651207	0.1378472776532862	0.03656511601979112	0.5359771350480231
UNG_0_multinomial_train1.36	0.09567102706684417	0.05509846588138717	0.3300082364645804	8.35e-322	0.5192222705871883
UNG_0_multinomial_train1.37	0.08179811048097262	0.1056154043292828	0.19246251113094368	1.09e-321	0.6201239740588009
OGG1_0_multinomial_train1.32	0.8009357186085745	0.04089255313015312	0.029472475942301474	0.07429837750977589	0.054400874809195116
UNG_0_multinomial_train1.38	0.10777667208016213	0.12595982423779034	0.29052647659960895	5.12357834547507e-31	0.4757370270824386
OGG1_0_multinomial_train1.33	0.7571650251132999	0.010122260020091981	0.17389648710534367	0.04044387185810269	0.018372355903161774
OGG1_0_multinomial_train1.34	0.8022685243014009	0.022941837143515227	0.09584696912505004	0.04224477853404268	0.036697890895990966
OGG1_0_multinomial_train1.35	0.7974726428659704	2.686304596887537e-51	0.12098282674465288	0.08154453038937658	5.861870908862853e-204
OGG1_0_multinomial_train1.36	0.888527398668175	0.01790937520505143	0.015487037660900161	0.03986202517395872	0.03821416329191462
OGG1_0_multinomial_train1.37	0.8329657720452517	7.646273541683414e-137	0.13501126842043806	0.0158884223126463	0.016134537221663785
OGG1_0_multinomial_train1.38	0.856406108716704	3.977e-321	0.057642326984470645	0.07462922728829557	0.011322337010529905
UNG_0_multinomial_train1.39	0.088283551708064	0.012159872160602618	0.31699969173907167	0.024637985236659814	0.5579188991556019
OGG1_0_multinomial_train1.39	0.7600677126499527	3.17955980613223e-165	0.11207227733461997	0.11672935436267529	0.01113065565275209
UNG_0_multinomial_train1.40	0.051560600985949515	0.12318444032322136	0.27837389598743045	7.906119176744506e-202	0.5468810627033986
OGG1_0_multinomial_train1.40	0.7948751414015581	1.1397168493831576e-289	0.1293269834143816	0.07579787518406031	1.81e-321
OGG1_0_multinomial_train1.41	0.8751323988569163	0.053793597301881615	3.854804215746348e-39	0.026784034414142992	0.04428996942705914
UNG_0_multinomial_train1.41	0.09878746132011418	0.1733216396056548	0.21750425411312208	1.78e-321	0.510386644961109
OGG1_0_multinomial_train1.42	0.8441813506530225	0.0023052835226192486	0.09228286482667444	0.03402486492961892	0.027205636068065028
UNG_0_multinomial_train1.42	0.04481723219026283	0.10451548086607934	0.3267014840856553	1.29e-321	0.5239658028580025
OGG1_0_multinomial_train1.43	0.8340194580544174	0.026116147468561227	0.08717137575687167	0.05269301872014964	7.507347768975459e-184
OGG1_0_multinomial_train1.44	0.7726890600880688	0.050739317170594704	0.127222983587914	0.020044024911546224	0.0293046142418764
OGG1_0_multinomial_train1.45	0.8081458553615437	9.65556153191304e-290	0.1584467584349655	0.033407386203467566	2.3193089121534974e-14
OGG1_0_multinomial_train1.46	0.7625051792284735	0.007972685129060929	0.19065138679689927	0.0335177138948236	0.005353034950742637
UNG_0_multinomial_train1.43	0.15736634823768963	4.634e-321	0.25507942839443654	0.04121658717845487	0.546337636189419
OGG1_0_multinomial_train1.47	0.7898480051394411	0.039856921945039585	0.1258660649400309	0.044429007975488294	6.746793140070325e-139
OGG1_0_multinomial_train1.48	0.7795367086505155	2.8e-321	0.12489448929434564	0.06633222044863231	0.029236581606506523
OGG1_0_multinomial_train1.49	0.7907542923465936	0.029756197694582414	0.1293738115707626	0.0446978768621429	0.005417821525918633
OGG1_0_multinomial_train1.50	0.837224740210802	4.10121516e-316	0.04819590327771199	0.10332860667320459	0.011250749838281445
UNG_0_multinomial_train1.44	0.16227630543386365	0.12309967533841434	0.16854732794650476	0.03006891800003714	0.5160077732811801
OGG1_0_multinomial_train1.51	0.8036529893016661	0.06914501042975976	1.8641304951608973e-55	0.07397853978431346	0.05322346048426059
OGG1_0_multinomial_train1.52	0.8661379189880682	0.022266318160046848	0.024710279485782187	0.05860384835693225	0.028281635009170365
ATP2B4_0_multinomial_train1	0.30673241148141606	0.11083325785144028	0.3133130196076438	0.10243615654936847	0.1666851545101315
ATP2B4_1_multinomial_train1	0.29033455908730466	0.021617808518539765	0.5007254652159457	0.1093207506149735	0.07800141656323628
ATP2B4_0_multinomial_train1.1	0.24211671817493655	0.18780394456755756	0.4431980263029973	2.2325018998420833e-22	0.12688131095450855
ATP2B4_1_multinomial_train1.1	0.36451040247456473	0.06369026807410244	0.5097009372368617	0.05340374304526033	0.008694649169210802
ATP2B4_1_multinomial_train1.2	0.41068612366985136	0.07018009544595394	0.4312770152888191	0.08785676559537563	1.6395318209394924e-298
ATP2B4_1_multinomial_train1.3	0.2151302610774261	0.06175646346136039	0.6515319233811064	0.06485650579353054	0.0067248462865763005
ATP2B4_0_multinomial_train1.2	0.2573912421136895	0.20206423613864472	0.39099684020523884	9.34e-322	0.14954768154242679
ATP2B4_1_multinomial_train1.4	0.4200391268227918	1.813e-321	0.4585205419086732	0.121440331268535	1.107183888041408e-213
ATP2B4_0_multinomial_train1.3	0.20892210393983401	0.20899232748487373	0.4453900062585552	1.354e-321	0.13669556231673707
ATP2B4_0_multinomial_train1.4	0.23609095587903622	0.1043467503494347	0.4536966428850656	0.01539705321605925	0.19046859767040425
ATP2B4_0_multinomial_train1.5	0.27212438077362744	0.10619861373679121	0.42139451406551376	0.02632549638624342	0.17395699503782427
ATP2B4_0_multinomial_train1.6	0.24816757565414171	0.15846184195351753	0.39444068155518996	1.6437133043042162e-62	0.19892990083715087
ATP2B4_1_multinomial_train1.5	0.47813709873196397	0.0595315056323024	0.3392852705128696	0.12304612512286402	1.1791338310058962e-165
ATP2B4_0_multinomial_train1.7	0.3436546315935902	0.09300301951627558	0.35777733593429817	0.06340875767732727	0.14215625527850867
ATP2B4_1_multinomial_train1.6	0.4688494686999616	3.842704405455334e-80	0.3944626707082936	0.13668786059174487	8.35e-322
ATP2B4_1_multinomial_train1.7	0.38638492339843494	4.204e-321	0.45044931942907973	0.14632002380306477	0.016845733369420527
ATP2B4_1_multinomial_train1.8	0.2586260492293794	5.560553486717838e-06	0.53665549254674	0.19185603210130509	0.012856865569088634
ATP2B4_1_multinomial_train1.9	0.40690659740223767	0.08510405407659785	0.4055367163865682	0.09265246234529759	0.009800169789298617
ATP2B4_1_multinomial_train1.10	0.36420016163397884	0.09127619729585665	0.3960460323563255	0.14847760871383894	8.582142896724473e-250
ATP2B4_1_multinomial_train1.11	0.31253846345761116	1.2672518757553087e-40	0.5578080933701042	0.12965343786134198	5.3109425246459285e-09
ATP2B4_1_multinomial_train1.12	0.316282807681865	0.016382477411961884	0.5484739339718252	0.11886078093434796	3.3570523743923194e-308
ATP2B4_1_multinomial_train1.13	0.37169306296004434	0.06064977639174558	0.5100430202398218	0.05761414040838806	1.553351326630008e-223
ATP2B4_0_multinomial_train1.8	0.23721871260071228	0.21018810263190246	0.42269496826455666	0.0356721548401184	0.0942260616627102
ATP2B4_1_multinomial_train1.14	0.4434045719492218	0.0018607275200776044	0.3502036621288686	0.13070758368397883	0.07382345471785326
ATP2B4_1_multinomial_train1.15	0.3602275656129049	0.08281897460513025	0.4220328302280666	0.11559031065898018	0.01933031889491803
ATP2B4_0_multinomial_train1.9	0.3041318436644123	0.12863696017685705	0.3174937800915766	0.04585872113898794	0.20387869492816618
ATP2B4_0_multinomial_train1.10	0.2235997997539932	0.1465461656975826	0.5208862064151534	1.19e-321	0.1089678281332706
ATP2B4_0_multinomial_train1.11	0.22111259032358374	0.1359819108461351	0.4832255342233377	0.06862744613102932	0.09105251847591406
ATP2B4_1_multinomial_train1.16	0.41070469763562106	2.27e-321	0.41755980112624724	0.16316513060913873	0.008570370628992846
ATP2B4_0_multinomial_train1.12	0.24097308501472375	0.24208288908444056	0.3452428556560878	0.0018765945098555223	0.16982457573489224
ATP2B4_0_multinomial_train1.13	0.20554014404808227	0.22826612183232087	0.3974193250755673	2.717e-321	0.1687744090440296
ATP2B4_0_multinomial_train1.14	0.2743028393563795	0.1058333904973523	0.4534134167471985	0.10139139865392499	0.06505895474514492
ATP2B4_0_multinomial_train1.15	0.2589625208904849	0.16868102415600958	0.4475765941662375	3.8478727081540875e-171	0.12477986078726812
ATP2B4_1_multinomial_train1.17	0.30185624220041046	8.976787541309549e-40	0.553199792957249	0.13390842886442106	0.011035535977919434
ATP2B4_1_multinomial_train1.18	0.44672637827972783	0.010595705646312376	0.41639223789448393	0.09735554974307821	0.02893012843639757
ATP2B4_1_multinomial_train1.19	0.43451987008089477	0.1039222670856828	0.321694083716376	0.08672003527966303	0.053143743837383565
ATP2B4_1_multinomial_train1.20	0.341440900165074	0.004449640098991116	0.44942615488777327	0.10620021010694028	0.0984830947412213
ATP2B4_0_multinomial_train1.16	0.2894574273485587	0.21221556662988378	0.3433547472170796	7.057320416586076e-81	0.15497225880447776
ATP2B4_1_multinomial_train1.21	0.33629616428057096	0.0718822165412874	0.46670536446369415	0.12511625471444754	1.724e-321
ATP2B4_1_multinomial_train1.22	0.35073004469976216	0.1527513486015904	0.41518005548003445	0.06368956393215491	0.0176489872864583
ATP2B4_0_multinomial_train1.17	0.25082039124748956	0.09775108931235031	0.45303051125583693	0.012363307054596756	0.1860347011297264
ATP2B4_0_multinomial_train1.18	0.3641267123658358	0.162233035247214	0.28445535962699536	0.04202031522877939	0.14716457753117554
ATP2B4_1_multinomial_train1.23	0.47109648248568037	5.401761669394682e-218	0.3492550570161211	0.146789573288989	0.03285888720920958
ATP2B4_1_multinomial_train1.24	0.3064731748474524	0.0489206700960987	0.4928453488298571	0.05694471884664646	0.0948160873799454
ATP2B4_0_multinomial_train1.19	0.32002891422130714	0.11520442059003137	0.3622512481666963	0.027026027109311727	0.1754893899126536
ATP2B4_1_multinomial_train1.25	0.2724317110944879	0.04899257887553143	0.5304451057263929	0.1481306043035878	1.556e-321
ATP2B4_0_multinomial_train1.20	0.29808264194277106	0.09524864365170785	0.40191389489030604	0.030830390522905513	0.17392442899230962
ATP2B4_0_multinomial_train1.21	0.4123131682614978	0.14911275713547462	0.21775235293283196	0.03135531471550998	0.18946640695468553
ATP2B4_0_multinomial_train1.22	0.33213675341570925	0.20026398179409316	0.28353543111738955	7.201603167955392e-171	0.1840638336728081
ATP2B4_0_multinomial_train1.23	0.26246308239102817	0.21236214905353848	0.3663613000361784	0.02496487147996167	0.13384859703929325
ATP2B4_0_multinomial_train1.24	0.24032821450431374	0.20032328547053596	0.45219025952208436	0.0019445639816523881	0.10521367652141339
ATP2B4_1_multinomial_train1.26	0.24362714415294948	0.07291994429165169	0.661081161362384	0.02237175019301475	7.56e-322
ATP2B4_0_multinomial_train1.25	0.33124033217326465	0.12444852495886255	0.42572663246190245	0.07418577515392295	0.04439873525204741
ATP2B4_1_multinomial_train1.27	0.379241229697873	0.12554413201285647	0.4277098105910835	0.05499618409707454	0.012508643601112495
ATP2B4_0_multinomial_train1.26	0.21985730197645903	0.21410463384615636	0.3619301242469015	5.4e-322	0.20410793993048315
ATP2B4_1_multinomial_train1.28	0.3254282339084358	0.0004298807697837451	0.5219700168332033	0.15217186848857694	1.17e-321
ATP2B4_0_multinomial_train1.27	0.2366765230205212	0.17149501572223694	0.37204776721291843	0.07657626496752319	0.14320442907680006
ATP2B4_1_multinomial_train1.29	0.27076181258898524	0.04860134262740241	0.5172416783046909	0.16339516647892138	1.2741276335163253e-240
ATP2B4_0_multinomial_train1.28	0.27921337175726385	0.1790837361062274	0.32617222061365425	0.003604708010861181	0.2119259635119933
ATP2B4_0_multinomial_train1.29	0.33108673244327064	0.181026661138258	0.3577377110448351	0.0026894404352467696	0.12745945493838967
ATP2B4_0_multinomial_train1.30	0.3658167499957471	0.1739334849212157	0.2774761484885326	0.019643971383829808	0.16312964521067483
ATP2B4_0_multinomial_train1.31	0.1666237037062092	0.1539074219544518	0.4680153286874512	0.05296215154980465	0.15849139410208316
ATP2B4_1_multinomial_train1.30	0.2663383438437221	0.14173388403554518	0.5242700516311797	0.0676577204895531	1.5466899960575108e-137
ATP2B4_1_multinomial_train1.31	0.3576884052027956	0.007979454139332272	0.533436271969256	0.1008958686886159	1.003e-321
ATP2B4_1_multinomial_train1.32	0.3118155412298	0.09356277705220688	0.5389146620661205	0.05570701965187257	4.254523225606091e-49
ATP2B4_0_multinomial_train1.32	0.2705645866623684	0.24501582639414107	0.32691423503005757	2.406e-321	0.157505351913433
ATP2B4_0_multinomial_train1.33	0.27389960177433803	0.14837526672779844	0.4682431816546925	0.020498707512775424	0.0889832423303956
ATP2B4_0_multinomial_train1.34	0.2758495114407512	0.14372295498037482	0.3734380004225195	0.013526497118712625	0.1934630360376418
ATP2B4_0_multinomial_train1.35	0.19458006673535275	0.23358726447560726	0.42101026664411456	0.02373758479659875	0.12708481734832666
ATP2B4_1_multinomial_train1.33	0.3169021459807776	0.06273622287890213	0.5088631627793176	0.071140506276365	0.040357962084637586
ATP2B4_1_multinomial_train1.34	0.3313712499143936	0.13099241469060693	0.40355808958735073	0.12351702371114502	0.01056122209650351
ATP2B4_1_multinomial_train1.35	0.3727271791040338	0.009218104231930634	0.41541884009438346	0.157945713096965	0.04469016347268691
ATP2B4_1_multinomial_train1.36	0.32713466975894606	0.00018640231120961782	0.45572785791322157	0.1838465877179723	0.0331044822986504
ATP2B4_0_multinomial_train1.36	0.33172888833072	0.1934109982192154	0.3098134472619968	1.546e-321	0.16504666618806793
ATP2B4_0_multinomial_train1.37	0.21155714886923377	0.2780727370904974	0.39693207058822677	0.0008130061501720917	0.11262503730186989
ATP2B4_1_multinomial_train1.37	0.4192713543670976	1.29e-321	0.3993577478566343	0.16474891139158548	0.016621986384682545
ATP2B4_1_multinomial_train1.38	0.23155607044758225	1.9761383054374705e-195	0.6181801250491195	0.15026380450329818	1.907e-321
ATP2B4_1_multinomial_train1.39	0.34769746816745767	0.04917916186632056	0.4357545689329442	0.1673688010240837	9.193924706915277e-12
ATP2B4_1_multinomial_train1.40	0.4316812520081317	0.06188154988779168	0.4243749923893287	0.08206220571474804	1.1382909574841222e-120
ATP2B4_1_multinomial_train1.41	0.3647499551653322	0.04393257108703716	0.4512112169338277	0.11637346540248984	0.02373279141131296
ATP2B4_1_multinomial_train1.42	0.43273898903774577	0.07169880770779068	0.3903164720248241	0.10524573122963952	1.24e-321
ATP2B4_0_multinomial_train1.38	0.19644134150144488	0.07905528979434275	0.5356926502596713	0.04415446701209489	0.14465625143244606
ATP2B4_0_multinomial_train1.39	0.2639258117807433	0.1728380588267945	0.3472898445547441	0.02377088822452424	0.19217539661319405
ATP2B4_0_multinomial_train1.40	0.3383667417436265	0.109451888345045	0.393080193861162	0.02547167054684382	0.13362950550332262
ATP2B4_1_multinomial_train1.43	0.3830276758159918	0.0033367219743458067	0.44292230806142396	0.1482586841728456	0.02245460997539268
ATP2B4_0_multinomial_train1.41	0.23592033026369397	0.1590055829863989	0.44098701050866773	6.774280961630233e-76	0.16408707624123953
ATP2B4_0_multinomial_train1.42	0.3258147887187792	0.19183619072439012	0.32491137792501545	8.133207733848658e-252	0.15743764263181512
ATP2B4_0_multinomial_train1.43	0.2564253322441278	0.12805762585130612	0.44005616900241884	1.937e-321	0.1754608729021472
ATP2B4_0_multinomial_train1.44	0.2199600808755789	0.27388587359937305	0.3289185592124244	0.029432644594533958	0.14780284171808952
ATP2B4_1_multinomial_train1.44	0.3655312256545989	0.09219680453935335	0.5046667084224021	0.037605261383637234	8.30154293719742e-15
ATP2B4_0_multinomial_train1.45	0.30489792885122446	0.19635296443778638	0.3250968096028741	0.023328875582961248	0.1503234215251537
ATP2B4_1_multinomial_train1.45	0.37693449555555214	0.1549137149169606	0.3969974336713481	0.07115435585613904	1.8140146642750228e-65
ATP2B4_0_multinomial_train1.46	0.23061639681679616	0.1369840162238418	0.5142781549932937	0.03162387365697647	0.08649755830909174
ATP2B4_0_multinomial_train1.47	0.2327223698552959	0.14397038560893963	0.4542929562111431	0.053592485167838766	0.1154218031567826
ATP2B4_0_multinomial_train1.48	0.24115196909909567	0.13913073418588542	0.46326075031288505	0.007546356338618339	0.14891019006351547
ATP2B4_1_multinomial_train1.46	0.21333701044468975	0.051383593891340784	0.6837917222466251	0.05148767341734437	5.214661189749087e-24
ATP2B4_1_multinomial_train1.47	0.26615203360392337	0.026281715374404158	0.5990372299247194	0.10852902109695299	1.685e-321
ATP2B4_1_multinomial_train1.48	0.37902051110180757	0.08098901534396842	0.37354613388965746	0.11682841643430437	0.04961592323026217
PMS1_0_multinomial_train1	0.1644527281252306	0.025678256345840516	0.4572839713828487	0.2467142925483023	0.10587075159777805
MSH6_1_multinomial_train1	0.020402424704670692	0.04621756432518864	0.02189291365785732	0.8112741492396937	0.10021294807258958
MSH6_0_multinomial_train1	0.004756287690384956	2.4613894341581025e-109	0.0514068532317908	0.8218499216915386	0.12198693738628576
MSH2_0_multinomial_train1	5.232915075386808e-301	1.7227039030992445e-176	0.07508791202334883	0.7585066883139602	0.16640539966269105
MSH6_0_multinomial_train1.1	0.02019072656599936	7.187805835499706e-49	0.011957909448954376	0.8275931295408108	0.14025823444423544
MLH1_0_multinomial_train1	0.001810682798072354	0.006685937410406042	4.863289815762594e-158	0.7768993852472419	0.21460399454427975
MSH6_1_multinomial_train1.1	0.03183282442431102	4.725867092292086e-33	0.010880262230069949	0.8412174207161927	0.11606949262942637
MLH1_0_multinomial_train1.1	0.01760250591352523	4.275085192402408e-290	2.19e-321	0.7915449901096011	0.19085250397687356
PMS1_0_multinomial_train1.1	0.1464646214268198	0.04265624907032178	0.48675633269224905	0.14688615449997558	0.1772366423106338
