Samples	SBS96A	SBS96B	SBS96C	SBS96D	SBS96E
EXO1_0_real_train1	0.8248443215272737	0.02195939648355854	0.02284065333948456	0.11444268908825356	0.01591293956142944
OGG1_0_real_train1	2.8574141041525887e-123	0.017006171375068102	0.07740214810481859	0.11604437423800419	0.7895473062821091
RNF168_0_real_train1	0.7948428792535327	9.319425595740114e-148	0.10898041468468643	0.07005905719534099	0.026117648866439965
UNG_0_real_train1	0.044616382230246936	1.3406761249562723e-107	0.038417823599309904	0.8311081361282725	0.08585765804217069
ATP2B4_0_real_train1	0.13665876117305448	4.752452726541079e-13	0.5649859833908105	0.18379554046014188	0.11455971497551777
ATP2B4_1_real_train1	4.101013728403608e-166	0.1054279735172006	0.7510114651421171	3.8833010624065326e-179	0.1435605613406822
MLH1_0_real_train1	2.495e-321	0.9447345252360364	1.36e-321	0.052472500293416	0.0027929744705475763
MSH2_0_real_train1	2.065e-321	0.8759232847674278	4.200246081456952e-220	0.1162108823197316	0.007865832912840648
MSH6_0_real_train1	8.611130015e-314	0.9506999059481522	1.1633067229225416e-218	0.030936549816012283	0.01836354423583555
MSH6_1_real_train1	3.0708621272751364e-272	0.9703548723432049	2.63e-321	3.518720175283702e-17	0.029645127656795004
PMS1_0_real_train1	1.1400358431908893e-237	0.21609583865023213	0.5601248742060096	0.1795284670508819	0.044250820092876245
PMS2_0_real_train1	0.4547992443397487	0.5322383717386188	3.19e-321	3.1e-322	0.012962383921632521
EXO1_0_dirichlet_train1	0.819981198358868	1.464628210034933e-145	1.873e-321	0.014228912098824445	0.16578988954230742
RNF168_0_dirichlet_train1	0.7692979121414172	1.089e-320	0.09031783281904619	0.1403842550395366	4.5e-322
RNF168_0_dirichlet_train1.1	0.8646261058481534	3.11e-321	1.571086100627104e-50	8.568570319689263e-261	0.13537389415184678
EXO1_0_dirichlet_train1.1	0.6564359646707534	0.0561458663793411	0.159574309098884	0.12784385985102145	1.15e-321
RNF168_0_dirichlet_train1.2	0.9096388020043601	6.67e-322	5.786842829642893e-141	7.76e-322	0.09036119799564006
RNF168_0_dirichlet_train1.3	0.876598927449213	2.23555013427e-311	2.396e-321	0.03109786067728789	0.09230321187349921
RNF168_0_dirichlet_train1.4	0.8807016676389456	3.84324e-319	0.09552429748061406	0.0011271980262286254	0.02264683685421163
RNF168_0_dirichlet_train1.5	0.7640383032141671	5.931635828587472e-99	1.04e-321	0.235961696785833	1.497e-321
RNF168_0_dirichlet_train1.6	0.6724043340470666	3.36e-322	0.004430640723951461	0.26544847217101253	0.057716553057969446
RNF168_0_dirichlet_train1.7	0.7846607168828967	0.08424290548243014	0.0530344491069755	2.426e-321	0.0780619285276974
RNF168_0_dirichlet_train1.8	0.8375035122631427	2.2542126989586564e-184	1.84e-321	0.05116915384091417	0.11132733389594332
EXO1_0_dirichlet_train1.2	0.6307391464169348	0.10890776576829765	6.334139743134388e-258	0.24012941299214866	0.02022367482261894
EXO1_0_dirichlet_train1.3	0.8911708857271103	0.02625991147374089	1.24e-321	0.07799422363220461	0.004574979166944161
RNF168_0_dirichlet_train1.9	0.6810338646868929	1.55e-321	0.05627787234027126	0.12430499974174834	0.13838326323108754
EXO1_0_dirichlet_train1.4	0.6692759251203688	0.02798789901513544	5.208803775676042e-193	0.30273617586449575	1.166e-321
EXO1_0_dirichlet_train1.5	0.920398445954238	4.46e-321	9.8e-322	0.07960155404576195	1.0794720460933654e-43
EXO1_0_dirichlet_train1.6	0.8771015201963444	6.97e-322	2.0563898837706088e-282	0.12289847980365579	2.1e-321
EXO1_0_dirichlet_train1.7	0.7674146533923288	0.2325853466076712	3.513e-321	3.313296362439193e-104	8.5e-322
EXO1_0_dirichlet_train1.8	0.7834038670237822	0.14320132521419723	1.176e-321	0.07339480776202076	2.87e-322
RNF168_0_dirichlet_train1.10	0.6672448596541931	0.09691086286325817	0.11292723704230252	0.12291704044024616	3.590322368224304e-277
EXO1_0_dirichlet_train1.9	0.6565253900854782	0.19781362289704793	3.5199863006614305e-298	0.02027772354544765	0.1253832634720262
RNF168_0_dirichlet_train1.11	0.752925436413786	0.06720031420910273	0.11944812380476333	0.06042612557234801	2.126197314291302e-28
RNF168_0_dirichlet_train1.12	0.72554665335286	8.9e-322	0.238788789598664	0.035664557048476	9.83e-322
EXO1_0_dirichlet_train1.10	0.8985268329994229	0.018708789341045137	0.08276389069354956	2.0250883298890622e-293	4.869659824207128e-07
EXO1_0_dirichlet_train1.11	0.7508701065084071	1.255e-321	0.032850554969694266	0.20025728753646668	0.016022050985432044
RNF168_0_dirichlet_train1.13	0.8080863703234791	0.11181232673393285	4.478088499009895e-138	0.08010130294258815	1.8865521502210872e-99
RNF168_0_dirichlet_train1.14	0.8278185708496415	0.071233799395437	0.10094762975492141	1.96e-321	2.9e-322
RNF168_0_dirichlet_train1.15	0.7458299131103854	9.2e-322	0.11930854343066898	0.13486154345894574	2.9e-322
RNF168_0_dirichlet_train1.16	0.5989631994293957	0.04220448325706927	0.19728922900504356	0.16154308830849148	3.06e-322
EXO1_0_dirichlet_train1.12	0.8362242074109474	2.945e-321	1.9019715029598737e-157	0.07598349514769655	0.08779229744135608
RNF168_0_dirichlet_train1.17	0.6600703311149986	0.19291804580911903	0.03930316926788313	2.18e-321	0.10770845380799923
EXO1_0_dirichlet_train1.13	0.9542863840303625	0.007293688788534054	0.038419927181103444	3.32e-321	5.385572645942586e-300
RNF168_0_dirichlet_train1.18	0.8641703143469256	2.5e-321	0.038652413321354696	0.0006214451226256599	0.09655582720909393
EXO1_0_dirichlet_train1.14	0.6700504549975438	0.12000643423678084	0.09393435670855359	0.030936681042697766	0.08507207301442408
RNF168_0_dirichlet_train1.19	0.7036415426680622	0.10966176486143418	0.1033816652840511	0.011835021687995804	0.07148000549845665
RNF168_0_dirichlet_train1.20	0.507045161619712	6.759236267944793e-77	0.0686431200412832	0.27984148396967173	0.144470234369333
EXO1_0_dirichlet_train1.15	0.5935726049715176	0.10814045548938779	0.026981652125240053	0.27130528741385446	6.2e-322
RNF168_0_dirichlet_train1.21	0.9786215356503501	2.56e-321	4.87900209265137e-96	8.71126756635185e-275	0.02137846434964986
RNF168_0_dirichlet_train1.22	0.7947399738136313	2.13e-321	0.14798842425106543	0.0572716019353033	3.167706941377051e-244
EXO1_0_dirichlet_train1.16	0.9454576536890782	0.01957590529285199	3.628872005511638e-301	3.1690320167899274e-196	0.03496644101806986
EXO1_0_dirichlet_train1.17	0.6808469406357227	0.05684234065676745	5.9e-322	0.26231071870750977	2.9e-322
RNF168_0_dirichlet_train1.23	0.8283285383049559	1.206e-321	3.6923994835158664e-89	0.10202398003735025	0.069647481657694
EXO1_0_dirichlet_train1.18	0.710011340014753	2.404103871404975e-248	4.122225943327234e-61	0.2437518767727319	0.04623678321251512
RNF168_0_dirichlet_train1.24	0.7525969256609079	0.019949278860766643	0.08218724165697987	0.11724841987841854	0.028018133942927136
RNF168_0_dirichlet_train1.25	0.7632769033687636	9.44e-322	0.23672309663123633	1.3e-321	1.249277305759054e-161
RNF168_0_dirichlet_train1.26	0.7305347414934894	0.11165332573285698	4.0064205863695886e-283	0.10736969803650903	0.0504422347371446
RNF168_0_dirichlet_train1.27	0.7215505185262671	0.06702252227402751	0.16540946812413257	0.04601749107557284	3.3e-322
RNF168_0_dirichlet_train1.28	0.6953039416280757	1.467e-321	0.2896169537455117	0.015079104626412446	2.96e-322
EXO1_0_dirichlet_train1.19	0.7289195887080849	0.04387143039141088	0.02902441033217851	0.19818457056832564	9.44e-322
RNF168_0_dirichlet_train1.29	0.9050782569252322	1.067e-321	0.0792117177998078	3.897541583919373e-304	0.015710025274959842
EXO1_0_dirichlet_train1.20	0.6261603115127666	0.22823388965109132	2.33e-321	0.14560579883614191	6.67e-322
RNF168_0_dirichlet_train1.30	0.6717903291769591	0.09820459012304103	0.23000508069999975	1.5983042783588024e-94	1.4e-322
RNF168_0_dirichlet_train1.31	0.9844835085122109	1.665e-321	0.006579768373516105	1.774e-321	0.008936723114272982
RNF168_0_dirichlet_train1.32	0.650924599346822	1.1544416666206181e-06	0.23733159985582794	0.11174264635568337	1.3295333157797598e-289
RNF168_0_dirichlet_train1.33	0.7641007944560947	8.573868674603782e-96	9.521577471391038e-94	0.17368889234467605	0.06221031319922929
EXO1_0_dirichlet_train1.21	0.6181287280738352	0.030290401096871505	0.25763998713930053	0.03867751105371001	0.055263372636282816
RNF168_0_dirichlet_train1.34	0.7855028234641518	0.09981691896074872	0.11468025757509946	1.51e-321	1.003e-321
EXO1_0_dirichlet_train1.22	0.7750371622253698	0.1724529767832599	3.231769060303234e-98	0.03730217038196818	0.015207690609402035
EXO1_0_dirichlet_train1.23	0.7859488077986118	0.08143724238351861	9.550149518510367e-93	0.13261394981786964	1.003e-321
RNF168_0_dirichlet_train1.35	0.4158774371546323	0.04451585883304576	0.26990670508193604	0.24193320878305635	0.027766790147329613
RNF168_0_dirichlet_train1.36	0.7915735224000038	0.06872916056462801	0.014198733973040495	1.19e-321	0.1254985830623278
EXO1_0_dirichlet_train1.24	0.9953172308072684	6.8e-322	7.280807022370741e-155	2.5184494742065185e-122	0.004682769192731537
RNF168_0_dirichlet_train1.37	0.8885222626344317	0.04163815048127769	0.040683045684105544	6.778012739134905e-86	0.029156541200184915
EXO1_0_dirichlet_train1.25	0.9950279240369589	2.41e-321	1.433e-321	1.747132485778366e-213	0.004972075963041005
RNF168_0_dirichlet_train1.38	0.6640196226000783	2.1288800844e-313	2.943907974001066e-101	0.2321294237570179	0.10385095364290381
EXO1_0_dirichlet_train1.26	0.9730018399105407	9.4e-322	1.58e-321	3.54e-321	0.02699816008945948
EXO1_0_dirichlet_train1.27	0.8269926246509596	1.2801077731329631e-258	0.0793171436741933	0.09369023167484722	2.3e-322
EXO1_0_dirichlet_train1.28	0.8863146090427376	0.05107720481271425	0.045061715057697946	1.517e-321	0.017546471086850216
EXO1_0_dirichlet_train1.29	0.8344402394195749	2.663e-321	0.0808137825014704	0.06603971519962332	0.018706262879331463
EXO1_0_dirichlet_train1.30	0.9825252378857439	0.017474760292908585	2.25e-321	1.821347632162416e-09	1.76e-321
RNF168_0_dirichlet_train1.39	0.46859368694370274	0.3254193810779703	1.823e-321	0.17068100845941442	0.03530592351891256
RNF168_0_dirichlet_train1.40	0.7961199563866082	0.05571707127800094	0.13534213783716564	1.91e-321	0.01282083449822517
EXO1_0_dirichlet_train1.31	0.7805129924343202	3.704792322634692e-78	1.353439231435514e-24	0.08681489051879407	0.13267211704688564
EXO1_0_dirichlet_train1.32	0.7088853224322423	0.1581870447790853	1.5189553995825387e-30	0.1250210263898475	0.007906606398824933
EXO1_0_dirichlet_train1.33	0.8347096435217791	1.947e-321	7.4162301877414135e-90	0.05629030183590495	0.10900005464231592
RNF168_0_dirichlet_train1.41	0.7745416487693133	0.10664674017926958	0.012494954676704417	0.06043060201858702	0.04588605435612563
RNF168_0_dirichlet_train1.42	0.878696674816369	0.0012417122277756933	0.030883012250662062	0.024115904784076048	0.06506269592111723
EXO1_0_dirichlet_train1.34	0.8150906821978641	0.1479460342024448	1.3835497362032659e-211	0.03696328359969121	3.7e-322
RNF168_0_dirichlet_train1.43	0.9053290923626413	6.67e-322	1.727223146476016e-239	0.035165757434774195	0.05950515020258456
EXO1_0_dirichlet_train1.35	0.8292790490426107	0.05033093585360801	1.369133168093352e-225	0.12039001510378115	1.72e-321
EXO1_0_dirichlet_train1.36	0.6414422980553077	0.004896433248703479	0.2722141367001001	0.05081697402658328	0.030630157969305582
RNF168_0_dirichlet_train1.44	0.759573052648639	1.609817517415114e-254	0.23739970594337334	0.0030272414079877893	4.55e-322
EXO1_0_dirichlet_train1.37	0.8603558482245046	2.204e-321	1.333802353141436e-15	0.08472413771646015	0.05492001405903396
RNF168_0_dirichlet_train1.45	0.8833699958242135	4.26745931316091e-270	1.74e-321	0.10759349032799705	0.009036513847789572
RNF168_0_dirichlet_train1.46	0.6690731642131367	1.93e-321	0.09095566624369139	0.2399711695431719	4.2e-322
RNF168_0_dirichlet_train1.47	0.7571882229506738	0.068799487650394	1.13e-321	8.05e-322	0.17401228939893207
RNF168_0_dirichlet_train1.48	0.6972332764218871	1.927e-321	0.22723182491825364	7.46e-322	0.07553489865985906
RNF168_0_dirichlet_train1.49	0.976761033713588	1.606e-321	2.366574386307679e-140	0.023238966286411946	2.204e-321
RNF168_0_dirichlet_train1.50	0.6908701357536456	0.09820972803993273	0.12713657841563616	0.0837835577907854	2.17e-322
EXO1_0_dirichlet_train1.38	0.6085913976379957	1.956e-321	0.12490485184127492	0.17095895264574695	0.09554479787498218
RNF168_0_dirichlet_train1.51	0.6820836704050338	0.15620037827449101	0.03358724000491538	0.008586694012825557	0.11954201730273412
RNF168_0_dirichlet_train1.52	0.3347412520940367	0.3096850491682499	0.02765241642908378	0.10578704341311396	0.22213423889551573
EXO1_0_dirichlet_train1.39	0.9999999999999999	1.2921608646358583e-22	1.586e-321	4.698190214897764e-171	3.6e-322
EXO1_0_dirichlet_train1.40	0.9828220781979352	4.007e-321	1.255e-321	8.107780084355585e-85	0.017177921802064632
RNF168_0_dirichlet_train1.53	0.9139648247887228	3.36e-322	0.033265126465402126	4.1953450837582e-119	0.052770048745875146
EXO1_0_dirichlet_train1.41	0.8396977057517294	1.5854701196874967e-227	0.010887607408263942	0.076619207858248	0.07279547898175871
EXO1_0_dirichlet_train1.42	0.8305309405138397	0.0993885621434621	1.47e-321	9.817919368231807e-128	0.07008049734269818
RNF168_0_dirichlet_train1.54	0.3684572562337011	3.06e-322	0.3945148239715702	0.23702791979472865	3.56e-322
OGG1_0_dirichlet_train1	2.288164462760214e-226	3.17e-321	0.21769552627276229	0.0874625953000274	0.6948418784272103
UNG_0_dirichlet_train1	0.051970935186319345	0.03302771585411071	0.11814593346586265	0.7968554154937072	9.03254600558499e-40
UNG_0_dirichlet_train1.1	0.05222382984030474	1.0981246367892667e-08	1.0768695051350507e-168	0.8193992112441278	0.12837694793432106
UNG_0_dirichlet_train1.2	1.5623782164476213e-207	1.206e-321	0.23876328251024212	0.7328250605073672	0.0284116569823906
OGG1_0_dirichlet_train1.1	8.625148223470685e-46	1.48e-321	0.5872249608030587	1.146e-321	0.41277503919694136
UNG_0_dirichlet_train1.3	0.05743591931448253	0.0476389359144393	0.20601991930669572	0.66180153444479	0.027103691019592528
OGG1_0_dirichlet_train1.2	0.03894940591007878	2.154e-321	0.13995658872846675	0.05723109716682252	0.7638629081946321
OGG1_0_dirichlet_train1.3	0.032667885561792835	1.749441600116178e-262	0.2460766061422431	0.10407439084217963	0.6171811174537846
UNG_0_dirichlet_train1.4	0.0372723765753259	1.63e-321	0.3294277924663266	0.5797222452344398	0.05357758572390774
UNG_0_dirichlet_train1.5	1.863e-321	4.64e-322	0.37288156495518243	0.5704202020832746	0.056698232961542895
OGG1_0_dirichlet_train1.4	7.5e-322	1.3e-321	0.08870830570721064	0.04363737123917502	0.8676543230536142
OGG1_0_dirichlet_train1.5	2.233e-321	0.004044166776194304	0.23923023839163762	0.03683468717210316	0.719890907660065
UNG_0_dirichlet_train1.6	0.14219307635343628	0.04133823105231897	7.95e-322	0.7301287691122331	0.08633992348201171
UNG_0_dirichlet_train1.7	3.04e-321	0.002184126389365851	0.1358407479836058	0.8214268309758873	0.04054829465114103
UNG_0_dirichlet_train1.8	2.614e-321	0.06824393936843909	1.3870516807303e-311	0.7365941991707821	0.1951618614607789
OGG1_0_dirichlet_train1.6	2.406e-321	4.6052712879512e-309	0.07245258801052412	9.679760194247634e-31	0.927547411989476
UNG_0_dirichlet_train1.9	1.5869737324639246e-193	1.996e-321	6.475286795072601e-217	0.9368953240992829	0.0631046759007171
OGG1_0_dirichlet_train1.7	2.945863915720484e-232	2.933949611572943e-159	0.4653759777972749	0.00837781726841177	0.5262462049343133
UNG_0_dirichlet_train1.10	0.0388103528937342	0.035759463101571035	6.249109036543424e-43	0.8237612129156195	0.10166897108907529
OGG1_0_dirichlet_train1.8	1.64e-321	0.06381175873911286	0.0029656221586926838	0.12233268961393852	0.8108899294882559
UNG_0_dirichlet_train1.11	2.62072366091327e-309	1.73e-321	2.3030209662797767e-236	0.8909778178775581	0.10902218212244173
OGG1_0_dirichlet_train1.9	0.10625239791237476	0.10433585678482528	3.2822748945155175e-56	7.249018061437715e-62	0.7894117453028
OGG1_0_dirichlet_train1.10	0.03164838167975366	0.027864323327177216	2.5181095408516213e-294	8.163324368216178e-184	0.9404872949930693
OGG1_0_dirichlet_train1.11	5.993932831477246e-37	0.1502097779524218	0.325119958219594	2.1401737135166623e-111	0.5246702638279843
UNG_0_dirichlet_train1.12	0.14747271178869364	4.974846e-318	1.1e-321	0.7005005682858405	0.1520267199254659
UNG_0_dirichlet_train1.13	0.1165393151557581	2.6237046315547195e-264	0.05968796816937275	0.7684395086359775	0.055333208038891656
UNG_0_dirichlet_train1.14	0.0023557594418480896	1.99e-321	0.04356531176706461	0.8803390492385218	0.07373987955256567
OGG1_0_dirichlet_train1.12	0.12016508840945347	7.7e-322	4.202243346014641e-133	0.11353884751704221	0.7662960640735044
OGG1_0_dirichlet_train1.13	3.2567916063771024e-90	0.034358638695406875	1.4010929655285983e-72	0.07897223562262386	0.8866691256819694
UNG_0_dirichlet_train1.15	1.06e-321	9.44e-322	0.18170081009189143	0.8182991899081086	1.1415952170676726e-55
UNG_0_dirichlet_train1.16	5.647079379570735e-166	0.18693872234401465	0.15860973165002804	0.6544515460059573	7.56e-322
UNG_0_dirichlet_train1.17	3.777131615980272e-267	0.09066724489011399	2.8640114334787082e-252	0.6526001220682699	0.2567326330416162
OGG1_0_dirichlet_train1.14	1.813104131844126e-202	0.10796364973803332	1.248720927163294e-41	0.29641527697064374	0.5956210732913229
UNG_0_dirichlet_train1.18	0.023880426931051055	1.96e-321	0.2770806686843457	0.6990389043846033	8e-322
OGG1_0_dirichlet_train1.15	5.753208535716955e-234	1.403e-321	0.366951271889614	0.04364038510454909	0.5894083430058368
UNG_0_dirichlet_train1.19	2.339357076921846e-232	0.23819508304215303	4.439898635358128e-164	0.7161129218704988	0.04569199508734813
OGG1_0_dirichlet_train1.16	0.030668253409657776	2.223e-321	0.36503326355541127	0.0521672785231653	0.5521312045117657
UNG_0_dirichlet_train1.20	0.07382655949175555	0.10134565700987135	1.14e-321	0.6755258386149746	0.14930194488339846
UNG_0_dirichlet_train1.21	1.8222787716828376e-262	0.17225414414658008	0.28886138637806696	0.4691765998326507	0.06970786964270215
OGG1_0_dirichlet_train1.17	1.58e-321	0.03088524247579225	0.4056661342461203	0.17500604425794047	0.3884425790201471
UNG_0_dirichlet_train1.22	1.497e-321	3.9857459089256674e-14	0.06916986070012376	0.9308301392998365	2.17e-322
UNG_0_dirichlet_train1.23	6.97e-322	0.3593440037056493	9.14e-322	0.5757483742039523	0.0649076220903985
UNG_0_dirichlet_train1.24	0.01000434207399402	0.011779415457432827	5.970093188306692e-73	0.8460435299096376	0.13217271255893553
OGG1_0_dirichlet_train1.18	0.06200580693833495	2.826e-321	1.1180662574671911e-194	0.10899762832047281	0.8289965647411922
UNG_0_dirichlet_train1.25	0.08153359973461054	0.11788137939137153	0.10164850562555103	0.6989365152484669	1.33e-322
OGG1_0_dirichlet_train1.19	4.1550827467491335e-232	0.09977292502306044	0.037621326699502466	0.08566529069106545	0.7769404575863715
UNG_0_dirichlet_train1.26	0.09195810330400428	0.049813892584519424	0.10311957443637394	0.7136806954082875	0.041427734266814766
OGG1_0_dirichlet_train1.20	8.561473006543945e-23	1.586e-321	1.658378325410408e-162	0.15947556295360082	0.8405244370463991
UNG_0_dirichlet_train1.27	2.16e-321	0.1279723475480791	8.430262301722645e-300	0.8012217056299936	0.07080594682192724
OGG1_0_dirichlet_train1.21	0.13456897026942152	0.08738704248260261	7.300090885395715e-106	2.6046889391816304e-48	0.778043987247976
OGG1_0_dirichlet_train1.22	0.13286856897268653	0.05152857651686575	0.0026344653007573547	0.034434919505591355	0.7785334697040991
UNG_0_dirichlet_train1.28	0.06981192647616599	0.12126861682815	3.0809154103170925e-150	0.6726571223064659	0.13626233438921803
UNG_0_dirichlet_train1.29	1.41018316e-316	9.14e-322	0.023556365545226384	0.7610713699789518	0.2153722644758218
OGG1_0_dirichlet_train1.23	0.003615667946690148	3.85e-321	0.1316556240906449	0.08403032290877638	0.7806983850538886
OGG1_0_dirichlet_train1.24	1.4053977163156451e-126	0.07430029282373239	0.34741753615807247	1.107e-321	0.578282171018195
OGG1_0_dirichlet_train1.25	1.407377431450371e-228	1.93e-321	1.069e-319	0.16940134913539348	0.8305986508646065
OGG1_0_dirichlet_train1.26	1.5810164116368534e-39	0.1484604938616153	8.124344972114903e-105	0.10624033865460217	0.7452991674837827
UNG_0_dirichlet_train1.30	2.8266234776502147e-39	9.44e-322	0.22604151616930787	0.7739584838306921	4.6e-322
OGG1_0_dirichlet_train1.27	3.702195319574674e-117	4.761548111353522e-67	0.04859179950880354	0.029582396248373517	0.9218258042428228
OGG1_0_dirichlet_train1.28	0.163209904976005	1.374e-321	2.6992293390574373e-05	0.21680552456366134	0.6199575781669432
UNG_0_dirichlet_train1.31	3.947086466709247e-42	0.12958978712497696	0.22427584594190114	0.6461343669331219	1.2e-322
UNG_0_dirichlet_train1.32	0.013557201362245249	1.39e-321	0.053535881449545235	0.8711778437652282	0.06172907342298125
UNG_0_dirichlet_train1.33	2.1470736180348587e-152	1.517e-321	0.058470624501056966	0.810517284455784	0.131012091043159
OGG1_0_dirichlet_train1.29	0.16875795611185734	0.09071232821408289	2.6771042573143e-93	0.1681441984390167	0.5723855172350429
OGG1_0_dirichlet_train1.30	1.48e-321	9.73e-322	0.45549071190736545	5.5430369487222884e-77	0.5445092880926344
UNG_0_dirichlet_train1.34	0.09662087651854515	0.17131516780566156	0.187776282969852	0.48339963762371196	0.06088803508222948
OGG1_0_dirichlet_train1.31	0.014065150387703654	0.007454342540364881	0.28706065434893996	0.18689937107093033	0.5045204816520612
UNG_0_dirichlet_train1.35	1.6923177664201576e-155	0.1100743715429289	2.013400297691023e-175	0.6437583601300331	0.24616726832703806
UNG_0_dirichlet_train1.36	0.06727829196407854	2.01e-321	0.03890458079000208	0.869641628808614	0.024175498437305473
UNG_0_dirichlet_train1.37	0.010281477905813961	0.13243713136599994	0.2702285422870218	0.5870528484411643	4.346242586808755e-55
OGG1_0_dirichlet_train1.32	2.3422276234181032e-212	0.11885569039981599	0.335713785678634	3.935073203172923e-167	0.54543052392155
UNG_0_dirichlet_train1.38	0.004974363210358203	1.26e-321	4.55e-322	0.9310098218653017	0.06401581492434015
OGG1_0_dirichlet_train1.33	4.42201131206778e-281	2.846e-321	0.4574663138050555	0.0019804395895366687	0.5405532466054077
OGG1_0_dirichlet_train1.34	0.07768071430890969	0.08100539597364159	0.07050877703573889	0.07887380633500432	0.6919313063467054
OGG1_0_dirichlet_train1.35	0.13349531822744465	0.005984789430683696	1.5528802942688777e-97	0.054991827326843594	0.805528065015028
OGG1_0_dirichlet_train1.36	1.7751475257986623e-119	2.98e-321	0.0005730001172473901	0.07204883845034961	0.9273781614324029
OGG1_0_dirichlet_train1.37	0.08006711173047115	0.05117435008842038	0.17995755446638645	0.033807622488138386	0.6549933612265837
OGG1_0_dirichlet_train1.38	1.3694990474254806e-53	7.90750267612512e-58	1.6656188320982633e-239	0.09948149137703569	0.9005185086229643
UNG_0_dirichlet_train1.39	2.2898695535893552e-38	0.06096956473922091	5.4e-322	0.8150420363167579	0.12398839894402135
OGG1_0_dirichlet_train1.39	0.011074199288346522	3.844e-321	4.95805129281444e-194	0.1401261212383341	0.8487996794733192
UNG_0_dirichlet_train1.40	2.98e-321	9.725215320947579e-115	6.57e-322	0.8302168617684719	0.1697831382315281
OGG1_0_dirichlet_train1.40	1.9219388759550422e-31	1.314e-321	4.625102985830532e-188	0.0765204285780405	0.9234795714219595
OGG1_0_dirichlet_train1.41	5.076409949602309e-124	0.06429068538553441	6.7251232447056e-110	0.04218114560262325	0.8935281690118424
UNG_0_dirichlet_train1.41	0.012084797898584923	0.1785299041468256	1.02e-321	0.7830580576520929	0.026327240302496408
OGG1_0_dirichlet_train1.42	2.794325210173347e-243	0.11314200910434824	0.07466854923706721	0.17054856658102888	0.6416408750775556
UNG_0_dirichlet_train1.42	0.019166702951052536	4.5352154414385444e-142	0.2448403122407925	0.6359582617429896	0.10003472306516525
OGG1_0_dirichlet_train1.43	3.184790640065581e-69	0.017259313616048363	4.646320186869995e-06	1.744070250589369e-118	0.9827360400637647
OGG1_0_dirichlet_train1.44	2.189630390564178e-127	0.033617567962045826	0.46075903893569925	3.8666947638472785e-117	0.5056233931022548
OGG1_0_dirichlet_train1.45	3.3186655534091314e-250	2.9102047743315737e-210	0.5436219664252773	1.1650828266764596e-251	0.4563780335747229
OGG1_0_dirichlet_train1.46	0.18898261011831285	0.0189126577987407	5.20655519142219e-189	0.14409443660978472	0.6480102954731617
UNG_0_dirichlet_train1.43	3.34e-321	0.20589681910319074	9.24e-322	0.5324238889418356	0.2616792919549738
OGG1_0_dirichlet_train1.47	1.4109499223260776e-220	3.83e-321	0.3672916274620204	0.02005797189837981	0.6126504006395999
OGG1_0_dirichlet_train1.48	9.9e-322	0.023879656321147115	0.26896266463635954	0.147255694449744	0.5599019845927493
OGG1_0_dirichlet_train1.49	0.13511516137957208	0.021957908782368297	0.2866121084472829	1.1995473338015876e-50	0.5563148213907767
OGG1_0_dirichlet_train1.50	0.013270357731326867	0.023096287988577466	4.334787640172915e-49	0.12731317890230956	0.8363201753777861
UNG_0_dirichlet_train1.44	6.798142930509595e-45	0.09137048653644778	3.2274509376185435e-31	0.7682422937408158	0.14038721972273654
OGG1_0_dirichlet_train1.51	0.09590981448684079	7.0772352182331325e-31	2.5228167009089504e-121	0.010920043841799506	0.8931701416713598
OGG1_0_dirichlet_train1.52	1.527e-321	0.1378636459355582	0.11646800200668155	7.201881727171993e-257	0.7456683520577603
ATP2B4_0_dirichlet_train1	0.28136322176795675	0.10833133053891293	0.30765103141975625	0.14440541981678218	0.15824899645659188
ATP2B4_1_dirichlet_train1	0.05107531143288286	0.20762785917516532	0.22834102707533543	3.8816702241128424e-33	0.5129558023166163
ATP2B4_0_dirichlet_train1.1	0.048222066969382915	7.482998859591275e-217	0.7776785847972073	0.1740993482334099	6.243716938874882e-54
ATP2B4_1_dirichlet_train1.1	0.00031363377813353976	0.13171939395706614	0.7234392211171502	1.5907804575178096e-129	0.14452775114765012
ATP2B4_1_dirichlet_train1.2	0.11431835283409453	0.17515509037006022	0.6976389715985314	4.956567247827021e-136	0.012887585197313948
ATP2B4_1_dirichlet_train1.3	1.11e-321	2.1364452029697425e-97	0.737142143154929	0.15747197606765698	0.10538588077741395
ATP2B4_0_dirichlet_train1.2	0.37834420514127837	2.87e-321	0.4574742149585034	0.14900491551975997	0.015176664380458248
ATP2B4_1_dirichlet_train1.4	5.298021693875577e-124	0.3100376709272531	0.5747191942930616	1.0336546066709026e-141	0.11524313477968541
ATP2B4_0_dirichlet_train1.3	0.16901777057330097	0.015207605106089086	0.6868757445953004	0.12889887972530936	2.03e-322
ATP2B4_0_dirichlet_train1.4	0.06428274712851488	0.05633922737244904	0.19796486099986713	0.4773437716982033	0.20406939280096587
ATP2B4_0_dirichlet_train1.5	0.15850870822748908	0.033088658967972064	0.4139508473101483	0.21931097540281183	0.1751408100915787
ATP2B4_0_dirichlet_train1.6	0.09446672175604778	0.08505499845650219	0.7142039307525031	0.01903818228245072	0.08723616675249608
ATP2B4_1_dirichlet_train1.5	0.02877029462749245	1.136e-321	0.8715407709442474	0.08010653246837834	0.019582401959881673
ATP2B4_0_dirichlet_train1.7	0.0693365070795279	0.21589260499395466	0.39842096314044095	0.3163499247860765	2.8257208552469746e-127
ATP2B4_1_dirichlet_train1.6	1.126e-321	0.26419023158365584	0.6290725780321333	3.85e-322	0.10673719038421077
ATP2B4_1_dirichlet_train1.7	0.050319669834933765	0.10154263365229649	0.8481376965127697	3.6232145420628047e-141	3.56e-322
ATP2B4_1_dirichlet_train1.8	0.10813341315320898	2.6682850234334995e-25	0.5482744271024274	4.802412317250676e-236	0.3435921597443637
ATP2B4_1_dirichlet_train1.9	1.789669003012327e-183	0.1354855704534423	0.5181681308209122	0.2668828122046828	0.07946348652096256
ATP2B4_1_dirichlet_train1.10	3.034121963220557e-94	0.1965431956611124	0.5402900592005084	0.01791521357666994	0.24525153156170923
ATP2B4_1_dirichlet_train1.11	6.422660764321745e-45	0.12912923130358125	0.6785775891144201	1.393e-321	0.19229317958199868
ATP2B4_1_dirichlet_train1.12	1.136e-321	7.074231622171485e-185	0.7954921110502372	4.667111964661905e-99	0.20450788894976282
ATP2B4_1_dirichlet_train1.13	0.18661672061325194	9.022322978406105e-289	0.8133715245435609	6.1e-322	1.1754843187168907e-05
ATP2B4_0_dirichlet_train1.8	0.14486091533781617	0.04513737545458355	0.20677051348494815	0.40336626962178823	0.19986492610086382
ATP2B4_1_dirichlet_train1.14	6.010726884841829e-153	0.012305701626079664	0.8189881722858849	7.261727398756415e-278	0.16870612608803534
ATP2B4_1_dirichlet_train1.15	0.041783701337555844	0.16932530521881312	0.7389213778107794	1.3e-321	0.04996961563285178
ATP2B4_0_dirichlet_train1.9	0.21715058797906459	0.11271737210333664	0.2759688268622029	0.17284206112035946	0.22132115193503643
ATP2B4_0_dirichlet_train1.10	0.07433550738086248	1.724e-321	0.6188026444673566	0.1637278685668366	0.1431339795849445
ATP2B4_0_dirichlet_train1.11	0.19878254449531893	0.05857593196203949	0.3315616490439154	0.20728141550392315	0.203798458994803
ATP2B4_1_dirichlet_train1.16	0.10181107436355422	0.23205758700709847	0.6661313386293473	5.73e-322	4.3e-322
ATP2B4_0_dirichlet_train1.12	0.28025162790018576	1.255e-321	0.5989161908553201	0.008062784574721836	0.1127693966697723
ATP2B4_0_dirichlet_train1.13	0.2325268403106899	0.03630112406166944	0.5655937279282298	0.1450797748509852	0.020498532848425646
ATP2B4_0_dirichlet_train1.14	0.3215921755007107	8.45e-322	0.4807513298663961	0.1976564946328932	9.534941694406244e-55
ATP2B4_0_dirichlet_train1.15	0.28398293920756706	1.087e-321	0.5655073885557143	0.09877080312472356	0.05173886911199511
ATP2B4_1_dirichlet_train1.17	0.1320797243545305	0.1400581617253789	0.43553558832837735	0.0020848453261903934	0.29024168026552283
ATP2B4_1_dirichlet_train1.18	1.02e-321	1.334e-321	0.8543581629985708	7.002577491789739e-297	0.14564183700142935
ATP2B4_1_dirichlet_train1.19	1.635e-321	0.00811731429694389	0.9918826857030562	3.6960737410960346e-135	3.1e-322
ATP2B4_1_dirichlet_train1.20	0.158238850189083	0.15635667691181437	0.6141481459177429	0.07125632698135959	4.9e-322
ATP2B4_0_dirichlet_train1.16	0.10547229747462719	8.395810370692688e-102	0.8945277025253728	8.74168705315607e-133	2.787833990044674e-160
ATP2B4_1_dirichlet_train1.21	4.869269777532984e-255	0.05583750147303852	0.8978117613893088	0.04635073713765269	2.47e-322
ATP2B4_1_dirichlet_train1.22	0.09670757310448345	0.018400610079913688	0.8652760746792922	1.245e-321	0.019615742136310642
ATP2B4_0_dirichlet_train1.17	0.062161533554215935	1.91e-321	0.6231360687598906	0.22196721430655628	0.09273518337933719
ATP2B4_0_dirichlet_train1.18	0.06287978862285824	2.739924302283982e-122	0.45035293361590983	0.48676727776123196	2.67e-322
ATP2B4_1_dirichlet_train1.23	1.73e-321	0.14889872943778165	0.8430095908710339	1.057e-321	0.00809167969118456
ATP2B4_1_dirichlet_train1.24	0.06432893606105718	0.1121301708051033	0.3804896237882418	0.027032252002059217	0.4160190173435385
ATP2B4_0_dirichlet_train1.19	0.30532722572794896	9.83e-322	0.33303345028529985	0.2502136767319216	0.11142564725482952
ATP2B4_1_dirichlet_train1.25	0.15003705054257893	3.04e-321	0.5484601261390478	0.09917607823193712	0.20232674508643628
ATP2B4_0_dirichlet_train1.20	0.2594721350573421	2.56e-321	0.35494469493743286	0.29328571835525746	0.09229745164996761
ATP2B4_0_dirichlet_train1.21	2.5553443786524297e-39	0.09152504993698678	0.3827442618191904	0.31409048660929684	0.21164020163452585
ATP2B4_0_dirichlet_train1.22	0.3183624810913424	1.3973981142027448e-304	0.49645204180031466	0.05309451003294407	0.13209096707539883
ATP2B4_0_dirichlet_train1.23	0.23569149899134778	0.20131014790237908	0.5336669658279027	2.8482676811548534e-131	0.029331387278370265
ATP2B4_0_dirichlet_train1.24	0.24205296834432632	2.08e-321	0.3615321188240499	0.14247734310734148	0.25393756972428233
ATP2B4_1_dirichlet_train1.26	1.14e-321	0.17971450196100708	0.6748670051955837	0.14541849284340932	3.26e-322
ATP2B4_0_dirichlet_train1.25	0.21523068281923122	0.03957512266228132	0.41868577809645613	0.18907098123039873	0.13743743519163276
ATP2B4_1_dirichlet_train1.27	7.373979201870945e-94	2.26e-321	0.9395940593748127	1.06e-321	0.06040594062518736
ATP2B4_0_dirichlet_train1.26	0.18275833404176314	0.08059245362187036	0.6732418529209929	0.030520691956818818	0.03288666745855488
ATP2B4_1_dirichlet_train1.28	0.06419567489380658	0.01733520222939581	0.9042463524800048	7.86e-322	0.01422277039679287
ATP2B4_0_dirichlet_train1.27	1.141965370425701e-127	0.03922751723052222	0.6468333711274845	0.31393911164199334	2.96e-322
ATP2B4_1_dirichlet_train1.29	1.2240906242650913e-20	0.11962232076733118	0.6925252450029692	2.1123988448887124e-259	0.18785243422969966
ATP2B4_0_dirichlet_train1.28	1.245e-321	1.07e-321	0.887509131513233	7.8e-322	0.11249086848676719
ATP2B4_0_dirichlet_train1.29	1.2318549011878365e-11	8.25e-322	0.843669408148305	0.04404515596037892	0.11228543587899736
ATP2B4_0_dirichlet_train1.30	0.24239104261460734	2.703e-321	0.4243770695890895	0.24321853590070502	0.09001335189559813
ATP2B4_0_dirichlet_train1.31	0.27532156284488124	1.664180670277239e-281	0.15250324885619038	0.39495101503369656	0.17722417326523174
ATP2B4_1_dirichlet_train1.30	0.02336006769720266	0.10333606378112473	0.8732495244921271	3.652e-320	5.4344029545479676e-05
ATP2B4_1_dirichlet_train1.31	0.2114918933477044	0.10666927304298643	0.49458538686252373	1.968102725766124e-87	0.18725344674678543
ATP2B4_1_dirichlet_train1.32	4.50083981906778e-258	0.003573197207244493	0.7368435689332743	0.01368552671750654	0.2458977071419748
ATP2B4_0_dirichlet_train1.32	0.024285463482910708	0.1371435193796424	0.8385710171374469	4.2370167702768925e-164	5.928855442815629e-199
ATP2B4_0_dirichlet_train1.33	0.01049506263030792	0.026099348716693224	0.6291587782516048	0.2056254699637276	0.1286213404376666
ATP2B4_0_dirichlet_train1.34	0.20183027831170341	0.17449901011202898	0.596970524111198	0.026700187465069608	3e-322
ATP2B4_0_dirichlet_train1.35	1.625e-321	0.03952195381081423	0.7569983644899321	0.06574607867037413	0.13773360302887966
ATP2B4_1_dirichlet_train1.33	0.030238522295870252	0.10531550225970097	0.8644459754444289	6.27e-322	4.21824660975e-313
ATP2B4_1_dirichlet_train1.34	1.625e-321	0.06405463815257169	0.725041015663073	1.28e-321	0.2109043461843553
ATP2B4_1_dirichlet_train1.35	2.531648433888557e-252	0.1322859511041671	0.8677140488958329	9.6e-322	4.2e-322
ATP2B4_1_dirichlet_train1.36	9.9e-322	0.01682919034676419	0.8378901229846418	3.6462297065263057e-302	0.14528068666859395
ATP2B4_0_dirichlet_train1.36	0.19904597139626967	0.06938072112710664	0.635323819779589	0.09624948769703481	3.6e-322
ATP2B4_0_dirichlet_train1.37	0.007333434037363307	2.02e-321	0.6811231594422391	0.31154340652039775	8.785202893535252e-195
ATP2B4_1_dirichlet_train1.37	1.4425956734527733e-128	0.19241962498441317	0.616908972408276	1.4512774316864589e-261	0.19067140260731077
ATP2B4_1_dirichlet_train1.38	1.62e-321	0.10084546083039733	0.712812802416622	7.7e-322	0.1863417367529805
ATP2B4_1_dirichlet_train1.39	2.28813609520805e-310	0.13414467613602668	0.846639520396319	0.009180730022574907	0.010035073445079442
ATP2B4_1_dirichlet_train1.40	5.8e-322	0.23696931037137572	0.734945230862353	5.34e-322	0.028085458766271273
ATP2B4_1_dirichlet_train1.41	5.1700753647209396e-182	0.16432922280892737	0.6831914816063309	7.3e-322	0.15247929558474177
ATP2B4_1_dirichlet_train1.42	0.002727917494202114	0.07732100977030061	0.6307350006202258	5.515577524891337e-147	0.28921607211527156
ATP2B4_0_dirichlet_train1.38	0.20120337361895455	6.70711943120111e-177	0.7682369961011766	1.477954298626216e-198	0.030559630279868834
ATP2B4_0_dirichlet_train1.39	0.2439604109893623	1.225e-321	0.5173389170310583	0.0199046222644045	0.21879604971517508
ATP2B4_0_dirichlet_train1.40	0.19187085011503355	2.1364966446689867e-103	0.6257277075761667	0.1824014423087997	5.098542663700313e-256
ATP2B4_1_dirichlet_train1.43	1.853e-321	0.03326076159131194	0.8588183719127155	0.10792086649597254	4.3e-322
ATP2B4_0_dirichlet_train1.41	3.431571612768628e-90	0.06232247591706792	0.5064451309619138	0.09442532712104648	0.33680706599997173
ATP2B4_0_dirichlet_train1.42	0.19248086186003224	1.966e-321	0.545954455666643	0.17512508873254426	0.08643959374078046
ATP2B4_0_dirichlet_train1.43	0.23558974934095828	0.02494694590899893	0.5186024594641647	0.06697976285285843	0.15388108243301962
ATP2B4_0_dirichlet_train1.44	2.026e-321	0.04736112844322547	0.57274923513135	0.2997442875137232	0.0801453489117013
ATP2B4_1_dirichlet_train1.44	0.17155795156812972	9.654850485682159e-237	0.7451752527113483	4.17387213965994e-216	0.08326679572052187
ATP2B4_0_dirichlet_train1.45	0.3162046568378084	3.9918794585126495e-48	0.3475314721111784	0.1096858154288432	0.22657805562217004
ATP2B4_1_dirichlet_train1.45	0.1169418283058986	0.12702095286234055	0.4313784682251256	6.8e-322	0.3246587506066351
ATP2B4_0_dirichlet_train1.46	0.2904256042328614	9.8e-322	0.5502524524704204	0.15932194329671823	6.105376639903559e-268
ATP2B4_0_dirichlet_train1.47	0.034509467944538325	0.059096324039746045	0.26881335643109266	0.4353637293039647	0.20221712228065827
ATP2B4_0_dirichlet_train1.48	0.19966805515141428	5.63e-322	0.7484886424843049	0.05184330236428064	2.608484330141132e-185
ATP2B4_1_dirichlet_train1.46	0.02874944882945151	0.27940146681286016	0.5179292669406573	3.536200637930066e-16	0.1739198174170307
ATP2B4_1_dirichlet_train1.47	1.9447843477049035e-299	0.10768487436087112	0.8923151256391287	4.793646020535833e-133	1.4e-322
ATP2B4_1_dirichlet_train1.48	0.17628394121737545	8.35e-322	0.7302013451282248	7.6e-322	0.09351471365439976
PMS1_0_dirichlet_train1	1.32e-321	0.3412818996830261	0.5196713860675098	1.2905385983008773e-44	0.13904671424946405
MSH6_1_dirichlet_train1	0.08288635337625368	0.8861889148641405	5.14e-322	3.981485755533874e-191	0.030924731759605594
MSH6_0_dirichlet_train1	1.5e-321	0.8484044579655903	1.675e-321	0.15159554203440978	9.14e-322
MSH2_0_dirichlet_train1	5.2e-322	0.7751670043609721	1.561912497427558e-290	0.21311114474092507	0.01172185089810282
MSH6_0_dirichlet_train1.1	1.195958322694365e-283	0.917893810272298	1.72e-321	0.06777645202533293	0.014329737702369241
MLH1_0_dirichlet_train1	9.93e-322	0.9106307983910895	7.86e-322	0.06740298855518846	0.02196621305372202
MSH6_1_dirichlet_train1.1	2.124e-321	0.9614656725602372	2.031478397036648e-80	2.065463478564795e-301	0.03853432743976272
MLH1_0_dirichlet_train1.1	0.12217774698084266	0.8778222530191573	2.57e-322	8.3e-322	3.26e-322
PMS1_0_dirichlet_train1.1	1.196e-321	0.1660317648821862	0.7331324058544109	0.100835829263403	4.94e-322
PMS1_0_dirichlet_train1.2	0.0974688572184339	0.007861526647138472	0.4921687045949872	0.3415300775972382	0.060970833942202284
MSH6_1_dirichlet_train1.2	8.65e-322	0.9750409905960934	7.16e-322	6.2e-322	0.024959009403906454
MSH6_1_dirichlet_train1.3	8.430039339753657e-151	0.8090320405311475	3.4036359e-316	0.19096795946885242	9.83e-322
PMS1_0_dirichlet_train1.3	0.016838697837681865	0.2900177014407376	0.35950147523974296	0.24533325512121706	0.08830887036062053
PMS1_0_dirichlet_train1.4	0.11955522315203636	0.1687531269616054	0.0857043576593426	0.43157067334728616	0.19441661887972933
PMS2_0_dirichlet_train1	0.5030555496658402	0.4969443757193851	3.547e-321	8.35e-322	7.46147747367476e-08
MSH6_1_dirichlet_train1.4	0.1830543557806938	0.7440349959007003	0.01420923508051052	0.03302335058396354	0.025678062654131854
MSH6_0_dirichlet_train1.2	7.568385891091872e-158	0.963330583611481	0.025008583968825906	0.011660832419693117	1.675e-321
PMS1_0_dirichlet_train1.5	9.14e-322	0.08758869313984856	0.7660380814681762	0.1463732253919752	5.151870902144855e-87
PMS1_0_dirichlet_train1.6	1e-321	0.161819990349426	0.5926439224891026	0.24553608716147127	2.5e-322
PMS1_0_dirichlet_train1.7	0.05431058306442294	0.2175422291785947	0.5828572784781975	0.1452899092787849	7e-322
MSH6_1_dirichlet_train1.5	0.26326530067318804	0.701970237902053	1.25e-321	1.225e-321	0.03476446142475898
MLH1_0_dirichlet_train1.2	1.206e-321	0.8867091615728122	5e-322	0.11329083842718791	3.26e-322
PMS1_0_dirichlet_train1.8	0.12207579346050255	0.2779532590194773	0.17547015492590556	3.245706075444164e-159	0.42450079259411455
PMS1_0_dirichlet_train1.9	3.0395214543370267e-202	0.34734015641879873	0.47422993326099383	0.17842991032020739	4.35e-322
MLH1_0_dirichlet_train1.3	2.41e-321	1.0	3.26e-322	2.47e-322	4.5e-322
MSH2_0_dirichlet_train1.1	0.019258990824136343	0.9807410091758637	7.76e-322	7.990076139998609e-115	1.06e-321
MSH6_1_dirichlet_train1.6	0.01719601937318599	0.970433484859988	2.737e-321	1.914627478793493e-49	0.012370495766826002
