Samples	SBS96A	SBS96B	SBS96C	SBS96D	SBS96E
EXO1_0_real_train1	0.061305104111352524	0.5865843756679445	0.09684828596653124	0.025538257206015963	0.22972397704815561
OGG1_0_real_train1	0.8242558450073743	0.011647819199121319	0.08199993840380661	0.06055761801779841	0.02153877937189955
RNF168_0_real_train1	0.09087558475685296	0.579257352074662	0.1428593650404503	0.00765635974153965	0.17935133838649506
UNG_0_real_train1	0.12255210522743583	0.08332201399157375	0.2586340252265911	8.744180015328621e-226	0.5354918555543993
ATP2B4_0_real_train1	0.27589856671298885	0.1580420118453923	0.39930670070096974	0.011008134470840498	0.15574458626980853
ATP2B4_1_real_train1	0.3417918085870149	0.03251115705395936	0.5046063155094961	0.1210907188495297	5.697623408009241e-98
MLH1_0_real_train1	0.005772052557192799	1.96174770025386e-210	1.5695508966118604e-122	0.8076769168317172	0.18655103061109005
MSH2_0_real_train1	0.0018620104561817101	4.13e-321	0.06083929575444997	0.7624233933911864	0.174875300398182
MSH6_0_real_train1	0.01140239963623387	0.009312968448925187	0.028159737037838802	0.819424406330329	0.13170048854667316
MSH6_1_real_train1	0.026709807367418757	0.020536334790238583	0.0012195197834822056	0.8334585300276975	0.11807580803116277
PMS1_0_real_train1	0.18022643510059708	3.7267788251886136e-297	0.48418704730210116	0.1604479157189872	0.17513860187831462
PMS2_0_real_train1	0.0276601204155329	0.514232042253965	0.02449354032606847	0.4336142970044337	1.22e-321
EXO1_0_multinomial_train1	0.08398184247252723	0.6174424565859613	0.051451661205600276	0.011765083504292277	0.23535895623161907
RNF168_0_multinomial_train1	0.09092215286049093	0.5425638572711692	0.20242986250590841	0.005254114271473663	0.15883001309095793
RNF168_0_multinomial_train1.1	0.1014926091915723	0.5821846260636518	0.20253466099222972	1.4e-321	0.11378810375254615
EXO1_0_multinomial_train1.1	0.07645005356038442	0.5776035614980924	0.06511162374665078	0.0898680830449395	0.1909666781499328
RNF168_0_multinomial_train1.2	0.09027940577058961	0.5665799361947216	0.2166158496680299	0.058182072884164424	0.06834273548249456
RNF168_0_multinomial_train1.3	0.09444841500538846	0.5065041400077069	0.15013679999206098	0.03380428505937083	0.2151063599354728
RNF168_0_multinomial_train1.4	0.11164545688702844	0.5291497259122824	0.17870068633892683	0.04396721772627446	0.1365369131354881
RNF168_0_multinomial_train1.5	0.021933503848483932	0.5658143048050844	0.21893357456494264	2.18e-321	0.19331861678148896
RNF168_0_multinomial_train1.6	0.10415276539958962	0.5307882251670203	0.11616437540341293	4.643958072740423e-287	0.24889463402997722
RNF168_0_multinomial_train1.7	0.06483497274940772	0.5913340642304665	0.10588077180064477	0.019609140753593917	0.21834105046588712
RNF168_0_multinomial_train1.8	0.1325249852657761	0.6119014500465444	0.10400318264616715	0.008608752620368991	0.1429616294211436
EXO1_0_multinomial_train1.2	0.030960329952062465	0.579596787557751	0.1561233460846046	0.011030358772451192	0.22228917763313089
EXO1_0_multinomial_train1.3	0.0947426254542909	0.6388805536991632	0.02538196376469812	0.048024920472435194	0.19296993660941267
RNF168_0_multinomial_train1.9	0.07486454220986634	0.6099673538410909	0.14367295354744788	3.014e-321	0.1714951504015948
EXO1_0_multinomial_train1.4	0.05618760598136278	0.5905412042920607	0.10320638635658635	0.002805392943732324	0.24725941042625788
EXO1_0_multinomial_train1.5	0.06783735621457126	0.5814045165778624	0.08579860781800662	0.03354224565009266	0.23141727373946716
EXO1_0_multinomial_train1.6	0.05830255456482151	0.5919524794378275	0.09259953677231282	2.2075196495374784e-91	0.2571454292250382
EXO1_0_multinomial_train1.7	0.07289409220173186	0.5898107615082366	0.05336934287000359	0.02882476981185345	0.2551010336081745
EXO1_0_multinomial_train1.8	0.05661643548412623	0.5246130116474983	0.12763867150645222	0.025349745402251538	0.2657821359596717
RNF168_0_multinomial_train1.10	0.16698050301227332	0.5214473233701041	0.06660923308387251	1.0209706695302315e-206	0.24496294053375
EXO1_0_multinomial_train1.9	0.04620694858121625	0.6484084058362791	0.06931270860163861	0.057043010018363684	0.17902892696250225
RNF168_0_multinomial_train1.11	0.043851753041110976	0.5556830731726685	0.17168622936329794	0.0146470713184233	0.21413187310449938
RNF168_0_multinomial_train1.12	0.08554234575177613	0.5725696303240148	0.15692082394054283	0.05801174062041361	0.12695545936325267
EXO1_0_multinomial_train1.10	0.04220211108246183	0.5981837231553271	0.08925244453947756	0.0289265165155856	0.24143520470714783
EXO1_0_multinomial_train1.11	0.06672465447339743	0.5607876557299125	0.07708129498455425	0.03760519141804733	0.25780120339408846
RNF168_0_multinomial_train1.13	0.08210630161168785	0.5733995031792505	0.06956823311350493	0.16273908788528282	0.11218687421027387
RNF168_0_multinomial_train1.14	0.09162248094958018	0.551724271343232	0.17026764580459886	0.026369543814352737	0.16001605808823638
RNF168_0_multinomial_train1.15	0.08067228398653957	0.5811806142529711	0.0720807987452728	0.027712401887127855	0.23835390112808863
RNF168_0_multinomial_train1.16	0.10823573158869246	0.5456718141882333	0.15809250074499	0.020984293452024693	0.1670156600260596
EXO1_0_multinomial_train1.12	0.08978413245356207	0.6074208725798728	0.08849936406831702	0.003878745505891241	0.2104168853923568
RNF168_0_multinomial_train1.17	0.07633257972077942	0.5112526341566864	0.19107302723222222	0.03103671974474053	0.1903050391455713
EXO1_0_multinomial_train1.13	0.08637232495977683	0.5826580062423168	0.08856521293029683	0.0063477604798583545	0.23605669538775137
RNF168_0_multinomial_train1.18	0.11732005034310122	0.5458767822180572	0.1988012793484994	7.24132969732672e-306	0.13800188809034222
EXO1_0_multinomial_train1.14	0.07466808303702625	0.5835310635391155	0.06792400850752274	0.02272771548508003	0.2511491294312554
RNF168_0_multinomial_train1.19	0.08759032365238614	0.6564300746784222	0.07750932232198592	0.022172881115926836	0.1562973982312789
RNF168_0_multinomial_train1.20	0.027329607152701593	0.5986095084908225	0.12717268332255005	8.617533444867042e-121	0.24688820103392572
EXO1_0_multinomial_train1.15	0.06191175403899929	0.5749326313726001	0.09584557769102771	0.023011355902536234	0.24429868099483673
RNF168_0_multinomial_train1.21	0.12966808100467675	0.5519186020664277	0.10061126431241856	0.009121664399638758	0.20868038821683804
RNF168_0_multinomial_train1.22	0.10189216738289408	0.4700064916221378	0.1843845857470123	0.040774215316298414	0.20294253993165728
EXO1_0_multinomial_train1.16	0.04488807917830306	0.5556932494150546	0.10316041356786831	0.020028699628391947	0.2762295582103822
EXO1_0_multinomial_train1.17	0.04730951073981123	0.6054010652532691	0.09791487326028024	0.02696005153397412	0.22241449921266526
RNF168_0_multinomial_train1.23	0.09282237630299908	0.6407935495935997	0.06923726238363138	5.297127895161801e-06	0.19714151459187462
EXO1_0_multinomial_train1.18	0.05102121673864727	0.5330374262400515	0.11860561168851505	0.03129823523550936	0.2660375100972769
RNF168_0_multinomial_train1.24	0.05943969221328035	0.6401396823152955	0.16768316404415604	0.0002542812000273091	0.13248318022724054
RNF168_0_multinomial_train1.25	0.058832620618411	0.5850161065200827	0.1986489424216124	0.006248956560418	0.15125337387947593
RNF168_0_multinomial_train1.26	0.05769885952700241	0.6140842895286448	0.12281548719833817	2.816e-321	0.20540136374601456
RNF168_0_multinomial_train1.27	0.1346413093029052	0.4765927744943679	0.21236394039660214	0.0019046470685626859	0.17449732873756224
RNF168_0_multinomial_train1.28	0.06267783279712481	0.6055187060461101	0.13726739831226162	0.024252098170923712	0.17028396467357992
EXO1_0_multinomial_train1.19	0.04203368631911209	0.5511026196874655	0.1275586415212233	0.05530304301623484	0.22400200945596413
RNF168_0_multinomial_train1.29	0.054730597768478405	0.5853843457899979	0.13677471871738778	0.020865907526383648	0.20224443019775215
EXO1_0_multinomial_train1.20	0.06474550086412527	0.5688897810382547	0.10564963092342557	0.026148471390283954	0.2345666157839103
RNF168_0_multinomial_train1.30	0.08807388721383128	0.591284407659427	0.15256994154339218	0.004285402613514844	0.16378636096983473
RNF168_0_multinomial_train1.31	0.06933122370458755	0.5612396713713904	0.1754160724534592	0.02326090903709772	0.17075212343346527
RNF168_0_multinomial_train1.32	0.08533837952435396	0.6228026564634258	0.1330773316391177	0.014395664787719368	0.1443859675853834
RNF168_0_multinomial_train1.33	0.06231187271512108	0.5202674429593984	0.23619468548436098	1.023e-321	0.18122599884111945
EXO1_0_multinomial_train1.21	0.0650382922921738	0.5954820454865211	0.06422093946888313	5.633020211919794e-180	0.2752587227524222
RNF168_0_multinomial_train1.34	0.08582128971394598	0.6966333621973031	0.08104767689204327	7.26e-322	0.1364976711967078
EXO1_0_multinomial_train1.22	0.0660095133330638	0.6119890474821963	0.0766263222132013	0.03458380437936086	0.21079131259217773
EXO1_0_multinomial_train1.23	0.06021026320046187	0.578963528161835	0.11472192792584023	0.005240604126135678	0.24086367658572713
RNF168_0_multinomial_train1.35	0.09132405489195382	0.5349084376334534	0.11581229200701841	1.671474668677643e-136	0.25795521546757433
RNF168_0_multinomial_train1.36	0.0861792161554524	0.5557935127071677	0.19903395945140742	0.0024155877132131143	0.15657772397275932
EXO1_0_multinomial_train1.24	0.06612558662565465	0.6144980457550299	0.13254245657177044	0.021022455485905516	0.16581145556163931
RNF168_0_multinomial_train1.37	0.06448883670472529	0.5740045007781733	0.15710568438458938	1.3657727618628515e-267	0.20440097813251185
EXO1_0_multinomial_train1.25	0.07538848279189068	0.5498181641832584	0.10976892984108781	0.04946279584664127	0.21556162733712197
RNF168_0_multinomial_train1.38	0.0967828814684618	0.6449571261135942	0.15091546858615743	6.70041330944e-313	0.10734452383178675
EXO1_0_multinomial_train1.26	0.04110209098916079	0.6136352279551961	0.10889072342004266	0.03375890030001601	0.20261305733558452
EXO1_0_multinomial_train1.27	0.047844771850129565	0.6030447245324448	0.1249652323444415	0.002189018588735611	0.2219562526842483
EXO1_0_multinomial_train1.28	0.04985506088829071	0.5968356873950825	0.11666152517473687	0.004093780955301562	0.23255394558658835
EXO1_0_multinomial_train1.29	0.06245999340711193	0.5990392715931316	0.11188092246059264	0.007923450328705978	0.21869636221045785
EXO1_0_multinomial_train1.30	0.03555021202256716	0.589148960160662	0.14084512147122613	3.904714393380115e-49	0.23445570634554466
RNF168_0_multinomial_train1.39	0.11518811991173526	0.5759661370308936	2.09e-321	9.207465778513064e-270	0.3088457430573711
RNF168_0_multinomial_train1.40	0.14008273194345588	0.5532640804194544	0.18462406943692156	3.387151334569196e-303	0.12202911820016812
EXO1_0_multinomial_train1.31	0.04945402990494655	0.5622191557194257	0.10428512707184175	0.045491918534408586	0.2385497687693774
EXO1_0_multinomial_train1.32	0.07283589149263067	0.5878509688701291	0.08043768003697144	0.04141224569792985	0.21746321390233883
EXO1_0_multinomial_train1.33	0.07427629202451444	0.6037325300940937	0.06357536822849646	0.026340642591108764	0.2320751670617866
RNF168_0_multinomial_train1.41	0.0918142006099274	0.6275045800419725	0.14703051432765016	2.095e-321	0.13365070502045
RNF168_0_multinomial_train1.42	0.08469729942621466	0.62775602070834	0.14497745995853628	1.1004382001370212e-62	0.1425692199069092
EXO1_0_multinomial_train1.34	0.06592684278650396	0.5881865604882357	0.08332030712851711	0.021300235734174448	0.24126605386256864
RNF168_0_multinomial_train1.43	0.09648129422648245	0.5490825027337968	0.16449457435098547	1.94e-321	0.18994162868873518
EXO1_0_multinomial_train1.35	0.07415190917428091	0.5674817918001922	0.1254236035435391	0.005602344089550702	0.22734035139243705
EXO1_0_multinomial_train1.36	0.055108465545360544	0.5763926163820701	0.09413032239553051	0.005613695258767501	0.26875490041827127
RNF168_0_multinomial_train1.44	0.1039041942227547	0.578172577816747	0.17307299739793852	2.89e-321	0.14485023056255972
EXO1_0_multinomial_train1.37	0.07203162405749189	0.6002194322125408	0.0447453298267143	0.015045039800014058	0.26795857410323903
RNF168_0_multinomial_train1.45	0.08403468170279514	0.561873642955399	0.19643113390929354	2.673e-321	0.15766054143251235
RNF168_0_multinomial_train1.46	0.09787932520557364	0.6245678028519707	0.10205949352780459	1.1369268221096928e-172	0.17549337841465115
RNF168_0_multinomial_train1.47	0.03489485580737356	0.5976862495641763	0.20841491295775627	0.01338726967628101	0.145616711994413
RNF168_0_multinomial_train1.48	0.026697494519338914	0.5700931108024316	0.24979928659494735	2.2e-321	0.1534101080832819
RNF168_0_multinomial_train1.49	0.10102419430895414	0.5385143242878692	0.13425886292342726	0.019101082165620335	0.2071015363141292
RNF168_0_multinomial_train1.50	0.07929351772619872	0.5471537053985186	0.10613929321959983	0.026878456297629038	0.24053502735805377
EXO1_0_multinomial_train1.38	0.0874192630869543	0.6172035425367998	0.0828856808354157	0.005585792431526886	0.2069057211093033
RNF168_0_multinomial_train1.51	0.05567022667246904	0.5760443599139733	0.20415878032582183	0.018488543149305644	0.14563808993843044
RNF168_0_multinomial_train1.52	0.09368589953658925	0.5367118631776717	0.0925316884161448	0.08113425442928085	0.19593629444031357
EXO1_0_multinomial_train1.39	0.08358317935972355	0.5411043956475995	0.06386828035053967	0.053607297329164784	0.2578368473129725
EXO1_0_multinomial_train1.40	0.07841365346276974	0.5725012692514879	0.0761025899990915	0.0432481045792205	0.22973438270743032
RNF168_0_multinomial_train1.53	0.11177635971974668	0.5727407016871557	0.15947681154437135	0.005109194921463785	0.15089693212726252
EXO1_0_multinomial_train1.41	0.02214703354859354	0.570674460234139	0.1433929647126878	0.05727269968752725	0.20651284181705218
EXO1_0_multinomial_train1.42	0.04421657024632697	0.5885997138737122	0.1403869884538304	0.0023559794566673864	0.22444074796946273
RNF168_0_multinomial_train1.54	0.1228076788221947	0.5158249573842718	0.19304531817934148	1.37e-321	0.16832204561419198
OGG1_0_multinomial_train1	0.8224612602997314	7.201193312179013e-79	0.12420051194772652	0.022851354812740025	0.030486872939802054
UNG_0_multinomial_train1	0.11698018705188146	0.012965037513408528	0.20000205501181959	0.04928552503635696	0.6207671953865334
UNG_0_multinomial_train1.1	0.15927317912557032	0.0662256490929836	0.28395733225630176	0.014549747876402789	0.4759940916487415
UNG_0_multinomial_train1.2	0.1410569162820587	0.08495701700463261	0.2349603531102186	1.784e-321	0.53902571360309
OGG1_0_multinomial_train1.1	0.8087130073580656	0.003141446551349268	0.06977515378011342	0.10422399159995953	0.01414640071051222
UNG_0_multinomial_train1.3	0.14231707969580015	0.14981941168200322	0.20300473204847985	0.019561940159027756	0.4852968364146891
OGG1_0_multinomial_train1.2	0.8511078956606866	0.01123001524640305	5.311322809179026e-289	0.10147400920053787	0.03618807989237249
OGG1_0_multinomial_train1.3	0.8823805429605303	0.0264111237646176	0.016314769711134613	0.05452024037667461	0.020373323187042876
UNG_0_multinomial_train1.4	0.11320776063466917	0.0250728030239451	0.3432808980498477	1.81e-321	0.518438538291538
UNG_0_multinomial_train1.5	0.09812191030992783	0.09412018087469307	0.2474006453269348	8.35e-322	0.5603572634884444
OGG1_0_multinomial_train1.4	0.9228583712765289	4.125e-321	5.766175405603162e-131	0.07537994603365021	0.0017616826898208353
OGG1_0_multinomial_train1.5	0.8586274717187594	0.016525967571219092	5.447694354471728e-170	0.12484656071002163	4.886832796017304e-68
UNG_0_multinomial_train1.6	0.12732663387366047	0.11984943730590017	0.0835107186899055	2.3564006110225954e-173	0.6693132101305339
UNG_0_multinomial_train1.7	0.24070277253893438	0.050056643546989264	0.16376990540011976	0.06227794106610431	0.4831927374478524
UNG_0_multinomial_train1.8	0.08805180221497223	2.498864137505644e-186	0.3345961473202343	1.12e-321	0.5773520504647935
OGG1_0_multinomial_train1.6	0.8569680380863152	1.8567603575210903e-162	0.010508405623912979	0.07599172384881338	0.056531832440958524
UNG_0_multinomial_train1.9	0.10709921328773075	0.10426915983946869	0.255882350626567	6.818331739365324e-16	0.5327492762462328
OGG1_0_multinomial_train1.7	0.8481301188375998	3.157521603386432e-05	0.08728513665600214	0.05892091257069183	0.005632256719672276
UNG_0_multinomial_train1.10	0.07953372399229672	0.06844838539337271	0.37731183299720283	5.4e-322	0.4747060576171276
OGG1_0_multinomial_train1.8	0.7670999824671945	0.09067484847064441	0.04974351531339693	2.737e-321	0.09248165374876419
UNG_0_multinomial_train1.11	0.11362362451107802	0.0511253009265187	0.3510105624129215	1.917e-321	0.48424051214948194
OGG1_0_multinomial_train1.9	0.8400459841807879	8.415819112005696e-96	0.08946302306888858	0.06471587024421917	0.005775122506104487
OGG1_0_multinomial_train1.10	0.815213763025207	2.204e-321	0.12870972312509496	0.05607651384969803	1.256968890906309e-80
OGG1_0_multinomial_train1.11	0.8952624248424916	0.00284578038158891	8.58869837180841e-24	0.10189179477591963	5.428046299869575e-24
UNG_0_multinomial_train1.12	0.06023085511580126	0.12820482383225384	0.2739551787033467	7.76e-322	0.5376091423485984
UNG_0_multinomial_train1.13	0.11737183945240093	0.06702215162571773	0.26885222271772025	1.59e-321	0.5467537862041609
UNG_0_multinomial_train1.14	0.06443531527815105	0.11132984228391304	0.27994938009321674	2.124e-321	0.5442854623447192
OGG1_0_multinomial_train1.12	0.8838624939421804	0.012431960596936197	1.1243952475232076e-217	0.07525563304684724	0.028449912414036056
OGG1_0_multinomial_train1.13	0.8057213882068301	5.34e-321	0.09741290263129747	0.037675394290844995	0.059190314871027466
UNG_0_multinomial_train1.15	0.12212295751373183	7.850544509907879e-44	0.3569985895362078	0.01768775664717205	0.5031906963028884
UNG_0_multinomial_train1.16	0.17405158382223115	0.07212109593725613	0.2357953072841257	2.204e-321	0.5180320129563871
UNG_0_multinomial_train1.17	0.15880184387352234	0.06783545042463116	0.1920800473595145	1.107e-321	0.5812826583423322
OGG1_0_multinomial_train1.14	0.8357979593780719	8.752340292827824e-84	0.11369651006759274	0.05050553055433522	1.39e-321
UNG_0_multinomial_train1.18	0.08045765417791394	0.002671795780363704	0.42238575438422726	1.2418661385242672e-188	0.49448479565749515
OGG1_0_multinomial_train1.15	0.7769232305331498	0.03869262957669377	0.11968979673853672	0.06469434315161975	3.3843554124967446e-58
UNG_0_multinomial_train1.19	0.12380982053079953	0.04670054710765417	0.30779275286040286	0.026722306099542573	0.4949745734016008
OGG1_0_multinomial_train1.16	0.8191623281812227	0.010694687415600345	0.06854402423877826	0.047578343282298194	0.05402061688210056
UNG_0_multinomial_train1.20	0.12380373537426727	0.059327920732480166	0.2528413400512217	2.684910382036242e-32	0.564027003842031
UNG_0_multinomial_train1.21	0.1341900386796718	0.10331431658263594	0.2072561398449158	0.051388505333765294	0.5038509995590112
OGG1_0_multinomial_train1.17	0.8740982624933776	1.8515846382371195e-50	0.008332711982618115	0.09709066491391656	0.020478360610087697
UNG_0_multinomial_train1.22	0.0719825453804496	1.442710772161297e-175	0.3762783334266972	1.4088e-319	0.5517391211928532
UNG_0_multinomial_train1.23	0.04566394044401601	0.010977736740328394	0.4504804918376847	0.007941735820780954	0.48493609515718994
UNG_0_multinomial_train1.24	0.13838874587698746	0.07413846221040547	0.25128688971045554	2.6307017361091763e-100	0.5361859022021516
OGG1_0_multinomial_train1.18	0.7867276716846858	0.01614853681384813	0.14043781661639174	0.023281500157136138	0.03340447472793815
UNG_0_multinomial_train1.25	0.13936672368526673	0.09926711626643532	0.33702308558216476	8.4e-322	0.4243430744661333
OGG1_0_multinomial_train1.19	0.8216704357903871	0.014435138908792468	0.05005704257921871	0.09594849510425453	0.017888887617347183
UNG_0_multinomial_train1.26	0.09022009530073835	4.926743382976236e-192	0.2649276147256776	0.09879847475405812	0.546053815219526
OGG1_0_multinomial_train1.20	0.7660304227590434	0.04039649942725207	0.1283377784416571	0.06523529937204717	3.121828525756056e-227
UNG_0_multinomial_train1.27	0.10571736050200228	0.10139028026863958	0.3534800508922119	1.245e-321	0.4394123083371462
OGG1_0_multinomial_train1.21	0.7085823277101535	5.044e-321	0.2281793486885078	0.0632383236013388	4.282672513616601e-131
OGG1_0_multinomial_train1.22	0.8213124694472868	0.0348733956270578	0.10169205637906985	0.0049520142673664565	0.037170064279219095
UNG_0_multinomial_train1.28	0.11408346380922785	0.08506193564560438	0.17850477141704085	8.4e-322	0.6223498291281269
UNG_0_multinomial_train1.29	0.14733020507027206	0.0149712303745598	0.2778084255578427	1.3744030640178612e-52	0.5598901389973254
OGG1_0_multinomial_train1.23	0.8740672565640446	4.733e-321	0.050848894968599234	0.0750838484673562	1.3787160795275707e-286
OGG1_0_multinomial_train1.24	0.836305648824464	2.07e-321	0.04977831050969535	0.11391604066584075	2.075e-321
OGG1_0_multinomial_train1.25	0.7325606870983171	0.05144384645432221	0.18919485754720375	0.02680060890015677	1.4041870928540689e-174
OGG1_0_multinomial_train1.26	0.8324127117083082	2.594e-321	0.1417091926755375	0.02587809561615427	3.014e-321
UNG_0_multinomial_train1.30	0.15576443070683713	8.810704009779688e-05	0.2428760012036502	5.656791545444082e-56	0.601271461049415
OGG1_0_multinomial_train1.27	0.8378484269047856	2.7646323468873184e-140	0.08283583362382924	0.07931573947138512	3.7252561726208326e-243
OGG1_0_multinomial_train1.28	0.7914426394451864	0.023286814450792094	0.1050083667483781	0.06044549136478653	0.019816687990857028
UNG_0_multinomial_train1.31	0.11463605984680539	0.04552285514331007	0.39213407516899895	1.6832947705554471e-74	0.44770700984088563
UNG_0_multinomial_train1.32	0.16133018190059698	0.05493945060964362	0.1635983219169423	2.46e-321	0.6201320455728172
UNG_0_multinomial_train1.33	0.09328297432063798	0.07634202311724742	0.2780140923092552	8.1e-322	0.5523609102528593
OGG1_0_multinomial_train1.29	0.7607934398887186	0.01409903998931636	0.1878270094887526	0.03235249852324147	0.00492801210997097
OGG1_0_multinomial_train1.30	0.7923558448556532	2.594e-321	0.11640719052464152	0.09123696461970518	5.253032833348929e-68
UNG_0_multinomial_train1.34	0.15317232940752493	0.06461552394646752	0.20430806334840387	0.019645745923733565	0.5582583373738701
OGG1_0_multinomial_train1.31	0.7995576858516839	2.936810842293873e-192	0.11765494385037979	0.08278737029793634	2.796e-321
UNG_0_multinomial_train1.35	0.13277139114394368	0.1566222100971782	0.14026769788382337	0.03630813351082046	0.5340305673642343
UNG_0_multinomial_train1.36	0.09615537445518085	0.05494405104908521	0.3317458342452544	8.35e-322	0.5171547402504795
UNG_0_multinomial_train1.37	0.08169677678913727	0.10541970013330561	0.1952043278265525	1.087e-321	0.6176791952510046
OGG1_0_multinomial_train1.32	0.8009147939013771	0.04095816888791937	0.02962074755347018	0.0742201026621511	0.0542861869950823
UNG_0_multinomial_train1.38	0.10813551907196264	0.1258778492357944	0.2921168603899674	1.4525737499164024e-32	0.4738697713022755
OGG1_0_multinomial_train1.33	0.7576761613522264	0.010170334714231132	0.17339388320785884	0.04046896522218435	0.01829065550349934
OGG1_0_multinomial_train1.34	0.8024918778974073	0.022993190871486085	0.09570441859899506	0.042210765306438	0.03659974732567363
OGG1_0_multinomial_train1.35	0.7978688211877574	4.30689246039021e-50	0.12054994868869895	0.08158123012354355	2.2090027882390553e-207
OGG1_0_multinomial_train1.36	0.8884785519229196	0.017960306210790457	0.015614463316442256	0.03979273771961731	0.0381539408302303
OGG1_0_multinomial_train1.37	0.8333803687547031	1.0571475074051033e-133	0.13464682505962486	0.01588818911072743	0.016084617074944477
OGG1_0_multinomial_train1.38	0.8565747508611685	3.91e-321	0.057485821865593444	0.07460715588582505	0.011332271387412994
UNG_0_multinomial_train1.39	0.08872917225730467	0.012064135307735199	0.3189692773381128	0.02445300597558922	0.555784409121258
OGG1_0_multinomial_train1.39	0.7604248275516873	1.607870443604151e-162	0.11168590287652524	0.11674910804079945	0.011140161530988017
UNG_0_multinomial_train1.40	0.05181160579936712	0.12305746783243873	0.2803994268688675	1.408814195890975e-203	0.5447314994993266
OGG1_0_multinomial_train1.40	0.7953034773366605	2.7051217314033136e-284	0.12885036984102993	0.07584615282230965	1.823e-321
OGG1_0_multinomial_train1.41	0.8750517067548534	0.05391966239245815	1.0122970087768272e-38	0.02665808990442025	0.04437054094826818
UNG_0_multinomial_train1.41	0.09883920761541734	0.17322621907817487	0.21953524426442103	1.78e-321	0.5083993290419868
OGG1_0_multinomial_train1.42	0.8444075669930071	0.002349675891098263	0.0921227081466304	0.034020183641730935	0.027099865327533286
UNG_0_multinomial_train1.42	0.04525503991766461	0.10439739569556468	0.3284668655398954	1.29e-321	0.5218806988468752
OGG1_0_multinomial_train1.43	0.8342748015301473	0.026200988973636104	0.08685389870844545	0.052670310787771034	2.9780663116712816e-185
OGG1_0_multinomial_train1.44	0.7729998302883228	0.05080657031023091	0.12695970192601436	0.020045642931221335	0.029188254544210538
OGG1_0_multinomial_train1.45	0.8086790085049698	6.284689205271909e-284	0.15791595119415408	0.033405040300847004	2.908967018634472e-14
OGG1_0_multinomial_train1.46	0.7630858068615247	0.00800769206787591	0.19004295893612058	0.03357644641835683	0.005287095716121836
UNG_0_multinomial_train1.43	0.15762636885089573	4.615e-321	0.2571425786785508	0.04097104069971767	0.5442600117708358
OGG1_0_multinomial_train1.47	0.790192473240924	0.03994033055847094	0.12542830086056503	0.04443889534004008	1.584736083612679e-140
OGG1_0_multinomial_train1.48	0.7799091206551495	2.757e-321	0.12460231235150893	0.06632599625708449	0.02916257073625711
OGG1_0_multinomial_train1.49	0.7911180960163142	0.02983672961703675	0.12893590897357024	0.04467501711046469	0.00543424828261406
OGG1_0_multinomial_train1.50	0.8373594054609008	2.8820928170006e-310	0.04805850556244315	0.10333538003957567	0.011246708937080494
UNG_0_multinomial_train1.44	0.1622053874540286	0.12306155627375874	0.1707655256981907	0.02985648374189808	0.514111046832124
OGG1_0_multinomial_train1.51	0.8035723171383126	0.0692950574948138	6.49350560753634e-55	0.07387267570811475	0.053259949658758944
OGG1_0_multinomial_train1.52	0.8661335101370633	0.022312658396821478	0.024751193461250882	0.05856280092790236	0.028239837076961975
ATP2B4_0_multinomial_train1	0.30750505589517096	0.11094951930949638	0.31310091976673227	0.10241633859627979	0.16602816643232074
ATP2B4_1_multinomial_train1	0.2918835996244314	0.021718390515064117	0.49938261879082413	0.10938284126356262	0.0776325498061178
ATP2B4_0_multinomial_train1.1	0.24328529647008065	0.1880130453059809	0.44242066268578395	3.915660169698971e-21	0.12628099553815442
ATP2B4_1_multinomial_train1.1	0.3661203395161949	0.0638271446944857	0.5079802072832718	0.05350375530261208	0.008568553203435764
ATP2B4_1_multinomial_train1.2	0.4120530797996121	0.07034175540609545	0.42970423870482133	0.08790092608947125	1.9001316534198012e-302
ATP2B4_1_multinomial_train1.3	0.21721216049749223	0.06188754588795989	0.6493097312463026	0.06504192254859689	0.006548639819648376
ATP2B4_0_multinomial_train1.2	0.2583465517534623	0.20225170463852438	0.39056575450985964	9.3e-322	0.14883598909815365
ATP2B4_1_multinomial_train1.4	0.421568595502761	1.793e-321	0.45687392292826	0.12155748156897891	6.203734462185399e-217
ATP2B4_0_multinomial_train1.3	0.21006660278364914	0.2092156576471517	0.44467550236693354	1.354e-321	0.1360422372022657
ATP2B4_0_multinomial_train1.4	0.2372819902789745	0.10443575249433551	0.45322114670593716	0.015453344284098683	0.1896077662366541
ATP2B4_0_multinomial_train1.5	0.2732183921485881	0.10624650772954108	0.42096961185155424	0.026467904638675998	0.17309758363164068
ATP2B4_0_multinomial_train1.6	0.24911990114312188	0.15859275700278286	0.3941972176453349	1.8260031288336756e-62	0.19809012420876052
ATP2B4_1_multinomial_train1.5	0.4792154692819731	0.059665635158887	0.33802576640352666	0.12309312915561318	1.26377812523619e-167
ATP2B4_0_multinomial_train1.7	0.3446010169855952	0.09311694447608271	0.3573154905876943	0.0634130747388823	0.1415534732117454
ATP2B4_1_multinomial_train1.6	0.4701787075343611	5.71809654897464e-78	0.3930281995535128	0.13679309291212596	8.45e-322
ATP2B4_1_multinomial_train1.7	0.38788020900439785	4.175e-321	0.44891552390423073	0.14641972798054756	0.016784539110823858
ATP2B4_1_multinomial_train1.8	0.2604043515534173	2.9598906226689478e-05	0.534811035036812	0.19202922120442184	0.012725793299122073
ATP2B4_1_multinomial_train1.9	0.4081693329465528	0.08526056126588304	0.4041155307309446	0.09272802114403078	0.009726553912588915
ATP2B4_1_multinomial_train1.10	0.36544657634495836	0.09140352026300103	0.3945769046891222	0.14857299870291837	4.3749069285771505e-253
ATP2B4_1_multinomial_train1.11	0.31438607303560007	2.5249697969808772e-39	0.5558428332400189	0.12977109333762435	3.867566755354569e-10
ATP2B4_1_multinomial_train1.12	0.3180673890920478	0.01649105423524502	0.5464798434771851	0.1189617131955219	2.3385352421e-313
ATP2B4_1_multinomial_train1.13	0.37332527041499725	0.06079863111573613	0.5081958148040697	0.057680283665196945	1.005540360798741e-226
ATP2B4_0_multinomial_train1.8	0.23833771927233002	0.21039635095427853	0.42177624542766967	0.035729078350943536	0.0937606059947782
ATP2B4_1_multinomial_train1.14	0.4444899024171236	0.0019238690526170226	0.349278185232306	0.13072801868677067	0.07358002461118285
ATP2B4_1_multinomial_train1.15	0.36154966671564714	0.08297279557193082	0.4205646210258305	0.11560471300489762	0.019308203681693798
ATP2B4_0_multinomial_train1.9	0.30485509290178636	0.12872595377589038	0.3175139982527485	0.04586545519951008	0.20303949987006464
ATP2B4_0_multinomial_train1.10	0.22505801624348495	0.1467652348518412	0.5198203196897802	1.19e-321	0.10835642921489369
ATP2B4_0_multinomial_train1.11	0.22249058172218505	0.1361316253835007	0.48207694309076043	0.06874196596063323	0.09055888384292039
ATP2B4_1_multinomial_train1.16	0.412082480555871	2.25e-321	0.41613402994430926	0.16336925117646212	0.008414238323357684
ATP2B4_0_multinomial_train1.12	0.24173902935060362	0.24227403994570854	0.3449829469847213	0.0018853260704637226	0.1691186576485028
ATP2B4_0_multinomial_train1.13	0.20648480608486372	0.22847433990230218	0.39699038640686923	2.71e-321	0.16805046760596484
ATP2B4_0_multinomial_train1.14	0.2756284812743346	0.10594079274354715	0.4522415957786441	0.10157011342781262	0.06461901677566156
ATP2B4_0_multinomial_train1.15	0.26015949264693616	0.168881067702782	0.4467759651929344	9.40071282638522e-170	0.12418347445734733
ATP2B4_1_multinomial_train1.17	0.3036783777707955	2.11105518070855e-38	0.5513591167923474	0.13410285051861234	0.010859654918244763
ATP2B4_1_multinomial_train1.18	0.4480537240021485	0.010677594813910828	0.4150751909588921	0.09743361014133414	0.02875988008371448
ATP2B4_1_multinomial_train1.19	0.43544940377792063	0.10407373851180765	0.32078689740887384	0.08672704113551243	0.05296291916588531
ATP2B4_1_multinomial_train1.20	0.3428141507898196	0.0044997271304473225	0.4483472739643285	0.10625736711859388	0.09808148099681074
ATP2B4_0_multinomial_train1.16	0.2902504524482416	0.2123972994470651	0.3430429513371711	1.100976038067432e-80	0.15430929676752214
ATP2B4_1_multinomial_train1.21	0.33779039909294517	0.0720371181239397	0.46497940502910073	0.12519307775401442	1.74e-321
ATP2B4_1_multinomial_train1.22	0.35196671555223125	0.15295642759428846	0.41378622165755274	0.06375164625959079	0.017538988936336784
ATP2B4_0_multinomial_train1.17	0.2520202232786794	0.09784592435114885	0.45252397431726177	0.01239470597721016	0.18521517207569993
ATP2B4_0_multinomial_train1.18	0.3647812620123241	0.16237012799866385	0.2842546238298818	0.04200029976434056	0.14659368639478954
ATP2B4_1_multinomial_train1.23	0.47224810217662627	8.301923428810912e-215	0.3481352612188495	0.14685090483202534	0.032765731772498814
ATP2B4_1_multinomial_train1.24	0.30795315022445113	0.049003294585646825	0.49163876514430793	0.057021453628358656	0.09438333641723544
ATP2B4_0_multinomial_train1.19	0.3209301040891117	0.11529980762751801	0.361990449500479	0.027033668146979065	0.17474597063591238
ATP2B4_1_multinomial_train1.25	0.2741418035969879	0.04909921287661318	0.528487791305862	0.14827119222053697	1.566e-321
ATP2B4_0_multinomial_train1.20	0.2991287906283858	0.09531576899449394	0.4015183826551735	0.030884075031539827	0.17315298269040705
ATP2B4_0_multinomial_train1.21	0.41271225259738664	0.14923683036375596	0.21800075527751384	0.03124900922459463	0.18880115253674898
ATP2B4_0_multinomial_train1.22	0.3327107356225808	0.20040345654184655	0.2835530852417874	9.671775711213676e-172	0.18333272259378533
ATP2B4_0_multinomial_train1.23	0.2633589878798141	0.21254242690262973	0.3658345207691074	0.025013091324111024	0.13325097312433776
ATP2B4_0_multinomial_train1.24	0.24153452149358998	0.20049348538515904	0.45125056606006997	0.0020757144899568683	0.10464571257122407
ATP2B4_1_multinomial_train1.26	0.24573181863290516	0.07307263579700746	0.6587052555276879	0.022490290042399694	7.6e-322
ATP2B4_0_multinomial_train1.25	0.3324925827063992	0.12462925392203203	0.42448760281604847	0.07424369836088834	0.04414686219463206
ATP2B4_1_multinomial_train1.27	0.38054382473569054	0.12569067279397209	0.42624866658108596	0.055086749933410485	0.012430085955840959
ATP2B4_0_multinomial_train1.26	0.22066119206672993	0.21426332045911145	0.3618026078799784	5.4e-322	0.20327287959418003
ATP2B4_1_multinomial_train1.28	0.3271453233808023	0.0005142983946701089	0.5200321253687807	0.15230825285574676	9.5e-322
ATP2B4_0_multinomial_train1.27	0.23761268580317643	0.17164004896391843	0.37155319787981267	0.07663990541095264	0.1425541619421398
ATP2B4_1_multinomial_train1.29	0.2724506010303624	0.048730776225994143	0.5153045517980682	0.1635140709455752	1.344771295247242e-243
ATP2B4_0_multinomial_train1.28	0.2799094261174709	0.17919228466088616	0.32624642449211605	0.003629706328913145	0.21102215840061384
ATP2B4_0_multinomial_train1.29	0.3319721663878809	0.18117503991158584	0.3572403516452306	0.002751836363703702	0.12686060569159888
ATP2B4_0_multinomial_train1.30	0.3664233817383684	0.17409616991756094	0.27736958002540385	0.019584075104900806	0.16252679321376598
ATP2B4_0_multinomial_train1.31	0.1678647817376624	0.15403967131054305	0.4673017640954268	0.053028248990992434	0.15776553386537523
ATP2B4_1_multinomial_train1.30	0.2679584115085434	0.14195375366337074	0.5223689136550494	0.0677189211730366	3.6506946365388048e-140
ATP2B4_1_multinomial_train1.31	0.35942804326997607	0.008089832689515004	0.5314761675346343	0.10100595650587453	1.013e-321
ATP2B4_1_multinomial_train1.32	0.3134976094566956	0.09371275512989269	0.5369929065778357	0.05579672883557618	1.4959370389971015e-51
ATP2B4_0_multinomial_train1.32	0.2712857307119383	0.24521093270886754	0.32663261229315466	2.4e-321	0.15687072428603951
ATP2B4_0_multinomial_train1.33	0.27521346641649114	0.1485317758693225	0.4671535995264511	0.020610982771369822	0.08849017541636538
ATP2B4_0_multinomial_train1.34	0.27675280733290547	0.14384671790808295	0.37321626984896994	0.013516495568226228	0.19266770934181537
ATP2B4_0_multinomial_train1.35	0.1956476245716242	0.23381878785136084	0.42025634221050867	0.023765947943086282	0.12651129742341982
ATP2B4_1_multinomial_train1.33	0.3184859515631185	0.06284168651134557	0.5072769388086039	0.07124533422473181	0.04015008889220001
ATP2B4_1_multinomial_train1.34	0.3325977204694742	0.13117273769595533	0.4021501339713517	0.12360714289714954	0.010472264966069305
ATP2B4_1_multinomial_train1.35	0.3740563614375142	0.00931029460006489	0.4141041643574581	0.1579799885060205	0.04454919109894237
ATP2B4_1_multinomial_train1.36	0.3286057929164101	0.00029140447607935757	0.45426795308672274	0.1839451544790817	0.03288969504170624
ATP2B4_0_multinomial_train1.36	0.3324144896579063	0.19356488742847944	0.3096749068846493	1.546e-321	0.16434571602896508
ATP2B4_0_multinomial_train1.37	0.2125327044691411	0.2783316592325432	0.39616502403577547	0.0008335627338563685	0.11213704952868374
ATP2B4_1_multinomial_train1.37	0.4205908123237757	1.275e-321	0.3980360856497256	0.16488537151649274	0.016487730510006
ATP2B4_1_multinomial_train1.38	0.23361100268178983	6.56688070363079e-193	0.6159532494642278	0.1504357478539824	1.685e-321
ATP2B4_1_multinomial_train1.39	0.3491059924460446	0.04931276286267688	0.43413198295406563	0.16744926173346864	3.7441864079451315e-12
ATP2B4_1_multinomial_train1.40	0.4330324989181229	0.06200889448665298	0.42282676652699985	0.082131840068224	1.9623953168317963e-122
ATP2B4_1_multinomial_train1.41	0.3661786612535634	0.044051754408598556	0.4497143992429712	0.11647803042745822	0.02357715466740867
ATP2B4_1_multinomial_train1.42	0.4339598126941676	0.07182786295792486	0.38887648105867334	0.10533584328923432	1.25e-321
ATP2B4_0_multinomial_train1.38	0.19796226365981004	0.07913239453459436	0.5347168314878988	0.044302228579494216	0.14388628173820245
ATP2B4_0_multinomial_train1.39	0.2647307932295944	0.1730034644001779	0.3471256883686721	0.023703622081898666	0.19143643191965698
ATP2B4_0_multinomial_train1.40	0.3394186676927176	0.10957479935069768	0.3924788751303636	0.025515376026842992	0.13301228179937816
ATP2B4_1_multinomial_train1.43	0.3844683952323348	0.0034108120129757212	0.44141768865011055	0.14833692437432988	0.022366179730248854
ATP2B4_0_multinomial_train1.41	0.23706335261384634	0.15916871462872625	0.44039811907608617	2.431006815265117e-75	0.16336981368134124
ATP2B4_0_multinomial_train1.42	0.32656578656804747	0.19199657675410453	0.32462970609438857	3.6967543294165347e-252	0.1568079305834594
ATP2B4_0_multinomial_train1.43	0.25757352774836567	0.12819633021537302	0.43955024003633636	1.937e-321	0.17467990199992492
ATP2B4_0_multinomial_train1.44	0.2206849886816238	0.2741219501733645	0.32855389808358537	0.029418212323720404	0.14722095073770594
ATP2B4_1_multinomial_train1.44	0.3671080242936008	0.09231902482375248	0.5028511490918077	0.03772180179083889	3.02622733741993e-16
ATP2B4_0_multinomial_train1.45	0.3056560773705805	0.19652633257265892	0.32478649753394406	0.02330897258589095	0.14972211993692555
ATP2B4_1_multinomial_train1.45	0.37812813069344614	0.15509562007503325	0.3955494326706607	0.07122681656085998	1.650362011609182e-66
ATP2B4_0_multinomial_train1.46	0.2320917131932638	0.1371475588639408	0.5130256327369312	0.031754923113547315	0.08598017209231677
ATP2B4_0_multinomial_train1.47	0.23397983914304601	0.1441333281624803	0.45335338829618543	0.05362648213791094	0.11490696226037733
ATP2B4_0_multinomial_train1.48	0.24239897951513367	0.13926735848995794	0.4625014619129949	0.0075974311678826505	0.1482347689140309
ATP2B4_1_multinomial_train1.46	0.21553541587319816	0.051524440965899164	0.6813591013697402	0.05158104179116266	1.5215453353897364e-25
ATP2B4_1_multinomial_train1.47	0.2680775324516326	0.02638740637674882	0.5968669170612596	0.10866814411035883	1.7e-321
ATP2B4_1_multinomial_train1.48	0.38013964533849465	0.08111932493000658	0.3724685622400721	0.11688632962226454	0.049386137869162135
PMS1_0_multinomial_train1	0.16587050457968375	0.025726533810223887	0.45608742016215786	0.24676650932863095	0.10554903211930344
MSH6_1_multinomial_train1	0.020462488933809808	0.04627667048516319	0.02196639043386661	0.8112993843597383	0.09999506578742218
MSH6_0_multinomial_train1	0.004926906691722474	3.786132239443911e-109	0.05149193949226998	0.8218852018724001	0.12169595194360754
MSH2_0_multinomial_train1	8.478911421233468e-291	4.654866581126369e-177	0.07560455397991453	0.7585335422779138	0.1658619037421718
MSH6_0_multinomial_train1.1	0.02021779607996596	9.283200681481554e-49	0.012265869870406136	0.8275814066800345	0.13993492736959326
MLH1_0_multinomial_train1	0.0019414706437464618	0.006862828109870469	6.500381961669095e-147	0.7767814207149313	0.21441428053145173
MSH6_1_multinomial_train1.1	0.03188267674299382	7.46890308016028e-33	0.011056204521713056	0.841226295062303	0.1158348236729902
MLH1_0_multinomial_train1.1	0.017725063744607635	2.341680753112929e-288	2.194e-321	0.7914763200824595	0.1907986161729327
PMS1_0_multinomial_train1.1	0.14787255936976834	0.042712931969331	0.48591947264096247	0.1468991764342661	0.1765958595856722
