Samples	SBS96A	SBS96B	SBS96C	SBS96D	SBS96E
EXO1_0_real_train1	0.8254364449501862	0.021091235958315042	0.023313988195586943	0.11421089763197534	0.015947433263936384
OGG1_0_real_train1	1.9199701012582575e-124	0.015297782961959201	0.07861022145865929	0.1165677963495114	0.7895241992298702
RNF168_0_real_train1	0.7947003930712031	4.7647706139944415e-151	0.10957766922570267	0.06943808782879413	0.026283849874300116
UNG_0_real_train1	0.044264927961471724	1.1051494512452546e-111	0.03961196024959672	0.831015357177199	0.08510775461173263
ATP2B4_0_real_train1	0.13576075246509403	8.429659077204816e-16	0.5661828786408712	0.18315888729218155	0.11489748160185238
ATP2B4_1_real_train1	2.356002030328484e-166	0.1034580997870582	0.7522665971412157	3.777324611134783e-178	0.144275303071726
MLH1_0_real_train1	2.495e-321	0.9401746702315985	1.36e-321	0.05697158397812502	0.0028537457902764775
MSH2_0_real_train1	2.065e-321	0.8717318211400422	5.911134796395508e-204	0.12037627381168188	0.007891905048275728
MSH6_0_real_train1	4.5577339546743245e-308	0.946328604656844	3.152585145222324e-200	0.03519700563806666	0.018474389705089186
MSH6_1_real_train1	1.4488982788571013e-263	0.967815703863703	5.9304575854480145e-304	0.002126771071474038	0.030057525064823017
PMS1_0_real_train1	8.744872178680894e-228	0.2099802948506252	0.5634468286190296	0.18234135764759699	0.04423151888274835
PMS2_0_real_train1	0.4559074931376653	0.5307383206816332	2.0489319684925925e-306	6.23e-322	0.013354186180701333
EXO1_0_dirichlet_train1	0.8197281009831409	6.432917184046594e-145	1.873e-321	0.014123851725917909	0.16614804729094115
RNF168_0_dirichlet_train1	0.7694974131285532	4.363e-321	0.09130456766966154	0.13919801920178518	4.5e-322
RNF168_0_dirichlet_train1.1	0.8642581176213053	3.11e-321	7.188891229675811e-52	4.2329854449245736e-262	0.1357418823786946
EXO1_0_dirichlet_train1.1	0.656987410641328	0.05494771871966492	0.1604155869679353	0.12764928367107184	1.15e-321
RNF168_0_dirichlet_train1.2	0.9093033828212824	6.67e-322	4.7542367583956487e-141	7.76e-322	0.09069661717871758
RNF168_0_dirichlet_train1.3	0.8764929366462165	1.3159240377065855e-307	2.4e-321	0.030869730610691017	0.09263733274309262
RNF168_0_dirichlet_train1.4	0.8805915452957177	2.2164e-320	0.09601270897876857	0.0005084603148927993	0.022887285410620874
RNF168_0_dirichlet_train1.5	0.7642835648072498	1.8487060768123024e-97	1.04e-321	0.23571643519275023	1.497e-321
RNF168_0_dirichlet_train1.6	0.672466557552662	3.4e-322	0.00535121327336035	0.26466146174554034	0.05752076742843741
RNF168_0_dirichlet_train1.7	0.7847364325470652	0.08348685627248682	0.05354932474875124	2.42e-321	0.07822738643169667
RNF168_0_dirichlet_train1.8	0.8371945320579222	5.587057378085936e-180	1.843e-321	0.05120206276903902	0.11160340517303889
EXO1_0_dirichlet_train1.2	0.6316621808132082	0.10730684062929237	1.6952856909579377e-252	0.24073400053919802	0.020296978018301288
EXO1_0_dirichlet_train1.3	0.8919694821046206	0.02512500175497875	1.24e-321	0.07813330681305698	0.004772209327343695
RNF168_0_dirichlet_train1.9	0.6806850107638264	1.556e-321	0.05641080835090026	0.12420830492852895	0.13869587595674435
EXO1_0_dirichlet_train1.4	0.6696217773439763	0.027834202945362128	2.519606900423906e-188	0.3025440197106615	1.46e-321
EXO1_0_dirichlet_train1.5	0.9206419476360445	4.46e-321	9.8e-322	0.07935805236395539	5.6307739642065776e-30
EXO1_0_dirichlet_train1.6	0.8774295467544974	6.97e-322	1.0249866382901163e-276	0.12257045324550256	2.105e-321
EXO1_0_dirichlet_train1.7	0.7684598028457482	0.23154019715425192	3.52e-321	3.320837102920827e-101	8.6e-322
EXO1_0_dirichlet_train1.8	0.7852535337349147	0.14068230740279392	1.477e-321	0.07406415886229128	2.87e-322
RNF168_0_dirichlet_train1.10	0.6678061095903607	0.09565741226036904	0.11379421704626218	0.12274226110300827	2.1059820954858175e-278
EXO1_0_dirichlet_train1.9	0.6557388284137246	0.19825974247505462	7.004755414857857e-296	0.020195475603609854	0.12580595350761092
RNF168_0_dirichlet_train1.11	0.7525093007002889	0.06732342360950476	0.12041850572246367	0.059748769967742775	1.997178969675176e-25
RNF168_0_dirichlet_train1.12	0.7252420708302608	8.94e-322	0.2400480902688774	0.03470983890086162	9.83e-322
EXO1_0_dirichlet_train1.10	0.8981056739786657	0.01897040799123603	0.08242171262994878	3.0725134546432604e-294	0.0005022054001494052
EXO1_0_dirichlet_train1.11	0.7507950588008485	1.255e-321	0.03370430578536405	0.1996338460394307	0.015866789374356732
RNF168_0_dirichlet_train1.13	0.808246659469618	0.11139604059182905	7.819841435000129e-131	0.08035729993855294	2.8159897593975154e-88
RNF168_0_dirichlet_train1.14	0.8286385630177666	0.06949708954723648	0.10186434743499698	1.96e-321	2.9e-322
RNF168_0_dirichlet_train1.15	0.7459585869733425	9.24e-322	0.12031689674481641	0.13372451628184118	2.9e-322
RNF168_0_dirichlet_train1.16	0.5994728100432581	0.04140288809430386	0.19844563684847624	0.16067866501396166	3.06e-322
EXO1_0_dirichlet_train1.12	0.8362282630136617	2.945e-321	1.2114842861898738e-157	0.07570025244120288	0.08807148454513539
RNF168_0_dirichlet_train1.17	0.6598694016552311	0.1919479718355454	0.04055167144957234	2.174e-321	0.10763095505965123
EXO1_0_dirichlet_train1.13	0.9564011947109448	0.004635636162664536	0.03896316912639059	3.32e-321	2.6469227721567466e-295
RNF168_0_dirichlet_train1.18	0.8638852577793333	2.5e-321	0.039333517530703146	8.2063855523621e-05	0.09669916083443997
EXO1_0_dirichlet_train1.14	0.6700609590302831	0.11930016522295196	0.09404424674833992	0.031163673919676085	0.085430955078749
RNF168_0_dirichlet_train1.19	0.7035881159783826	0.10908319188699944	0.10444414163903289	0.011358701793584093	0.07152584870200095
RNF168_0_dirichlet_train1.20	0.506664744728417	1.3698021009309466e-84	0.0692277316751006	0.2796487363352361	0.1444587872612464
EXO1_0_dirichlet_train1.15	0.5938699128869175	0.10767052963118712	0.027685168100857464	0.27077438938103804	6.2e-322
RNF168_0_dirichlet_train1.21	0.9783188903145715	2.56e-321	3.523365091608061e-95	3.7876108677753647e-278	0.021681109685428433
RNF168_0_dirichlet_train1.22	0.7946478211818041	2.13e-321	0.14895528561288188	0.056396893205314096	1.1191036810840327e-239
EXO1_0_dirichlet_train1.16	0.9455001672168448	0.019223127462344464	3.6481456644789334e-301	1.0382355385777325e-197	0.03527670532081057
EXO1_0_dirichlet_train1.17	0.6827456964410921	0.055046366325743	5.9e-322	0.2622079372331649	2.9e-322
RNF168_0_dirichlet_train1.23	0.8283022528336415	1.21e-321	2.0077525938356055e-87	0.10181345016498901	0.0698842970013696
EXO1_0_dirichlet_train1.18	0.7100458178439581	9.126396148207784e-257	4.1828851938792454e-60	0.2435745550332341	0.046379627122807694
RNF168_0_dirichlet_train1.24	0.7526455425896814	0.01967393692330575	0.08279247319169028	0.11679858272437064	0.028089464570951985
RNF168_0_dirichlet_train1.25	0.762548132012087	9.5e-322	0.23745186798791298	1.3e-321	5.5472429617421213e-154
RNF168_0_dirichlet_train1.26	0.7314225549555469	0.10986820406476444	8.11048385942716e-282	0.1081226097961341	0.05058663118355467
RNF168_0_dirichlet_train1.27	0.7217940617832427	0.06648518924522645	0.16701142973738634	0.04470931923414443	3.3e-322
RNF168_0_dirichlet_train1.28	0.6952352167976493	1.47e-321	0.29137566341663623	0.013389119785714283	2.96e-322
EXO1_0_dirichlet_train1.19	0.7294352289871076	0.043155251984476894	0.029903423151385552	0.1975060958770301	9.44e-322
RNF168_0_dirichlet_train1.29	0.9047506020727831	1.067e-321	0.07912679322676765	1.662774862007191e-306	0.016122604700449326
EXO1_0_dirichlet_train1.20	0.6273279014532551	0.2265353826160608	2.33e-321	0.14613671593068417	6.67e-322
RNF168_0_dirichlet_train1.30	0.6728264951840497	0.09581379215194226	0.23135971266400818	6.837132364210694e-100	1.4e-322
RNF168_0_dirichlet_train1.31	0.9843422588812639	1.25e-321	0.0063225002199771285	1.774e-321	0.009335240898759018
RNF168_0_dirichlet_train1.32	0.6507321304083951	5.821923560297387e-13	0.23857074328964709	0.11069712630137557	2.4396951594823587e-289
RNF168_0_dirichlet_train1.33	0.7639048603409458	1.8406480742943248e-100	2.520752938832011e-94	0.17375128797294417	0.06234385168610985
EXO1_0_dirichlet_train1.21	0.6193417614432519	0.027974134219181407	0.25769678092328235	0.039226525154927326	0.05576079825935705
RNF168_0_dirichlet_train1.34	0.7861964900155237	0.09817055417483354	0.11563295580964268	1.51e-321	1.206e-321
EXO1_0_dirichlet_train1.22	0.7746680346342936	0.17249967386281542	7.621992868409235e-94	0.03730644478666835	0.015525846716222647
EXO1_0_dirichlet_train1.23	0.7870957819021568	0.08024774967284302	1.8245903446333147e-84	0.13265646842500023	1.01e-321
RNF168_0_dirichlet_train1.35	0.41540333001600604	0.044478959372465154	0.27123438518009324	0.24123953129874803	0.02764379413268748
RNF168_0_dirichlet_train1.36	0.7908225963721397	0.06886364191883809	0.01452913633234096	1.19e-321	0.12578462537668123
EXO1_0_dirichlet_train1.24	0.9950509662227739	6.8e-322	9.833991205203862e-154	1.2334881235789307e-125	0.00494903377722606
RNF168_0_dirichlet_train1.37	0.8884610801359344	0.041381771525555146	0.040585010198666185	2.8931120874410944e-89	0.029572138139844283
EXO1_0_dirichlet_train1.25	0.9947103869523296	2.41e-321	1.433e-321	1.470008500192835e-216	0.00528961304767042
RNF168_0_dirichlet_train1.38	0.6639753443367895	7.0492980165e-313	3.605289049012138e-101	0.23197577529870114	0.10404888036450934
EXO1_0_dirichlet_train1.26	0.9726797079522085	9.4e-322	1.586e-321	3.54e-321	0.02732029204779154
EXO1_0_dirichlet_train1.27	0.8272569197749045	3.899141516082648e-282	0.08045631318861206	0.09228676703648354	2.3e-322
EXO1_0_dirichlet_train1.28	0.8864913467114889	0.0504669334097208	0.045182717581660134	1.517e-321	0.01785900229713018
EXO1_0_dirichlet_train1.29	0.8344283045896164	2.67e-321	0.08196352429184219	0.06497672365950319	0.018631447459038324
EXO1_0_dirichlet_train1.30	0.9832433040422609	0.01675669567205137	2.25e-321	2.8568764248246503e-10	1.764e-321
RNF168_0_dirichlet_train1.39	0.46992339193976673	0.3224054738844135	1.83e-321	0.17227228898468927	0.03539884519113067
RNF168_0_dirichlet_train1.40	0.7948198833981944	0.056553957011866454	0.13527055682326342	1.9e-321	0.013355602766675835
EXO1_0_dirichlet_train1.31	0.7803768962295573	3.464925704387123e-83	3.3595854868954074e-22	0.0866910923566749	0.13293201141376787
EXO1_0_dirichlet_train1.32	0.7092046600642341	0.15705680232376298	2.0427045092327266e-29	0.12569986671128475	0.008038670900718324
EXO1_0_dirichlet_train1.33	0.8347403759640328	1.947e-321	5.55619616785159e-90	0.05594096951629058	0.10931865451967658
RNF168_0_dirichlet_train1.41	0.7750609016220039	0.1053777741109336	0.013675677148600735	0.0601908276586886	0.04569481945977305
RNF168_0_dirichlet_train1.42	0.8788620049441266	0.0009708110504269824	0.03216074316662955	0.023040865091188276	0.06496557574762866
EXO1_0_dirichlet_train1.34	0.8159708929391744	0.14699956614847481	4.834745870299892e-199	0.037029540912350827	3.7e-322
RNF168_0_dirichlet_train1.43	0.9053029723615063	6.67e-322	4.611407912066075e-238	0.034876011487863894	0.05982101615062979
EXO1_0_dirichlet_train1.35	0.8306580329436428	0.048789343166502575	1.735555751808634e-218	0.1205526238898547	2.065e-321
EXO1_0_dirichlet_train1.36	0.6417375427514923	0.004181205636670847	0.27272717306324407	0.050350282105672634	0.03100379644292012
RNF168_0_dirichlet_train1.44	0.7595465416257822	4.373331864117231e-255	0.23872684482070383	0.0017266135535140895	4.55e-322
EXO1_0_dirichlet_train1.37	0.8603388774666081	2.204e-321	1.1840582537266098e-14	0.08449358138184548	0.0551675411515344
RNF168_0_dirichlet_train1.45	0.8833730695847274	2.0348016153199948e-286	1.74e-321	0.10734258086150476	0.009284349553767902
RNF168_0_dirichlet_train1.46	0.6690716133083	1.93e-321	0.09149521976302824	0.2394331669286719	4.2e-322
RNF168_0_dirichlet_train1.47	0.7576055014417371	0.0679541699674195	1.13e-321	8.05e-322	0.17444032859084319
RNF168_0_dirichlet_train1.48	0.6963545245513723	1.93e-321	0.22771386413741126	7.4e-322	0.07593161131121645
RNF168_0_dirichlet_train1.49	0.9771100661689605	1.606e-321	3.8272596455095794e-132	0.022889933831039558	3.3365089921044335e-308
RNF168_0_dirichlet_train1.50	0.6916747247430831	0.09694868728526347	0.12848533038090082	0.08289125759075257	2.17e-322
EXO1_0_dirichlet_train1.38	0.6082888556135545	1.96e-321	0.12507031106613126	0.17077091080029583	0.09586992252001847
RNF168_0_dirichlet_train1.51	0.6813595168470002	0.15624833976530017	0.03417876554610057	0.008502672208358418	0.11971070563324075
RNF168_0_dirichlet_train1.52	0.3344691582190442	0.308476176142477	0.03023675630794538	0.10531973362367912	0.22149817570685418
EXO1_0_dirichlet_train1.39	0.9999999999999999	2.0938262556252693e-32	1.586e-321	1.261566518998532e-174	3.6e-322
EXO1_0_dirichlet_train1.40	0.9825191689157753	4.007e-321	1.255e-321	3.5816578263852544e-88	0.017480831084224754
RNF168_0_dirichlet_train1.53	0.9136547425264776	3.36e-322	0.03322205648000559	9.463800371290666e-122	0.053123200993517014
EXO1_0_dirichlet_train1.41	0.8396130018875158	8.926878115550825e-241	0.011222803977140497	0.07618861203278053	0.07297558210256333
EXO1_0_dirichlet_train1.42	0.8313176493117043	0.09828239695617114	1.477e-321	4.7032807649731354e-125	0.07039995373212457
RNF168_0_dirichlet_train1.54	0.36815907081519605	3.1e-322	0.3963412659094816	0.23549966327532226	3.56e-322
OGG1_0_dirichlet_train1	1.056476028049192e-229	3.19e-321	0.217716481789281	0.08743429114501122	0.6948492270657076
UNG_0_dirichlet_train1	0.05381045476022927	0.02971117193775444	0.1177067342839134	0.7987716390181029	9.491034069550694e-47
UNG_0_dirichlet_train1.1	0.05199753402331137	1.1288638946393156e-17	6.797741783539214e-167	0.8199369668288818	0.12806549914780682
UNG_0_dirichlet_train1.2	1.209920922067861e-209	1.206e-321	0.23981748655320093	0.7322454412462832	0.02793707220051596
OGG1_0_dirichlet_train1.1	1.033297380666687e-50	1.487e-321	0.5864963766695943	1.29e-321	0.41350362333040575
UNG_0_dirichlet_train1.3	0.05741688548850719	0.04660961925180409	0.20731981407405184	0.6620664834549017	0.026587197730735153
OGG1_0_dirichlet_train1.2	0.037633769563136237	2.17e-321	0.140999438892581	0.057287786894639495	0.7640790046496431
OGG1_0_dirichlet_train1.3	0.0313408451418171	1.2098774058561803e-274	0.24743463764042878	0.10384030017259545	0.6173842170451586
UNG_0_dirichlet_train1.4	0.03666860579343431	1.635e-321	0.33125577619968377	0.5789789088405861	0.053096709166295705
UNG_0_dirichlet_train1.5	1.863e-321	4.64e-322	0.37443646536203046	0.5693184652441996	0.05624506939376986
OGG1_0_dirichlet_train1.4	7.5e-322	1.31e-321	0.08927287648921473	0.04354172025885872	0.8671854032519265
OGG1_0_dirichlet_train1.5	2.24e-321	0.0019011818104766585	0.23972798542612672	0.03782661700417779	0.7205442157592189
UNG_0_dirichlet_train1.6	0.1414340775627005	0.04217424201258296	7.95e-322	0.7302434003660836	0.08614828005863277
UNG_0_dirichlet_train1.7	3.04e-321	0.0018132105291416918	0.13696940901982002	0.8213202563438569	0.0398971241071815
UNG_0_dirichlet_train1.8	2.614e-321	0.06716777266580443	7.1548384282933e-311	0.7378560571685402	0.19497617016565524
OGG1_0_dirichlet_train1.6	2.406e-321	4.4e-321	0.07305849276314136	1.2725137390404814e-28	0.9269415072368585
UNG_0_dirichlet_train1.9	1.468035877299817e-193	1.75e-321	1.187948676468862e-214	0.9373292898950377	0.06267071010496213
OGG1_0_dirichlet_train1.7	1.0095673967380215e-237	2.4936434557888304e-185	0.4659125978130906	0.007720299827662672	0.5263671023592467
UNG_0_dirichlet_train1.10	0.03864156042620732	0.03579547690558388	6.291886060376232e-41	0.8242146881767796	0.10134827449142922
OGG1_0_dirichlet_train1.8	1.645e-321	0.062123796845072576	0.0035696207304528158	0.12334459856044941	0.8109619838640252
UNG_0_dirichlet_train1.11	5.109115864391e-311	1.487e-321	7.864732724514995e-235	0.8914617788695086	0.1085382211304913
OGG1_0_dirichlet_train1.9	0.10708194202832758	0.10290000172432485	3.107086721781295e-54	7.78055453543714e-55	0.7900180562473476
OGG1_0_dirichlet_train1.10	0.031275032702429297	0.027736413378233488	3.6002597276130915e-293	2.386938115278794e-178	0.9409885539193372
OGG1_0_dirichlet_train1.11	2.4502329717576976e-36	0.14827908094696388	0.32660784285643524	1.0529188644383914e-108	0.525113076196601
UNG_0_dirichlet_train1.12	0.14732625340783312	1.577e-320	1.097e-321	0.7008656006332721	0.15180814595889497
UNG_0_dirichlet_train1.13	0.11640578323148919	4.216838244352462e-268	0.06040872042349213	0.7683324549512609	0.05485304139375788
UNG_0_dirichlet_train1.14	0.00206390420594913	1.665e-321	0.04439638232620546	0.880441318906457	0.07309839456138834
OGG1_0_dirichlet_train1.12	0.11911094450529604	7.7e-322	2.704053683403317e-132	0.11421216346911156	0.7666768920255924
OGG1_0_dirichlet_train1.13	1.2284706952121663e-89	0.03195113715462205	3.895195079369605e-72	0.08078298749408382	0.887265875351294
UNG_0_dirichlet_train1.15	1.06e-321	9.5e-322	0.18158809659691028	0.8184119034030897	3.6467483669889054e-60
UNG_0_dirichlet_train1.16	2.8662958264336408e-164	0.18547431397100358	0.15911999251807046	0.655405693510926	7.56e-322
UNG_0_dirichlet_train1.17	2.7550633656574513e-267	0.08981931574540236	1.6008666904544094e-251	0.6536208653653115	0.2565598188892863
OGG1_0_dirichlet_train1.14	3.899022774201925e-199	0.10504766647038502	2.9405821416837016e-40	0.298731315641077	0.5962210178885379
UNG_0_dirichlet_train1.18	0.023662210487404103	1.97e-321	0.2776592215638696	0.6986785679487264	7.07e-322
OGG1_0_dirichlet_train1.15	2.789553846331892e-239	1.413e-321	0.3676945975178553	0.04303364870346606	0.5892717537786788
UNG_0_dirichlet_train1.19	6.46564671260513e-234	0.23774624290891042	5.48770988619094e-159	0.7168721258652664	0.04538163122582322
OGG1_0_dirichlet_train1.16	0.02943021183365525	2.24e-321	0.3664114147460679	0.05172913801126075	0.5524292354090161
UNG_0_dirichlet_train1.20	0.07360863982979372	0.10096427474220321	1.14e-321	0.6763876060449128	0.14903947938309023
UNG_0_dirichlet_train1.21	1.462182045324155e-263	0.1709549798281556	0.2900985685695354	0.4695188751864192	0.06942757641588987
OGG1_0_dirichlet_train1.17	1.58e-321	0.029223215939175016	0.4075278958572749	0.1748264668697618	0.38842242133378835
UNG_0_dirichlet_train1.22	1.497e-321	3.762203099780089e-17	0.06885254196501181	0.9311474580349881	2.17e-322
UNG_0_dirichlet_train1.23	6.97e-322	0.3576526442477112	9.14e-322	0.5776892401437231	0.06465811560856553
UNG_0_dirichlet_train1.24	0.010326406212389935	0.010887468481321525	1.934581826384806e-71	0.8469863675077532	0.1317997577985352
OGG1_0_dirichlet_train1.18	0.06083435704373397	2.37e-321	3.6796689375421344e-193	0.10985701510865999	0.8293086278476061
UNG_0_dirichlet_train1.25	0.08103676707260939	0.11850584285300095	0.10229676671826075	0.698160623356129	1.33e-322
OGG1_0_dirichlet_train1.19	2.4736073700443783e-234	0.09801095552652711	0.03944574244072306	0.08591100592637464	0.7766322961063751
UNG_0_dirichlet_train1.26	0.09226458158713634	0.04892090808924018	0.1044033557895233	0.713613130643312	0.04079802389078824
OGG1_0_dirichlet_train1.20	9.021643753957534e-27	1.59e-321	1.8207821331558754e-161	0.1597851859200668	0.8402148140799333
UNG_0_dirichlet_train1.27	2.16e-321	0.12668392809849172	4.660277695312558e-297	0.80286952943243	0.07044654246907828
OGG1_0_dirichlet_train1.21	0.1346238790118667	0.0866854819985091	2.0429785320656463e-103	9.070296406559455e-43	0.7786906389896243
OGG1_0_dirichlet_train1.22	0.13351908972829465	0.04829814752108112	0.003456743984996501	0.0358067333051473	0.7789192854604806
UNG_0_dirichlet_train1.28	0.0704806073947179	0.11980793794191617	3.222311375839073e-149	0.6736757175991072	0.13603573706425878
UNG_0_dirichlet_train1.29	2.0222423e-317	9.14e-322	0.024557633983136897	0.7606908452299983	0.2147515207868647
OGG1_0_dirichlet_train1.23	0.002329566484617996	3.88e-321	0.13208792220458757	0.08447080940430497	0.7811117019064895
OGG1_0_dirichlet_train1.24	3.781050432771777e-127	0.07277709244764505	0.3483875294330349	1.265e-321	0.5788353781193201
OGG1_0_dirichlet_train1.25	1.8788252996572025e-232	1.937e-321	3.131e-319	0.1697038328282932	0.8302961671717068
OGG1_0_dirichlet_train1.26	9.532317128717957e-40	0.14639713973430082	1.0615961312586221e-103	0.10790955236712768	0.7456933078985715
UNG_0_dirichlet_train1.30	6.232343677584668e-41	9.5e-322	0.22657902634934288	0.773420973650657	4.6e-322
OGG1_0_dirichlet_train1.27	3.072426035707887e-121	1.885995080763321e-77	0.04889843614419915	0.02975014934161059	0.9213514145141902
OGG1_0_dirichlet_train1.28	0.16233716852557448	1.38e-321	0.00012008324404435334	0.21729032774107832	0.620252420489303
UNG_0_dirichlet_train1.31	5.161928365719421e-38	0.12766709590320224	0.22532229908156795	0.6470106050152298	1.2e-322
UNG_0_dirichlet_train1.32	0.013039606247345547	1.39e-321	0.05530776932006322	0.8709275136453373	0.060725110787253955
UNG_0_dirichlet_train1.33	2.2415947418848982e-154	1.52e-321	0.060213085767032895	0.8097342629716588	0.13005265126130838
OGG1_0_dirichlet_train1.29	0.1681607085466826	0.09002376554617596	6.221358552511713e-93	0.1691579710825941	0.5726575548245473
OGG1_0_dirichlet_train1.30	1.487e-321	9.83e-322	0.45523799433445983	2.198134781002332e-77	0.5447620056655402
UNG_0_dirichlet_train1.34	0.09631083643633745	0.17033172030048724	0.18895286250390933	0.4838311460459872	0.060573434713278675
OGG1_0_dirichlet_train1.31	0.014249572579794513	0.005046099348994764	0.2896330724298253	0.18678427593939065	0.5042869797019949
UNG_0_dirichlet_train1.35	5.02018345720084e-158	0.11014015768883462	1.5314302445795836e-172	0.6439759387863616	0.24588390352480377
UNG_0_dirichlet_train1.36	0.06701135011787018	2.016e-321	0.039960702542169796	0.8696379243641924	0.023390022975767744
UNG_0_dirichlet_train1.37	0.010680182624721925	0.13061699939403545	0.2710567915848001	0.5876460263964425	3.351857265336377e-62
OGG1_0_dirichlet_train1.32	7.826557247933734e-214	0.11719301103214667	0.3372089069667987	6.931681142861703e-166	0.5455980820010548
UNG_0_dirichlet_train1.38	0.004984186476868158	1.265e-321	4.55e-322	0.9314045142914542	0.06361129923167762
OGG1_0_dirichlet_train1.33	4.0957468135726837e-287	2.505e-321	0.4584034902294379	0.001143183751348907	0.5404533260192133
OGG1_0_dirichlet_train1.34	0.0769888349235834	0.07995303391791297	0.07125550106658038	0.07958976565625994	0.6922128644356632
OGG1_0_dirichlet_train1.35	0.13388089600232522	0.0034690557384130525	3.4953346506866986e-96	0.05649261089975469	0.8061574373595072
OGG1_0_dirichlet_train1.36	1.014475658316952e-123	3e-321	0.00118160973806304	0.07201694549214727	0.9268014447697897
OGG1_0_dirichlet_train1.37	0.07945300068729384	0.049933223177070704	0.18172978314593624	0.03385928240675479	0.6550247105829443
OGG1_0_dirichlet_train1.38	8.791882071746147e-58	3.014202474614017e-65	8.828051815424165e-239	0.09989676756459463	0.9001032324354054
UNG_0_dirichlet_train1.39	1.846504827694704e-40	0.06116590213018405	5.4e-322	0.8151725138087504	0.12366158406106555
OGG1_0_dirichlet_train1.39	0.009806025282773643	3.864e-321	2.000310576529455e-192	0.14105214092185986	0.8491418337953667
UNG_0_dirichlet_train1.40	2.98e-321	2.003357387338552e-114	6.57e-322	0.8306210245578807	0.16937897544211933
OGG1_0_dirichlet_train1.40	2.9755149264945803e-35	1.324e-321	1.2106940509893127e-187	0.0768319830772439	0.923168016922756
OGG1_0_dirichlet_train1.41	4.165935966476988e-124	0.061872031142439464	5.129638464412544e-109	0.04398885727398737	0.8941391115835732
UNG_0_dirichlet_train1.41	0.011393973005054714	0.17849279672501372	1.02e-321	0.7841457571891742	0.025967473080757364
OGG1_0_dirichlet_train1.42	1.8105208511802893e-243	0.11090978277171502	0.07619909245943034	0.17132077238648966	0.6415703523823649
UNG_0_dirichlet_train1.42	0.018498699857482752	4.349441085316196e-142	0.24566185723961564	0.6360598256202522	0.09977961728264936
OGG1_0_dirichlet_train1.43	1.5291193196777454e-71	0.016752904008384122	5.8340122589057544e-05	2.666364041862497e-116	0.9831887558690268
OGG1_0_dirichlet_train1.44	9.763208690368842e-127	0.031374069521341585	0.46225712123663465	3.2147092917086506e-116	0.5063688092420238
OGG1_0_dirichlet_train1.45	6.43548069769802e-256	8.839072601895728e-232	0.5432647670994147	1.499596805592164e-252	0.45673523290058515
OGG1_0_dirichlet_train1.46	0.19004487456528352	0.015486843559130858	5.073435233694269e-189	0.14589490555032605	0.6485733763252595
UNG_0_dirichlet_train1.43	3.34e-321	0.20389586730830017	9.24e-322	0.5344748729227351	0.2616292597689647
OGG1_0_dirichlet_train1.47	9.209414285459538e-226	3.47e-321	0.3686631602112393	0.01904240011837278	0.6122944396703879
OGG1_0_dirichlet_train1.48	9.93e-322	0.021990656790603313	0.2700848524268955	0.1478487713798453	0.560075719402656
OGG1_0_dirichlet_train1.49	0.13564395439014823	0.019201440096407462	0.28864288536402277	9.82707269136695e-50	0.5565117201494214
OGG1_0_dirichlet_train1.50	0.013188047517376553	0.021271016920677104	2.8111874724862555e-48	0.12880003963419942	0.836740895927747
UNG_0_dirichlet_train1.44	7.737302515937626e-44	0.09010765627766835	1.5243079931198738e-29	0.7698064622473476	0.14008588147498402
OGG1_0_dirichlet_train1.51	0.09444986340412213	5.950125075005993e-50	1.1031283294277475e-120	0.011929102229821537	0.8936210343660564
OGG1_0_dirichlet_train1.52	1.53e-321	0.13669012923285656	0.11782761633000198	1.451682803550983e-254	0.7454822544371417
ATP2B4_0_dirichlet_train1	0.2803051092043697	0.10856227059530928	0.30904375849719945	0.14374879551749295	0.15834006618562843
ATP2B4_1_dirichlet_train1	0.05243293865205465	0.20394704836771033	0.23060721401996426	1.2966152819268732e-30	0.5130127989602709
ATP2B4_0_dirichlet_train1.1	0.04713816258718339	9.38609013303959e-229	0.7803238228761181	0.1725380145366985	1.4612133921893673e-53
ATP2B4_1_dirichlet_train1.1	0.0014713871288210135	0.1281787199350331	0.7252057832844826	1.2317563405605528e-126	0.14514410965166338
ATP2B4_1_dirichlet_train1.2	0.11487827104560722	0.17228602258034798	0.6996127349522374	4.219950326971147e-135	0.0132229714218075
ATP2B4_1_dirichlet_train1.3	1.11e-321	1.6723103723773462e-116	0.737659848638987	0.15647429799146761	0.10586585336954543
ATP2B4_0_dirichlet_train1.2	0.3777312320209108	2.885e-321	0.458943478397424	0.1480070568569185	0.015318232724746644
ATP2B4_1_dirichlet_train1.4	1.8361218853646e-123	0.307493222932004	0.5770887217553604	3.580083990886238e-139	0.11541805531263559
ATP2B4_0_dirichlet_train1.3	0.16924800191764786	0.014284871216997196	0.689369380895849	0.12709774596950607	2.08e-322
ATP2B4_0_dirichlet_train1.4	0.06426096739258788	0.0552952785793216	0.19981826815410692	0.4770829086858124	0.2035425771881712
ATP2B4_0_dirichlet_train1.5	0.157808407188831	0.0329070262476038	0.41556961215617383	0.21859762372561617	0.17511733068177515
ATP2B4_0_dirichlet_train1.6	0.09386385944774694	0.08427892244911839	0.7148396585258437	0.018955691997172782	0.08806186758011827
ATP2B4_1_dirichlet_train1.5	0.027579011328570834	1.14e-321	0.8727530400470389	0.0793336594911018	0.02033428913328839
ATP2B4_0_dirichlet_train1.7	0.06854949345784404	0.2152744152907717	0.3998021652763524	0.31637392597503206	7.125594667391036e-130
ATP2B4_1_dirichlet_train1.6	1.126e-321	0.26256685749754355	0.6302301615700968	3.85e-322	0.10720298093235953
ATP2B4_1_dirichlet_train1.7	0.050957775701358364	0.09835266518847324	0.8506895591101683	1.4240184825959833e-142	3.56e-322
ATP2B4_1_dirichlet_train1.8	0.1068146868038142	3.579976095866782e-42	0.5488123309342818	3.0444211716499362e-235	0.3443729822619039
ATP2B4_1_dirichlet_train1.9	1.9351807521429746e-181	0.13252271743316907	0.5205111101833603	0.2676620488946063	0.07930412348886436
ATP2B4_1_dirichlet_train1.10	4.964252250967434e-95	0.19430778565371326	0.5410092240032585	0.018952353532319045	0.24573063681070928
ATP2B4_1_dirichlet_train1.11	3.7992772156222377e-44	0.1268530437211621	0.6801197602461392	1.393e-321	0.19302719603269874
ATP2B4_1_dirichlet_train1.12	1.136e-321	2.4745892058662637e-212	0.7944351081985133	2.596247979872947e-100	0.20556489180148668
ATP2B4_1_dirichlet_train1.13	0.18527203343258128	6.402752346936817e-300	0.8136945451873674	6.1e-322	0.0010334213800512193
ATP2B4_0_dirichlet_train1.8	0.14560614350416948	0.04261901010344781	0.2087028319140261	0.40370181522658943	0.19937019925176708
ATP2B4_1_dirichlet_train1.14	8.375361098470208e-156	0.011634784660335875	0.8184642678493244	2.041282015817439e-277	0.16990094749033988
ATP2B4_1_dirichlet_train1.15	0.041653308331406506	0.16769277891283255	0.7398847772680117	1.3e-321	0.050769135487749285
ATP2B4_0_dirichlet_train1.9	0.21596367501576832	0.11293338142652591	0.27716050569690287	0.17261164789245192	0.22133078996835112
ATP2B4_0_dirichlet_train1.10	0.0733673891905963	1.734e-321	0.6200592930764037	0.16302427255867555	0.14354904517432432
ATP2B4_0_dirichlet_train1.11	0.19834003070147413	0.05785294532462016	0.3327626946242691	0.20718950129870425	0.20385482805093239
ATP2B4_1_dirichlet_train1.16	0.10197168572593157	0.2291826141977139	0.6688457000763546	5.73e-322	4.3e-322
ATP2B4_0_dirichlet_train1.12	0.27944400774741124	1.265e-321	0.5999222632552386	0.0072383683105467405	0.1133953606868035
ATP2B4_0_dirichlet_train1.13	0.23263198666408072	0.03489568984976188	0.5660342810426744	0.14529063023940686	0.021147412204076278
ATP2B4_0_dirichlet_train1.14	0.321014310641522	8.5e-322	0.4824912952896995	0.19649439406877847	6.460088626069635e-54
ATP2B4_0_dirichlet_train1.15	0.283198429032636	1.09e-321	0.5665968603787311	0.09799818369173444	0.0522065268968984
ATP2B4_1_dirichlet_train1.17	0.1320143311217428	0.13813387144859124	0.43738150218642136	0.0020393931027668792	0.29043090214047773
ATP2B4_1_dirichlet_train1.18	1.02e-321	1.34e-321	0.8532651956898785	4.365112465930808e-298	0.14673480431012148
ATP2B4_1_dirichlet_train1.19	1.433e-321	0.006348163765562249	0.9936518362344378	7.241679859202899e-140	3.1e-322
ATP2B4_1_dirichlet_train1.20	0.15943668426091231	0.1528741695475564	0.6165217393091095	0.0711674068824217	4.9e-322
ATP2B4_0_dirichlet_train1.16	0.10352473103070767	3.8016275772513494e-110	0.8964752689692922	4.6391292753306023e-138	2.3292886216551197e-154
ATP2B4_1_dirichlet_train1.21	8.245355011030625e-255	0.05409695753870674	0.9009414656781572	0.04496157678313607	2.47e-322
ATP2B4_1_dirichlet_train1.22	0.09466254485628975	0.01883554241794059	0.8659320534069357	1.245e-321	0.02056985931883382
ATP2B4_0_dirichlet_train1.17	0.06126300483817522	1.927e-321	0.6252891722449899	0.22069470524686205	0.09275311766997263
ATP2B4_0_dirichlet_train1.18	0.06256844934467835	4.272467251546556e-133	0.45204099496082645	0.4853905556944952	2.67e-322
ATP2B4_1_dirichlet_train1.23	1.73e-321	0.1463894466324139	0.8450217184164825	9.4e-322	0.008588834951103698
ATP2B4_1_dirichlet_train1.24	0.06361522099609283	0.11112334550746425	0.3810470710993377	0.027606588429199122	0.41660777396790594
ATP2B4_0_dirichlet_train1.19	0.3047231005325077	9.9e-322	0.3343422630572326	0.24946554535722704	0.11146909105303271
ATP2B4_1_dirichlet_train1.25	0.1489667627330395	2.673e-321	0.549699036176666	0.09854422086123638	0.20278998022905803
ATP2B4_0_dirichlet_train1.20	0.2587415338767868	2.57e-321	0.35638041593795355	0.29261391475790927	0.09226413542735044
ATP2B4_0_dirichlet_train1.21	2.1611945716659323e-41	0.09060089306953528	0.384361027270576	0.3136675785640705	0.2113705010958182
ATP2B4_0_dirichlet_train1.22	0.3176377673030468	3.796112075271553e-307	0.49745164969881583	0.05236569059885599	0.13254489239928127
ATP2B4_0_dirichlet_train1.23	0.23483976544950744	0.2003559322057124	0.5351623500929472	1.3784949620953012e-132	0.029641952251832995
ATP2B4_0_dirichlet_train1.24	0.24125102382185168	2.09e-321	0.36206157664559446	0.14226127602138852	0.2544261235111654
ATP2B4_1_dirichlet_train1.26	1.14e-321	0.1765685371968909	0.6777320475062705	0.14569941529683858	3.3e-322
ATP2B4_0_dirichlet_train1.25	0.21473042619959876	0.03889635354046186	0.4207937443683166	0.18828086725138396	0.1372986086402388
ATP2B4_1_dirichlet_train1.27	1.2462739693032374e-99	2.27e-321	0.9381809390261855	1.057e-321	0.06181906097381467
ATP2B4_0_dirichlet_train1.26	0.18210550987494956	0.07978871287794091	0.6748459212757136	0.029988221071750032	0.03327163489964586
ATP2B4_1_dirichlet_train1.28	0.06354680989428707	0.01629899530702911	0.9048239546446903	7.86e-322	0.01533024015399355
ATP2B4_0_dirichlet_train1.27	1.788071399996202e-129	0.03829736000029958	0.6492977894851972	0.3124048505145031	2.37e-322
ATP2B4_1_dirichlet_train1.29	2.364345688649266e-14	0.11536572713843085	0.6962600236244965	1.6538812583122847e-253	0.18837424923704904
ATP2B4_0_dirichlet_train1.28	1.25e-321	1.08e-321	0.8862253871037988	7.8e-322	0.11377461289620132
ATP2B4_0_dirichlet_train1.29	3.557431226102866e-15	8.25e-322	0.8440462198978677	0.042958744463512444	0.1129950356386163
ATP2B4_0_dirichlet_train1.30	0.24170972833538235	2.41e-321	0.42599407313962256	0.24228224678122487	0.09001395174377012
ATP2B4_0_dirichlet_train1.31	0.2747327683031304	2.6124325762822018e-284	0.15385617789901326	0.3945385824127148	0.17687247138514145
ATP2B4_1_dirichlet_train1.30	0.023356994966114295	0.10132076587718145	0.8744629333108325	1.61868e-318	0.0008593058458716934
ATP2B4_1_dirichlet_train1.31	0.21252635851624216	0.10382181172096158	0.49585895746213926	3.1241050464761995e-85	0.18779287230065694
ATP2B4_1_dirichlet_train1.32	5.240231948086005e-259	0.002125105609546776	0.7377012757142631	0.013545953235087001	0.24662766544110318
ATP2B4_0_dirichlet_train1.32	0.023267918993162426	0.1358060216604587	0.8409260593463788	2.5076846934272735e-167	1.0251327247190183e-195
ATP2B4_0_dirichlet_train1.33	0.00992386735629339	0.025240156653474333	0.630858495136657	0.2051612637067405	0.1288162171468347
ATP2B4_0_dirichlet_train1.34	0.20126321633395114	0.17387727451942536	0.5995142687003092	0.025345240446314185	3e-322
ATP2B4_0_dirichlet_train1.35	1.63e-321	0.03835091769955539	0.7578066487393966	0.06554276216510853	0.13829967139593943
ATP2B4_1_dirichlet_train1.33	0.030187529958333043	0.1026612484804377	0.8671512215612293	6.27e-322	2.30907875759493e-310
ATP2B4_1_dirichlet_train1.34	1.625e-321	0.06317077398354887	0.7250437497089671	1.15e-321	0.2117854763074841
ATP2B4_1_dirichlet_train1.35	5.94131554684467e-256	0.13058967359231544	0.8694103264076847	9.54e-322	4.2e-322
ATP2B4_1_dirichlet_train1.36	9.9e-322	0.014866436715264919	0.8389536405554716	1.7195542539505155e-300	0.14617992272926347
ATP2B4_0_dirichlet_train1.36	0.1988286303874688	0.06851205506243403	0.6375858358600163	0.09507347869008091	3.6e-322
ATP2B4_0_dirichlet_train1.37	0.006328150768882732	2.03e-321	0.6831110349347063	0.3105608142964111	1.2006336423348717e-194
ATP2B4_1_dirichlet_train1.37	1.1557104750798988e-128	0.19034406272088594	0.6185605723520531	1.9939652448312325e-260	0.191095364927061
ATP2B4_1_dirichlet_train1.38	1.393e-321	0.09851818340909764	0.7145982590594433	7.7e-322	0.18688355753145888
ATP2B4_1_dirichlet_train1.39	2.8509439880656e-311	0.13261386749048407	0.8474429991902098	0.009012872880828627	0.01093026043847742
ATP2B4_1_dirichlet_train1.40	5.73e-322	0.2357721881912035	0.7355026426284255	5.34e-322	0.028725169180371025
ATP2B4_1_dirichlet_train1.41	3.899233525980032e-179	0.16160308653093602	0.6851033088652458	7.3e-322	0.15329360460381816
ATP2B4_1_dirichlet_train1.42	0.002789802733244514	0.0754482329373575	0.6318008614800666	1.7287277538971367e-144	0.2899611028493313
ATP2B4_0_dirichlet_train1.38	0.19984858764155278	2.9047553066056176e-197	0.7686043242900353	1.7396001451965138e-199	0.03154708806841193
ATP2B4_0_dirichlet_train1.39	0.2429940288243449	1.23e-321	0.51812242684078	0.019466348814018708	0.21941719552085648
ATP2B4_0_dirichlet_train1.40	0.19099893100307141	2.5023222629138414e-110	0.6273841296715105	0.18161693932541803	8.223707811618461e-253
ATP2B4_1_dirichlet_train1.43	1.853e-321	0.031155646028509464	0.8618147663186823	0.10702958765280819	4.3e-322
ATP2B4_0_dirichlet_train1.41	2.0806856337248654e-91	0.06120051960079185	0.5077600450924167	0.09401740261365064	0.33702203269314085
ATP2B4_0_dirichlet_train1.42	0.19143272000162656	1.98e-321	0.5485825446662485	0.17374504808722163	0.08623968724490327
ATP2B4_0_dirichlet_train1.43	0.2341958739326698	0.02548237047024634	0.5188170117516065	0.06689483259545916	0.15460991125001802
ATP2B4_0_dirichlet_train1.44	1.803e-321	0.046596595020348026	0.5739389350981058	0.299230001447212	0.08023446843433417
ATP2B4_1_dirichlet_train1.44	0.17002585006061646	7.612110654345315e-269	0.7457702396180886	8.16847533962993e-219	0.08420391032129504
ATP2B4_0_dirichlet_train1.45	0.31548998449749693	2.6978655232865315e-56	0.34803567467711294	0.10942334525227851	0.2270509955731115
ATP2B4_1_dirichlet_train1.45	0.11570405545235066	0.12679784599263053	0.43221665058541126	6.77e-322	0.32528144796960745
ATP2B4_0_dirichlet_train1.46	0.28975580952589713	9.83e-322	0.5523090765681304	0.15793511390597237	4.3461686724467377e-268
ATP2B4_0_dirichlet_train1.47	0.034336727731052175	0.05791118720552765	0.2704081238712922	0.4354560881263412	0.20188787306578673
ATP2B4_0_dirichlet_train1.48	0.19870837026412552	5.63e-322	0.7510390195195543	0.05025261021632017	1.0658779684204208e-183
ATP2B4_1_dirichlet_train1.46	0.02978876314072521	0.2757290574098927	0.5205859738354944	9.004158801769163e-15	0.17389620561387875
ATP2B4_1_dirichlet_train1.47	1.5684321710169866e-296	0.10414674780653846	0.8958532521934616	4.661549997431443e-136	1.4e-322
ATP2B4_1_dirichlet_train1.48	0.17477385596643918	8.4e-322	0.7308349575054398	7.6e-322	0.09439118652812095
PMS1_0_dirichlet_train1	1.33e-321	0.3356977476112193	0.5256725536978001	4.112067820718893e-38	0.13862969869098052
MSH6_1_dirichlet_train1	0.08665805311185922	0.8820368991806353	5.14e-322	2.531696254537582e-164	0.03130504770750538
MSH6_0_dirichlet_train1	1.5e-321	0.844536788574008	1.68e-321	0.15546321142599198	9.1e-322
MSH2_0_dirichlet_train1	5.2e-322	0.770504255659288	1.320724390504036e-278	0.2179351465997144	0.01156059774099736
MSH6_0_dirichlet_train1.1	2.2493574794429416e-275	0.9131233140205577	1.724e-321	0.072458589046964	0.014418096932478473
MLH1_0_dirichlet_train1	9.93e-322	0.9059449101062368	7.86e-322	0.07205285605215575	0.022002233841607495
MSH6_1_dirichlet_train1.1	2.124e-321	0.9607770009823801	3.118058194838941e-48	2.2976573827057255e-275	0.03922299901761988
MLH1_0_dirichlet_train1.1	0.1261991506902439	0.8738008493097562	2.57e-322	8.35e-322	3.3e-322
PMS1_0_dirichlet_train1.1	1.2e-321	0.16109045291652138	0.7368521918116634	0.10205735527181518	4.94e-322
PMS1_0_dirichlet_train1.2	0.0993376783072302	0.0036615333421135027	0.49305063872359955	0.3427230968092308	0.06122705281782601
MSH6_1_dirichlet_train1.2	1.15e-321	0.9743357596091736	7.2e-322	6.2e-322	0.02566424039082638
MSH6_1_dirichlet_train1.3	1.1342498303431927e-144	0.8051461541264553	4.539720212840574e-299	0.19485384587354468	9.83e-322
PMS1_0_dirichlet_train1.3	0.02073196351210166	0.28160830642820395	0.3618325065016281	0.24797448597443622	0.08785273758363012
PMS1_0_dirichlet_train1.4	0.12249135114618058	0.1626736475599696	0.08769269126824308	0.4334168712968087	0.19372543872879794
PMS2_0_dirichlet_train1	0.5042834441904422	0.49537275923602925	3.55e-321	8.35e-322	0.00034379657352838326
MSH6_1_dirichlet_train1.4	0.18333544851105685	0.7404909024104016	0.01786038553095455	0.033817834890358466	0.024495428657228455
MSH6_0_dirichlet_train1.2	4.921082839950267e-156	0.9592939909376772	0.026766361012905436	0.013939648049417303	1.324e-321
PMS1_0_dirichlet_train1.5	9.14e-322	0.08157095604586288	0.7699764525519	0.14845259140223727	1.0590510994804462e-86
PMS1_0_dirichlet_train1.6	1.255e-321	0.1538823946434507	0.5968761272075824	0.24924147814896688	2.5e-322
PMS1_0_dirichlet_train1.7	0.05846598117998618	0.20909126214957197	0.5849800974060673	0.1474626592643746	7.86e-322
MSH6_1_dirichlet_train1.5	0.26465557592228006	0.7001512758182938	1.25e-321	1.23e-321	0.03519314825942621
MLH1_0_dirichlet_train1.2	1.21e-321	0.8822576045643237	5e-322	0.11774239543567647	3.26e-322
PMS1_0_dirichlet_train1.8	0.12632509498087552	0.27071079671302195	0.17850878591440236	2.1260720007133025e-151	0.42445532239170025
PMS1_0_dirichlet_train1.9	3.8971681167215425e-189	0.3407085156391378	0.4774645724532737	0.1818269119075885	4.4e-322
MLH1_0_dirichlet_train1.3	2.42e-321	1.0	3.26e-322	2.47e-322	4.55e-322
MSH2_0_dirichlet_train1.1	0.023317379918929723	0.9766826200810703	7.8e-322	9.854005107989041e-89	1.067e-321
