Samples	SBS96A	SBS96B	SBS96C	SBS96D	SBS96E
ATP2B4_real_train_fold1	0.031648746896102586	0.07496015628488285	0.5511762581712367	0.08349213201575555	0.2587227066320222
ATP2B4_real_train_fold1.1	0.007202801809167312	2.544e-321	0.7005680462230333	0.1840408787525328	0.10818827321526657
MLH1_real_train_fold1	2.2e-321	0.954974020443276	2.194e-321	0.044363909027567906	0.0006620705291561491
MSH2_real_train_fold1	1.754e-321	0.9200016589256268	1.48e-321	0.07999834107437322	2.594e-321
MSH6_real_train_fold1	7.31810766e-316	0.9745058447145403	1.7459722655724633e-236	1.539254178104896e-29	0.025494155285459702
MSH6_real_train_fold1.1	2.93e-321	0.939358931617413	0.025158347406590453	0.02716944697195266	0.00831327400404398
OGG1_real_train_fold1	4.503996329526693e-93	2.7116030069158726e-291	0.09699326198820699	0.12331648185392534	0.7796902561578677
PMS1_real_train_fold1	5.926078723229215e-129	0.2209055552077133	0.3533963395207045	0.36428081011159963	0.06141729515998265
PMS2_real_train_fold1	0.5412359622849081	0.4519915950275675	8.4e-322	2.77e-322	0.006772442687524433
RNF168_real_train_fold1	0.7722430759508421	0.04671470597884621	0.00010831598666889209	0.1223662371971445	0.05856766488649836
UNG_real_train_fold1	8.917589147942113e-80	0.08978860475330468	7.275232326562326e-112	0.7437175947445759	0.16649380050211945
ATP2B4_dirichlet_train_fold1	0.17652879996382734	0.02586296617480095	1.639030878149637e-196	0.08163826839749717	0.7159699654638746
ATP2B4_dirichlet_train_fold1.1	2.416e-321	9.14e-322	0.7972734048374127	0.18771545826406355	0.015011136898523769
ATP2B4_dirichlet_train_fold1.2	0.33695377215436606	5.6824270622340735e-282	0.270237355904781	0.2755189591056386	0.11728991283521426
ATP2B4_dirichlet_train_fold1.3	0.18811008513145677	0.14174674833396606	0.21374705109888073	6.319959890714792e-68	0.45639611543569647
ATP2B4_dirichlet_train_fold1.4	0.2517134133247044	1.774e-321	0.539041751485182	0.11415719784307336	0.09508763734704015
ATP2B4_dirichlet_train_fold1.5	0.11815121972747107	3.66e-321	0.77716691183212	0.10468186844040876	3.898536357926104e-22
ATP2B4_dirichlet_train_fold1.6	5.087500353009616e-79	0.02939817129714701	0.8391621119751554	0.05694141203745878	0.07449830469023855
ATP2B4_dirichlet_train_fold1.7	0.14141979880667743	8e-322	0.6987111778037718	0.13873621597510566	0.021132807414445193
ATP2B4_dirichlet_train_fold1.8	0.1374695978850926	6.5e-322	0.48039860443301396	0.21486592629384949	0.1672658713880439
ATP2B4_dirichlet_train_fold1.9	9.313086086097488e-121	5.24e-322	0.6056573385288437	0.3943426614711564	4.351358137813564e-108
ATP2B4_dirichlet_train_fold1.10	0.04298819742775946	1.487e-321	0.6897882552499426	0.11055534862957683	0.15666819869272108
ATP2B4_dirichlet_train_fold1.11	0.021209821420863487	0.03319291774774548	0.3365681912967796	0.2233645892541012	0.38566448028051015
ATP2B4_dirichlet_train_fold1.12	0.18973539594646224	2.2076592595419617e-104	5.717195820543073e-19	0.21506846574531996	0.5951961383082178
ATP2B4_dirichlet_train_fold1.13	3.016697692707966e-231	1.81e-321	0.8143480062300934	0.18565199376990665	4.15e-322
ATP2B4_dirichlet_train_fold1.14	1.8520936423655446e-279	0.17101823678101233	3.9091911921544925e-08	0.29666080696485514	0.5323209171622206
ATP2B4_dirichlet_train_fold1.15	0.18630413060102388	0.019030121140352643	0.25628789655451356	0.17439990896596896	0.363977942738141
ATP2B4_dirichlet_train_fold1.16	0.2399583077557135	6.3658418677546376e-27	0.2867046207106493	0.25994690875319865	0.21339016278043857
ATP2B4_dirichlet_train_fold1.17	1.76e-321	5.43e-322	0.6504766564042732	0.13206091264099643	0.21746243095473025
ATP2B4_dirichlet_train_fold1.18	0.0903714138329047	0.1079053170136931	0.48932637284303504	0.08218019902249964	0.23021669728786742
ATP2B4_dirichlet_train_fold1.19	1.255e-321	0.03388933834520487	0.22945256447122123	0.4070231014603801	0.32963499572319377
ATP2B4_dirichlet_train_fold1.20	3.409164176347476e-103	0.0755040729741386	0.5123434425701403	2.2923508402794037e-96	0.4121524844557211
ATP2B4_dirichlet_train_fold1.21	3.2978826239465606e-258	1.04e-321	0.47167969079433214	0.28435563086323407	0.2439646783424339
ATP2B4_dirichlet_train_fold1.22	0.0533774628142305	6.5e-322	0.2347561081395106	0.37779342618801226	0.33407300285824654
ATP2B4_dirichlet_train_fold1.23	1.6298282485124607e-52	0.14287514771552182	0.3115788668787649	0.17920110015503357	0.36634488525067965
ATP2B4_dirichlet_train_fold1.24	0.298539679903374	6.806730956183967e-281	0.262752055866779	0.041008790505380956	0.3976994737244659
ATP2B4_dirichlet_train_fold1.25	0.2667506457460011	0.008138271947446455	0.5197049707594512	0.20540611154710106	2.87e-322
ATP2B4_dirichlet_train_fold1.26	6.5270382159e-313	6e-322	0.8802386802272005	0.11976131977279943	7.426686217240688e-55
ATP2B4_dirichlet_train_fold1.27	0.12805689835506245	7e-322	0.5843587027847028	0.2875843988602347	3.818664348634596e-122
ATP2B4_dirichlet_train_fold1.28	0.08152847958921754	4.0656713715977726e-89	0.6777687947316017	0.24070272567918094	3.5e-322
ATP2B4_dirichlet_train_fold1.29	0.1540552341639513	0.09273512089624125	0.7532096449398076	5.263463801900371e-67	7.117916290363064e-23
ATP2B4_dirichlet_train_fold1.30	0.07323017212368695	5.783610178308251e-147	0.8085984215508081	0.11817140632550496	9.115854425459515e-93
ATP2B4_dirichlet_train_fold1.31	0.28610465960287684	2.58e-321	0.666104536431299	0.04779080396582425	9.535861505395214e-39
ATP2B4_dirichlet_train_fold1.32	8.733065181460074e-80	0.1005100836973489	0.7248114284313969	5.166030314310526e-137	0.1746784878712543
ATP2B4_dirichlet_train_fold1.33	0.30887372751433984	1.443e-321	0.2704217055199626	0.15754319635045855	0.26316137061523914
ATP2B4_dirichlet_train_fold1.34	0.2624560229211255	3.483e-321	1.249883334720359e-36	0.28522621161210454	0.4523177654667698
ATP2B4_dirichlet_train_fold1.35	0.022986347897395374	6.13e-322	0.7141484242193679	0.19679008808915344	0.0660751397940833
ATP2B4_dirichlet_train_fold1.36	0.11353161044033723	1.786809005797253e-77	0.7944058570883782	0.0920388111858812	2.3721285403391084e-05
ATP2B4_dirichlet_train_fold1.37	0.006690587892510126	0.05376431822837876	0.6066868258551912	0.33285826802392005	3.3e-322
ATP2B4_dirichlet_train_fold1.38	0.0002732926902032311	1.705e-321	0.4684144205236779	0.2617789686274265	0.26953331815869247
ATP2B4_dirichlet_train_fold1.39	0.2215677855179675	3.5744256720344194e-51	0.5190760025443847	1.537e-321	0.2593562119376478
ATP2B4_dirichlet_train_fold1.40	0.18599750771188087	0.042885063102341796	0.004691099166110754	0.3289319088269798	0.4374944211926869
ATP2B4_dirichlet_train_fold1.41	2.07e-321	0.11534329849870571	0.8127728403837796	6.776899586239738e-57	0.07188386111751464
ATP2B4_dirichlet_train_fold1.42	2.525e-321	0.10851466024610758	0.2545590727844844	0.38792043083597216	0.24900583613343583
ATP2B4_dirichlet_train_fold1.43	1.79e-321	0.17556680615727313	0.6581083257049526	0.1663248681377741	9.38814463752558e-140
ATP2B4_dirichlet_train_fold1.44	0.0392014645857628	1.107e-321	0.8779949037735244	1.21e-321	0.08280363164071271
ATP2B4_dirichlet_train_fold1.45	0.03224962050972895	0.008396391060244628	0.23392591898356732	0.31141621503689865	0.41401185440956056
ATP2B4_dirichlet_train_fold1.46	0.15050781567078667	7.4e-322	0.5097981899027635	0.33969399442645	2.57e-322
ATP2B4_dirichlet_train_fold1.47	2.699204173155634e-255	1.32e-321	0.641085883481884	0.22384462335214592	0.13506949316597008
ATP2B4_dirichlet_train_fold1.48	0.18751502834286363	1.507e-321	0.4674681613314323	0.19765754826952142	0.14735926205618272
ATP2B4_dirichlet_train_fold1.49	0.3545569089785833	6.7e-322	0.2760540109234516	0.062420808431550144	0.30696827166641516
ATP2B4_dirichlet_train_fold1.50	0.04002426819530876	0.00434500971664677	0.7623264640657796	0.19330425802226475	5.9e-322
ATP2B4_dirichlet_train_fold1.51	6.67e-322	6.6e-322	0.5059214067777913	0.4940785932222088	3.6e-322
ATP2B4_dirichlet_train_fold1.52	0.15992293128034735	0.13606677237345471	0.6780392923583567	0.025971003987841086	5.43e-322
ATP2B4_dirichlet_train_fold1.53	1.73e-321	8.25e-322	0.7731778023165529	0.22682219768344714	1.740211369308711e-49
ATP2B4_dirichlet_train_fold1.54	0.024194887328354314	1.843e-321	0.6645894022119796	0.19456814241442433	0.11664756804524165
ATP2B4_dirichlet_train_fold1.55	0.001583239567014738	0.20106957112557694	0.41841396925039875	0.18916968968350475	0.1897635303735048
ATP2B4_dirichlet_train_fold1.56	0.08679663445343817	0.0074326091541799385	0.6557649167091569	0.13553315079226436	0.11447268889096054
ATP2B4_dirichlet_train_fold1.57	0.06221527355031507	0.16775827420192557	0.6188206940963829	0.10868984649957804	0.04251591165179853
ATP2B4_dirichlet_train_fold1.58	0.05958162130626423	3.122457292349259e-106	0.05075348767309909	0.19151724255308342	0.6981476484675532
ATP2B4_dirichlet_train_fold1.59	0.218259143677258	1.85e-321	0.6568864521155818	0.00931790166252944	0.11553650254463084
ATP2B4_dirichlet_train_fold1.60	0.15298008564677426	2.085e-321	0.7481600051179935	0.09346410575550332	0.0053958034797290015
ATP2B4_dirichlet_train_fold1.61	0.27164152008018316	1.507e-321	0.017900141926699642	0.20275074358900225	0.507707594404115
ATP2B4_dirichlet_train_fold1.62	3.943735967988503e-25	1.275e-321	0.6361150400926018	0.2891510769463292	0.074733882961069
ATP2B4_dirichlet_train_fold1.63	9.544269987448252e-32	0.1781098434708958	0.39090789464811837	0.18951532953647995	0.24146693234450597
ATP2B4_dirichlet_train_fold1.64	0.0365387069396945	1.23e-321	0.7432811458766959	0.22018014718360965	4.25e-322
ATP2B4_dirichlet_train_fold1.65	8.51208563369176e-164	0.05701269796903183	0.7278046148215703	1.088516707787252e-21	0.2151826872093978
ATP2B4_dirichlet_train_fold1.66	0.2765249494897223	0.08330375907069898	0.37880759597097413	3.113e-321	0.26136369546860455
ATP2B4_dirichlet_train_fold1.67	8.3e-322	0.050720562740496196	0.9128878686801968	5.93e-322	0.03639156857930698
ATP2B4_dirichlet_train_fold1.68	0.2353615762566273	7.8e-322	0.10310278366629273	0.24450635679738925	0.4170292832796907
ATP2B4_dirichlet_train_fold1.69	0.2573381358192819	0.0025595064923115253	0.5727000541714601	0.14777376554309055	0.019628537973855876
ATP2B4_dirichlet_train_fold1.70	1.863e-321	1.897e-321	0.3649948082948189	0.3111836404332746	0.3238215512719064
ATP2B4_dirichlet_train_fold1.71	0.35601087407730136	1.497e-321	0.6439891259226985	3.626246686013994e-221	1.8597740098847618e-272
ATP2B4_dirichlet_train_fold1.72	0.007864030398273589	1.0808446825492542e-210	0.8159008695312578	1.73e-321	0.17623510007046853
ATP2B4_dirichlet_train_fold1.73	0.17154952309059743	0.16606542170276803	1.824074364429836e-08	0.12565708354310387	0.536727953422787
ATP2B4_dirichlet_train_fold1.74	0.14242993726617273	0.020555682758659273	1.401239721204818e-125	0.4328861249619562	0.4041282550132119
ATP2B4_dirichlet_train_fold1.75	0.14738958117081732	3.3e-322	0.6185119577212954	0.07464373566722296	0.15945472544066444
ATP2B4_dirichlet_train_fold1.76	3.432876263795877e-142	1.596e-321	0.7470979264835713	0.2529020735164285	1.084127072234335e-129
ATP2B4_dirichlet_train_fold1.77	0.3879963114473294	1.606e-321	0.479892181156386	0.0064733693523005295	0.12563813804398413
ATP2B4_dirichlet_train_fold1.78	0.30499768117141685	8.9e-322	0.3891136664830137	0.04013716627308857	0.26575148607248095
ATP2B4_dirichlet_train_fold1.79	0.22791433801565655	0.007423034570643614	0.4745873480326014	0.15067796241062079	0.13939731697047764
ATP2B4_dirichlet_train_fold1.80	2.62e-321	0.027714785269336663	0.7821858010562208	0.19009941367444266	3.06e-322
ATP2B4_dirichlet_train_fold1.81	0.058909023300273665	2.31e-321	0.8812769216859263	6.23337563743873e-179	0.05981405501380004
ATP2B4_dirichlet_train_fold1.82	1.87e-321	0.11250924967510281	0.8012609406993092	1.413e-321	0.08622980962558813
ATP2B4_dirichlet_train_fold1.83	0.30849987870780265	0.03854736723308268	0.10606840091521913	0.1957396336620184	0.3511447194818771
ATP2B4_dirichlet_train_fold1.84	0.006110198364051248	4.8526420609392486e-207	0.8054624368701019	0.08369358599060311	0.10473377877524366
ATP2B4_dirichlet_train_fold1.85	0.269547070925956	9.929274646812365e-45	0.25203025100071047	0.24583561974488344	0.2325870583284501
ATP2B4_dirichlet_train_fold1.86	0.053659006497703825	0.07085492493302327	0.7332222385551294	3.327885454789727e-303	0.14226383001414353
ATP2B4_dirichlet_train_fold1.87	1.8169328748260397e-232	1.097e-321	0.6534405765539465	0.3465594234460535	1.617990110943114e-104
ATP2B4_dirichlet_train_fold1.88	0.25583922556391536	5.3e-322	0.606816991224498	0.13734378321158666	3.5e-322
ATP2B4_dirichlet_train_fold1.89	0.26417801264575047	1.3630049558066872e-205	0.5473794905022884	0.04473475477773962	0.14370774207422152
ATP2B4_dirichlet_train_fold1.90	0.21415571193704516	2.58e-321	0.10079091869335653	0.26680426999494816	0.41824909937465005
ATP2B4_dirichlet_train_fold1.91	0.10891945071143563	0.070790034630484	0.21520478268555876	0.30962504935253377	0.29546068261998787
ATP2B4_dirichlet_train_fold1.92	0.21782715279773335	0.13483119590216322	0.6074522079223528	0.039889443377750786	1.9423811035074927e-44
ATP2B4_dirichlet_train_fold1.93	0.08336868363974903	0.10249716887157925	0.45215446062467446	0.19482160977324772	0.16715807709074945
ATP2B4_dirichlet_train_fold1.94	5.898141920992097e-138	0.04338753693488982	0.7286156067054468	0.22799685635966327	6.8e-322
ATP2B4_dirichlet_train_fold1.95	0.05860941950581389	0.07501148694442088	0.820440262827521	2.055e-321	0.04593883072224411
ATP2B4_dirichlet_train_fold1.96	2.145429407360061e-90	8.161215961667968e-253	0.941085353093886	0.05891464690611402	4.904215583974036e-183
ATP2B4_dirichlet_train_fold1.97	0.17600235080084847	4.034022183582006e-207	0.4996070210473127	0.3243906281518389	1.5216832120458147e-152
MSH2_dirichlet_train_fold1	1.453e-321	0.8285973476079985	1.51e-321	0.15607459693316517	0.015328055458836327
PMS1_dirichlet_train_fold1	0.08229842896087265	0.21603527295663674	0.5154787195221558	0.1861875785603346	1.4421809427483046e-167
MSH6_dirichlet_train_fold1	2.51e-321	0.9409552801005369	8.8e-322	2.265261445044149e-295	0.05904471989946316
MSH6_dirichlet_train_fold1.1	1.167249635817346e-292	0.9913433805281985	0.00865661947180149	1.497e-321	8e-322
PMS2_dirichlet_train_fold1	0.47241349603429605	0.4449148369136478	0.0826716670520562	2.2124247230910797e-34	4.55e-322
MSH6_dirichlet_train_fold1.2	9.612798871101465e-15	0.9391734120350442	0.06082658796494611	3.570466360643013e-149	1.487e-321
MSH2_dirichlet_train_fold1.1	0.14095260896245754	0.8269672481413383	8.45e-322	0.03208014289620422	2.07e-321
PMS1_dirichlet_train_fold1.1	0.1304417930484512	0.119117021064581	0.16090239248454455	0.4263190878612022	0.1632197055412212
PMS2_dirichlet_train_fold1.1	0.4418684564150331	0.558131543584967	4.5e-322	4.2e-322	9.8e-322
MSH2_dirichlet_train_fold1.2	1.097e-321	0.9119631898217515	4.4e-322	0.0771521935239085	0.01088461665434009
PMS1_dirichlet_train_fold1.2	0.22590661387558303	0.05389171483111232	0.4776656008715452	0.2425360704217594	1.8316393978637004e-130
MSH6_dirichlet_train_fold1.3	1.3060442461019823e-281	0.724324357489396	0.18053397301309315	0.09514166949751095	1.01e-321
MSH6_dirichlet_train_fold1.4	1.19e-321	0.9819279195758355	1.996e-321	6.37e-322	0.018072080424164517
MSH6_dirichlet_train_fold1.5	2.125564627731751e-97	0.8618437296182777	0.05152996955347507	0.08662630082824728	8.6e-322
PMS1_dirichlet_train_fold1.3	0.14545949521935617	0.017634485040666788	0.5007468571283872	0.33615916261158985	3.243777304443343e-33
MSH6_dirichlet_train_fold1.6	5.566009378524079e-225	0.8877491177710116	0.10534215170211428	6.568910820545983e-51	0.006908730526874142
MSH6_dirichlet_train_fold1.7	0.0023864609988568973	0.9864515293994119	1.546e-321	0.005854749724082625	0.005307259877648519
MSH6_dirichlet_train_fold1.8	1.705e-321	1.0	3.1e-322	1.69e-321	4.15e-322
PMS2_dirichlet_train_fold1.2	0.6409544912587376	0.3590455087412625	2.6e-322	2.6e-322	8e-322
MSH2_dirichlet_train_fold1.3	1.62e-321	0.9323494880018925	1.23e-321	0.034091249208373295	0.03355926278973409
MLH1_dirichlet_train_fold1	1.33e-321	0.9359305412398039	2.87e-322	0.06406945876019594	0.0
MSH6_dirichlet_train_fold1.9	0.11309094248180843	0.7934453736009566	0.010859644187510096	0.08260403972972492	2.4039529100201743e-47
PMS2_dirichlet_train_fold1.3	0.5770377316244697	0.4229622683755302	7.46e-322	3.66e-322	1.15e-321
MLH1_dirichlet_train_fold1.1	8.8e-322	0.9359330143394217	4.05e-322	4.2e-322	0.06406698566057827
MSH6_dirichlet_train_fold1.10	0.16837727199437866	0.8316227280056212	6.2792469693238456e-248	1.047e-321	1.92e-321
MSH6_dirichlet_train_fold1.11	1.334e-321	0.7805951155572325	1.294e-321	0.16893519633359652	0.05046968810917095
MSH6_dirichlet_train_fold1.12	0.027498285007687886	0.7994694764710075	2.36e-321	0.12221883224907247	0.050813406272231944
PMS2_dirichlet_train_fold1.4	0.8236020305669038	0.176397969433096	2.3e-322	0.0	2.17e-322
MLH1_dirichlet_train_fold1.2	3.034e-321	1.0	6.9e-322	1.2707911086712948e-221	4.55e-322
MSH6_dirichlet_train_fold1.13	1.8e-321	0.9590971261060983	0.04090287389390155	1.754e-321	1.33e-321
MSH2_dirichlet_train_fold1.4	1.14e-321	0.8132315703721201	8.3e-322	0.16828120466765445	0.018487224960225323
MLH1_dirichlet_train_fold1.3	3.315e-321	0.8438610209825893	7.86e-322	0.1561389790174108	8.319544905735569e-177
MSH6_dirichlet_train_fold1.14	0.045629469422705855	0.862511911108412	0.0479913425822092	0.04386727688667297	6.37e-322
MSH6_dirichlet_train_fold1.15	0.04897773502140029	0.8914380565750857	1.263086182361215e-166	0.040557154099764764	0.019027054303749156
PMS1_dirichlet_train_fold1.4	0.060389412596666775	0.24086754126337867	0.4366211835477328	0.2621218625922218	9.999695745108272e-215
MSH6_dirichlet_train_fold1.16	1.734e-321	0.8349206856192533	0.03990590117233827	0.12517341320840858	8.84e-322
PMS2_dirichlet_train_fold1.5	0.6453472658709787	0.35465273412902126	2.96e-322	0.0	2.96e-322
MSH6_dirichlet_train_fold1.17	2.5697976768079595e-55	0.6565974702277201	2.6077007393171443e-192	0.24355293856930252	0.09984959120297743
MSH6_dirichlet_train_fold1.18	2.97e-321	0.9814817526150766	0.018518247384923404	3.642186907026742e-148	1.75e-321
PMS2_dirichlet_train_fold1.6	0.43968796115017605	0.5389248046686665	6e-322	3.06e-322	0.02138723418115745
MSH2_dirichlet_train_fold1.5	7.26e-322	0.7458931568926178	5.2e-322	0.24423468602105236	0.009872157086329667
MSH6_dirichlet_train_fold1.19	0.04507226740116297	0.9327337709796091	1.33e-321	1.166e-321	0.022193961619227875
MLH1_dirichlet_train_fold1.4	8.8e-322	0.8258665632842507	2.3e-322	0.17413343671574918	2.96e-322
PMS2_dirichlet_train_fold1.7	0.5842605066064575	0.4157394933935425	2.7e-322	2.67e-322	2.8e-322
PMS1_dirichlet_train_fold1.5	0.003208073240802081	0.2677428666638938	9.14e-322	0.49016688130124253	0.2388821787940617
MSH2_dirichlet_train_fold1.6	2.284238896456314e-213	0.7168394607965867	4.74e-322	0.2831605392034132	9.2e-322
MSH2_dirichlet_train_fold1.7	2.28e-321	0.8615795647520947	1.833e-321	0.13842043524790532	1.057e-321
MSH6_dirichlet_train_fold1.20	3.0309798938695275e-130	0.9534632194987763	5.7e-322	1.087e-321	0.04653678050122353
PMS1_dirichlet_train_fold1.6	0.12546389278605977	0.12906744207465295	0.469282487905071	0.22316386553924122	0.05302231169497507
MSH6_dirichlet_train_fold1.21	9.44e-322	0.9563963108662894	0.040744347385550814	0.0028593417481598228	2.4951231135504186e-210
MSH6_dirichlet_train_fold1.22	0.308244151038915	0.546798019046229	0.023354224042791125	0.12160360587206487	1.784e-321
MLH1_dirichlet_train_fold1.5	0.1789029984775123	0.7535012943406763	5.8e-322	0.06759570718181149	6.97e-322
PMS1_dirichlet_train_fold1.7	0.0955681930081826	0.4045902839237798	0.01714338595556212	0.4020245473766838	0.0806735897357915
PMS2_dirichlet_train_fold1.8	0.5691111570018725	0.43088884299812746	8.15e-322	4e-322	4.2e-322
PMS2_dirichlet_train_fold1.9	0.5331520936050849	0.38346261115910885	8.05e-322	2.67e-322	0.08338529523580625
PMS1_dirichlet_train_fold1.8	2.9246423874017595e-290	0.12090127591866476	0.2436537518952641	0.5016475204744877	0.13379745171158364
PMS1_dirichlet_train_fold1.9	6.669380990456154e-80	0.3405701079541802	1.5142830349033811e-25	0.5528015020043222	0.10662839004149777
PMS2_dirichlet_train_fold1.10	0.4575904145904326	0.3990556926496171	7e-322	2.67e-322	0.14335389275995034
MSH6_dirichlet_train_fold1.23	0.059222591125139806	0.9371599621517516	8.45e-322	9.129504574052062e-286	0.003617446723108495
MLH1_dirichlet_train_fold1.6	5.263077418193117e-119	0.943862764263868	1.1194317240565142e-79	0.04842336368526526	0.007713872050866666
MSH2_dirichlet_train_fold1.8	2.28e-321	1.0	2.96e-322	1.38e-321	3.9e-322
MSH6_dirichlet_train_fold1.24	0.017024992020108775	0.8016402000735628	1.96e-321	0.18133480790632836	1.81e-321
MSH6_dirichlet_train_fold1.25	3.134661869912484e-34	0.9703671398962418	5.1613397044888e-22	2e-321	0.029632860103758266
PMS2_dirichlet_train_fold1.11	0.7340973515100023	0.2659026484899977	2.57e-322	0.0	2.273e-321
PMS2_dirichlet_train_fold1.12	0.6711674309986428	0.3288325690013571	3.6017893870389815e-247	6e-322	2.9e-322
MSH6_dirichlet_train_fold1.26	0.08014034705566798	0.8097646405513393	0.1100950123929927	2.337e-321	1.927e-321
PMS2_dirichlet_train_fold1.13	0.36695670928087065	0.6330432907191293	3.36e-322	3e-322	3.75e-322
MLH1_dirichlet_train_fold1.7	1.59e-321	0.868849311133481	2.57e-322	0.13115068886651896	1.344e-321
MSH2_dirichlet_train_fold1.9	1.235e-321	0.7655382594016533	6.87e-322	0.23446174059834654	2.96e-322
MSH6_dirichlet_train_fold1.27	3.9600237271767193e-271	0.9403551604384323	7.722749734229226e-129	9.93e-322	0.059644839561567825
MSH2_dirichlet_train_fold1.10	2.08e-321	0.9327367013558073	6.137405772937982e-186	0.057211463416908775	0.010051835227283906
MLH1_dirichlet_train_fold1.8	1.576e-321	1.0	5.8e-322	8.9e-322	3.8e-322
PMS1_dirichlet_train_fold1.10	3.5249915367828647e-12	0.15901388460274263	0.5038845174567059	0.33710159793702626	3.5814191692404086e-282
MSH2_dirichlet_train_fold1.11	8.6e-322	0.9818358989828253	5.14e-322	0.018164101017174833	3.4e-322
PMS2_dirichlet_train_fold1.14	0.7143399055765163	0.2856600944234836	2.67e-322	2.77e-322	0.0
MSH6_dirichlet_train_fold1.28	9.14e-322	0.969111412790196	1.443e-321	7.652938394043154e-167	0.03088858720980404
MLH1_dirichlet_train_fold1.9	0.06503600546249434	0.885911756684654	2.253e-321	0.028731526233668953	0.020320711619182735
PMS1_dirichlet_train_fold1.11	1.3e-321	0.11675722410737285	0.3397464854349938	0.48991469787999586	0.05358159257763759
MSH2_dirichlet_train_fold1.12	2.703e-321	0.9117204351997943	0.001437593445554065	0.0868419713546517	9.83e-322
MSH6_dirichlet_train_fold1.29	5.348654104854109e-52	0.8486781688566762	0.12760227184553286	1.461662138776914e-231	0.023719559297790814
PMS1_dirichlet_train_fold1.12	0.12611052681850365	0.1307100182483604	0.4958032836374793	0.24737617129565662	8.9e-322
MSH6_dirichlet_train_fold1.30	9.7e-322	1.0	2.96e-322	1.146e-321	3.9e-322
MSH6_dirichlet_train_fold1.31	0.10121265244420657	0.8304307611741433	1.0535662280877879e-33	0.03831173704220249	0.030044849339447812
MLH1_dirichlet_train_fold1.10	6.6e-322	1.0	6.1e-322	9.34e-322	3.95e-322
MSH6_dirichlet_train_fold1.32	0.00839728231225828	0.8336361518198425	0.05981883710496984	0.09814772876292947	2.8521428182513293e-251
PMS1_dirichlet_train_fold1.13	0.08094289723829635	0.1735134827359333	0.02059211890936642	0.40317681174483877	0.3217746893715653
MSH2_dirichlet_train_fold1.13	1.146e-321	1.0	5.3e-322	1.215e-321	3.46e-322
PMS1_dirichlet_train_fold1.14	0.13187166769262187	0.12697152927927793	0.6463105689796609	0.09484623404843943	1.9685076078440976e-112
MLH1_dirichlet_train_fold1.11	1.556e-321	0.9607810200555871	1.917e-321	0.03921897994441294	1.8942401368428332e-98
MLH1_dirichlet_train_fold1.12	5.384652637320501e-199	0.8677084075443782	9.83e-322	0.1322915924556218	6.4e-322
MSH6_dirichlet_train_fold1.33	3.44e-321	0.9423889568700518	1.23e-321	0.03799145833829879	0.01961958479164964
MSH6_dirichlet_train_fold1.34	1.8754877014862104e-290	0.9986336446924874	4.622537054201105e-104	0.0013663553075126235	9.34e-322
PMS2_dirichlet_train_fold1.15	0.4850499841018472	0.5043653362387894	2.297e-321	3.2e-322	0.01058467965936342
MSH6_dirichlet_train_fold1.35	1.5681265380267036e-264	1.0	1.033e-321	2.0496024187335934e-305	1.364e-321
UNG_dirichlet_train_fold1	0.11602132882862297	0.0720596517778185	0.08001696678112127	0.4883883347866719	0.2435137178257656
OGG1_dirichlet_train_fold1	0.12000646599255632	0.09255238506807946	2.0513975700601743e-115	9.83e-322	0.7874411489393642
UNG_dirichlet_train_fold1.1	0.0010574229076507628	0.027154897658362362	0.22763894604161292	0.7441487333923741	7.86e-322
OGG1_dirichlet_train_fold1.1	1.0087347316227842e-260	1.5367444680126994e-13	0.0736360836574566	0.16891862121323317	0.7574452951291566
OGG1_dirichlet_train_fold1.2	2.416e-321	9.6e-322	0.5458149877786345	0.09658610402894968	0.35759890819241585
OGG1_dirichlet_train_fold1.3	1.7767647170058643e-08	2.5787880442629656e-269	0.23979990481978986	1.833e-321	0.7602000774125629
OGG1_dirichlet_train_fold1.4	0.042519692112595264	4.946723702638946e-184	0.27240901668110384	1.2761611211694598e-146	0.6850712912063008
UNG_dirichlet_train_fold1.2	0.10618966027466717	2.932767129845365e-190	1.208736879293255e-168	0.7682890273682114	0.12552131235712155
OGG1_dirichlet_train_fold1.5	1.077e-321	0.01821085553618233	0.46925229069018015	0.06391746953834025	0.44861938423529724
UNG_dirichlet_train_fold1.3	0.06227200377957274	0.0825249506387868	1.0520176413326732e-157	0.6739243645616202	0.18127868102002023
OGG1_dirichlet_train_fold1.6	1.265e-321	7.4e-322	0.6677269990112793	5.63e-322	0.33227300098872065
UNG_dirichlet_train_fold1.4	5.607095849895177e-128	0.09911552519689254	1.206e-321	0.7777246470443537	0.1231598277587538
OGG1_dirichlet_train_fold1.7	0.03701105025549674	0.024373095074190904	0.19652829359246143	1.977286138541018e-14	0.742087561077831
UNG_dirichlet_train_fold1.5	0.2204213974082809	0.09222377466728787	7.72465e-318	0.5874480932391548	0.09990673468527647
OGG1_dirichlet_train_fold1.8	0.031672855893799645	1.245e-321	0.03855120384000908	0.11729737428803107	0.8124785659781603
UNG_dirichlet_train_fold1.6	0.0746083521812781	3.444e-321	0.19772106775806225	0.6684591860775825	0.0592113939830771
OGG1_dirichlet_train_fold1.9	2.0694806226973626e-41	7.858513532735498e-221	0.4074616857637782	2.8246596793566137e-300	0.5925383142362217
UNG_dirichlet_train_fold1.7	2e-321	0.27969827763088656	2.584971358629652e-289	0.5186037656267389	0.20169795674237453
UNG_dirichlet_train_fold1.8	0.15076884468305454	0.23198455211189975	1.15e-321	0.5001970100905145	0.1170495931145312
OGG1_dirichlet_train_fold1.10	5.953066178758634e-48	0.03807711918700102	0.11943237769075983	0.0910464066659477	0.7514440964562914
OGG1_dirichlet_train_fold1.11	0.08636444220792984	1.57e-321	1.4926191725674506e-22	0.10517679276925808	0.808458765022812
UNG_dirichlet_train_fold1.9	7.023097694573641e-156	2.986736736666378e-58	0.0544516558194505	0.9455483441805494	1.586e-321
OGG1_dirichlet_train_fold1.12	0.0015669137118273478	1.18e-321	0.23194340141180564	0.0426881025677531	0.7238015823086138
OGG1_dirichlet_train_fold1.13	0.06894928338110029	2.816e-321	7.749330943768431e-48	0.0416921108158509	0.8893586058030489
OGG1_dirichlet_train_fold1.14	0.1689608065414235	1.1919733496539805e-129	3.2395119690966916e-109	0.0391276360785742	0.7919115573800022
UNG_dirichlet_train_fold1.10	1.413e-321	1.05e-321	3.13989603e-315	0.8597646639034072	0.1402353360965927
UNG_dirichlet_train_fold1.11	0.25411512016360827	1.6039128902133907e-140	1.5493736461830985e-161	0.6029708381423431	0.1429140416940486
OGG1_dirichlet_train_fold1.15	2.7833427048665994e-200	2.144e-321	0.5730200954935833	0.01432129413814172	0.4126586103682749
OGG1_dirichlet_train_fold1.16	0.002548914350556009	2.01e-321	0.2225071112307753	0.14060001368476385	0.6343439607339046
OGG1_dirichlet_train_fold1.17	0.02088605838584595	1.146e-321	8.099002498705938e-146	0.19474507480506598	0.784368866809088
UNG_dirichlet_train_fold1.12	2.184e-321	0.06661801093289364	2.1562932005357067e-85	0.8078825646190231	0.12549942444808335
OGG1_dirichlet_train_fold1.18	0.03583742477185624	0.0622928777764588	0.2777624233808472	7.44991833537e-312	0.6241072740708378
UNG_dirichlet_train_fold1.13	0.19055828849374773	1.07e-321	2.9397559673947843e-16	0.7192292591821057	0.09021245232414629
OGG1_dirichlet_train_fold1.19	1.3412696699255927e-138	1.966e-321	0.31585126563133753	0.08530634225633196	0.5988423921123306
OGG1_dirichlet_train_fold1.20	0.00044803602666672484	3.52e-321	0.06839918928914628	0.1494506396902047	0.7817021349939823
UNG_dirichlet_train_fold1.14	2.12e-321	1.64e-321	1.5754931226366577e-43	0.8768858373617994	0.1231141626382007
UNG_dirichlet_train_fold1.15	0.38209005680039787	5.04e-322	0.17652836087492482	0.4413815823246773	3.5805828346583904e-131
UNG_dirichlet_train_fold1.16	0.05182914634043559	0.11931332023042442	1.0538718685065655e-234	0.6591584535574142	0.16969907987172583
UNG_dirichlet_train_fold1.17	0.009967966738478908	0.1341132393746726	5.24e-322	0.6909176982217364	0.16500109566511204
OGG1_dirichlet_train_fold1.21	0.03335545858524816	0.005968117100145227	0.3184039195095942	0.020486663488269618	0.621785841316743
UNG_dirichlet_train_fold1.18	0.08472828887009784	0.07086323580159959	5.7294051440022744e-67	0.7095848622421714	0.13482361308613108
UNG_dirichlet_train_fold1.19	9.882168396307536e-179	0.05764060583881973	0.09124007116158463	0.7204240020605674	0.13069532093902808
UNG_dirichlet_train_fold1.20	0.06705515594692098	0.16654081912877625	1.5505385200663077e-131	0.6132374833814487	0.15316654154285392
OGG1_dirichlet_train_fold1.22	0.01933650703937792	3.15e-321	0.32472323008906834	0.086131550096658	0.5698087127748958
UNG_dirichlet_train_fold1.21	0.0023910355166648907	0.06524474888345756	1.2274864780711913e-77	0.7546578736503485	0.17770634194952917
UNG_dirichlet_train_fold1.22	2.085e-321	0.14898792084478665	0.03851332088880601	0.5988807624343863	0.213617995832021
OGG1_dirichlet_train_fold1.23	5.1644507106115e-310	0.12083799767404983	3.450703322556445e-233	0.14111560324255062	0.7380463990833996
OGG1_dirichlet_train_fold1.24	0.11659276323981065	6.481715727735905e-179	5.15393339811003e-228	0.026241062366622683	0.8571661743935668
OGG1_dirichlet_train_fold1.25	4.805861758649275e-85	3.33e-321	0.10185465250705661	0.12489180419735323	0.7732535432955903
UNG_dirichlet_train_fold1.23	5.6694353336610196e-30	0.0314293621603742	1.334e-321	0.9124920104062346	0.05607862743339109
UNG_dirichlet_train_fold1.24	0.03845007635024686	0.25925654397037795	1.0591584510722273e-286	0.5386121486783453	0.16368123100103
OGG1_dirichlet_train_fold1.26	0.07405547794687299	1.087e-321	0.1698245172876027	0.24930620483916371	0.5068137999263607
OGG1_dirichlet_train_fold1.27	6.383217125832706e-133	0.09057747511166901	0.2923757507652086	2.936196495171754e-54	0.6170467741231224
UNG_dirichlet_train_fold1.25	0.1951897144846757	0.1602998686390336	9.63e-322	0.4270289231386585	0.2174814937376323
OGG1_dirichlet_train_fold1.28	0.012133070766817673	7.16e-322	0.3303494130130732	0.11074962692340796	0.5467678892967011
UNG_dirichlet_train_fold1.26	2.16e-321	0.132694571975968	0.13538386900084137	0.6622238201773991	0.06969773884579132
UNG_dirichlet_train_fold1.27	1.044377964225885e-190	0.12799520010866605	3.102387699703357e-107	0.6452598422875658	0.2267449576037681
UNG_dirichlet_train_fold1.28	1.1e-321	6.23e-322	0.3038963802540555	0.6512697262560876	0.044833893489856926
OGG1_dirichlet_train_fold1.29	1.4380935004379638e-35	0.02043581746741581	0.19753842159137408	0.05260321439311237	0.7294225465480977
OGG1_dirichlet_train_fold1.30	0.14172329422920973	3.75e-322	0.09327185713360173	0.21459640073092334	0.5504084479062652
UNG_dirichlet_train_fold1.29	0.03384755667454813	0.1601342624571	0.13724000980131118	0.6227910862516557	0.04598708481538507
UNG_dirichlet_train_fold1.30	1.2498285320288172e-13	0.03803861530899329	8.15e-322	0.7680559795433591	0.19390540514752252
UNG_dirichlet_train_fold1.31	2.396e-321	0.09457822841362055	0.08701949076902597	0.7734694195122545	0.0449328613050992
UNG_dirichlet_train_fold1.32	0.06470144402429809	0.07284819332864818	1.165863044249158e-124	0.6844231199676349	0.17802724267941877
OGG1_dirichlet_train_fold1.31	1.047e-321	5.73e-322	0.6191377152714803	0.018592838147458563	0.362269446581061
OGG1_dirichlet_train_fold1.32	0.08023195898716495	0.056233924198115987	0.3348879855872136	6.934965866002072e-26	0.5286461312275054
OGG1_dirichlet_train_fold1.33	1.863e-321	8.74e-322	0.5842029229893959	6.616605343496952e-236	0.4157970770106041
OGG1_dirichlet_train_fold1.34	0.12912899721607127	0.03269326085440394	0.04756537282565047	0.13498301811426336	0.655629350989611
OGG1_dirichlet_train_fold1.35	0.03178369162988771	1.4346233139495324e-249	7.326591212289845e-09	0.12039098207034238	0.8478253189731786
OGG1_dirichlet_train_fold1.36	5.746441375023537e-45	1.176e-321	4.94707930177576e-144	0.1347629857483493	0.8652370142516507
OGG1_dirichlet_train_fold1.37	8.20422840344101e-251	9.6e-322	0.5017514595851651	1.9346897674177817e-05	0.49822919351716083
UNG_dirichlet_train_fold1.33	3.3557103004903165e-123	0.0840013180895106	0.46195601449117973	0.4540426674193095	3.581225969836544e-21
UNG_dirichlet_train_fold1.34	1.383e-321	0.05855437945653634	0.27225064451307474	0.6691949760303889	1.861531204137985e-170
UNG_dirichlet_train_fold1.35	0.006262184868229552	0.07209419463695857	0.29434528980121955	0.6272983306935924	6.03e-322
OGG1_dirichlet_train_fold1.38	0.030540704180622026	0.0007149990249232181	2.946244440128419e-88	0.25675768324688963	0.7119866135475651
UNG_dirichlet_train_fold1.36	0.006820692356897633	0.15648374162777917	6e-322	0.7114786266386142	0.12521693937670889
UNG_dirichlet_train_fold1.37	0.14449143388381247	0.08679233199715165	0.006461938061953748	0.6505438258458717	0.1117104702112105
OGG1_dirichlet_train_fold1.39	3.3443068743401545e-167	7.26e-322	3.2707506403002475e-125	0.057092396354674765	0.9429076036453252
OGG1_dirichlet_train_fold1.40	1.7205450659342487e-43	0.01534324391034001	0.06324644668529922	0.25161425378129154	0.6697960556230692
UNG_dirichlet_train_fold1.38	0.1641286458683992	4.39167998059439e-275	1.26e-321	0.60909098415336	0.2267803699782407
OGG1_dirichlet_train_fold1.41	1.097e-321	9.44e-322	2.7895480092031303e-86	0.24092178388698057	0.7590782161130195
OGG1_dirichlet_train_fold1.42	7.1159382513103555e-43	1.023e-321	0.3349075841263793	5.850351889539752e-14	0.6650924158735623
OGG1_dirichlet_train_fold1.43	0.0205950918026278	1.5254271434789566e-39	0.08604953026112186	0.18230818646508182	0.7110471914711686
OGG1_dirichlet_train_fold1.44	0.11526490526259339	2.564e-321	1.6023075990204991e-38	0.17701106293934174	0.7077240317980648
UNG_dirichlet_train_fold1.39	0.03209308448937884	0.039377609430726365	0.2685039762215971	0.6600253298582978	1.02463328226448e-162
UNG_dirichlet_train_fold1.40	0.048321915931648585	0.028010968814456506	0.23390470136492106	0.6545995705777453	0.035162843311228396
OGG1_dirichlet_train_fold1.45	0.06023336150073219	2.09e-321	0.3851500854844317	0.04868752804718023	0.5059290249676558
UNG_dirichlet_train_fold1.41	0.17403058874142657	0.09874395760077995	1.033e-321	0.4807499634272747	0.24647549023051857
UNG_dirichlet_train_fold1.42	5.871048645268425e-277	0.12585767561956732	1.2880679446467665e-219	0.6291473771828845	0.24499494719754833
OGG1_dirichlet_train_fold1.46	2.0634869160874024e-192	1.245e-321	0.17639066113786298	0.18268737269922283	0.6409219661629142
OGG1_dirichlet_train_fold1.47	0.08846605480694196	7.3e-322	0.12119598530638775	0.12588329289949124	0.664454666987179
UNG_dirichlet_train_fold1.43	0.09322951615839786	1.195962375270536e-246	0.06262920477849007	0.7326756516323498	0.11146562743076216
OGG1_dirichlet_train_fold1.48	0.07019213903984349	0.05191266011101358	1.2569740483006032e-202	0.04246291512965912	0.8354322857194838
OGG1_dirichlet_train_fold1.49	0.06569149859780436	0.07434486568514258	6.793042054855679e-146	5.307806242940009e-83	0.859963635717053
OGG1_dirichlet_train_fold1.50	2.06e-321	9.54e-322	0.22172551169534968	0.1787864617837793	0.5994880265208711
OGG1_dirichlet_train_fold1.51	0.11203158883703619	1.12e-321	0.37127873893152785	3.104213313266772e-70	0.516689672231436
UNG_dirichlet_train_fold1.44	0.14911506139379813	0.04051006603424846	6.03e-322	0.5736809241287226	0.23669394844323086
OGG1_dirichlet_train_fold1.52	0.015292217366919712	1.06e-321	0.4101841088288227	0.14545885101368689	0.4290648227905708
RNF168_dirichlet_train_fold1	0.7783352149809745	0.029968328722607636	6.524507570953757e-186	0.10292641296241854	0.08877004333399921
RNF168_dirichlet_train_fold1.1	0.8157857246861291	0.09787136190919264	0.058086110961126335	0.028256802443551894	1.566e-321
RNF168_dirichlet_train_fold1.2	0.7098001425579759	0.145038141292386	0.1451617161496382	8.425270413525041e-192	1.126e-321
RNF168_dirichlet_train_fold1.3	0.7818452579388107	1.507e-321	0.09210334939839289	0.1260513926627966	1.95e-321
RNF168_dirichlet_train_fold1.4	0.8361351227336116	0.13915565811293437	1.36e-321	1.087e-321	0.02470921915345409
RNF168_dirichlet_train_fold1.5	0.8719453972914779	1.892509686e-314	0.029288304468715033	0.09876629823980701	4.4505646268239836e-184
RNF168_dirichlet_train_fold1.6	0.8516046126801411	0.02706875890317033	3.3857223616062784e-61	0.07186987499924992	0.04945675341743868
RNF168_dirichlet_train_fold1.7	0.7244412739931383	0.11895046305993004	3.3855113547113957e-29	0.04747254915701835	0.10913571378991326
RNF168_dirichlet_train_fold1.8	0.6559175399565338	0.15596754263356488	2.213e-321	0.1518172301183753	0.03629768729152618
RNF168_dirichlet_train_fold1.9	0.7618526178215237	0.23067070729142725	1.0854995150855e-311	0.0074766748870492205	8.65e-322
RNF168_dirichlet_train_fold1.10	0.6375500001385457	0.29749546961239504	1.675e-321	1.443e-321	0.06495453024905933
RNF168_dirichlet_train_fold1.11	0.6830564909667909	3.113e-321	0.256921385570693	0.06002212221504506	1.2474712501228428e-09
RNF168_dirichlet_train_fold1.12	0.7716974842909095	0.08420315663053092	0.007599549509206476	0.13649980956935315	8.74e-322
RNF168_dirichlet_train_fold1.13	0.8007385956616027	0.03664231188066625	1.08e-321	0.007400984660769671	0.1552181077969615
RNF168_dirichlet_train_fold1.14	0.6528288516870968	0.26545968864144665	3.4253198170538133e-127	0.017980094783351223	0.06373136488810548
RNF168_dirichlet_train_fold1.15	0.5314247501241308	0.08098687693452972	0.12076536925964472	0.17297926509527342	0.09384373858642134
RNF168_dirichlet_train_fold1.16	0.8019090782486663	0.05987075631921915	6.6e-322	0.12168195165161036	0.016538213780504213
RNF168_dirichlet_train_fold1.17	0.734648426766467	0.10958734203920768	5.5e-322	0.15576423119432511	2.77e-322
RNF168_dirichlet_train_fold1.18	0.3932803405044751	0.13052675498377136	0.04354760635244949	0.43264529815930386	6.03e-322
RNF168_dirichlet_train_fold1.19	0.8209682668981371	0.10452965159457397	1.8961707346688768e-56	0.013977651670124679	0.060524429837164315
RNF168_dirichlet_train_fold1.20	0.744411179476556	0.10792378969328327	8.05e-322	1.206712841787598e-301	0.14766503083016067
RNF168_dirichlet_train_fold1.21	0.9054505732666228	1.13e-321	7.86e-322	2.0419884949967115e-30	0.09454942673337717
RNF168_dirichlet_train_fold1.22	0.8740944988701345	0.04521863308164568	1.566e-321	0.03683043695558789	0.043856431092632035
RNF168_dirichlet_train_fold1.23	0.6360767241888049	0.03002941657843425	0.19331430869827057	0.14057955053449028	1.042e-321
RNF168_dirichlet_train_fold1.24	0.9063461362422661	0.09365386375773403	2.07e-321	1.7546493214888185e-179	1.1e-321
RNF168_dirichlet_train_fold1.25	0.8402775646767092	0.04128249468598145	0.06085668147918009	2.505e-321	0.057583259158129244
RNF168_dirichlet_train_fold1.26	0.710348774524197	2.1039672781739487e-175	0.1793698207727265	0.11028140470307654	1.4700697380949333e-18
RNF168_dirichlet_train_fold1.27	0.7422153388634706	0.031132417361519376	4.051233387692423e-36	0.16346803024244774	0.06318421353256219
RNF168_dirichlet_train_fold1.28	0.6916732041877162	0.21551766660102312	0.06857607391675914	8.762472669095064e-79	0.024233055294501503
RNF168_dirichlet_train_fold1.29	0.8322465939010906	0.011662542276848868	0.06985018393386912	0.06502593492053181	0.021214744967659495
RNF168_dirichlet_train_fold1.30	0.5765412852254403	0.10581862387231632	0.2173924080939267	0.09232154781824567	0.00792613499007091
