Samples	SBS96A	SBS96B	SBS96C	SBS96D	SBS96E	SBS96F
EXO1_0_real_train1	0.8788201921003993	0.005455372229289962	0.09907814710845557	5.08e-321	0.016646288561855283	4.18e-321
OGG1_0_real_train1	1.068964736234345e-252	0.011028413269036304	0.05286644242523029	1.1160944639396741e-253	0.19447997003399542	0.7416251742717381
RNF168_0_real_train1	0.8413934326713695	6.49e-321	0.04022566644098881	6.46e-321	0.09198013522177313	0.026400765665868544
UNG_0_real_train1	0.03405860946551345	4.51e-321	0.8382704942668636	0.11871208411827948	0.008956658835874319	2.153313469191931e-06
ATP2B4_0_real_train1	0.12990086150471702	3.646e-321	0.11047910706959005	0.43747916352145766	0.28143758331634877	0.04070328458788658
ATP2B4_1_real_train1	5.85e-321	0.01683939734653564	1.625e-321	0.7684812284596068	0.21467937419385758	2.223e-321
MLH1_0_real_train1	1.74e-321	0.8834384694606402	0.11656153053935966	2.045e-321	1.75e-321	1.51e-321
MSH2_0_real_train1	1.64e-321	0.8267394996914175	0.1444159301391579	1.79e-321	0.028844570169424506	1.225e-321
MSH6_0_real_train1	2.09e-321	0.8958895975580448	0.07697427134602329	1.1556e-320	0.021700858711732406	0.005435272384199688
MSH6_1_real_train1	2.367e-321	0.9169094726005612	0.06171556333299826	7.347016006440034e-204	2.317e-321	0.021374964066440516
PMS1_0_real_train1	4.22e-321	0.144059008710194	0.09592958572933714	0.280928854379219	0.4655345396720998	0.013548011509150039
PMS2_0_real_train1	0.39581077545200166	0.5954428347359917	6.27e-322	3.18e-321	1.3e-321	0.00874638981200653
EXO1_0_multinomial_train1	0.9045847267536467	6.8155192125922555e-133	0.08334786077963294	7.243e-321	2.94e-321	0.01206741246672025
RNF168_0_multinomial_train1	0.7832881468331901	3.636e-321	0.019261985895642562	0.1093877243513504	0.08806214291981686	2.757e-321
RNF168_0_multinomial_train1.1	0.7876049364526505	1.324e-321	3.23e-321	6.196e-321	0.1751817962146615	0.037213267332688
EXO1_0_multinomial_train1.1	0.858805257670325	0.07723306989699685	0.03362416698383769	4.86e-321	0.015520105909014438	0.0148173995398259
RNF168_0_multinomial_train1.2	0.8008729386688683	0.004430086813423723	1.546e-321	9.83e-321	0.16014216757113683	0.034554806946571114
RNF168_0_multinomial_train1.3	0.7797669608832568	1.149e-320	0.14410210251144287	5.866493742258604e-06	0.04121034049600656	0.03491472961555165
RNF168_0_multinomial_train1.4	0.7837678547259274	0.015371636262864674	0.011827754869928755	0.02402815371552771	0.11984407973105396	0.045160520694697635
RNF168_0_multinomial_train1.5	0.8227877519146338	2.105e-321	0.06513633763460369	8.2e-322	0.11207591045076244	3.26e-322
RNF168_0_multinomial_train1.6	0.7523692832405197	2.633e-321	0.14347658381812944	1.853e-321	0.0754415875903981	0.02871254535095279
RNF168_0_multinomial_train1.7	0.8594893349439735	0.006207994710835316	0.07420160038332059	1.54e-321	0.060101069961870625	2.5e-321
RNF168_0_multinomial_train1.8	0.8660599571894673	5.88e-321	5.03e-321	5.163e-321	0.06867263095837729	0.06526741185215561
EXO1_0_multinomial_train1.2	0.8671584282868752	2.73e-320	0.09871421251083042	1.705e-321	0.03412735920229434	6e-322
EXO1_0_multinomial_train1.3	0.9447214612100752	0.03170121741980613	1.7656792407311016e-80	4.797e-321	5.41e-321	0.023577321370118812
RNF168_0_multinomial_train1.9	0.8959318136419341	1.76e-321	0.027447448842833	2.197057701842347e-103	0.05682782813176835	0.01979290938346468
EXO1_0_multinomial_train1.4	0.8724669593424013	8.503e-321	0.10608702686612763	2.46e-321	0.021446013791471135	1.344e-321
EXO1_0_multinomial_train1.5	0.8635234358537989	0.02061592733758748	0.09288839727162994	9.333e-321	0.021957204818886848	0.001015034718096962
EXO1_0_multinomial_train1.6	0.8717463537533874	5.14e-321	0.11018610998151043	2.04e-321	0.01806753626510229	1.26e-321
EXO1_0_multinomial_train1.7	0.8636429145431908	0.019890920509453763	0.11646616494735564	3.67e-321	1.074e-320	7.649579614758777e-235
EXO1_0_multinomial_train1.8	0.7913848471871985	0.0055806864313454815	0.15914297772793237	2.34e-321	0.04389148865352376	1.49e-321
RNF168_0_multinomial_train1.10	0.7461546845560931	2.6e-321	0.15940678179527956	2.653e-321	5.845e-321	0.09443853364862723
EXO1_0_multinomial_train1.9	0.9447289758683459	0.045779614360291127	1.031e-320	1.097e-321	0.009491409771362997	9.14e-322
RNF168_0_multinomial_train1.11	0.8282088253591695	2.062e-320	0.09953237699237961	2.33e-321	0.07225879764845088	8.55e-322
RNF168_0_multinomial_train1.12	0.8518562734425464	0.02333949208034532	1.2695984497508837e-155	5.207e-321	0.09408002338970743	0.030724211087400716
EXO1_0_multinomial_train1.10	0.876914360511973	0.031135440384052117	0.07047167763119382	1.12e-321	0.02147852147278095	4.6e-322
EXO1_0_multinomial_train1.11	0.8242957234808592	0.02888701711496216	0.14681725940417856	4.753e-321	3.8498107293561754e-74	7.93e-321
RNF168_0_multinomial_train1.13	0.8206042923752561	0.1443668843329356	3.325e-321	8.943e-321	2.63e-321	0.03502882329180833
RNF168_0_multinomial_train1.14	0.8096219411177805	1.5992230439972974e-133	0.030623419697381308	0.0717830607160343	0.08159189714699513	0.006379681321808686
RNF168_0_multinomial_train1.15	0.8577564480233593	0.006431102892054004	0.12501806002705373	3.725e-321	1.4007e-320	0.010794389057533136
RNF168_0_multinomial_train1.16	0.7955099784186077	0.003975595408280011	0.02047594465998441	4.71e-321	0.13931330814707374	0.04072517336605424
EXO1_0_multinomial_train1.12	0.8829218812630644	7.38e-321	0.0362973500053134	3.113e-321	0.06521333518101813	0.015567433550604024
RNF168_0_multinomial_train1.17	0.7433543654989836	0.01183530832137246	0.047014940146125755	2.33e-321	0.19441941198683885	0.0033759740466792693
EXO1_0_multinomial_train1.13	0.868843069867075	5.63e-321	0.08777764242078404	5.95e-321	0.026813890593437355	0.01656539711870346
RNF168_0_multinomial_train1.18	0.7700989475563744	1.93e-321	4.926e-321	6.15e-321	0.1778741078308728	0.05202694461275288
EXO1_0_multinomial_train1.14	0.8776107170571416	0.0003758948058230113	0.11818761617792183	5.326e-321	9.723064e-318	0.0038257719591136405
RNF168_0_multinomial_train1.19	0.9586929547947285	1.253e-320	7.24e-321	4.09e-321	0.01620150320805954	0.025105541997211916
RNF168_0_multinomial_train1.20	0.8890149845471157	3.957e-321	0.10053287678840207	7.07e-322	0.010452138664482212	3.9e-322
EXO1_0_multinomial_train1.15	0.8670819044766073	1.0897104650179144e-152	0.1298148722525623	4.876e-321	0.0031032232708303863	4.876e-321
RNF168_0_multinomial_train1.21	0.7602637817219501	0.006759774834586431	0.08333709085805639	1.54e-321	0.09757684836446266	0.05206250422094442
RNF168_0_multinomial_train1.22	0.6488899897163368	0.04214003993615116	0.07956968554780718	1.79e-321	0.20077856935401736	0.02862171544568752
EXO1_0_multinomial_train1.16	0.8227940578356394	0.012241662132800313	0.1649642800315604	1.64e-321	3.266e-321	6.8e-322
EXO1_0_multinomial_train1.17	0.8949318986344618	0.02017447285442726	0.07380362113959452	2.154e-321	0.011090007371516402	8.9e-322
RNF168_0_multinomial_train1.23	0.9165894389928053	6.49e-321	1.393495698774314e-172	1.487e-321	0.06823329441583482	0.015177266591359812
EXO1_0_multinomial_train1.18	0.7976893157890225	0.018231827260489355	0.17926277596400245	3.85e-321	0.0048160809864856565	1.374e-321
RNF168_0_multinomial_train1.24	0.8955040838396278	2.945e-321	2.82e-321	1.0993e-320	0.10351175066533946	0.0009841654950327437
RNF168_0_multinomial_train1.25	0.8574257256420665	3.236e-321	1.1032e-320	1.0227e-320	0.14088776718067209	0.001686507177261393
RNF168_0_multinomial_train1.26	0.9008651169964422	1.645e-321	0.06886332598059579	5.720394003222991e-233	0.030271557022962182	7.48e-321
RNF168_0_multinomial_train1.27	0.6724705491295718	2.98e-321	0.059464181104431905	0.22010574470545743	0.04795952506053894	4.046e-321
RNF168_0_multinomial_train1.28	0.9002080249604569	0.0005492413516946122	0.02915425005890423	1.161e-320	0.0670018712568088	0.0030866123721353827
EXO1_0_multinomial_train1.19	0.8249947978130826	0.04414780036028452	0.10148237996384164	2.717e-321	0.029375021862791117	9e-322
RNF168_0_multinomial_train1.29	0.8627600255840036	8.090267811637465e-227	0.09170838802544916	3.04e-321	0.04553158639054719	2.64e-321
EXO1_0_multinomial_train1.20	0.8471882081090506	0.009000650983308205	0.12428845339291558	3.603784941959083e-133	0.01937252019237013	0.0001501673223554917
RNF168_0_multinomial_train1.30	0.8409199917660434	3.394e-321	0.046448620055770724	0.08903724385353617	0.023594144324649687	3.9279541121197495e-27
RNF168_0_multinomial_train1.31	0.8425421048169808	9.54e-321	0.035187457143261096	0.04172238154232974	0.08054805649742831	7.06e-321
RNF168_0_multinomial_train1.32	0.8782394493924514	5.86e-321	3.715e-321	1.73e-321	0.10335683384172414	0.01840371676582462
RNF168_0_multinomial_train1.33	0.7490595126515375	9.7e-322	0.08158750867366969	0.0013690829786243608	0.16396059366269558	0.004023302033472923
EXO1_0_multinomial_train1.21	0.8620249982978353	7.44e-321	0.13797500170216473	2.283e-321	3.424e-321	1.655e-321
RNF168_0_multinomial_train1.34	0.9425643237033117	6.67e-322	1.8e-321	1.42e-321	0.04052247590434324	0.01691320039234505
EXO1_0_multinomial_train1.22	0.9088233940152921	0.018343898596793532	0.04450267391611307	3.37e-321	0.02833003347180126	7.505e-321
EXO1_0_multinomial_train1.23	0.8574039971674469	7.71e-321	0.11279925017881656	4.89e-321	0.029796752653736706	3.16e-321
RNF168_0_multinomial_train1.35	0.7701409014386843	2.99e-321	0.1927727650817294	5.054e-321	0.011087663166585496	0.025998670313000825
RNF168_0_multinomial_train1.36	0.800882770404071	3.76e-321	0.020214950989924655	0.10362119779411684	0.07528108081188753	2.515e-321
EXO1_0_multinomial_train1.24	0.9161823769010426	3.208372388631932e-148	0.003520222870303447	2.719790931490538e-113	0.07451028875399823	0.0057871114746557185
RNF168_0_multinomial_train1.37	0.8422363743853643	1.66e-321	0.10406602821091601	0.04182975384651869	0.011867843557201038	3.88e-321
EXO1_0_multinomial_train1.25	0.8317194245064098	0.025908892669683336	0.08193198252803853	0.03469636803626433	0.025743332259603964	4.948140138089357e-25
RNF168_0_multinomial_train1.38	0.8956339377682485	1.25e-321	2.71e-321	0.01277615432230348	0.052389075116534775	0.0392008327929132
EXO1_0_multinomial_train1.26	0.9161148861009691	0.021626491483805747	0.04826016161749212	2.544e-321	0.013998460797732905	9.34e-322
EXO1_0_multinomial_train1.27	0.8832990776663819	1.0716e-320	0.07930734785679816	2.28e-321	0.03739357447681976	8.25e-322
EXO1_0_multinomial_train1.28	0.8820525795735181	1.2485e-320	0.08261822365675407	2.2e-321	0.03532919676972773	8.94e-322
EXO1_0_multinomial_train1.29	0.8834747345164143	9.654e-321	0.08460824317238723	9.27e-321	0.031917022311198556	1.0944e-320
EXO1_0_multinomial_train1.30	0.8611587836224981	7.954e-321	0.10190599068198904	1.255e-321	0.03693522569551301	6.13e-322
RNF168_0_multinomial_train1.39	0.8265460969310671	4.575e-321	0.1498773470466048	8.9e-322	3.276e-321	0.0235765560223281
RNF168_0_multinomial_train1.40	0.7587397124664166	1.487e-321	3.34e-321	0.12239171572559278	0.08418725806371251	0.034681313744278144
EXO1_0_multinomial_train1.31	0.8204368754362287	0.04329730726134382	0.1105670030177546	1.86e-321	0.02569881428467282	1.1e-321
EXO1_0_multinomial_train1.32	0.8768966467549562	0.024935090057511152	0.06723232291836662	5.5e-321	0.025076267556583154	0.005859672712582887
EXO1_0_multinomial_train1.33	0.9021173617183882	0.005617953649143526	0.08778668330426724	4.64e-321	0.00011596883452490319	0.004362032493676234
RNF168_0_multinomial_train1.41	0.8755217890855107	1.29e-321	3.68e-321	3.48e-321	0.09525859539753172	0.029219615516957672
RNF168_0_multinomial_train1.42	0.854496675135437	2.7e-321	2.317e-321	1.65e-321	0.13119034825885809	0.01431297660570483
EXO1_0_multinomial_train1.34	0.8727211369815014	0.004026739868483769	0.11082504895622017	3.52e-321	0.012427074193794478	5.385e-321
RNF168_0_multinomial_train1.43	0.7866902455075755	1.85e-321	0.06432037942184803	0.038690375532126495	0.09136027095057093	0.01893872858787902
EXO1_0_multinomial_train1.35	0.842102676170013	7.396e-321	0.10498068377553596	5.264334444659352e-68	0.041806990229642266	0.011109649824808767
EXO1_0_multinomial_train1.36	0.8494164734367484	2.184e-320	0.15058352656325164	2.727e-321	7.35e-321	1.126e-321
RNF168_0_multinomial_train1.44	0.7892879086101994	2.08e-321	4.32e-321	2.717e-321	0.17969929157396744	0.03101279981583306
EXO1_0_multinomial_train1.37	0.8672890856780613	0.01011535258475364	0.12259556173718524	2.456e-321	2.46e-321	2.94e-321
RNF168_0_multinomial_train1.45	0.7986458213336785	1.803e-321	0.017236995792766045	0.08042247207995111	0.10369471079360439	6.05e-321
RNF168_0_multinomial_train1.46	0.8887499674616929	2.915e-321	1.0533e-320	2.22e-321	0.08594541892435884	0.025304613613948437
RNF168_0_multinomial_train1.47	0.8657401440524445	8.127e-321	6.714e-321	1.097e-321	0.1342598559475555	5.8e-322
RNF168_0_multinomial_train1.48	0.8122769511417869	2.134e-321	1.0153e-320	9.8e-322	0.1877230488582132	4.6e-322
RNF168_0_multinomial_train1.49	0.8017127480828312	9.76e-321	0.0893590975346785	6.315819539230276e-221	0.07433239245064409	0.034595761931846235
RNF168_0_multinomial_train1.50	0.7954745343362255	0.01029804023826899	0.11398997144542343	2.27e-321	0.07844704450114988	0.0017904094789320426
EXO1_0_multinomial_train1.38	0.9112063872899859	5.706e-321	0.06400937069847444	1.296e-320	6.754e-321	0.02478424201153964
RNF168_0_multinomial_train1.51	0.8181599843200169	1.249e-320	3.77e-321	1.62e-321	0.18184001567998295	1.27e-321
RNF168_0_multinomial_train1.52	0.8282495847412206	0.045713184345459845	0.07319864454056799	8.51e-321	0.02066238143861951	0.03217620493413202
EXO1_0_multinomial_train1.39	0.811414317745249	0.03582335481799578	0.13908447477924973	5.326e-321	4.74e-321	0.013677852657505502
EXO1_0_multinomial_train1.40	0.8280001073802735	0.04005488218678743	0.07682661279433574	3.246e-321	0.04984119353755154	0.005277204101051757
RNF168_0_multinomial_train1.53	0.8149420357448497	3.54e-321	0.004868511024975055	0.13594688651594708	0.03956966050232252	0.004672906211905599
EXO1_0_multinomial_train1.41	0.8358577534170516	0.05701549037139341	0.08282523250874088	1.285e-321	0.024301523702814243	4.25e-322
EXO1_0_multinomial_train1.42	0.867840155200943	1.07e-320	0.0944552279209581	2.866e-321	0.03770461687809904	8.5e-322
RNF168_0_multinomial_train1.54	0.727522996633676	9.83e-322	0.07990830178259553	1.851486673717865e-286	0.13070124251813206	0.06186745906559647
OGG1_0_multinomial_train1	4.575e-321	2.29e-321	0.06062947127068843	0.05963270387838262	0.1771420449034233	0.7025957799475058
UNG_0_multinomial_train1	3.335e-321	0.051377469019041534	0.9226058329561564	3.738262604452713e-225	1.576e-321	0.026016698024802224
UNG_0_multinomial_train1.1	1.634e-320	0.019377411070448176	0.7369110865767629	0.07917091395556532	0.11773682608280338	0.046803762314420204
UNG_0_multinomial_train1.2	0.05147159310203609	2.115e-321	0.8144439414146805	0.10990983731470333	0.005287514472073526	0.018887113696506686
OGG1_0_multinomial_train1.1	8.676e-321	0.059508812166935335	0.059435176727861666	6.159592341677484e-117	0.15390553402227938	0.7271504770829237
UNG_0_multinomial_train1.3	0.12053502547924154	0.022701821196448944	0.6875998242337019	0.16916332909060747	8.2e-322	2.9187840169414173e-46
OGG1_0_multinomial_train1.2	1.4684e-320	0.0685180594770441	0.07380588414903891	1.61e-321	0.07188337593129779	0.7857926804426192
OGG1_0_multinomial_train1.3	0.020087992431009977	0.0005452576869936942	0.07482783563622702	5.9049794660607025e-145	0.09645180432402166	0.8080871099217476
UNG_0_multinomial_train1.4	5.015e-321	1.75e-321	0.8046284089574244	0.11289061991032112	0.08248097113225444	2.2305762077725201e-268
UNG_0_multinomial_train1.5	0.04037117115388941	1.16e-321	0.9126226379868881	7.472706959656812e-98	0.031865689575357396	0.015140501283864913
OGG1_0_multinomial_train1.4	6.72e-321	0.019362354437031968	0.10594534245489326	4.251108481228121e-06	0.006933500324958199	0.8677545516746353
OGG1_0_multinomial_train1.5	1.0356e-320	0.09373958623887065	2.5064320136823025e-54	1.477e-321	0.12104017245898883	0.7852202413021405
UNG_0_multinomial_train1.6	0.0258834801818411	0.022366919264505646	0.9416747816260244	1.423e-321	6.13e-322	0.010074818927629126
UNG_0_multinomial_train1.7	9.565e-321	0.06352097711155949	0.701661065793844	0.12108998409951478	6.2e-322	0.11372797299508174
UNG_0_multinomial_train1.8	2.38e-321	1.07e-321	0.883124675893296	0.02724778747328735	0.08962753663341652	3.113e-321
OGG1_0_multinomial_train1.6	4.624e-321	0.027301118605967015	0.07492144040672395	2.19e-321	0.13878558866752086	0.758991852319788
UNG_0_multinomial_train1.9	0.07762166241240338	2.5022757914183222e-191	0.8306952861446713	0.09168305144292545	6.985576135254846e-104	3.473e-321
OGG1_0_multinomial_train1.7	6.04e-321	0.0024266488993341015	0.02652586324505196	1.3290940860181334e-302	0.21684536567221105	0.7542021221834029
UNG_0_multinomial_train1.10	0.010439689348265974	8.3e-322	0.792598541070392	0.08558956589711873	0.11137220368422332	7.36e-322
OGG1_0_multinomial_train1.8	0.007577082359653019	1.566e-321	0.03128724011185002	8.1e-322	0.28990549647500763	0.6712301810534892
UNG_0_multinomial_train1.11	0.014529929202565635	1.897e-321	0.7691605603574395	0.18764103087019346	0.028668479569801186	7.2e-322
OGG1_0_multinomial_train1.9	1.1448e-320	1.49322148956136e-185	0.05570020758050642	0.11922325476977182	0.10955381787587412	0.7155227197738476
OGG1_0_multinomial_train1.10	2.974e-321	4.827e-321	0.012163945624785033	0.2089718472855991	0.12691637703481032	0.6519478300548056
OGG1_0_multinomial_train1.11	2.041767356962793e-237	0.045808907631384975	0.0674972536383911	0.061854422069717946	0.025606448468504326	0.7992329681920015
UNG_0_multinomial_train1.12	0.111851644308185	1.314e-321	0.878032409032208	4.313e-321	0.010115946659607068	1.023e-321
UNG_0_multinomial_train1.13	0.0029163324509827618	2.45e-321	0.8667065278322592	0.13037713971675816	2.564e-321	2.446e-321
UNG_0_multinomial_train1.14	0.09451615762814057	3.246e-321	0.8789333516591407	2.7157389769250852e-275	0.026550490712718696	1.38e-321
OGG1_0_multinomial_train1.12	7.162968448023053e-251	0.035997881976100654	0.07096255417411337	2.07e-321	0.07663517526224538	0.8164043885875406
OGG1_0_multinomial_train1.13	2.935e-321	5.835e-321	0.07316176524797098	2.144e-321	0.22462271127932698	0.702215523472702
UNG_0_multinomial_train1.15	3.32e-321	0.00041651935114121725	0.7776824345529353	1.9001952124045105e-188	0.1817898141251111	0.040111231970812525
UNG_0_multinomial_train1.16	3.549270955444583e-144	2.223e-321	0.7636456295756827	0.2363543704243173	5.11e-321	4.75384852071787e-37
UNG_0_multinomial_train1.17	0.01080694906039462	1.44e-321	0.9077413557521656	0.017602866124765238	1.65e-321	0.06384882906267464
OGG1_0_multinomial_train1.14	3.85e-321	2.806e-321	3.72e-321	0.2878765332224535	0.07121572198640526	0.6409077447911413
UNG_0_multinomial_train1.18	3.1e-321	3.004e-321	0.7740308892297252	0.08470102758575976	0.14126808318451506	7.07e-322
OGG1_0_multinomial_train1.15	0.02275035441958278	0.022645740787760677	0.014374517789755918	1.021986861384684e-99	0.2356176652911616	0.7046117217117389
UNG_0_multinomial_train1.19	0.01314560701324446	0.01210871340199529	0.7896932348462287	0.17681288246638313	0.008239562272148459	1.6e-321
OGG1_0_multinomial_train1.16	6.267157471415876e-05	1.888e-320	0.13209900361271523	0.01534395587062283	0.11421485606729687	0.7382795128746509
UNG_0_multinomial_train1.20	1.499e-320	0.004003487788411945	0.882164244497855	0.11383226771373296	1.5380146374242852e-267	1.6454132843213596e-266
UNG_0_multinomial_train1.21	0.0595117571399486	0.06428969978564944	0.7745120524500666	0.0678242879188744	2.703e-321	0.033862202705460934
OGG1_0_multinomial_train1.17	7.554e-321	0.04448820281219963	0.06325112410992696	1.019493048837e-311	0.10482164460657169	0.7874390284713018
UNG_0_multinomial_train1.22	3.26e-321	1.79e-321	0.8745316068931229	0.04509920603063368	0.08036918707624326	1.03e-321
UNG_0_multinomial_train1.23	7.05e-321	4.041256901290605e-192	0.832769792312751	0.06095507801948896	0.10627512966776013	4.35e-322
UNG_0_multinomial_train1.24	0.011448177836702808	5.7e-321	0.8324032341210713	0.1543802584367858	2.52e-321	0.0017683296054398995
OGG1_0_multinomial_train1.18	1.394624010858102e-187	3.15e-321	0.06969649442385722	0.020379764750100136	0.21336851011753336	0.6965552307085093
UNG_0_multinomial_train1.25	0.06255149936646955	8.5e-322	0.6388310683935801	0.11556238425294264	0.1604076998139109	0.0226473481730968
OGG1_0_multinomial_train1.19	6.778468613752596e-53	0.05199146154676098	0.057839746999184385	1.0061619438970554e-192	0.14310825172648894	0.7470605397275658
UNG_0_multinomial_train1.26	2.465e-321	0.09598215284217003	0.8242251432775503	0.07979270388027987	1.58e-321	1.26e-321
OGG1_0_multinomial_train1.20	0.031090578922828977	0.029983950174173223	0.002138713745325494	0.001678587128056145	0.23705649028063275	0.6980516797489836
UNG_0_multinomial_train1.27	0.059652756863922365	1.576e-321	0.6968990395649033	0.15111676888111086	0.0923314346900635	9.54e-322
OGG1_0_multinomial_train1.21	3.785e-321	1.3646e-320	4.2355236352049135e-82	0.2253715960275104	0.23288539560968255	0.541743008362807
OGG1_0_multinomial_train1.22	9.667925799428265e-153	1.927e-321	0.08394149670702009	3.038752354520145e-22	0.17561696705246516	0.7404415362405148
UNG_0_multinomial_train1.28	0.008426985773289897	1.49e-321	0.9753320485866009	2.87e-321	2.955e-321	0.016240965640109153
UNG_0_multinomial_train1.29	3.36e-321	3.503e-321	0.8232379573503306	0.17676204264966947	2.4e-321	1.1348751373105773e-212
OGG1_0_multinomial_train1.23	6.64e-321	0.023389305806553212	0.02464767344329691	3.2961923040906325e-44	0.15194410637694927	0.8000189143732007
OGG1_0_multinomial_train1.24	3.29e-321	0.06010617534326296	0.008712945294121133	0.15938677256842074	0.058044951801778336	0.7137491549924168
OGG1_0_multinomial_train1.25	3.625746659047055e-51	4.16e-321	3.53e-321	2.32e-321	0.35119840898569593	0.6488015910143041
OGG1_0_multinomial_train1.26	2e-321	1.34e-321	4.535967410078099e-230	0.22984101196016163	0.11925430068895988	0.6509046873508785
UNG_0_multinomial_train1.30	2.826e-321	3.19e-321	0.8863249621851106	0.07566446744353696	1.75e-321	0.038010570371352526
OGG1_0_multinomial_train1.27	7.134e-321	0.015586308409011469	0.037401868373747475	0.1582241560877516	0.08564828723158548	0.7031393798979042
OGG1_0_multinomial_train1.28	1.378528017397395e-56	0.014805733681307987	0.040276848088812725	2.59e-321	0.23298612761479134	0.7119312906150881
UNG_0_multinomial_train1.31	1.6016558299058226e-205	3.61e-321	0.7181612997091664	0.18542744788819346	0.09641125240264013	6.8e-322
UNG_0_multinomial_train1.32	1e-320	5.405e-321	0.9370291121544769	4.965e-321	1.136e-321	0.06297088784552292
UNG_0_multinomial_train1.33	0.021454586846542528	1.1e-321	0.9069003891572802	0.0716450239961773	6.27e-321	2.243e-321
OGG1_0_multinomial_train1.29	9.397e-321	5.52e-321	0.004856272629766469	3.099808653362938e-156	0.32418210287160715	0.6709616244986265
OGG1_0_multinomial_train1.30	3.503e-321	0.036080582921764526	0.04539740162838787	5.422460281285262e-39	0.19962620488319163	0.718895810566656
UNG_0_multinomial_train1.34	0.00376321898048334	0.03507880238274525	0.8868145855720739	5.7816229217257836e-223	2.055e-321	0.07434339306469744
OGG1_0_multinomial_train1.31	4.91e-321	0.03643686125193882	5.453031594310223e-189	1.751302511736225e-279	0.2428980950807366	0.7206650436673248
UNG_0_multinomial_train1.35	0.11380269873823842	0.06315104662345039	0.7786811475700179	3.113e-321	1.75e-321	0.044365107068293226
UNG_0_multinomial_train1.36	1.3727017942341692e-164	1.423e-321	0.8295153741938825	0.09646419181974514	0.07402043398637227	1.14e-321
UNG_0_multinomial_train1.37	0.03380161296146606	3.23e-321	0.9661983870385338	1.487e-321	2.703e-321	8.8e-322
OGG1_0_multinomial_train1.32	0.009175120269732948	0.040519503565249804	0.036162208578436	1.49e-321	0.1979431460213196	0.7162000215652616
UNG_0_multinomial_train1.38	0.09997349692993736	1.898e-320	0.7435050132459856	0.10705613366778208	0.04946535615629486	6.13e-321
OGG1_0_multinomial_train1.33	8.493e-321	1.132e-320	0.013708122139381457	3.577e-321	0.3210496316095035	0.665242246251115
OGG1_0_multinomial_train1.34	1.085e-320	2.243e-320	0.03258365937478844	1.665e-321	0.2587786750733285	0.7086376655518831
OGG1_0_multinomial_train1.35	6.186e-321	0.027236088264011964	7.75e-321	3.335e-321	0.26738914234126965	0.7053747693947183
OGG1_0_multinomial_train1.36	1.2837502233789774e-28	7.816e-321	0.1015917033118845	4.825718799192745e-130	0.08635532356827845	0.8120529731198369
OGG1_0_multinomial_train1.37	3.463e-321	1.467e-321	0.05448993786529323	0.07052839612755873	0.16888527126250075	0.7060963947446472
OGG1_0_multinomial_train1.38	5.13e-321	0.019386533832407654	0.06237964787985078	9.979008638393382e-80	0.13746250217872805	0.7807713161090137
UNG_0_multinomial_train1.39	4.407e-321	0.019743013868108842	0.8430186778373467	5.241331457652961e-05	0.13229821221597515	0.004887682763992702
OGG1_0_multinomial_train1.39	8.01e-321	0.06769682788490144	0.05733016703329322	5.269483853106877e-09	0.19193585385798093	0.6830371459543406
UNG_0_multinomial_train1.40	0.09906481761217081	3.8619657383500225e-205	0.8686408213416786	1.764e-321	0.03229436104615045	4.94e-322
OGG1_0_multinomial_train1.40	4.35e-321	0.015217513985642743	4.19e-321	0.1456876703965723	0.1756232911851051	0.6634715244326799
OGG1_0_multinomial_train1.41	0.026140278000330766	6e-321	0.04905583229826335	1.77e-321	0.1318856326557742	0.7929182570456317
UNG_0_multinomial_train1.41	0.18108619602794024	2.57e-321	0.7699227858611616	0.041602871768783155	2.253e-321	0.007388146342114992
OGG1_0_multinomial_train1.42	9.782e-321	3.93e-321	0.07335538851297375	7.918451908744163e-126	0.17041083921075956	0.7562337722762669
UNG_0_multinomial_train1.42	0.09356997950844437	1.843e-321	0.86259959950643	4.1263796807611364e-25	0.04383042098512553	6.57e-322
OGG1_0_multinomial_train1.43	0.02411910117517047	1.1504768207480822e-122	0.019622193444147114	0.03210295273383651	0.17540815183471484	0.7487476008121312
OGG1_0_multinomial_train1.44	0.004040965983359061	5.4e-321	0.03171885368127516	2.48e-321	0.2729175939796072	0.6913225863557586
OGG1_0_multinomial_train1.45	4.04e-321	1.917e-321	0.01235948644913812	0.17909228172301464	0.1616384387947301	0.6469097930331172
OGG1_0_multinomial_train1.46	3.74e-321	3.533e-321	3.89e-321	2.115e-321	0.348998767922126	0.651001232077874
UNG_0_multinomial_train1.43	2.767e-321	0.022426073473548743	0.852318715251795	0.015576270928709902	0.036440157640922	0.07323878270502436
OGG1_0_multinomial_train1.47	0.015183308277841255	9.300144478894986e-210	1.6063977115164283e-111	3.21e-321	0.2729817783986061	0.7118349133235526
OGG1_0_multinomial_train1.48	3.67e-321	0.010380688089313963	0.07629418665746322	1.3397734249403496e-139	0.21331369695040048	0.7000114283028224
OGG1_0_multinomial_train1.49	0.008821481345573512	2.7277e-320	0.03987313988274818	0.04349214558964194	0.20566899619172505	0.7021442369903113
OGG1_0_multinomial_train1.50	4.476e-321	0.05363701354821657	0.027576366558015084	1.8538395e-317	0.16795007445976487	0.7508365454340035
UNG_0_multinomial_train1.44	0.07734003347194107	0.050384150512903125	0.7683667929171222	3.893e-321	0.02770746066280695	0.07620156243522666
OGG1_0_multinomial_train1.51	0.03634374507184277	0.0469520113168397	0.02860058152823208	1.11e-321	0.16402450922094924	0.7240791528621362
OGG1_0_multinomial_train1.52	4.7785245345377634e-20	0.009737302957343342	0.08772723427028993	5.891097929633136e-188	0.11139816244391962	0.791137300328447
ATP2B4_0_multinomial_train1	0.08491872498536612	0.06002355664515535	0.1684906824528699	0.5112139882304996	0.12450162517111542	0.05085142251499365
ATP2B4_1_multinomial_train1	6.327131092255613e-221	0.04029258506822579	0.03597110908890986	0.6505855062286281	0.27315079961423633	1.66e-321
ATP2B4_0_multinomial_train1.1	0.1582944392133291	2.26e-321	0.04363833117793092	0.46966913992245873	0.3283980896862813	6.042243612259952e-113
ATP2B4_1_multinomial_train1.1	5.865e-321	1.42e-321	1.35e-321	0.8173550172918588	0.18264498270814108	2.856e-321
ATP2B4_1_multinomial_train1.2	6.744e-321	2.82e-321	1.003e-321	0.8938113790442918	0.09452845287483062	0.011660168080877486
ATP2B4_1_multinomial_train1.3	0.041435325546057236	0.0013823339443130504	5.01e-321	0.5377317263524115	0.41945061415721824	5.34e-322
ATP2B4_0_multinomial_train1.2	0.21152062135864813	9.6e-322	0.1096791531743432	0.09323102979792366	0.43914758126198683	0.14642161440709833
ATP2B4_1_multinomial_train1.4	1.24e-321	9.8e-321	1.324e-321	0.7690917854054217	0.17210083906232718	0.05880737553225117
ATP2B4_0_multinomial_train1.3	0.20092059770466472	1.07e-321	0.10717639608332039	0.27230399446498343	0.3748435375085284	0.04475547423850293
ATP2B4_0_multinomial_train1.4	0.05100289998556207	5.425e-321	0.19527096752170556	0.468980093086536	0.2847460394061964	3.034e-321
ATP2B4_0_multinomial_train1.5	0.05234665512723705	0.01565394016611586	0.17713639499111766	0.26501366583447467	0.39027221178027394	0.09957713210078077
ATP2B4_0_multinomial_train1.6	0.1294954457368488	1.97e-321	0.1748172692048782	0.44903727362658263	0.23594075405299847	0.010709257378691845
ATP2B4_1_multinomial_train1.5	1.2742900470519984e-42	0.015833093347369116	1.6e-321	0.8542858909884588	0.034192580996354964	0.09568843466781715
ATP2B4_0_multinomial_train1.7	0.049653905521837204	0.04979420745905602	0.15086860688910483	0.21148150696948656	0.341504134571752	0.1966976385887633
ATP2B4_1_multinomial_train1.6	2.12e-321	0.019718057898651966	9e-322	0.7548126554217105	0.10865406385462391	0.11681522282501348
ATP2B4_1_multinomial_train1.7	2.263e-321	0.03226033421396039	2.075e-321	0.7284243239853588	0.1966589122781652	0.04265642952251547
ATP2B4_1_multinomial_train1.8	6.576e-321	0.12124694232310627	0.009550070731663935	0.6910001269316381	0.17820286001359156	3.66e-322
ATP2B4_1_multinomial_train1.9	0.01350838401911144	7.757e-321	1.537e-321	0.8707612611396034	0.0982792462968123	0.017451108544472873
ATP2B4_1_multinomial_train1.10	0.027976994166741414	0.07700707048869253	1.304e-321	0.5604522345136588	0.2381276088624608	0.09643609196844646
ATP2B4_1_multinomial_train1.11	3.587e-321	0.03574309958838025	4.5e-321	0.7825960688255879	0.1816608315860318	5.3e-322
ATP2B4_1_multinomial_train1.12	3.03e-321	0.014092627150428918	1.19e-321	0.6495808589265089	0.3277295665141212	0.008596947408941095
ATP2B4_1_multinomial_train1.13	3.02e-321	1.374e-321	9.8e-322	0.8141391078641115	0.18585985953899367	1.0325968948316276e-06
ATP2B4_0_multinomial_train1.8	0.24433226169717784	0.0018477261032846788	0.005802772756242644	0.2962397670534293	0.3942467521877986	0.05753072020206706
ATP2B4_1_multinomial_train1.14	4.11e-321	0.03655046268993232	0.017437090959810494	0.8687847940862071	0.02875537704690769	0.048472275217142376
ATP2B4_1_multinomial_train1.15	0.045580465399191486	0.02506985429370097	4.056e-321	0.8673179658046621	0.0620317145024454	9.44e-322
ATP2B4_0_multinomial_train1.9	0.14503694709594805	0.015914956132871867	0.23609514144542887	0.23756718281113287	0.21815562202138986	0.14723015049322838
ATP2B4_0_multinomial_train1.10	0.08080122073554788	8.84e-322	0.05103193842209444	0.44080259007968425	0.42736425076267354	2.737e-321
ATP2B4_0_multinomial_train1.11	0.11603261559375438	0.029597111676222122	0.029062686299858746	0.4340070350914035	0.39130055133876107	2.75e-321
ATP2B4_1_multinomial_train1.16	1.84e-321	0.06543255364103351	2.9e-321	0.6384546902872329	0.19000248903401457	0.10611026703771892
ATP2B4_0_multinomial_train1.12	0.26826366686275355	2.564e-321	0.10376142710181058	0.361496080991105	0.22922283769588866	0.03725598734844218
ATP2B4_0_multinomial_train1.13	0.2454976720352991	1.15e-321	0.1140453195214704	0.3799115643504126	0.260545444092818	3.952502084e-315
ATP2B4_0_multinomial_train1.14	0.07766294317598134	0.054567504256867336	2.264121404728402e-17	0.6098214742682401	0.2579480782989112	1.527e-321
ATP2B4_0_multinomial_train1.15	0.13496977316905126	1.98e-321	0.05195883753650293	0.4191642779116186	0.35914607672930265	0.03476103465352456
ATP2B4_1_multinomial_train1.17	5.21e-321	0.04402247958545925	5.37e-321	0.7603800935522576	0.19559742686228318	4.8e-322
ATP2B4_1_multinomial_train1.18	3.31e-321	6.51e-321	2.87e-321	0.8239901801639367	0.11729866118654621	0.05871115864951718
ATP2B4_1_multinomial_train1.19	0.0729156848874834	0.027828174431156316	1.0744285364358546e-236	0.5725134819330415	0.17118076076601887	0.15556189798229997
ATP2B4_1_multinomial_train1.20	4.4e-321	0.01925949718356141	0.06637232850259785	0.750740361790843	0.1636278125229979	2.396e-321
ATP2B4_0_multinomial_train1.16	0.23114277662727908	3.266e-321	0.1273466666543397	0.134572147175766	0.3407892378938837	0.1661491716487316
ATP2B4_1_multinomial_train1.21	1.251738163199308e-105	0.029361527300748518	1.033e-321	0.7717358975518379	0.1989025751474136	2.124e-321
ATP2B4_1_multinomial_train1.22	0.09459399620146244	2.767e-321	1.497e-321	0.7834862018848758	0.12191032764359164	9.474270070080351e-06
ATP2B4_0_multinomial_train1.17	0.04048406704363794	5.114e-321	0.15955988794466086	0.39144219666908153	0.38012286823555397	0.028390980107065766
ATP2B4_0_multinomial_train1.18	0.13733976806258014	0.0015178059443328295	0.09810709719137939	0.6123146815659603	0.08246464703579509	0.0682560001999523
ATP2B4_1_multinomial_train1.23	3.14e-321	0.03851111106713903	4.29e-321	0.7910028204552314	0.06995106077212652	0.10053500770550301
ATP2B4_1_multinomial_train1.24	0.007672348142637562	6.457e-321	0.10851236219363208	0.7460703760172525	0.137744913646478	6.4e-322
ATP2B4_0_multinomial_train1.19	0.09436566434683862	4.407e-321	0.1522417852880369	0.462196769016058	0.21797418212520278	0.07322159922386387
ATP2B4_1_multinomial_train1.25	6.784e-321	0.07030751306893598	1.1e-321	0.6213118452152007	0.3083806417158633	1.58e-321
ATP2B4_0_multinomial_train1.20	0.04632580579577588	4.313e-321	0.14401324246774572	0.5876664600671091	0.21531648126449415	0.0066780104048750075
ATP2B4_0_multinomial_train1.21	0.14877899193790525	3.414e-321	0.2046702302145448	0.4866804545871053	5.798179342818667e-05	0.1598123414670165
ATP2B4_0_multinomial_train1.22	0.20638319804254945	1.97e-321	0.20503146694629568	0.18863338397927146	0.20766454924136324	0.19228740179052015
ATP2B4_0_multinomial_train1.23	0.21558718562136883	7.7e-321	0.05807561823075992	0.4692898167717341	0.23845916186988264	0.018588217506254445
ATP2B4_0_multinomial_train1.24	0.16730367736948018	3.424e-321	0.03940116777085923	0.5206300186361978	0.2726651362234627	1.225e-321
ATP2B4_1_multinomial_train1.26	9.076e-321	1.79e-321	9.4e-322	0.6484290336438919	0.35157096635610807	4.15e-322
ATP2B4_0_multinomial_train1.25	0.11512480380054915	0.003196252362455366	4.04e-321	0.507045038049604	0.30050695971499275	0.07412694607239875
ATP2B4_1_multinomial_train1.27	0.04317045630122654	2.367e-321	1.56e-321	0.882337893241214	0.07449165045755936	2.075e-321
ATP2B4_0_multinomial_train1.26	0.23743435320741232	5.4e-322	0.21178357979637738	0.16247828434187814	0.29713654257868494	0.09116724007564722
ATP2B4_1_multinomial_train1.28	2.34e-321	0.03363112015258388	7.26e-322	0.7136188887426379	0.2527499911047783	1.2164404980967671e-307
ATP2B4_0_multinomial_train1.27	0.19497369576698811	0.04028891560161621	0.09168545603355083	0.3442909841301124	0.289104637762559	0.039656310705173406
ATP2B4_1_multinomial_train1.29	3.905048281124523e-264	0.0939370996797297	1.71e-321	0.7002879883830304	0.20577491193724004	5.04e-322
ATP2B4_0_multinomial_train1.28	0.15866985196253522	1.6665e-320	0.22574912022242247	0.23648022154354298	0.2619659592856425	0.11713484698585683
ATP2B4_0_multinomial_train1.29	0.15423236594503434	3.11e-321	0.07940363978290899	0.3807498675680232	0.2676005324686582	0.11801359423537527
ATP2B4_0_multinomial_train1.30	0.16475169972328205	4.2e-321	0.1459939297410737	0.43849639829324505	0.11770667568583541	0.13305129655656373
ATP2B4_0_multinomial_train1.31	0.15163250390205954	0.037034789711022094	0.10893962291193894	0.28062228104356457	0.42177080243141485	2.55e-321
ATP2B4_1_multinomial_train1.30	0.08280349409504224	1.066e-320	1.255e-321	0.5792810869110265	0.3379154189939312	7.49129912952913e-310
ATP2B4_1_multinomial_train1.31	2.204e-321	2.935e-321	7.36e-322	0.7932823108630088	0.20671768913699118	2.3887287783744947e-234
ATP2B4_1_multinomial_train1.32	0.005819322964203826	2.65e-321	1.44e-321	0.6732831179194503	0.32089755911634593	4.2949850013458603e-88
ATP2B4_0_multinomial_train1.32	0.2729984585645006	1.15e-321	0.09218030640805656	0.37321761945047016	0.19823954951785874	0.06336406605911397
ATP2B4_0_multinomial_train1.33	0.09441263149784061	1.0015e-320	0.0034382277503850166	0.4890750433830018	0.390122387788691	0.022951709580081546
ATP2B4_0_multinomial_train1.34	0.11591838676525264	3.76e-321	0.19129671126990574	0.44168604186669547	0.20781705705353082	0.043281803044615215
ATP2B4_0_multinomial_train1.35	0.23636496632220008	0.0043567900198669424	0.0805134526078653	0.39528512018161455	0.2834796708684531	1.146e-321
ATP2B4_1_multinomial_train1.33	5.313040629463819e-68	0.005591816813910133	3.14e-321	0.5659819098365855	0.38887433641276975	0.039551936936734595
ATP2B4_1_multinomial_train1.34	0.13211922189090755	0.043411393816145435	2.204e-321	0.5058916192341717	0.23358476763519795	0.08499299742357738
ATP2B4_1_multinomial_train1.35	6.107e-321	0.05869823631579885	8.29e-321	0.8588973554539386	0.08240440823026253	1.645e-321
ATP2B4_1_multinomial_train1.36	3.45e-321	0.10132473100153158	4.695526403569689e-58	0.7769637479308169	0.12171152106765167	8.9e-322
ATP2B4_0_multinomial_train1.36	0.20954645922884285	1.27e-321	0.15377486578242835	0.10328081771975622	0.31293233208173854	0.22046552518723408
ATP2B4_0_multinomial_train1.37	0.31229167009425346	2.39e-321	0.015133820173243879	0.3754485196368217	0.2890817631320918	0.008044226963589252
ATP2B4_1_multinomial_train1.37	1.196e-321	0.03308391474766102	2.5e-321	0.9416452715832349	0.025270813669104036	3.332039511299895e-47
ATP2B4_1_multinomial_train1.38	3.473e-321	0.0762644554487425	2.727e-321	0.6451155699986201	0.27861997455263743	3.36e-322
ATP2B4_1_multinomial_train1.39	8.987e-321	0.07760187029966588	1.91e-321	0.7000295408586863	0.19407444811746882	0.02829414072417911
ATP2B4_1_multinomial_train1.40	5.464e-321	2.164e-321	1.215e-321	0.9074138491786415	0.07135221005168542	0.021233940769673113
ATP2B4_1_multinomial_train1.41	2.823235371646356e-222	0.018218609150178124	2.564e-321	0.7695969521888756	0.19958127940230255	0.012603159258643656
ATP2B4_1_multinomial_train1.42	1.2810129654668593e-228	0.01813659952241015	1.033e-321	0.6903474788666837	0.17635386464995054	0.11516205696095565
ATP2B4_0_multinomial_train1.38	0.05204730577044216	0.010385021442152628	0.15508088143215418	0.42797235675634127	0.35451443459890974	8.7e-322
ATP2B4_0_multinomial_train1.39	0.18342895944441606	9.694e-321	0.1927503535569418	0.3038135658014065	0.23862194095126663	0.08138518024596891
ATP2B4_0_multinomial_train1.40	0.05988160541858343	1.182e-320	0.11357598729135081	0.4260409030716067	0.29032605723847393	0.1101754469799851
ATP2B4_1_multinomial_train1.43	3.03e-321	0.043020312090009866	2.85e-321	0.7349099685612341	0.18489394932162853	0.037175770027127526
ATP2B4_0_multinomial_train1.41	0.13908095249588184	1.69e-321	0.19086862802492086	0.5896304809271198	0.08041993855207752	4.74e-322
ATP2B4_0_multinomial_train1.42	0.18185332440212168	1.48e-321	0.11166268136589778	0.4317124499270315	0.17968290616879745	0.09508863813615173
ATP2B4_0_multinomial_train1.43	0.07444507886737611	1.245e-321	0.1393697894489691	0.5169860822784189	0.2691990494052357	2.69e-321
ATP2B4_0_multinomial_train1.44	0.33702446774923833	0.0128501506458153	0.06593603252860988	0.18610279223914947	0.31897592993905527	0.07911062689813174
ATP2B4_1_multinomial_train1.44	6.77e-321	1.235e-321	1.09e-321	0.7511057798420666	0.23715403057190806	0.011740189586025242
ATP2B4_0_multinomial_train1.45	0.18985888636678425	8.656e-321	0.11309973339891717	0.437417272809415	0.18797075509134345	0.0716533523335401
ATP2B4_1_multinomial_train1.45	0.09161511177571441	2.2371154354300384e-114	1.59e-321	0.5948111094094	0.22156376320420249	0.09201001561068302
ATP2B4_0_multinomial_train1.46	0.13276229302770576	5.71e-321	0.062020734619050534	0.5626426018992281	0.24257437045401556	4.8e-322
