Samples	SBS96A	SBS96B	SBS96C	SBS96D	SBS96E
OGG1_boot	9.767199676110908e-141	0.03964810017405979	5.751558083115902e-253	3.353545139278721e-206	0.96035189982594
OGG1_boot.1	5.213785852654582e-124	0.09431599793415926	6.651519270361018e-46	5.672624014823445e-34	0.9056840020658409
OGG1_boot.2	8.461053128773879e-100	0.014273093580453807	8.095003261964085e-66	0.09858181818081001	0.8871450882387361
OGG1_boot.3	6.125561060076718e-159	0.054213434095843366	5.669657424793715e-08	0.08769491397998784	0.8580915952275947
OGG1_boot.4	0.0010746175602778642	0.02337335271629335	0.045772318561413186	0.1684325548162194	0.7613471563457962
OGG1_boot.5	6.894728332767699e-41	0.06722316496597182	1.6980807982491256e-127	4.447088359743775e-236	0.9327768350340282
OGG1_boot.6	0.009061863141739792	0.06424263262814205	1.6017057290257008e-92	0.04046102590621346	0.8862344783239047
OGG1_boot.7	1.658230247481954e-18	0.07009081116827101	8.019281540147088e-55	0.024985476832007542	0.9049237119997214
OGG1_boot.8	7.37920488331109e-130	0.04964180736205868	1.661590680267436e-56	0.10123647393034474	0.8491217187075965
OGG1_boot.9	3.393906420940706e-32	0.055831529483302104	0.018755977408627243	0.12595713727954397	0.7994553558285269
OGG1_boot.10	6.523203926647422e-12	0.017200731430558384	0.06071502402127971	0.021586431304663905	0.9004978132369749
OGG1_boot.11	1.0413865239570164e-58	7.5332270509397845e-239	0.12107433609863734	0.11021894363303272	0.7687067202683299
OGG1_boot.12	3.038431330965319e-31	0.05846425534010405	1.2412203352391807e-54	0.030297072541630277	0.9112386721182656
OGG1_boot.13	7.395633747701809e-77	0.05713748724563665	1.0544356215401224e-73	0.04791999450256821	0.8949425182517953
OGG1_boot.14	0.01506657601687743	0.04936781417311788	0.10106581551962909	0.05119169459996798	0.7833080996904077
OGG1_boot.15	1.275065221119906e-61	0.024884824692310112	0.09834780011828086	0.13105377736439575	0.7457135978250133
OGG1_boot.16	7.290148586676584e-96	0.05502302950026735	2.5971106766597854e-171	9.71308e-318	0.9449769704997325
OGG1_boot.17	7.562430299522306e-141	0.07616985849154506	3.721374743777302e-07	0.10757169807549624	0.8162580712954842
OGG1_boot.18	2.3059848019475706e-142	0.058705756782969784	0.21637740330474278	1.5905846203481255e-56	0.7249168399122875
OGG1_boot.19	0.007504827137854189	0.04461263173919284	0.16007238795474663	0.04461196841893321	0.7431981847492731
OGG1_boot.20	0.042098107139463305	0.020228817045352673	5.8729997397895985e-06	0.10202735386313051	0.8356398489523139
OGG1_boot.21	4.17722483912788e-68	0.023723595737144578	8.94813966587245e-111	0.034221984469272715	0.9420544197935826
OGG1_boot.22	0.03483440777902049	0.052703336986683405	0.02494403806199766	0.13454508043050542	0.7529731367417931
OGG1_boot.23	1.95052519194233e-77	0.06123895873821772	1.81553636586128e-58	0.06529489642818564	0.8734661448335966
OGG1_boot.24	0.09277914142879266	0.09929846405545784	1.8641302589137683e-45	0.007574632917926699	0.8003477615978228
OGG1_boot.25	2.9451605282835904e-103	0.08049658412881726	2.230557478230013e-31	0.0964055614365699	0.8230978544346129
OGG1_boot.26	1.3959197544969967e-105	0.05549150886986371	5.299738835623727e-22	0.13137078579928116	0.8131377053308552
OGG1_boot.27	2.312148725159177e-129	0.03678656569575968	0.12493804254465955	0.0006540513459349092	0.8376213404136458
OGG1_boot.28	0.08742938010556003	0.00948159574279167	2.0452988278802422e-107	0.05516794611790515	0.8479210780337432
OGG1_boot.29	1.1886660207079183e-120	0.06140709585585846	2.8350157158167553e-85	0.049756502894196884	0.8888364012499447
OGG1_boot.30	5.823377431406237e-278	0.0609331507078735	6.04312008103029e-105	0.013836764036897903	0.9252300852552285
OGG1_boot.31	4.911100305582855e-50	0.02808177405157122	1.471449331877337e-25	0.07067725404318136	0.9012409719052473
OGG1_boot.32	1.0725010248840916e-69	0.03598943054383129	0.11020482005925912	0.052030365304483184	0.8017753840924264
OGG1_boot.33	6.042579003459952e-82	0.030429720185851963	1.3030783080296089e-22	0.10603628959391254	0.8635339902202355
OGG1_boot.34	9.265526521644787e-38	0.018175648408217383	2.752625990859694e-18	0.13461169782871343	0.8472126537630693
OGG1_boot.35	0.03781940697644297	0.0399108053682391	0.00922481172730875	0.05644157699822835	0.856603398929781
OGG1_boot.36	0.03401240398640828	0.0035029639071919067	1.1727423377429367e-36	0.06869101534149849	0.8937936167649013
OGG1_boot.37	1.4407662938115168e-186	0.03935712058491501	0.06365904685387627	0.07167147325453768	0.825312359306671
OGG1_boot.38	2.8209888566975385e-126	0.019843740527445527	6.59911097641314e-35	0.0442251567710112	0.9359311027015432
OGG1_boot.39	3.188143257313318e-305	0.051687510322243446	0.20433795062836815	0.015497309298598537	0.72847722975079
OGG1_boot.40	9.82767148211083e-157	0.09180630737753723	1.4742662391091775e-38	0.018837355187644286	0.8893563374348185
OGG1_boot.41	8.167330488457215e-66	0.09135452712179985	2.7823089111329025e-73	0.02467156755995364	0.8839739053182467
OGG1_boot.42	4.7518849666307305e-06	0.028468176130785474	0.07237432295089688	0.06543044062492681	0.8337223084084242
OGG1_boot.43	2.981032518484394e-94	0.009825682395661605	0.00021394271210646847	0.12395293973479458	0.8660074351574373
OGG1_boot.44	4.635414442341618e-97	0.02417035718848503	0.10136042087327869	0.041328857378182496	0.8331403645600538
OGG1_boot.45	2.1069235642168837e-103	0.06365201693011582	5.146488984067497e-22	0.04115679532101913	0.895191187748865
OGG1_boot.46	0.0007617074219387247	0.014648453397353422	3.021812959811258e-35	0.16449959069074446	0.8200902484899634
OGG1_boot.47	0.023637782787933558	2.3293503786551864e-156	1.0373601168318512e-18	0.12868948626960983	0.8476727309424565
OGG1_boot.48	0.055703975905772446	1.0758729914665837e-10	9.174253399005852e-70	0.09641468640615608	0.8478813375804841
OGG1_boot.49	0.06880453149667226	2.707e-321	0.032664748924490554	0.11085954384218644	0.7876711757366507
OGG1_boot.50	0.05421558522852198	0.009354020940173551	4.047175859533375e-78	0.0054763038298639485	0.9309540900014404
OGG1_boot.51	0.053254345618671615	2.06e-321	6.668777705997351e-69	0.051717243976410164	0.8950284104049182
OGG1_boot.52	0.02573330453223294	0.012614129279532371	2.4246337957109984e-103	0.015125299565638958	0.9465272666225958
OGG1_boot.53	0.03996704032843969	2.974e-321	0.015487218329089671	0.1464628199436047	0.7980829213988659
OGG1_boot.54	6.962135987391751e-71	0.004721425657870872	0.12187089299850881	0.05126222187725861	0.8221454594663616
OGG1_boot.55	0.06627908170573976	1.501548458759621e-95	2.5562356567993674e-74	0.09591379538034939	0.8378071229139109
OGG1_boot.56	0.04288362836361083	3.472611314875458e-26	3.5480535336626815e-69	0.09983194650508112	0.8572844251313082
OGG1_boot.57	0.0241912115038637	2.0055667750959686e-71	9.922806488620621e-25	0.09300398811132603	0.8828048003848102
OGG1_boot.58	0.03749991955385971	2.18e-321	1.7058899355703883e-22	0.06379689183800896	0.8987031886081313
OGG1_boot.59	0.03281627057652737	2.297e-321	0.08573162580196457	0.08870177956491677	0.7927503240565914
OGG1_boot.60	0.05880220792183606	8.59011650045282e-201	0.07101437203527253	0.09952555506710187	0.7706578649757896
OGG1_boot.61	0.07809404235487487	4.3299462526775815e-203	0.021791687150988493	0.05828012037681129	0.8418341501173254
OGG1_boot.62	0.05439855230240826	2.767e-321	1.63804934433019e-14	0.1362472896792617	0.8093541580183135
OGG1_boot.63	0.05048610239597396	0.03814763737313558	9.799009398465661e-39	0.011342798246160713	0.9000234619847297
OGG1_boot.64	0.0851553001718881	1.3064519425018788e-98	3.8751960231794735e-38	0.025971482442870265	0.8888732173852417
OGG1_boot.65	0.05362744552746799	5.3622183838956864e-300	1.2735752594980326e-45	0.15106246483122487	0.7953100896413071
OGG1_boot.66	0.020470382712982942	2.9809046159856487e-248	1.5987356015954223e-84	0.08261883521804063	0.8969107820689763
OGG1_boot.67	0.07197739378671976	3.6938568694143236e-186	5.5059253834541785e-96	0.03197801898811395	0.8960445872251662
OGG1_boot.68	0.1178937620655381	9.52940292903827e-61	2.7587085338360005e-124	0.04412101502016061	0.8379852229143013
OGG1_boot.69	0.04252653883192491	2.3716217781727685e-112	1.162437853972273e-09	0.06023373914311203	0.8972397208625251
OGG1_boot.70	0.040720643608652726	0.016056578625295543	4.392217795651608e-25	0.04569738920153227	0.8975253885645196
OGG1_boot.71	0.02279928623240516	3.636451164326303e-278	2.994404925478633e-14	0.10556184117071739	0.8716388725968474
OGG1_boot.72	0.0886409660946698	2.905e-321	4.318128528487045e-06	0.05887508689673089	0.8524796288800708
OGG1_boot.73	0.07041652484838401	0.011942520359639993	2.9336893880034504e-42	0.029770911644884043	0.8878700431470921
OGG1_boot.74	0.06894722100803186	8.937208021849499e-191	2.2908814280849275e-68	0.09085312233527752	0.8401996566566907
OGG1_boot.75	0.025225150584762702	0.01228672371257214	1.6737355475957812e-08	0.07381600711139265	0.888672101853917
OGG1_boot.76	1.4572549050479561e-08	1.0812268125374707e-173	9.15341977777498e-25	0.0756239740896726	0.9243760113377782
OGG1_boot.77	0.05977332169004958	2.355037596208439e-159	0.12243695709509578	0.020922934096288218	0.7968667871185666
OGG1_boot.78	0.025928709090697073	1.0378990075118539e-161	0.02357475875671998	0.050412066162848546	0.9000844659897342
OGG1_boot.79	0.08540057556703406	3.751269213464312e-307	1.322591601892697e-104	0.05979240786921068	0.8548070165637552
OGG1_boot.80	0.03907626435099453	4.459609702817896e-20	3.89111187495713e-46	0.09626448106297208	0.8646592545860334
OGG1_boot.81	0.003142273619170521	2.72e-321	1.221072896106176e-25	0.1143318530567227	0.8825258733241067
OGG1_boot.82	0.03952065217126497	2.67e-321	3.964135306775691e-06	0.10922982791838778	0.8512455557750404
OGG1_boot.83	0.06288825726913044	5.3435952951738067e-213	1.8680543426913328e-34	0.06193654460879271	0.8751751981220768
OGG1_boot.84	0.006435122220213564	0.026797322419174024	0.12153259026023426	0.0018364835374654943	0.8433984815629129
OGG1_boot.85	1.414653692286563e-19	0.012313693602632623	0.009755213560022988	0.09149264519016788	0.8864384476471767
OGG1_boot.86	0.03188347288468078	6.658582791629442e-52	0.008861808199121798	0.1197650406397665	0.8394896782764311
OGG1_boot.87	0.07671467450010348	3.1489067019642006e-37	2.5717127640646003e-06	0.06529425075207551	0.8579885030350568
OGG1_boot.88	0.07235784206848737	1.176473587021169e-261	9.303559084781134e-19	0.08100829389874205	0.8466338640327704
OGG1_boot.89	0.06794576556529659	2.376e-321	2.4732949874710134e-37	0.08606402620074828	0.8459902082339551
OGG1_boot.90	1.2079826287492741e-261	2.31e-321	0.4050715993120262	1.5742875314152174e-65	0.5949284006879737
OGG1_boot.91	0.025143482101572846	0.00010758525286941949	0.05982616945096764	0.04321997888003412	0.871702784314556
OGG1_boot.92	0.02177925977536304	1.9596756826131985e-53	0.17392709899716952	0.01578039763462531	0.788513243592842
OGG1_boot.93	2.3211478402378364e-30	1.2157268290202985e-133	0.23525228501856363	0.06653479153833124	0.698212923443105
OGG1_boot.94	5.17707750159511e-204	1.976e-321	0.4788692054496702	1.8161188463117605e-133	0.5211307945503298
OGG1_boot.95	0.007298915591106698	3.813858928865222e-261	0.30920745979693265	0.0024215254733487104	0.6810720991386119
OGG1_boot.96	1.74e-321	2.144e-321	0.5151542902728299	4.128881723080157e-53	0.48484570972717017
OGG1_boot.97	0.018693119751420878	0.028448180293739554	0.13036619027621377	0.030262924856712226	0.7922295848219135
OGG1_boot.98	3.4149980953246834e-204	4.399208434721812e-64	0.3186375033717412	3.3076987623128708e-93	0.6813624966282588
OGG1_boot.99	4.324386506083495e-205	1.15e-321	0.48709254785283007	1.9748764726939074e-65	0.5129074521471699
OGG1_boot.100	0.015043398482147844	0.00719620657326807	0.1257726476554196	0.055408662578360406	0.7965790847108041
OGG1_boot.101	0.06204318050154067	0.034770596550403175	0.05877854126685881	0.0007510738484343744	0.8436566078327629
OGG1_boot.102	0.007242508540113666	2.0644378520397356e-24	0.1960688937274674	0.05640747473477743	0.7402811229976415
OGG1_boot.103	0.03204245460344505	0.014486913048550527	0.10694810884128146	0.10191443362050855	0.7446080898862144
OGG1_boot.104	1.1557411565155204e-87	2.1e-321	0.030373142658978548	0.08319847529892817	0.8864283820420932
OGG1_boot.105	4.509342154687097e-27	1.7837418193450704e-139	0.4362876040657906	0.006932917861451142	0.5567794780727583
OGG1_boot.106	2.2721265150852457e-102	0.005221377049106799	0.42392511466101285	8.281608749850174e-24	0.5708535082898802
OGG1_boot.107	6.931108585339186e-182	2.54e-321	0.30544385940753244	0.018975023435630213	0.6755811171568373
OGG1_boot.108	0.009249171475659401	1.2995210794979005e-282	0.273127923112696	4.759704726735218e-35	0.7176229054116448
OGG1_boot.109	1.948367400145468e-104	2.90423605920331e-102	0.24498749290644067	0.02168660760751656	0.733325899486043
OGG1_boot.110	1.5356361127352433e-64	7.869112158563939e-167	0.35307094603348965	8.975425812691105e-114	0.6469290539665103
OGG1_boot.111	2.3996481773395337e-77	0.0782918109225551	0.2880588487510793	2.739445240306467e-26	0.6336493403263657
OGG1_boot.112	0.014267821391081612	3.083e-321	0.13142261707568895	0.1255550981173107	0.7287544634159189
OGG1_boot.113	0.0018082444277018872	0.007263030095626249	0.28035580078466876	7.232973659397977e-16	0.7105729246920023
OGG1_boot.114	2.7949969148176872e-33	0.017402957685561715	0.17207334515723352	0.0326627626969055	0.7778609344602994
OGG1_boot.115	8.305856658620872e-21	2.693e-321	0.2705928316107626	0.01757114019092458	0.7118360281983127
OGG1_boot.116	0.03328307837538774	2.604e-321	0.4173414782308845	0.011801947759621024	0.5375734956341067
OGG1_boot.117	4.683445913714945e-131	0.01258831807260562	0.14812483334889706	0.07771287658178878	0.7615739719967085
OGG1_boot.118	6.1353270638888425e-40	2.3346167079847604e-156	0.22977689130220913	0.021541376271494377	0.7486817324262965
OGG1_boot.119	2.4078335555855974e-47	0.007877012839097254	0.08907918447828993	0.10879072921521189	0.7942530734674009
OGG1_boot.120	2.377859211521145e-05	6.386203648608781e-13	0.13067506024607484	0.09321868693932481	0.7760824742218466
OGG1_boot.121	2.6963979288753758e-253	0.02990602720306339	0.3122322596061555	5.261570248967779e-53	0.6578617131907812
OGG1_boot.122	6.9988344467598055e-43	3.21e-321	0.256306636336271	5.875816517192729e-56	0.7436933636637291
OGG1_boot.123	6.501498711859132e-08	0.039559164944472015	5.069088882628019e-15	0.03951993369961643	0.9209208363409191
OGG1_boot.124	1.36e-321	6.898346414064938e-146	0.4217223616963202	1.998817031936967e-198	0.5782776383036798
OGG1_boot.125	0.03219227700609499	0.02718429892577393	0.16906268737278873	0.06840253149998113	0.7031582051953613
OGG1_boot.126	3.2218630328147385e-86	4.1983049092943773e-13	0.29998184482933615	1.3927652965996505e-50	0.700018155170244
OGG1_boot.127	0.015213176611688493	0.022017790853407535	0.11722930276074238	0.07879193576984685	0.7667477940043147
OGG1_boot.128	4.908918291156463e-50	1.6791471840074519e-245	0.39404332844198564	2.2950028554847946e-100	0.6059566715580142
OGG1_boot.129	8.297427491399496e-260	0.010219884892400385	0.4550705923378634	3.042576327702901e-10	0.5347095224654785
OGG1_boot.130	1.3376127271446674e-74	0.02882075146118762	0.2435527021241315	1.0883813713103599e-20	0.7276265464146807
OGG1_boot.131	5.82567328235965e-173	1.2e-321	0.48394388976574165	5.219382874313097e-125	0.5160561102342583
OGG1_boot.132	6.120462709271835e-219	1.176e-321	0.45098280937902807	0.01072334273661907	0.5382938478843529
OGG1_boot.133	3.283238508470112e-54	2.213e-321	0.34440882026358616	8.125577972845436e-42	0.6555911797364138
OGG1_boot.134	0.030385741841903246	1.2738971715e-314	0.2727243144738579	3.625979767184023e-31	0.696889943684239
OGG1_boot.135	1.1077212216624278e-34	3.1953564840386174e-284	0.14769682143938812	0.061254367458559576	0.7910488111020524
OGG1_boot.136	4.6511254666466055e-86	6.917999234745129e-53	0.20160604963704182	0.03744086361818112	0.7609530867447769
OGG1_boot.137	1.4030665363160725e-262	1.606e-321	0.18648187262898375	2.576464280990929e-189	0.8135181273710161
OGG1_boot.138	8.513394132205602e-52	3.6238232594416836e-10	0.17913067303444083	0.02535140539479029	0.7955179212083865
OGG1_real	1.7987927573696832e-44	0.04998453861817714	3.2095673677277655e-19	0.06901768325622373	0.8809977781255991
OGG1_real.1	0.04747310339921271	6.145150893798902e-121	7.820513548358647e-26	0.08522987628735358	0.8672970203134337
OGG1_real.2	4.920204606447683e-34	0.0029980111068906848	0.26447185965719744	0.023208802169247776	0.7093213270666641
UNG_boot	0.06795955416237187	0.012682386364269133	5.360970901445298e-274	0.919358059473359	5.1e-322
UNG_boot.1	0.0814395637641599	0.06220761141139847	3.014e-321	0.8462204857733369	0.010132339051104817
UNG_boot.2	2.8472591581998303e-196	0.010295053790167326	0.08246936107509223	0.8968135762912799	0.010422008843460354
UNG_boot.3	0.08736210992780451	1.294e-321	0.018755957730262215	0.8712420845399543	0.022639847801978984
UNG_boot.4	0.04124437581303127	0.03843005637764826	0.03245989624104024	0.8878656715682801	7.95e-322
UNG_boot.5	0.09552789571272101	0.0010554536515136517	0.07035955460701138	0.8271370865147651	0.005920009513988824
UNG_boot.6	0.07877610616493705	6.8e-322	0.07532753158713508	0.8458963622479277	6.1e-322
UNG_boot.7	6.329831191797766e-74	0.0173245233161552	7.4e-322	0.9826754766838448	2.1e-322
UNG_boot.8	9.517169952190569e-33	0.1131623250183073	9.389399523343202e-288	0.8290225847452091	0.05781509023648367
UNG_boot.9	4.484684110638379e-115	0.02511970015072244	0.09005515311312576	0.8490252551727704	0.0357998915633814
UNG_boot.10	2.8481456976935516e-190	9.901036614130759e-57	6.3359980315756716e-248	0.921386773593781	0.07861322640621894
UNG_boot.11	4.514879536987244e-39	0.02579476196520171	1.447711442548331e-89	0.9222764423225432	0.05192879571225506
UNG_boot.12	0.006140041001259512	0.000623203527432524	7.350971547036558e-31	0.9932367554713079	8.60147208470025e-70
UNG_boot.13	0.09307069030745545	0.0638835649647284	0.009429090864947828	0.8336166538628683	1.141773325602336e-141
UNG_boot.14	2.475e-321	2.44e-321	6e-322	1.0	2.03e-322
UNG_boot.15	8.054084235117966e-34	0.058338342813520586	5.53e-322	0.9416616571864795	2.37e-322
UNG_boot.16	4.1298216654007616e-69	2.4571602390721397e-89	0.011675735163440202	0.9883242648365598	4.6942678937834235e-104
UNG_boot.17	0.05779086791775631	0.01709503235460352	0.05698104840815465	0.8681330513194855	1.3455922346897457e-29
UNG_boot.18	0.021728764511768785	0.003259449589276742	1.102111964655313e-275	0.9355155989905306	0.0394961869084237
UNG_boot.19	8.53520299236419e-216	0.09322079582323822	3.200848591896638e-67	0.9067792041767617	4.544341652635317e-248
UNG_boot.20	0.06652916391475844	1.47e-321	2.330522682947044e-66	0.8658655706855102	0.06760526539973141
UNG_boot.21	0.07352529019683472	1.527e-321	0.014709902609775173	0.91176480719339	1.7463829474959505e-275
UNG_boot.22	0.07406451190115897	1.4615534560850157e-216	6.03e-322	0.9259354880988412	3.06e-322
UNG_boot.23	3.5321208042706587e-116	1.8747592375731788e-169	0.07453723969414297	0.9254626820221428	7.828371433888752e-08
UNG_boot.24	1.0368438424312315e-131	1.26e-321	6.2e-322	1.0	3.16e-322
UNG_boot.25	3.2277728311560696e-142	2.04e-321	1.9184236977875686e-144	0.920741954255331	0.07925804574466903
UNG_boot.26	0.07675280120831308	1.9960957239383969e-296	0.145778760749166	0.7774684380425211	1.2498787657887514e-118
UNG_boot.27	0.16536593825626442	5.3858354769504834e-142	6.972791868410637e-266	0.8346340617437356	5.83e-322
UNG_boot.28	0.04139822638630774	4.397773530895177e-295	5.8552623276852926e-33	0.8604831085479725	0.09811866506571991
UNG_boot.29	0.06959125134931643	0.0007002558768246616	7.6e-322	0.9297084927738589	4.35e-322
UNG_boot.30	1.9659956091257822e-17	0.01195112849741597	4.675485969609629e-156	0.9555403428446805	0.032508528657903574
UNG_boot.31	0.029997551426291555	1.9394969392290186e-148	1.23e-321	0.9700024485737084	4.2e-322
UNG_boot.32	1.4094526466367203e-51	6.717657970675258e-208	0.1342269671048839	0.8657730328951161	7.46e-322
UNG_boot.33	0.08871632323602786	0.018494464873956947	0.02088295525839684	0.8719062566316182	7.26e-322
UNG_boot.34	3.5457355645721875e-54	6.057e-321	3.4293255898510605e-205	0.9554960596103593	0.04450394038964069
UNG_boot.35	2.779332645952752e-75	0.006722633730913583	1.943579739418383e-232	0.9932773662690865	4.8e-322
UNG_boot.36	4.6898427601901266e-11	9.9e-322	4.133018146937597e-24	0.9715426915510476	0.028457308402054023
UNG_boot.37	0.004214764379335275	0.09475795543841958	1.34154440798793e-35	0.8045108593557755	0.09651642082646962
UNG_boot.38	1.047717422067776e-178	1.08e-321	3.122473266298329e-79	1.0	6.27e-322
UNG_boot.39	7.284726311629677e-126	2.065e-321	0.04639780476816804	0.953602195231832	5.620364692665349e-110
UNG_boot.40	0.10036012566586183	1.2065322541046094e-64	1.077e-321	0.8309654442654075	0.0686744300687306
UNG_boot.41	2.045e-321	0.03696636336054962	9e-322	0.9630336366394505	4.8e-322
UNG_boot.42	0.06983780582578038	1.294e-321	2.187331733915382e-188	0.9301621941742195	5.5e-322
UNG_boot.43	0.06725487875286544	9.759014375920262e-131	8.023761294205508e-223	0.8714638369349019	0.06128128431223278
UNG_boot.44	0.011836339487720853	3.593585942128698e-67	0.06674532971377092	0.8912982652791702	0.030120065519338074
UNG_boot.45	2.522794904467714e-42	0.04310219069860189	1.4444584162275036e-274	0.956897809301398	6.032963256226601e-222
UNG_boot.46	2.2947291386228044e-227	8.520603590460034e-270	8.97839656851036e-296	0.9865363377955624	0.013463662204437564
UNG_boot.47	4.319740869357848e-141	1.364e-321	0.024085202431225004	0.975914797568775	4.76977293111288e-69
UNG_boot.48	0.07027741657496568	1.9151255959721697e-118	8.153611989044497e-209	0.9212025043485196	0.008520079076514772
UNG_boot.49	2.0514993929501726e-07	0.002293493698155232	0.17969758426090543	0.818008716891	1.1385477342689964e-239
UNG_boot.50	0.05952121257685882	0.06030094556894579	8e-322	0.8801778418541955	5.8e-322
UNG_boot.51	5.25595115394386e-27	0.10880120297826443	8.454633256342236e-300	0.8911987970217357	2.467482401783586e-128
UNG_boot.52	8.599955556385938e-96	0.02128595928394445	8.3e-322	0.9787140407160555	2.37e-322
UNG_boot.53	6.5773216275999004e-226	0.08977667911416176	1.5095823566032262e-60	0.8863408770853781	0.02388244380046021
UNG_boot.54	2.93243121507282e-67	0.06325475498586755	7.86e-322	0.9367452450141326	3.36e-322
UNG_boot.55	7.556200335821065e-48	0.06647119981699941	3.877599963938549e-18	0.9263101362641584	0.0072186639188422325
UNG_boot.56	3.5094894262753075e-156	0.10137231931308442	6.97e-322	0.8986276806869156	3.6e-322
UNG_boot.57	2.06e-321	0.13834961635312382	3.5671647662573265e-292	0.8511932348492695	0.0104571487976069
UNG_boot.58	2.13e-321	0.12116782862891663	1.2420270417950257e-235	0.8623688990199558	0.016463272351127482
UNG_boot.59	0.024853681308554663	0.0390247400046397	7.3895945228200854e-152	0.9218065574606068	0.014315021226198966
UNG_boot.60	0.03155686505556655	0.07987007329394748	0.0030109811495376664	0.8536533997547374	0.03190868074621078
UNG_boot.61	5.4203421973759926e-291	0.12883630949093713	2.7552404054932518e-266	0.8711636905090627	2.626688794022447e-112
UNG_boot.62	1.78e-321	0.14581628209748085	7.07e-322	0.854183717902519	2.08e-322
UNG_boot.63	2.456e-321	0.10913145738623196	5e-322	0.890868542613768	4.3e-322
UNG_boot.64	1.4620964386425554e-25	0.019710394517400653	1.3969290627673715e-237	0.9802896054825994	7.7e-322
UNG_boot.65	1.83e-321	0.11123208143001614	1.156e-321	0.8655592919488841	0.0232086266210997
UNG_boot.66	1.60301550340907e-204	0.0767804301589932	1.0971650620679524e-304	0.8957303218758239	0.027489247965182994
UNG_boot.67	1.6870827648816548e-89	0.07389342386339398	2.2557382045883398e-142	0.9029995400135291	0.02310703612307706
UNG_boot.68	3.6494680855489463e-100	0.13750532294919152	1.06e-321	0.8624946770508084	1.2918964189503506e-109
UNG_boot.69	0.010165122425923349	0.07533142442695427	1.06e-321	0.9145034531471222	9.14e-322
UNG_boot.70	0.026624751054482594	2.4632106978886686e-232	5.235681198171085e-108	0.9733752489455174	7.3e-322
UNG_boot.71	1.0467275183607591e-42	0.04717771353170495	5.404705005285753e-194	0.920857622687122	0.03196466378117315
UNG_boot.72	0.09920331859392098	0.05133637406810888	7.95e-322	0.8494603073379701	3.4e-322
UNG_boot.73	2e-321	0.17928921063322403	2.227577738793303e-289	0.7962321191303227	0.02447867023645321
UNG_boot.74	4.292565172209915e-262	0.16320277081197626	1.057e-321	0.8367972291880239	1.151518245120251e-77
UNG_boot.75	0.019016134786022522	0.09724896557702707	1.003e-321	0.8837348996369504	7.70717600543749e-247
UNG_boot.76	4.5339074318456286e-229	0.11326857520573408	2.3850835762667813e-197	0.8867314247942658	3.162889202270522e-60
UNG_boot.77	2.1021730548673717e-137	0.10142997413628095	2.349358607336368e-196	0.867715270477295	0.030854755386424047
UNG_boot.78	0.07826013370444157	0.0393530975127704	2.858077613959084e-51	0.8823867687827879	3.0944450661933575e-46
UNG_boot.79	2.913707040001914e-212	0.06845912995334738	7.987709700588203e-41	0.8846763995584386	0.04686447048821399
UNG_boot.80	5.563178950486709e-291	0.13824551820893236	2.761727848758007e-255	0.8617544817910676	4.1e-322
UNG_boot.81	2.966809602164228e-141	0.19258462973788226	1.2847089484417374e-201	0.7941212602282184	0.0132941100338994
UNG_boot.82	1.7217854312377597e-153	0.108035462514411	1.09e-321	0.891964537485589	1.2915081077888454e-31
UNG_boot.83	0.025578898800131453	0.0550869717258926	1.823176557644243e-308	0.919334129473976	7.5e-322
UNG_boot.84	6.041797209521679e-246	0.10777567656365265	7.660256049929554e-226	0.8922243234363473	8.2e-322
UNG_boot.85	2.89929824948903e-33	0.09530369547795162	4.032110603360519e-190	0.8620668362468619	0.042629468275186405
UNG_boot.86	9.883272835853984e-46	0.047101239276705904	4.188333e-318	0.9528987607232942	7.687809030381985e-48
UNG_boot.87	3.2461802880253395e-149	0.07720468343479134	4.2235711507658726e-91	0.8919945686209686	0.030800747944240096
UNG_boot.88	1.877e-321	0.1285824354438844	1.5981285105282688e-157	0.8638812240351401	0.0075363405209755525
UNG_boot.89	8.787684423112314e-102	0.1185774264120373	6.4e-322	0.8814225735879627	5.6e-322
UNG_boot.90	2.0382163814616898e-56	0.09771911303071114	1.0439772169478919e-255	0.9022808869692888	4.2e-322
UNG_boot.91	5.825939649840681e-217	0.10747940114406487	1.087e-321	0.892520598855935	2.5346136500556244e-225
UNG_boot.92	1.636209088410092e-126	0.1227475095626575	7.5e-322	0.8772524904373427	4.35e-322
UNG_boot.93	0.008713672998453999	0.03859520814538377	7.249825433130768e-87	0.9317461436068848	0.020944975249277294
UNG_boot.94	0.012040991776122095	0.07240724320883095	2.706032576479955e-95	0.9046265180434546	0.010925246971592374
UNG_boot.95	8.495262815428126e-149	0.1009101476364265	1.1640062371524918e-114	0.8968890289346239	0.002200823428949575
UNG_boot.96	0.03360532179101704	0.08367470385541739	1.225e-321	0.8815309262154645	0.001189048138101046
UNG_boot.97	2.27e-321	0.16729190142922015	6.6e-322	0.83270809857078	2.3e-322
UNG_boot.98	0.009824294393676051	1.2549033824469113e-25	6.640261483358564e-271	0.990175705606324	3.3680884108878084e-151
UNG_boot.99	0.005761579145355167	0.008115116434808629	0.029272716517883504	0.9464403467597795	0.010410241142173137
UNG_boot.100	3.1128269779788097e-30	0.19739483614122363	4.35e-322	0.8026051638587763	2.57e-322
UNG_boot.101	6.279387897271517e-156	0.07154403103506982	1.04e-321	0.9284559689649302	5.6e-322
UNG_boot.102	1.3270818235607118e-232	0.11569508319546293	2.30632675116451e-219	0.8843049168045372	6.23e-322
UNG_boot.103	1.843e-321	0.03814853548552176	0.06456914245835017	0.8830970445371874	0.014185277518940591
UNG_boot.104	1.675e-321	0.1312413247144917	2.1098296036347896e-119	0.8687586752855084	2.698842143895197e-103
UNG_boot.105	2.347e-321	0.18487550883027054	9.83e-322	0.8151244911697293	4.3e-322
UNG_boot.106	0.06336508648118949	0.027340069163377625	7.014843777761835e-133	0.801482309791518	0.10781253456391497
UNG_boot.107	9.45863416405246e-43	0.051177872715345504	8.35e-322	0.9488221272846546	3.6840480118945766e-125
UNG_boot.108	0.14915279452706864	2.2282527017175615e-230	1.1492206878685592e-54	0.8322061183428568	0.018641087130074688
UNG_boot.109	0.07480443306758519	0.08893633883462745	4.0937429893391e-32	0.7310169340037965	0.10524229409399086
UNG_boot.110	2.893077554616381e-152	0.0113443168326688	4.9e-322	0.9886556831673311	3.1e-322
UNG_boot.111	0.0351982935877597	4.483237118025172e-284	0.016625928890328382	0.9310064389285919	0.01716933859331998
UNG_boot.112	9.134293132527435e-118	0.07308807887661674	2.238671606670592e-197	0.9243177691386022	0.002594151984781011
UNG_boot.113	0.0063773015460476725	0.09677626465043232	3.77764651285e-313	0.8963425859763745	0.0005038478271455887
UNG_boot.114	2.4440862973467554e-76	0.06972380618818272	8.35e-322	0.8285723270366638	0.10170386677515338
UNG_boot.115	4.672737862483434e-76	0.05853479287616054	3.4584605932626318e-15	0.8549559617410081	0.0865092453828278
UNG_boot.116	0.010114449531771617	0.017821881203776674	5.743233517119774e-215	0.900776205975898	0.07128746328855355
UNG_boot.117	7.791845656945289e-74	0.06750414757095573	1.1598087984585542e-280	0.887111338583144	0.04538451384590028
UNG_boot.118	2.4261823984818615e-128	0.05397123905939854	0.005877529583407511	0.9046717943667711	0.0354794369904228
UNG_boot.119	4.2464540245964005e-175	0.14959559022969138	1.7278525327574344e-31	0.7533905772412686	0.0970138325290402
UNG_boot.120	0.004983351894001326	0.06354299809319067	8.9e-322	0.8483943091636819	0.083079340849126
UNG_boot.121	2.2135576678279864e-275	0.01310397578826753	9.5e-322	0.9537081731966384	0.03318785101509395
UNG_boot.122	8.741179650771979e-196	0.10194812835156014	3.1411598889832524e-57	0.8800867959764299	0.017965075672009813
UNG_boot.123	1.50050380166569e-210	0.023519146908734186	3.2994457595999056e-192	0.9294273139535648	0.04705353913770102
UNG_boot.124	7.408735761470368e-31	0.06160997041454516	1.22e-321	0.9367069493978971	0.0016830801875578009
UNG_boot.125	1.107250394060762e-163	0.004972702600611449	0.043325824058305096	0.9517014733410835	2.959462314535553e-70
UNG_boot.126	7.729131140863628e-204	0.0841104097851815	0.09269764991616812	0.8203314344852165	0.0028605058134338547
UNG_boot.127	2.46989795596172e-182	0.14114261901366626	1.2801952821986365e-200	0.7681729107960145	0.09068447019031925
UNG_boot.128	0.04189751622388611	0.10856427476757684	1.0289552777500605e-189	0.7485301180130974	0.10100809099543964
UNG_boot.129	1.843e-321	0.11837198363607444	9.5e-322	0.8816280163639255	4.55e-322
UNG_boot.130	0.006686819657505194	0.038347844053242895	2.143754988958519e-93	0.8731335983515746	0.08183173793767733
UNG_boot.131	0.17468951698535368	0.03186006553830258	3.3592411564178404e-73	0.739549535480924	0.0539008819954197
UNG_boot.132	0.020851910718127628	0.07338791997198116	2.0820647899518057e-165	0.8707065762991717	0.03505359301071945
UNG_boot.133	1.880011381893151e-85	0.11148352135240937	3.031448875104108e-75	0.8136316718875183	0.0748848067600723
UNG_boot.134	6.84929132519587e-135	0.07874961370330852	3.434163379817753e-92	0.8551191927623696	0.066131193534322
UNG_boot.135	4.978623166062504e-125	0.02425550555004518	6.303313578418748e-79	0.9205968038043035	0.05514769064565134
UNG_boot.136	2.386e-321	0.02549843838208086	0.03194379930958276	0.9262742914087797	0.016283470899556732
UNG_boot.137	1.0631172871822015e-260	0.1017209182724954	1.458235729894137e-300	0.887264714267408	0.011014367460096437
UNG_boot.138	1.631412883658535e-234	0.11738054154533498	1.6638334826830585e-79	0.8149824441018849	0.06763701435278012
UNG_boot.139	0.05261309957023452	0.01873461137405894	0.11929232381475208	0.8036719419958759	0.005688023245078445
UNG_boot.140	1.2273418490977995e-38	0.10153426101744498	2.9895118821954147e-229	0.8136296062963251	0.08483613268623
UNG_boot.141	2.824958104075291e-102	0.043331011534385955	1.146e-321	0.9558699529915717	0.0007990354740423036
UNG_boot.142	0.020621055703533293	0.022366753203670525	1.9922026674864764e-115	0.8682382046030185	0.08877398648977775
UNG_boot.143	9.474615530518262e-14	0.058950502752647876	3.065065230924356e-110	0.8753540134958435	0.06569548375141394
UNG_boot.144	4.463290545804299e-46	0.03301824037273656	8.583116013848472e-127	0.845821858366258	0.12115990126100554
UNG_boot.145	1.5541322669057931e-114	0.06801698244358997	1.127625431428542e-182	0.8907969073432825	0.04118611021312752
UNG_boot.146	2.2645795682190084e-142	0.017828716794090455	1.130342330657185e-74	0.9484239446041904	0.03374733860171926
UNG_boot.147	2.0222475633000781e-302	0.06951012004663476	8.314899515484003e-258	0.9119103152200753	0.01857956473328982
UNG_boot.148	3.707098649648755e-174	0.084537281949069	1.0681767291700537e-166	0.872686351932885	0.04277636611804607
UNG_boot.149	1.92e-321	0.05623456118237296	1.02e-321	0.9008100431842818	0.042955395633345245
UNG_boot.150	1.8154338262350938e-158	0.14341775675211976	2.6205613787057257e-39	0.8338497174097003	0.02273252583818008
UNG_boot.151	0.025828719758802767	0.005733686088946512	2.622211317164256e-42	0.9684375941522506	5.83e-322
UNG_boot.152	1.6580469905686093e-144	0.053116146830208655	1.4307605411788413e-150	0.8741992664200708	0.07268458674972042
UNG_boot.153	1.6513810981197615e-87	0.11887923381473586	8.563728470493477e-140	0.8095555494350701	0.07156521675019385
UNG_boot.154	9.932428847766343e-233	0.04259679022852823	6.867937584085683e-269	0.9574032097714718	4.240371279703182e-299
UNG_real	0.04208672203741295	6.852885219868366e-175	1.083517628197005e-24	0.9387182132834998	0.0191950646790872
UNG_real.1	4.2737272343544665e-83	0.09475543057414607	8.019093669913094e-203	0.9052445694258541	1.2142093795120457e-109
UNG_real.2	7.099510552426944e-91	0.06430305773040249	4.021138769949661e-143	0.880325323453661	0.05537161881593659
ATP2B4_boot	0.1954297431089086	1.33e-321	0.7595176300960716	0.045052626795019785	2.0350638943301647e-196
ATP2B4_boot.1	0.013316557926442069	0.05649704551540228	0.6960222132567043	4.1861521978616783e-308	0.23416418330145145
ATP2B4_boot.2	0.11847071399760553	0.18063413371355475	0.4779805956347084	0.03541712366154198	0.1874974329925895
ATP2B4_boot.3	1.05e-321	0.15256081792212195	0.7478784925094882	3.303656250327857e-292	0.09956068956838979
ATP2B4_boot.4	0.1720630544258029	0.03152278342083084	0.5826495251186261	0.21376463703474016	6.3075479752680135e-224
ATP2B4_boot.5	1.82e-321	0.12104872615299327	0.8789115452347248	5.792894219032366e-210	3.972861228204539e-05
ATP2B4_boot.6	5.707263214493413e-148	0.1119302874041721	0.7537996857592252	5.343234853936635e-219	0.13427002683660286
ATP2B4_boot.7	0.14964100440075073	1.304e-321	0.8124685777460071	0.037890417853242174	5.139572310437358e-106
ATP2B4_boot.8	0.06919612874754498	0.0055430302052659345	0.7696871362529742	2.2855767140779167e-272	0.15557370479421478
ATP2B4_boot.9	0.1537450331714274	2.03e-321	0.628316685268816	0.11440249209154853	0.10353578946820802
ATP2B4_boot.10	1.346165964748274e-228	2.1186204812540565e-18	0.9150633348830065	3.4383938523790056e-220	0.08493666511699352
ATP2B4_boot.11	3.8444279390629824e-55	0.06562995703307062	0.7996648148679675	0.0942403423416729	0.04046488575728909
ATP2B4_boot.12	1.62e-321	0.07130362748660597	0.9227311044222603	0.005965268091133811	3.16e-322
ATP2B4_boot.13	3.364905061156777e-202	0.023663930747017035	0.8466768690942519	7.86e-322	0.12965920015873109
ATP2B4_boot.14	1.72e-321	0.14457094921532185	0.7049618866543111	7.43187367909889e-267	0.15046716413036698
ATP2B4_boot.15	0.13239774918473646	4.288132224359875e-238	0.8372976528381477	0.03030459797711566	2.0935326743326126e-214
ATP2B4_boot.16	0.03430563711779488	0.026541410619715183	0.8760461323792672	1.0384063970277702e-261	0.06310681988322271
ATP2B4_boot.17	0.11217316791424883	0.06620179233052714	0.42449041891288686	0.22746951544089392	0.16966510540144328
ATP2B4_boot.18	3.442640572667152e-213	0.1056050753462303	0.7053604980863777	3.4580734727398773e-239	0.18903442656739206
ATP2B4_boot.19	0.053998384001389337	0.05967278840225197	0.5185153189071661	0.17110513628617502	0.19670837240301753
ATP2B4_boot.20	0.03935218519800876	0.08201453925557867	0.8238105696740013	0.05482270587241109	2.2369398985385663e-303
ATP2B4_boot.21	0.033444401473468034	0.05068988130229433	0.8627031251040223	0.05316259212021554	1.2119779481990203e-175
ATP2B4_boot.22	0.10420385637338972	0.013219414434959194	0.5401280861098849	0.2110299554695704	0.13141868761219577
ATP2B4_boot.23	0.029414476554088496	0.031194582550597965	0.9393909408953136	2.6816003767186434e-168	1.272694035092621e-112
ATP2B4_boot.24	0.2119543054685817	0.01903638112535006	0.6622571370693355	0.10675217633673266	6.343675925066647e-206
ATP2B4_boot.25	1.164597285388746e-10	2.3140736694113407e-115	0.9999999998835404	2.0846529978889366e-18	1.7343301298271561e-37
ATP2B4_boot.26	1.0743812069905125e-150	0.028729835388122557	0.8842978373245998	1.3775687790035517e-285	0.08697232728727768
ATP2B4_boot.27	5.866867680799616e-221	0.13660640186450007	0.749050194862103	6.1922632568565525e-220	0.11434340327339705
ATP2B4_boot.28	1.457e-321	2.5055704121506026e-184	0.9643684857028091	3.812154283616674e-226	0.03563151429719092
ATP2B4_boot.29	0.23429619979264374	1.013e-321	0.501403792061018	0.26430000814633836	5.805984280859438e-48
ATP2B4_boot.30	0.2114188212845273	0.000565510237069956	0.491286251333533	0.25115290286680075	0.04557651427806904
ATP2B4_boot.31	4.313605644027048e-173	0.07895951148218147	0.9210404885171404	2.205895672413811e-132	6.782860773215447e-13
ATP2B4_boot.32	0.04281892740631951	0.05877195543584833	0.7526729623565267	0.14573615480130553	4.550320105639482e-24
ATP2B4_boot.33	0.10940739437311954	2.49149805087114e-24	0.6049599302711891	0.23055202283177842	0.05508065252391306
ATP2B4_boot.34	0.010692916609088013	9.722616149465984e-49	0.9207924706354208	0.0685146127554913	2.091030552817021e-180
ATP2B4_boot.35	9.784449492996265e-49	0.0102631183764173	0.9615094873742771	1.003e-321	0.028227394249305635
ATP2B4_boot.36	0.12397875125451811	0.012659680813957923	0.7033860376961213	0.08604269774217466	0.07393283249322789
ATP2B4_boot.37	0.004895622843443402	0.09596259982430161	0.6764455750753773	9.511145483592698e-63	0.22269620225687778
ATP2B4_boot.38	0.2509576209050646	0.02241748975218445	0.15851781335071072	0.328455979680348	0.23965109631169207
ATP2B4_boot.39	7.82890991293005e-14	0.13285302212052488	0.7787469908483071	1.3451753649732004e-261	0.08839998703108964
ATP2B4_boot.40	2.6085689210980864e-63	1.0151937387348126e-194	0.9014224716095965	0.08856807472008053	0.010009453670322943
ATP2B4_boot.41	4.96142639738786e-86	0.046938026674674005	0.953061973325326	1.07e-321	1.4139317752574932e-47
ATP2B4_boot.42	1.1027897328905893e-140	0.06699177534127826	0.8681486535295877	3.44311436560918e-162	0.06485957112913399
ATP2B4_boot.43	4.841015228737812e-60	0.05380203551756524	0.7829171653866455	1.1736226580306556e-50	0.16328079909578927
ATP2B4_boot.44	2.746574014144461e-295	0.08603032214336823	0.7801937011728693	9.29754325788304e-67	0.1337759766837625
ATP2B4_boot.45	0.14417070609497665	1.5762527372127888e-197	0.4980849852802297	0.2589435282221987	0.09880078040259496
ATP2B4_boot.46	0.25177345070936297	0.016955934116357263	0.4734494976137763	0.123897099170051	0.13392401839045254
ATP2B4_boot.47	1.3739913210728725e-241	0.07249915950680637	0.8568421479630144	0.07065869253017922	2.77e-322
ATP2B4_boot.48	8.635549256983529e-299	0.0835365814756754	0.8684175615646998	6.8e-322	0.04804585695962463
ATP2B4_boot.49	1.08635655746711e-67	0.1933123846595491	0.6364184516090567	9.8e-322	0.17026916373139414
ATP2B4_boot.50	0.020555977846334554	0.09654320668718695	0.8597064297340384	4.329544135928544e-180	0.023194385732439916
ATP2B4_boot.51	5.629388691175378e-110	0.14553346686172372	0.6663643118910394	6.118072610723169e-216	0.1881022212472368
ATP2B4_boot.52	0.06616923973722118	0.0907901894359743	0.5628358182522504	0.15560159387641997	0.12460315869813411
ATP2B4_boot.53	4.5453531903618063e-60	0.11611868987375652	0.7265027912867068	6.9370557215138896e-28	0.15737851883953669
ATP2B4_boot.54	0.10910960526430905	0.06081439569680121	0.6582068586093286	1.522090173751258e-40	0.17186914042956114
ATP2B4_boot.55	1.24e-321	0.05957185610661157	0.9404281438930423	9.899976186306744e-85	3.4613323265421235e-13
ATP2B4_boot.56	0.00022458747994512197	0.06944065360245588	0.9303347589175991	7.324157729222217e-43	2.664266338200126e-196
