Samples	SBS96A	SBS96B	SBS96C	SBS96D	SBS96E	SBS96F	SBS96G	SBS96H	SBS96I
OGG1_boot	0.01691451154847043	0.6920594113456968	2.357e-321	0.2306912372407966	0.060334839865036	4.05e-322	6.223058301390803e-75	1.956e-321	9.93e-322
OGG1_boot.1	4.74e-321	0.4433887600035691	0.03035550723013419	0.4226055023753473	0.02715107581103575	0.008343115967471774	9.636625989773731e-39	0.059804540823290106	0.008351497789151865
OGG1_boot.2	3.36e-321	0.668149029377705	0.004647056991010119	0.1942023758050005	0.020674665032755182	0.05770683310841265	3.9167814175632677e-10	0.054620039293438664	6.5e-322
OGG1_boot.3	1.25e-321	0.5683088656135697	2.2740988214515756e-88	0.24239426143707798	0.029483002794571382	0.04507116468820977	1.596e-321	0.04130102204109519	0.07344168342547581
OGG1_boot.4	8.839259019867286e-305	0.6461501545864936	0.01033324327718819	0.1218729243601396	0.033761629086434104	0.09832687480526683	0.009196831974310449	0.037425504383703935	0.042932837526463305
OGG1_boot.5	0.04671999230614015	0.5695903616640609	7.139961920120907e-52	0.32030716345870824	0.05388406188757904	0.009498420683511876	1.61e-321	1.36e-321	6.7088927454542666e-59
OGG1_boot.6	0.028250352810251504	0.5999499462481941	8.724025690531873e-121	0.2539212358026856	0.04829583263151528	0.024130251046749658	0.03245917340275351	0.012993208057850408	1.324e-321
OGG1_boot.7	0.013966900387317223	0.5852504024585571	3.7213858984753845e-83	0.28912690323945633	0.05262047554274584	0.04301961124210057	0.016015707129823042	1.3124274937349614e-35	9.391132577722759e-175
OGG1_boot.8	3.295e-321	0.6328822512461989	5.6e-321	0.1888301201510591	0.033306991938308515	0.06572020509575915	1.66e-321	0.07926043156867416	5.24e-322
OGG1_boot.9	2.59e-321	0.5436336853154022	0.03751430821203729	0.22875213808633685	0.005569423392198986	0.05998942322118591	3.627132000163999e-206	0.10524961284706563	0.019291408925772868
OGG1_boot.10	0.004219715617878768	0.5068672088498707	2.78e-321	0.37395951488695667	0.021904096178311915	0.08560902382972052	6.582554733057191e-215	0.007440440637261495	5.5e-322
OGG1_boot.11	1.606133774295946e-203	0.6009027344678743	4.662829477113783e-91	0.21438023496500722	0.0022245391095444714	0.11546962932234855	0.0166573610054297	0.05036550112979556	4.593254757165834e-44
OGG1_boot.12	3.69561436726254e-15	0.614148717608187	0.008542306922317692	0.2714311840007071	0.04508286378184458	0.04239126612496957	0.01384423208962354	0.004559429472346977	5.38934354810343e-59
OGG1_boot.13	6.036181952665105e-257	0.5100674570780653	0.011434180950541566	0.35300889943486696	0.01560194290938107	0.005110985797457434	0.024619121179025285	0.07826265720996446	0.001894755440697779
OGG1_boot.14	0.022718873290635194	0.514971055274094	2.06e-321	0.2868641021855124	0.05305780055326509	0.09310325153945684	0.012264835155859438	5.8368327314305945e-43	0.01702008200117694
OGG1_boot.15	5.593e-321	0.6065356661446439	0.007152983347364051	0.17567847163346392	0.027907370768921316	0.11362961775827575	4.86112911119156e-26	0.069095890347331	6.222732570358642e-153
OGG1_boot.16	0.03464059215859976	0.5359176154964431	0.023959448266916077	0.36343356085569833	0.04204878322234274	1.6820376593425504e-49	1.38e-321	1.39e-321	5.73e-322
OGG1_boot.17	2.48e-321	0.6031842498816601	0.014928998645504007	0.19660332774894634	0.056271372358178987	0.09610952754828095	5.3710167198075615e-219	0.032902523817429544	5.14e-322
OGG1_boot.18	4.536e-321	0.5298696971571559	0.009780709276440178	0.270289208569801	0.04779157829872335	0.14226880669787967	1.48e-321	7.538380836537852e-42	3.1690252233374487e-192
OGG1_boot.19	0.008036055542025678	0.596859824732107	0.019430665861937712	0.19549784202012815	0.04306684662074716	0.13177308094458082	0.005335684278473592	4.718480589918105e-164	8.31862501236308e-279
OGG1_boot.20	0.02669472119141939	0.5811388161161669	1.5549397615292538e-236	0.2418215497084273	0.03126176800070099	0.08199036473677111	0.0004904837273701704	0.03660229651914401	1.0509897428018031e-194
OGG1_boot.21	1.570144372802253e-219	0.6844022650890148	0.004374075595556141	0.22167431047651465	0.02593819649720673	0.026068282862301118	0.01289852930475888	0.024644340174647787	7e-322
OGG1_boot.22	0.018895138135273364	0.572550905159866	1.4212361047126265e-101	0.1823934311544414	0.04525647103277889	0.0780784380172287	1.7852580542118322e-60	0.05846564806637059	0.04435996843404125
OGG1_boot.23	5.267484430957352e-169	0.6517167075855322	0.002343837584353236	0.20781218682925043	0.057475624397086304	0.0565063157646993	0.024145327839078565	9.13371381493281e-70	1.680963769631852e-74
OGG1_boot.24	0.06692677108115493	0.5778215585291632	0.01730541666158507	0.20247158489145498	0.06930150455461011	0.04676798202647283	6.790437228799898e-49	0.0007413990803073605	0.018663783175251542
OGG1_boot.25	4.743e-321	0.620495730296364	0.01142190952904246	0.19130106409133305	0.06062869420997626	0.06662694811581507	0.011545104310509431	0.02415201083555398	0.013828538611405865
OGG1_boot.26	1.887e-321	0.6727372737747519	3.33e-321	0.10444559203236711	0.0512192529270661	0.06465054283934474	1.43e-321	0.034508242484955085	0.07243909594151512
OGG1_boot.27	3.295e-321	0.511476618279288	0.007885816848873618	0.3498413495016645	0.02637991572380488	0.09823207731951612	1.1576373509602435e-85	0.006184222326852935	6.757163917556674e-262
OGG1_boot.28	0.04969897211041751	0.7184504249817494	4.965e-321	0.10621717509697046	0.03950973791243234	0.029978817781748917	0.02166661801957209	4.017632968004736e-123	0.03447825409710938
OGG1_boot.29	3.463e-321	0.6243460665400951	0.01880404730290321	0.23641485848238789	0.03850896457273442	0.02460735195062377	0.03459270690018861	0.020218884138142205	0.002507120112924867
OGG1_boot.30	1.364e-321	0.5624866405797688	1.224195515573693e-154	0.33273217508332925	0.03676889784038023	5.29967084937771e-72	0.03445993457468899	0.03355235192183284	6.232704052773085e-22
OGG1_boot.31	6.126e-321	0.5737169620340667	0.01677763902391491	0.2939744209156258	0.018235806142567333	0.06446438973586176	0.014374296456224222	0.018456485691739223	1.107e-321
OGG1_boot.32	1.99e-321	0.554267142834827	0.01858410153851846	0.2495660496627969	0.00884538448235446	0.07999925043346126	1.73e-321	0.05684904473944054	0.031889026308601326
OGG1_boot.33	1.887e-321	0.5816678677481817	0.02186508101109368	0.2365865732076472	4.794777912149079e-189	0.040751452213028214	1.833e-321	0.09733727571118461	0.021791750108864815
OGG1_boot.34	2.65e-321	0.6049547320065646	0.006803846783475359	0.19755782488215543	0.02387251470796831	0.05173846255124847	0.02295417124650671	1.0162702695835206e-97	0.09211844782208115
OGG1_boot.35	0.0008201706718626348	0.6280817619610086	0.02990120613453258	0.20527813412831916	0.027380621305645104	0.0878694966670148	2.105e-321	0.02066860913161691	1.003e-321
OGG1_boot.36	0.019189098112235063	0.6209254014803652	3.1262455106876324e-105	0.24989798241157696	0.023135987407039236	0.05707493612549408	0.02977659446328939	9.119594480429818e-48	3.434554906948322e-40
OGG1_boot.37	2.07e-321	0.5320648825462592	1.7116871436810167e-51	0.3054378614922924	0.03126486776524369	0.08657736895754421	2.2307036633194256e-43	0.04465501923866033	1.69875674032844e-39
OGG1_boot.38	3e-321	0.5526083262570198	0.001096358562779352	0.3483975386021364	0.02063570460377318	0.046488999136044505	0.030773072838246634	1.5374179474627586e-33	1.7587645736980754e-215
OGG1_boot.39	1.245e-321	0.5835793675129242	1.311374215547619e-159	0.21242105823256946	0.05315860439480823	0.15084096985969794	3.326991101e-314	7.368667599143081e-177	8.9e-322
OGG1_boot.40	2.05e-321	0.4895106812214406	0.024127250105979308	0.35424445663550186	0.037444479363860125	0.01674596503325397	0.014024097474671472	0.021169173697464665	0.04273389646782812
OGG1_boot.41	1.1238812170965621e-147	0.6170884784161265	0.019363738090799484	0.2423223458312024	0.05349996690425839	0.03254332215398387	8.131291432887643e-66	0.03518214860362933	1.1847543235147908e-125
OGG1_boot.42	1.489737108423939e-109	0.5197724722523701	2.935e-321	0.30427361933571356	0.02922448701427891	0.06933425945004963	9.491021325877484e-40	0.01646779448511331	0.06092736746247446
OGG1_boot.43	1.265e-321	0.65105582633898	0.03210038522857993	0.17319608468276323	1.035052818420996e-236	0.0797359446803129	1.8318034250226663e-240	0.06391175906936383	2.4343984126023406e-209
OGG1_boot.44	6.13e-321	0.5147509633838692	7.836390967457464e-267	0.33472524895371064	0.02004472662895277	0.09622861766123411	4.4956179204028214e-159	0.03425044337223331	8.696934584357685e-269
OGG1_boot.45	4.387e-321	0.5469544022173753	0.005436076444846735	0.3154240354210155	0.02940777894176348	0.04797963570718294	3.046853666263777e-254	0.054798071267815864	4.270129011618104e-193
OGG1_boot.46	5.36e-321	0.5851583054171352	0.016952832580976775	0.20670651955171412	0.01926255632999677	0.05487002818777203	0.07280297929580644	0.00178795063382688	0.04245882800277166
OGG1_boot.47	2.0782203208556296e-89	0.6230826446204669	0.02626050215569994	0.21024251290873738	1.0376795910018227e-152	0.07182151958509832	0.0288078823155772	0.039784938414420185	3.658443059525507e-110
OGG1_boot.48	0.03762872918240426	0.6105647585663146	0.0009796288676617417	0.22103085008769818	0.023600696127566323	0.046372110817606955	0.059823226350748035	3.496792807508487e-33	3.480397263060582e-199
OGG1_boot.49	0.027916075166047435	0.630588025151454	0.019826817977152685	0.1669873331921725	5.34e-321	0.09067248004848462	0.021756731907437436	0.02761396488286026	0.014638571674391053
OGG1_boot.50	0.025691695138104022	0.6350232504120998	0.018510799573244262	0.25759702317403116	0.0121751617732789	0.023631425324315367	0.027370644604926254	4.0429022925931795e-141	1.368543325684188e-30
OGG1_boot.51	0.037931871326782114	0.6930465607721837	0.0049157057740164345	0.1780144494194013	2.18e-321	0.054682905064689105	0.00212646352881774	0.02928204411410945	8e-322
OGG1_boot.52	1.7021771077627253e-23	0.6803847548343753	0.026790854629661954	0.22211538830575978	0.011557093902602579	0.007453310281105863	0.019038752868288995	0.006712133568705903	0.025947711609499526
OGG1_boot.53	0.025146949182263734	0.6302820709518255	7.35790781401647e-96	0.17621342912279297	0.008067174220739824	0.10116053190016988	0.03297914151141059	0.026150703110797438	4.614831995401284e-254
OGG1_boot.54	3.54e-321	0.5534662693592391	0.013004000344552876	0.2858043800792518	0.002075661877728032	0.10275337620181063	1.897528190149153e-222	0.042896312137417694	1.146e-321
OGG1_boot.55	0.04657859403355212	0.617682684579483	2.646124148236162e-37	0.20274640335067792	0.01978395725560216	0.04055602247230448	0.07265233830838039	4.1014364075929975e-233	2.49334230298131e-162
OGG1_boot.56	0.012523242402295619	0.6213457751482219	0.02292482166291218	0.21545068169885956	0.0049558922984708695	0.03364612422557979	0.03584766073793387	0.0395996801892905	0.013706121636435671
OGG1_boot.57	3.9880257765914647e-25	0.623059823562723	0.022349389467054365	0.23964333886194294	0.005335134130444021	0.06781496557169535	0.017614418200388206	0.024182930205752212	8.104509120480773e-128
OGG1_boot.58	0.0330158814084577	0.6605817288552579	4.874579655852333e-301	0.21111913401992072	6.83615694058e-312	0.08610319370318346	0.009180062013180145	1.0617302372251481e-121	4.25e-322
OGG1_boot.59	0.007203057582608617	0.6359907816633628	0.02240387694650575	0.18062816403244536	1.29e-321	0.11542902167362684	1.0406835409902427e-87	0.03834509810145082	6.365587260794184e-304
OGG1_boot.60	0.01675175521165399	0.6503571573150817	0.02835131069223936	0.14543739387629595	0.010021025282744945	0.10995504654589391	0.02006766133442379	0.005300732384970112	0.013757917356696077
OGG1_boot.61	0.0458986400531207	0.596477713173969	0.0026582681841844607	0.2408529658488547	0.008266654186513414	0.08099027152500428	0.00011315725541487457	0.012319020417261997	0.012423309355676496
OGG1_boot.62	0.003118761335434315	0.6340452940795686	0.0348524399453534	0.16584377981166437	1.93e-321	0.06782320993151428	0.03480017246165557	0.03303924127284692	0.02647710116196251
OGG1_boot.63	0.017787536213391925	0.5675419109562554	0.037608952542465865	0.29541346021324155	0.02053257519420922	0.044529155722200245	0.016586409158235792	1.1734588585326029e-104	1.38e-321
OGG1_boot.64	0.05001530565685924	0.6212541038056374	0.00972591231892656	0.23640517873873318	0.011700509748906431	0.06188629029785597	0.009012699433081153	8.012665684864304e-305	1.02e-321
OGG1_boot.65	0.025423584122282555	0.6555575563438	0.012970355387305394	0.13909179115318923	0.005894575573968727	0.06931555447871413	0.05032416299291485	0.02611153367275883	0.015310886275066302
OGG1_boot.66	2.0553805917814374e-265	0.7154263563645673	0.032771353777938425	0.14930001760446784	4.53e-321	0.034653768674196055	0.03749272785277758	0.014011011302184134	0.01634476442386865
OGG1_boot.67	0.04656598440702296	0.661584735089426	0.011632446984628182	0.2048919565864991	0.006711048312980665	0.02961631381264024	0.03899751480680277	1.5073087138233282e-61	7.1759661438752e-298
OGG1_boot.68	0.06838023397272835	0.6821785874857872	0.01523070191597077	0.1401386790112598	0.015173921836203825	0.021512299956090608	0.029724334552962497	0.027661241268997015	7.937969521324552e-169
OGG1_boot.69	0.014681700262514774	0.552777413774022	0.012216490389853141	0.32032018709196847	2.921426144099798e-155	0.05083338786425684	0.01953780616839427	0.029633014448990535	3.2243963313699287e-50
OGG1_boot.70	0.02195167650686441	0.519438739654114	0.009954293598813344	0.3473597780045611	0.012728756589186136	0.03710410332102979	0.034196372819230575	0.011257957890063258	0.006008321616137526
OGG1_boot.71	0.002090561770667172	0.5835759648600117	0.01709621994439872	0.2668126226514737	1.897e-321	0.06193348648900085	0.013679613673719677	0.05481153061072806	6.28625947185588e-254
OGG1_boot.72	0.044288707578490426	0.5904885229028133	0.01942421423966168	0.24497076234013493	3.79e-321	0.07348285479155689	0.0273449381473426	3.5290807852048585e-85	1.2604777977499696e-180
OGG1_boot.73	0.03069024716943799	0.6018632743236784	0.021645599570564982	0.25936809782632436	0.017195793013235944	0.043076167345804404	0.025211896930284115	2.497160961217954e-82	0.0009489238206696391
OGG1_boot.74	0.04207498277958377	0.7255034097876456	2.0446585701486567e-99	0.11014696483050546	0.02630441678344648	0.06339868614061037	0.03257153967820833	8.621617902718073e-41	6.724299432915369e-38
OGG1_boot.75	6.996e-321	0.5066375541511539	0.034612531119463136	0.33822737439055817	5.78e-321	0.041275491019318315	0.020642705477315094	0.025824001575452192	0.03278034226673931
OGG1_boot.76	2.1565753290017344e-133	0.5490711495503153	0.012384023328426155	0.3348124479027243	1.937e-321	0.05410532250037304	0.009520928423618923	0.040106128294542284	8.5e-322
OGG1_boot.77	0.027355244132596275	0.5443639692457628	0.02232674050558979	0.28043981746902535	5.709512228535417e-90	0.09485915093854384	0.018487782555329475	7.166799677112866e-52	0.012167295153152522
OGG1_boot.78	0.01781544277961959	0.5842138073391042	2.2963959134850077e-40	0.2981609595865742	0.007718757695997456	0.07785878424056902	0.014232248358135538	1.9944501496053054e-202	1.6989855908051381e-192
OGG1_boot.79	0.043359830512654164	0.767011101634934	0.023513756103689748	0.07606963033696787	0.007173219190996714	0.04158414495670685	0.03312904500578551	0.008159272258265312	1.6247252692000373e-76
OGG1_boot.80	5.737132682776548e-41	0.6392486538709116	0.04099057088419554	0.2021759339341318	0.006165472305838271	0.0658789397767767	0.025422417241894507	0.020118011986251617	8.5e-322
OGG1_boot.81	0.0046170655809004355	0.6488838767051403	0.0027770718476000907	0.2169621623450866	4.827e-321	0.0763015635156102	0.026986150117858286	0.023472109887804158	1.097e-321
OGG1_boot.82	0.012324659420256751	0.6300976468912549	0.01331268953490065	0.2108550539656887	1.887e-321	0.07738190515365095	7.719913310820899e-36	0.05601727303496754	1.0771999280567868e-05
OGG1_boot.83	0.02291233483953008	0.6278146966715916	0.02490375605217196	0.22928384344467992	0.0004959543088083203	0.06088317642791138	0.026313944174514808	0.00739229408079192	6.71029228667953e-157
OGG1_boot.84	6.636091782335939e-178	0.5513830248348284	0.033875469379645626	0.3041020594668937	0.011093523989887177	0.09241386769769327	8.120125774124125e-54	0.007132054631051871	6.543557640397649e-191
OGG1_boot.85	2.809194851126282e-71	0.550077639974867	1.1406756995609306e-161	0.3190841941882587	0.018808519229661088	0.07117635206721892	0.00776362226477935	0.03308967227521477	1.2788983574658282e-134
OGG1_boot.86	7.94e-320	0.6030595158601726	0.04321281106783331	0.21689613673580113	3.735e-321	0.079769855447843	5.1957141413619446e-05	0.057009723746936296	2.2249339783502264e-109
OGG1_boot.87	0.02481755473406088	0.5559772213667658	0.014831316401514437	0.27193229520820666	0.00979043893363552	0.05104271952588803	0.017477491152916177	1.426215500290492e-129	0.05413096267701261
OGG1_boot.88	0.04687374203729326	0.5948966771559292	0.0034654868328034376	0.23854412750860027	2.370488309962107e-17	0.06905488455048943	0.011441149273423616	0.03572393264146052	4.4554256664835055e-244
OGG1_boot.89	0.01631942232698409	0.718090596794784	0.022492717993747736	0.10839917161771997	6.897e-321	0.061544633655505956	0.011518215153983918	2.9469113776780064e-54	0.06163524245727426
OGG1_boot.90	2.515e-321	0.485593019962284	1.853e-321	0.26998881656380896	0.010309943835579734	0.1888552134783444	0.010988823331041576	1.245e-321	0.03426418282894126
OGG1_boot.91	1.1096072460894247e-148	0.5316664088180223	3.024e-321	0.3092994157488121	0.015109299207121974	0.052743131255088865	1.5428612016520724e-55	2.11e-321	0.09118174497095466
OGG1_boot.92	3.676041884527825e-31	0.5441754545501325	3.666e-321	0.26925920478584936	0.014307179875258258	0.08868906169267372	1.4532694015261341e-111	2.016e-321	0.0835690990960861
OGG1_boot.93	1.2186196932993367e-253	0.5460506824004344	1.927e-321	0.2085439780607611	0.020365064069019178	0.1172742862160577	0.017804384435913725	1.304e-321	0.08996160481781397
OGG1_boot.94	1.4652575440301696e-246	0.4872591339817669	2.921205616529994e-169	0.2488261042787601	0.010985476458181069	0.23383208507557626	1.2608433471161952e-280	1.6888713033448616e-172	0.019097200205715717
OGG1_boot.95	0.0043731938781913365	0.5086316843630201	2.727e-321	0.25580411565427164	0.004749688204959692	0.12582283797067575	0.006104011766758585	1.41e-321	0.094514468162123
OGG1_boot.96	1.136e-321	0.5518842517444493	1.68e-321	0.1335465034221377	0.016463599175255743	0.2264215157677079	4.325736017981192e-195	1.107e-321	0.07168412989044942
OGG1_boot.97	5.38e-321	0.495917411761596	2.757e-321	0.2795775359337343	0.023483443702043316	0.052090056526273895	1.966e-321	1.402009775368714e-234	0.14893155207635234
OGG1_boot.98	1.84e-321	0.40994982327554774	2.4e-321	0.3566755460559945	0.01076925963862455	0.12077553795027555	2.15686717354315e-285	1.265e-321	0.10182983307955785
OGG1_boot.99	5.207e-321	0.5218488055276164	3.21e-321	0.20036661876550804	2.436e-321	0.2222674935711258	5.837946423540368e-13	8.60391018403541e-59	0.0555170821351661
OGG1_boot.100	0.003528434785239742	0.5715084722880056	3.61e-321	0.2442369380912644	0.03067535984508969	0.09953218771105074	0.004979811524619113	1.73e-321	0.045538795754730486
OGG1_boot.101	0.020470617952441098	0.4771350647193443	2.006e-321	0.32081897666370707	0.031078049295116934	0.02788294712820191	2.4647326091862575e-147	9.9e-322	0.12261434424118882
OGG1_boot.102	3.94e-321	0.48156081123832783	2.026e-321	0.2653371106505485	0.012424865399139125	0.06629353798091805	0.01898879224169368	7.07e-322	0.15539488248937275
OGG1_boot.103	2.4084354115034897e-246	0.5451288689989494	2.06e-321	0.1939482875602986	0.03415318900974627	0.06405824990993322	3.6576228557675727e-72	1.897e-321	0.16271140452107252
OGG1_boot.104	6.527e-321	0.5985693255867218	1.55e-321	0.27870177966132215	0.0017398176668570364	0.08978190482184305	0.031207172263255888	2.124926752192595e-245	8.087987546211988e-177
OGG1_boot.105	1.0331805659765199e-19	0.46618270176206655	2e-321	0.2445685143143517	0.018392951496378866	0.1663506070270965	0.011587420256377729	3.741062365468409e-169	0.09291780514372867
OGG1_boot.106	3.725e-321	0.4346397008253169	1.813e-321	0.2704454289988558	0.024612229705023546	0.1518385339234832	1.4088487905004383e-96	1.873e-321	0.11846410654732056
OGG1_boot.107	1.95e-321	0.5139246041763798	1.986e-321	0.2587784111277495	0.0023122439072234945	0.13726859179431827	0.017615903646371032	5.537248712993729e-302	0.07010024534795797
OGG1_boot.108	1.6725938562762635e-113	0.5193833452520981	2.05e-321	0.24863200289213114	3.666306509390663e-09	0.09960519613755427	1.1328497990028942e-234	9.4e-322	0.13237945205191015
OGG1_boot.109	2.75e-321	0.5031899699524833	2.085e-321	0.298026083801253	0.009951595944867445	0.11880387755278876	7.65882670791571e-201	0.02301761119626966	0.047010861552337704
OGG1_boot.110	6.660873763150714e-277	0.4052165809127962	3.137e-321	0.32834774986669935	0.0018914709254997998	0.11336375754858248	7.175697801807803e-298	8.84e-322	0.15118044074642212
OGG1_boot.111	0.007723500573027595	0.48278134050884236	3.19e-321	0.25157890548081846	0.07293363655067564	0.13887006222489776	0.009989674950561824	8.9e-322	0.03612287971117648
OGG1_boot.112	0.0005144245960874913	0.5482152363833243	2.14e-321	0.20631349822022063	0.012817817743692318	0.09304407592855063	0.06132241304956937	1.196e-321	0.0777725340785552
OGG1_boot.113	1.4420269793836914e-69	0.4911915817359991	2.55e-321	0.28096690468231966	0.01864543192153293	0.11124085410413033	2.28865695637426e-103	1.097e-321	0.09795522755601802
OGG1_boot.114	4.585e-321	0.5914608647167087	2.016e-321	0.20984673248693098	0.033314886905435694	0.10953301517367016	1.7e-321	1.0183124396452708e-301	0.05584450071725442
OGG1_boot.115	4.680526395380503e-127	0.5770700266657836	7.303713579509698e-265	0.21109128669795957	6.72e-321	0.13108322298847147	0.0077849043487527485	1.413e-321	0.07297055929903268
OGG1_boot.116	0.005475818381043734	0.6265948565900537	3.286e-321	0.0467915252050781	0.0066949680273767145	0.16616713927745352	1.4254066426207583e-264	1.3e-321	0.14827569251899425
OGG1_boot.117	1.196e-321	0.5034727191124315	2.45e-321	0.2528516583516088	0.02125046038835437	0.06789875100890654	0.0051689402510977246	1.28e-321	0.14935747088760137
OGG1_boot.118	4.743e-321	0.5114581140419504	3.5e-321	0.2745149500213919	0.002684463791928043	0.0933896320232301	0.01474440348976676	1.2e-321	0.1032084366317327
OGG1_boot.119	3.32e-321	0.5499312902848673	2.05e-321	0.23782331299785836	0.03205030008844727	0.08442786645774118	0.015009828326075812	1.635e-321	0.08075740184501008
OGG1_boot.120	4.06e-321	0.4952281071442408	2.787e-321	0.276996863042221	0.01604523293568356	0.06629497631875873	0.015323087356661174	2.919280154159608e-248	0.13011173320243474
OGG1_boot.121	1.897e-321	0.4928112979684758	2.436e-321	0.28635928575167885	0.05044915595495628	0.1703802603248892	1.2485516229558385e-245	2.528e-320	8.282505389622179e-19
OGG1_boot.122	3.496232567909896e-39	0.514276508585071	2.223e-321	0.29817453031537394	0.0020577881024561357	0.11516670728507948	9.934900271565037e-110	2.03e-321	0.07032446571201934
OGG1_boot.123	4.319591798838352e-196	0.4578447178265659	2.18e-321	0.3885858561070959	0.02804613541765953	0.011584727229879722	0.021565884316175864	1.31e-321	0.09237267910262298
OGG1_boot.124	1.186e-321	0.34964905035455174	1.67e-321	0.3923897744125633	0.025718903719015775	0.1788625648391217	5.18737443383e-311	7.76e-322	0.053379706674747424
OGG1_boot.125	5.945350745068536e-307	0.601119620635359	4.116e-321	0.12294898151186767	0.03965607880268009	0.08875653850862494	2.204e-321	1.625e-321	0.1475187805414685
OGG1_boot.126	4.59e-321	0.47505600980287754	5.88e-321	0.30564817553161644	0.012729820027946898	0.12908584589733452	2.703368531895134e-251	1.8e-321	0.07748014874022452
OGG1_boot.127	6.948092768561112e-32	0.5542141576704147	3.51e-321	0.22269111183925563	0.03802525118569934	0.0886306714037969	0.01615940931859475	9.6e-322	0.0802793985822388
OGG1_boot.128	0.020037639191672594	0.5304134331574436	1.863e-321	0.21384527841928885	0.023607136505528727	0.17983496487730444	1.3685856544747956e-87	6.4e-322	0.0322615478487618
OGG1_boot.129	1.136e-321	0.45356878233111386	2.233e-321	0.2159883533665516	0.022136090581827528	0.15178167859645367	1.695e-321	6.800828514378776e-269	0.15652509512405335
OGG1_boot.130	1.927e-321	0.4939357978580461	2.6e-321	0.26206468080860923	0.02355461041515047	0.08899253494707092	1.047e-321	4.67096311839747e-304	0.13145237597112333
OGG1_boot.131	0.012625183918719432	0.4531892429343354	1.947e-321	0.2696769319988003	0.0006311000880147526	0.218769754001046	0.01590899088923871	1.33e-321	0.02919879616984552
OGG1_boot.132	1.13e-321	0.5135306745969398	1.14e-321	0.1579666726386977	1.023e-321	0.1503421669466787	0.011766711122633791	7.66e-322	0.16639377469505
OGG1_boot.133	0.0012542223762563175	0.5024949658378411	5.32e-321	0.2711477047969883	3.765e-321	0.151089471704169	1.4820966604309553e-34	2.03e-321	0.07401363528474514
OGG1_boot.134	0.0271294769588439	0.5017126118617536	1.86e-321	0.2624871087904838	0.0067561175863773155	0.11714518291568332	0.0038062145056658304	8.9e-322	0.08096328738119205
OGG1_boot.135	6.42e-321	0.506220587077449	3.7e-321	0.3029569360183871	1.5159607263239177e-68	0.08564369907002027	0.028170821241727297	2.632282147479404e-299	0.07700795659241623
OGG1_boot.136	3.95e-321	0.5312093016982691	2.01e-321	0.2674768515366136	0.020295447805587414	0.10673090556489635	0.01110524861085004	1.14e-321	0.06318224478378352
OGG1_boot.137	3.503e-321	0.4317428539545023	2.09e-321	0.4433900742137974	1.98e-321	0.11261822635718727	1.98e-321	1.47e-321	0.01224884547451286
OGG1_boot.138	4.96e-321	0.5427612429793001	2.89e-321	0.28460750150401254	0.019905512022501053	0.107608782890367	4.22880368386952e-120	2.4269994789131056e-261	0.045116960603819374
OGG1_real	1.3284292518562127e-233	0.6035168609848722	0.010105196993944052	0.2564754184413362	0.03819022941723545	0.06582380167382364	0.0008030587927911777	0.025085433695997045	9.633651639095684e-56
OGG1_real.1	0.017078452011485588	0.6100485275515733	0.01806471673065812	0.24046006835238562	0.0043165115175688015	0.06263989975106156	0.0230389875680018	0.024352836517265088	1.1520830570785225e-91
OGG1_real.2	6.04e-321	0.5100012856323847	2.707e-321	0.2608685302360695	0.0208568920088859	0.11374126319981143	3.3648059056666985e-29	1.863e-321	0.0945320289228484
UNG_boot	0.07788793536484195	0.04348342200750435	2.564308762659925e-149	0.06221999281367641	0.07325930805009441	0.16625974391651024	0.5725841436702374	0.0043054541771351	1.1486666e-317
UNG_boot.1	0.09441101128684022	0.13821560060640772	0.0017972193466534328	1.5227890745754922e-261	0.10034215016077169	0.09327173858561705	0.5719622800137099	7.3e-322	8.05e-322
UNG_boot.2	1.877e-321	0.06016474795536348	0.01912240853677398	0.09905778522620805	0.05677839611286103	0.13990651151840816	0.5509378033212549	1.672727318363505e-246	0.07403234732913042
UNG_boot.3	0.01630444007694349	0.0145858735309101	0.063943917874672	0.1291884931301542	1.265e-321	0.09665217457972516	0.5825819005938097	9.04e-322	0.09674320021378528
UNG_boot.4	0.02633765677582282	9.3596379814509e-165	0.014915194638195583	0.11128961421350374	0.0711477336568806	0.17408499098025182	0.5216607287375019	5.80782011019799e-120	0.08056408099784332
UNG_boot.5	0.05327724090754013	0.13108341725174616	0.025155772357110234	0.022503279541302615	0.054334339865800683	0.161226476393511	0.45918098368021765	0.06370797477941738	0.029530515223354044
UNG_boot.6	0.0714203660950524	0.01629447714318831	8.63304035039962e-37	0.10118274434720126	7e-322	0.17333707704225665	0.5639234563098222	9.34e-322	0.07384187906247915
UNG_boot.7	0.0046272249404224605	0.009055375803611578	0.016653129543037624	0.06546555950254386	0.049656339678508514	0.1450161152527355	0.6594877992619083	8.15e-322	0.05003845601723229
UNG_boot.8	0.010107262320308641	0.056133410909864775	0.05339393040559006	0.12037708603384242	0.09182346744904746	0.0487375864052033	0.5971468909053396	1.52e-321	0.022280365570803744
UNG_boot.9	4.32e-321	0.13532363353945584	0.030370773494121525	0.05040225438886658	0.07282124330865805	0.17237262071235443	0.5220907017036596	1.3134809650895567e-237	0.016618772852883996
UNG_boot.10	9.734266129424871e-259	0.03006696619038104	0.016050135733476623	0.18335694080011397	0.025850418894832226	0.060621998664508736	0.5762422022080933	0.10781133750859405	9.5e-322
UNG_boot.11	3.878134018763836e-267	0.1317874635224403	0.024023675034206483	0.03688632171132444	0.06587768889703649	0.1055313018799665	0.5575335902344349	1.852660746938806e-290	0.07835995872059096
UNG_boot.12	2.9497167e-317	0.10402568028381833	0.06005766188140659	0.02838074094709527	0.023925381353319095	0.1415067873015959	0.5191540487531612	0.12294969947960376	1.23e-321
UNG_boot.13	0.03842506173054998	0.01710153185166184	0.056150493071001145	0.09165214686867312	0.07211430295709197	0.13178948836440568	0.5156450897374038	1.15e-321	0.07712188541921233
UNG_boot.14	1.457e-321	0.047249725283221064	0.01797402498130566	0.00852001897134544	0.0002547992285538461	0.13194827946154156	0.6473340064010126	0.024394530575924608	0.12232461509709534
UNG_boot.15	0.014927798278593253	0.08012773520759094	0.016957068595796095	1.324e-321	0.06918547012329034	0.07391957753226604	0.6394611289600081	4.0463985818753e-263	0.10542122130245518
UNG_boot.16	2.6665114815361866e-234	0.07466348993765608	0.024934782935760864	0.05765401493040203	0.05667495770210091	0.178361318316975	0.5833195529359411	0.005964929352590426	0.01842695388857353
UNG_boot.17	7.969415831384444e-128	0.06982855271894192	0.09824630530850065	0.07125070163965665	0.0379013556608105	0.16158163705050718	0.561191447621583	6.644475283888509e-294	2.1918362867255686e-136
UNG_boot.18	4.343e-321	0.09526226591396435	0.06540231655703278	0.06551510837061246	0.022583751473321947	0.03178095969583123	0.6379536749901239	8e-322	0.0815019229991133
UNG_boot.19	1.4230782706287422e-227	0.08620223213457906	0.017199396935144887	0.02661570439487754	0.11852907163156842	0.16993079229081576	0.5815228026130141	8.35e-322	1.1332941452535775e-294
UNG_boot.20	0.06623315472830404	0.06914660835137089	0.015387117947323052	0.11616795861803053	0.005480891470863031	0.11377197641693747	0.6037527339189207	8.74e-322	0.010059558548250132
UNG_boot.21	0.054216097604321535	0.11276908033171398	7.535401851705133e-51	5.3018917450938707e-297	0.03349246358033622	0.17664302906846105	0.5368396112684077	1.52e-321	0.08603971814675943
UNG_boot.22	0.06330730968934004	0.05630306449197111	0.03502536620853528	0.0403686525298722	0.014231397604469218	0.0808945006801539	0.6940075184525649	8.15e-322	0.015862190343093375
UNG_boot.23	3.365e-321	0.03938357380618772	0.04151979636879796	0.11736731528868063	0.011594336436279504	0.1351977627903458	0.5305376402128231	0.09395221820351746	0.03044735689336772
UNG_boot.24	0.002947023214476756	0.046919962276740584	0.02014354667930745	0.04245405626556776	1.403e-321	0.09521976584500173	0.7483141494157503	8.225588443732369e-217	0.044001496303155606
UNG_boot.25	9.158738920008363e-199	0.1568311144621403	0.01494401178830053	0.05022912095704544	0.009779392848259546	0.1012943818817973	0.558689445270881	0.08070262942255024	0.027529903369025593
UNG_boot.26	0.07285318901430292	0.05805140919667803	3.28e-321	0.09970423747313703	0.039688837683162476	0.17771032136042955	0.5061566011545352	1.15e-321	0.04583540411775471
UNG_boot.27	0.0807253404320138	3.8595846776922135e-32	0.06720960643583238	0.09881335427131735	0.013899535307379975	0.11758262217258338	0.5911226506453557	1.714e-321	0.030646890735517227
UNG_boot.28	0.037191185952348486	0.04724556855768032	5.229747066600325e-212	0.1543216802056103	0.0231202657380179	0.09972661908905966	0.5815637834316758	5.3e-322	0.056830897025607535
UNG_boot.29	0.06443741878787017	0.09483841677554214	0.009571988521714635	0.00868831151221586	0.053924254455874156	0.10479282294278952	0.6381290701010891	1.734e-321	0.025617716902904576
UNG_boot.30	0.008256746969006277	0.06814337353925219	0.026040878553140648	0.0952176091466424	0.0571109423819259	0.10522034597922496	0.6400101034308074	8.55e-322	9.44e-322
UNG_boot.31	0.03022455258929883	0.06029057175694492	0.023473900912428465	0.03682519174973599	0.0380941497946386	0.16251081398353617	0.6485808192134168	1.01e-321	8.998891960311291e-126
UNG_boot.32	1.5993553185439083e-104	0.060353557273702625	0.01635800095920617	0.07994323109499939	0.03090678057409786	0.2116582918105504	0.541597591901908	7.86e-322	0.05918254638553543
UNG_boot.33	0.02087633620628361	0.023814001325331156	0.07168115197301791	0.07986645372374852	0.04595805014235979	0.1884553931702355	0.5240884043286392	5.5088214641938073e-154	0.04526020913038432
UNG_boot.34	0.017009629172162692	0.15141298796593772	0.012267285853114592	0.028593399287775604	0.039502903757549376	0.10913617782878882	0.6420776161346713	1.6897153610453013e-122	1.9207116522020928e-137
UNG_boot.35	7.958278297890797e-73	0.11149003535197516	0.012104675072661367	1.1197556021092193e-58	0.06625139735771979	0.16948969039051384	0.6100200021241333	0.020660857103088452	0.009983342599908114
UNG_boot.36	0.0015685276051492908	0.021013259821121382	0.038700187325904814	0.13702940162473623	9.9e-322	0.11751993143453071	0.653657158675557	5.265390684296427e-216	0.030511533513000712
UNG_boot.37	0.02953478733719455	0.1404932238526728	0.012143804294807815	0.06449833962164046	0.11316960757539705	0.12889532818990837	0.49059449957469614	1.5907461271167096e-280	0.02067040955368276
UNG_boot.38	2.5888552332628335e-06	0.019072298670653867	1.3629844442132293e-125	0.09559206513657462	6.223198163402836e-38	0.190757953425457	0.6387090493194629	0.047106098444148335	0.008759946148469932
UNG_boot.39	1.718594388005385e-292	0.005530107346517705	0.021437714362921093	0.134650266404154	0.01825805982021465	0.14533389668515334	0.6487769384756915	7.86e-322	0.026013016905347616
UNG_boot.40	0.07258328367984598	0.10962577647574992	0.01613289818153183	0.08076584902748017	0.04357178537104218	0.03342438775355199	0.5958457632597517	1.334e-321	0.04805025625104627
UNG_boot.41	1.443e-321	0.11021468814170181	0.03442504409061362	9.495870716466105e-299	0.05761043519294142	0.1366759728629563	0.5566151744680276	0.09410489240131956	0.010353792842439714
UNG_boot.42	0.07910012827547085	0.022629260987722534	4.3087468649124486e-271	0.0734066476991852	0.002819356093704613	0.14608815333907166	0.6399400760604058	5.24e-322	0.03601637754443937
UNG_boot.43	0.007904992295550852	0.08853416307704955	0.05082614419371464	0.08832987031827119	0.022216206102198016	0.03593061185298173	0.5980011075124283	1.12e-321	0.1082569046478058
UNG_boot.44	0.013371329590839401	3.511354065170548e-111	0.023570214675410962	0.17971188509481614	0.04137505885712436	0.148329179676677	0.5808875420753147	1.695e-321	0.012754790029817432
UNG_boot.45	4.602064480365735e-193	0.04404730814694308	0.053702871937821306	0.08637986413189665	0.05089723408751964	0.08408238321086547	0.6096959324481361	0.06398004138868653	0.007214364648131306
UNG_boot.46	3.3443762867414075e-221	0.06962682172782067	0.008331876696481494	0.09092444969541631	0.04291675932722001	0.08140365824369503	0.7067964343093663	8.838309568655909e-213	4.2387256915047776e-107
UNG_boot.47	2.386e-321	0.07603597390156518	0.03276433788424549	0.05605615978157625	2.889952783937867e-70	0.1335137690590731	0.5836676639348397	0.0377013736120032	0.08026072182669702
UNG_boot.48	0.060024186399995655	0.054659137295269056	0.026227006009280986	0.08652456721154557	0.040173667740046	0.09835316777964455	0.6340382675642183	1.23e-321	3.633668347013058e-262
UNG_boot.49	1.5061378354099204e-35	0.06534453043538294	0.01748975762603564	0.09389639102220662	0.04832428534383384	0.2055013969783785	0.5085811708989165	9.93e-322	0.0608624676952459
UNG_boot.50	0.06815706699399113	8.046806288389765e-34	0.03351480473097702	0.10737801283754367	0.07084751197344187	0.09078766420199558	0.6293149392620508	2.4014056751543926e-32	2.7945842744179686e-81
UNG_boot.51	0.04475843493861534	0.13517073421795373	1.65e-321	6.306317084474741e-252	0.08665269966448062	0.06659773360395956	0.36246114592602374	0.30370884402687326	0.0006504076220936874
UNG_boot.52	0.011833835746046876	0.09094846567904358	5.08e-321	1.609020796937663e-228	4.3652507669719885e-42	0.11283246078677818	0.37765651848997034	0.406728719298161	1.4836011659942817e-307
UNG_boot.53	8.749115242584064e-181	0.017135143159113936	6.517941436958085e-261	0.14180539209790136	0.06407486993770443	0.074264065718305	0.38504434115190067	0.2951279666716066	0.022548221263468185
UNG_boot.54	0.045083292382174595	0.028158250003834123	1.067e-321	0.07343589269544817	0.04468216919884365	0.08573664906859345	0.4078039886307526	0.3150997580203536	3.95e-322
UNG_boot.55	0.01767526896625663	0.1440605980587503	2.3311583452864e-266	2.3739833402043405e-188	0.0682740722188654	0.13298193341199288	0.3351883354263775	0.3018197919177574	1.334e-321
UNG_boot.56	0.025300505862416504	0.07310475393232974	0.004263202761207122	0.02921467611295471	0.031238225705699393	0.05526897236549536	0.3708312077246506	0.4107784555352465	8.35e-322
UNG_boot.57	5.035e-321	0.10564601026085846	3.86e-321	0.04814353416600867	0.09179667824509058	0.030396793967994135	0.357214837633388	0.3663774523227865	0.00042469340387359903
UNG_boot.58	2.935e-321	0.15997447512005733	3.444e-321	8.7e-322	0.0848384987939421	0.06567944012413757	0.27727366220246663	0.4122339237593964	1.117e-321
UNG_boot.59	0.04867983925811565	0.11066974972105033	2.95e-321	0.04200788893398264	0.04769551449061675	0.08123826280626632	0.38299428311980865	0.2867144616701595	6.23e-322
UNG_boot.60	0.05479471437391847	0.08466219470648567	1.56e-321	0.0738319883288594	0.056134121423746526	0.10613335758572356	0.2558038016290802	0.36863982195218625	7.46e-322
UNG_boot.61	1.4157564594705133e-128	0.13676952743808704	0.007337367886860925	2.7479672915144533e-304	0.0748749807683268	0.0739232902423168	0.30674383148848405	0.40035100217592434	7.5e-322
UNG_boot.62	4.274e-321	0.04754610238653301	2.03e-321	0.04218184409996571	0.1052743514281403	0.10836925344452022	0.38717498824205243	0.30945346039878824	5.63e-322
UNG_boot.63	1.1037830734476852e-109	0.11004640246568224	2.86e-321	0.0014926625190769813	0.050477813125323234	0.040697305805811296	0.35472660966171005	0.4425592064223962	5.6e-322
UNG_boot.64	0.02504004426253862	0.0966707307324154	4.007e-321	0.02302865905748988	0.0353275011460747	0.12690359525181164	0.42324614192931287	0.26978332762035695	1.18e-321
UNG_boot.65	2.233e-321	0.031022489621544146	0.003176368618737377	0.13612391711734054	0.048575672135578056	0.007955518597709836	0.3790761599626944	0.3940698739463957	7.6e-322
UNG_boot.66	0.006242990079929638	0.09062148369234836	1.09e-321	0.07933306074283834	0.06428070497582739	0.040960038442043656	0.3673242350439436	0.35123748702306884	5.5e-322
UNG_boot.67	0.011023609358738229	0.1592076026485986	2.6632305318925124e-24	0.002617387833190086	0.04913261018703464	0.07740650311127775	0.3315356630644637	0.3690766237966969	1.843e-321
UNG_boot.68	0.045334714728243644	0.1289887603546032	1.097e-321	0.005090914420672705	0.10031087023323482	0.04101745302716802	0.33688393420266716	0.34237335303341043	9.9e-322
UNG_boot.69	0.05586727565874664	0.12393600834613545	1.62e-321	1.25e-321	0.07218658984954307	0.08286600702961643	0.4025178809176776	0.2626262381982808	1.374e-321
UNG_boot.70	0.038906504661628726	0.08220397619509523	3.1675654865056373e-69	0.03383592362942644	1.449603528897488e-174	0.15230663888136756	0.4055620703922149	0.2871848862402671	1.32e-321
UNG_boot.71	0.029429632927814635	0.06121083433609175	2.347e-321	0.10884215425960435	0.05068615480690614	0.06551062738724807	0.4206794585479716	0.2636411377343633	1.033e-321
UNG_boot.72	0.09743341858732091	0.09200024832813518	0.007585854292373467	0.0007322595549198913	0.031469102520475356	0.10349840770433971	0.37955159969276897	0.28772910931966655	1e-321
UNG_boot.73	3.0809966175847755e-176	0.11550498386983418	3.18e-321	0.04164333799346765	0.13205715647827296	0.060945938817957415	0.3257589267675728	0.32408965607289497	5.6e-322
UNG_boot.74	1.9738152029590984e-18	0.13779337714937703	0.02338002046473921	3.5438065748271285e-258	0.08307233965731702	0.036061579690057174	0.3278201916696454	0.39187249136886426	6.076311876927172e-258
UNG_boot.75	0.06402681670172602	0.13059074458450395	1.52e-321	1.042e-321	0.07452098291002066	0.059138223553599545	0.3534769989515505	0.3182462332985992	1.29e-321
