Samples	SBS96A	SBS96B	SBS96C	SBS96D	SBS96E
EXO1_real_train_fold1	0.825443146647709	0.021747038052180697	0.023119735100806987	0.1139823722897811	0.015707707909522042
OGG1_real_train_fold1	1.468617073107924e-124	0.01583451499464793	0.07845649053772022	0.1170205283237666	0.7886884661438653
RNF168_real_train_fold1	0.7952189334298535	4.828653791638172e-148	0.10934565885797123	0.06919960405242945	0.026235803659746
UNG_real_train_fold1	0.045015730192834294	1.7103431287371551e-106	0.03816932016288182	0.8348620016225542	0.08195294802172978
ATP2B4_real_train_fold1	0.13661707526563532	4.839211363184525e-13	0.5652481898295414	0.1834468294877318	0.11468790541660756
ATP2B4_real_train_fold1.1	1.523036680826512e-166	0.10448577580049849	0.7502265780139179	1.916458119617428e-177	0.14528764618558365
MLH1_real_train_fold1	2.49e-321	0.9428062604547582	1.36e-321	0.054366814944639276	0.002826924600602544
MSH2_real_train_fold1	2.06e-321	0.8741726707104732	2.6502545993755815e-211	0.11827160733556286	0.00755572195396381
MSH6_real_train_fold1	1.184071733137e-311	0.9487913375381127	3.122391543921232e-209	0.03269523462416402	0.0185134278377233
MSH6_real_train_fold1.1	4.589339246871662e-268	0.9698139074105189	2.12001276e-315	1.172896716557238e-06	0.03018491969276472
PMS1_real_train_fold1	4.899345330848521e-233	0.21371082762591406	0.5610049301691776	0.18092911424143254	0.0443551279634758
PMS2_real_train_fold1	0.4548008400648169	0.5317325061717282	2.9267e-319	3.1e-322	0.013466653763455017
EXO1_dirichlet_train_fold1	0.8201307109294083	5.143373635599588e-145	1.873e-321	0.013686685785328594	0.1661826032852633
RNF168_dirichlet_train_fold1	0.7708403191406366	7.79638993e-316	0.09096625033633206	0.1381934305230313	4.4e-322
RNF168_dirichlet_train_fold1.1	0.8641965341761423	3.11e-321	7.609146240885696e-53	1.8345240218499617e-262	0.1358034658238578
EXO1_dirichlet_train_fold1.1	0.6572563620164941	0.05604208799387959	0.16006961154985277	0.1266319384397735	1.15e-321
RNF168_dirichlet_train_fold1.2	0.9092055453865058	6.67e-322	1.4238292026103631e-142	1.033e-321	0.09079445461349406
RNF168_dirichlet_train_fold1.3	0.8769539077764904	3.785983982217515e-309	2.4e-321	0.03042769298627277	0.0926183992372368
RNF168_dirichlet_train_fold1.4	0.8809234001608782	1.28482e-318	0.09591505737101631	7.603116021184186e-05	0.02308551130789357
RNF168_dirichlet_train_fold1.5	0.7648700631249257	1.2512429920193593e-92	1.04e-321	0.23512993687507416	1.24e-321
RNF168_dirichlet_train_fold1.6	0.6728128336535292	3.36e-322	0.005068880456400859	0.2656230136369091	0.056495272253160804
RNF168_dirichlet_train_fold1.7	0.7847117961818517	0.08387010705245297	0.05273078741427498	2.41e-321	0.07868730935142033
RNF168_dirichlet_train_fold1.8	0.8378325833226802	2.277479824565608e-182	1.843e-321	0.05066889904967323	0.11149851762764658
EXO1_dirichlet_train_fold1.2	0.6313551653876951	0.10848724491720829	1.052441150894952e-253	0.24079403904409502	0.019363550651001718
EXO1_dirichlet_train_fold1.3	0.8919670853362295	0.02589892534067318	1.24e-321	0.07746559489929698	0.004668394423800275
RNF168_dirichlet_train_fold1.9	0.6811737404786059	1.556e-321	0.05610108244928605	0.12441086977279317	0.13831430729931485
EXO1_dirichlet_train_fold1.4	0.6692363924695166	0.02887326519994222	5.44791051807324e-208	0.301890342330541	1.156e-321
EXO1_dirichlet_train_fold1.5	0.9209817451697062	4.46e-321	9.8e-322	0.0790182548302939	3.0771172869255335e-39
EXO1_dirichlet_train_fold1.6	0.8778637433572116	6.97e-322	3.4236469759390424e-284	0.1221362566427884	2.095e-321
EXO1_dirichlet_train_fold1.7	0.7680631867889851	0.2319368132110148	3.52e-321	6.15506406807033e-112	8.6e-322
EXO1_dirichlet_train_fold1.8	0.7857701294096869	0.14272940511254004	1.477e-321	0.07150046547777313	2.87e-322
RNF168_dirichlet_train_fold1.10	0.6678288355943118	0.09673220894435845	0.11315008792336556	0.12228886753796422	8.187892916552825e-283
EXO1_dirichlet_train_fold1.9	0.6563495812291773	0.19802204005234786	2.9160736823524607e-300	0.019824482407035257	0.1258038963114396
RNF168_dirichlet_train_fold1.11	0.7530279258219903	0.06747004923659802	0.12008569358399576	0.05941633135741582	1.6361060476158242e-23
RNF168_dirichlet_train_fold1.12	0.7261764242866582	8.94e-322	0.24029289468267934	0.0335306810306626	9.83e-322
EXO1_dirichlet_train_fold1.10	0.8986152311696438	0.018726567120448092	0.0817107643727886	3.77195267455321e-294	0.0009474373371194661
EXO1_dirichlet_train_fold1.11	0.7513238578393883	1.255e-321	0.03360540506057517	0.19990719129249312	0.0151635458075435
RNF168_dirichlet_train_fold1.13	0.8085867841948352	0.11183449689274906	3.3027861844102224e-134	0.07957871891241576	1.272089269846654e-96
RNF168_dirichlet_train_fold1.14	0.827875690277586	0.07025335837139797	0.10187095135101606	1.734e-321	2.9e-322
RNF168_dirichlet_train_fold1.15	0.7475233033805726	9.24e-322	0.12022051493440894	0.13225618168501857	2.9e-322
RNF168_dirichlet_train_fold1.16	0.6002658640802669	0.042679618098921894	0.19820440765323713	0.15885011016757417	3.06e-322
EXO1_dirichlet_train_fold1.12	0.8365688424558834	2.945e-321	4.469022517936828e-158	0.07556617601723684	0.08786498152687972
RNF168_dirichlet_train_fold1.17	0.6600198816855811	0.19225263722501293	0.039686083860944785	2.164e-321	0.10804139722846116
EXO1_dirichlet_train_fold1.13	0.9551792909877969	0.005832225289643963	0.038988483722559066	3.31e-321	6.392348594327327e-288
RNF168_dirichlet_train_fold1.18	0.86418253668214	2.5e-321	0.0388213882259111	3.275351406802453e-06	0.09699279974054206
EXO1_dirichlet_train_fold1.14	0.6703610113756994	0.11980683848145544	0.0934521571440019	0.030690573526995925	0.08568941947184743
RNF168_dirichlet_train_fold1.19	0.703768423263517	0.10957598783720625	0.10406349994757184	0.010827781843761713	0.07176430710794326
RNF168_dirichlet_train_fold1.20	0.5072608075853703	5.3668147125038994e-79	0.06876759846309533	0.280514696503612	0.1434568974479223
EXO1_dirichlet_train_fold1.15	0.5946952778366388	0.1088030806245292	0.02627264405659965	0.27022899748223217	6.13e-322
RNF168_dirichlet_train_fold1.21	0.9781848727836305	2.56e-321	4.799518412907527e-98	2.029374909048427e-281	0.021815127216369433
RNF168_dirichlet_train_fold1.22	0.7953140906304159	2.13e-321	0.14882113900211474	0.05586477036746927	9.973910069946562e-241
EXO1_dirichlet_train_fold1.16	0.9452251745660291	0.01936435883910349	5.553086549329628e-305	1.975757320838967e-201	0.0354104665948673
EXO1_dirichlet_train_fold1.17	0.6830722401818027	0.057479631369730194	5.9e-322	0.25944812844846704	2.87e-322
RNF168_dirichlet_train_fold1.23	0.8286906871615902	1.21e-321	7.857424268440021e-87	0.10179253011918342	0.06951678271922622
EXO1_dirichlet_train_fold1.18	0.7104991138011718	3.0432119077887835e-250	7.741020513659559e-62	0.2440695126167616	0.045431373582066614
RNF168_dirichlet_train_fold1.24	0.7529215984009971	0.020038193661842313	0.08258402486563558	0.11662292307168635	0.027833259999838565
RNF168_dirichlet_train_fold1.25	0.7625332413209529	9.44e-322	0.2374667586790471	1.29e-321	7.348014605911843e-148
RNF168_dirichlet_train_fold1.26	0.731356933448697	0.1108653599262189	2.0196918433158277e-282	0.1075016249349305	0.050276081690153615
RNF168_dirichlet_train_fold1.27	0.7225638321856873	0.06768943544592504	0.1678638181441933	0.04188291422419452	3.3e-322
RNF168_dirichlet_train_fold1.28	0.6967260697088993	1.47e-321	0.29236047453236397	0.010913455758736592	2.96e-322
EXO1_dirichlet_train_fold1.19	0.7297279822265459	0.04410760638498586	0.028909238362516156	0.19725517302595205	9.34e-322
RNF168_dirichlet_train_fold1.29	0.9048901962233782	1.067e-321	0.07866923067022835	1.2744410148924035e-306	0.01644057310639336
EXO1_dirichlet_train_fold1.20	0.6273539201460369	0.2281483627716491	2.33e-321	0.14449771708231396	6.67e-322
RNF168_dirichlet_train_fold1.30	0.6719189334399281	0.09678712372662748	0.23129394283344445	4.588282646955583e-118	1.4e-322
RNF168_dirichlet_train_fold1.31	0.984408671604737	1.25e-321	0.005982334917378978	1.77e-321	0.009608993477883885
RNF168_dirichlet_train_fold1.32	0.6516313458412056	1.135181933716555e-06	0.2380766209233528	0.11029089805350785	3.036256756810054e-291
RNF168_dirichlet_train_fold1.33	0.7644457967177911	4.894989744318181e-97	3.4611821758377984e-94	0.17382315517435162	0.06173104810785726
EXO1_dirichlet_train_fold1.21	0.6190370119169591	0.029241407478616938	0.25733826962515716	0.03841969488397502	0.05596361609529182
RNF168_dirichlet_train_fold1.34	0.7855535874688172	0.098909216956349	0.11553719557483387	1.507e-321	1.206e-321
EXO1_dirichlet_train_fold1.22	0.7752204440188077	0.17256373454996374	7.207240026221224e-95	0.03672649260558477	0.015489328825643555
EXO1_dirichlet_train_fold1.23	0.7870786393772249	0.0815363203332175	3.374816739293285e-89	0.1313850402895578	1.003e-321
RNF168_dirichlet_train_fold1.35	0.41593025380959925	0.044712920900525664	0.27074698452340595	0.24166139094574285	0.026948449820726177
RNF168_dirichlet_train_fold1.36	0.7912668693120152	0.06868276724427229	0.01397406274477351	1.18e-321	0.12607630069893908
EXO1_dirichlet_train_fold1.24	0.9949168824529462	6.8e-322	2.3291744200313017e-156	3.1721241673876313e-129	0.005083117547053841
RNF168_dirichlet_train_fold1.37	0.88866795188946	0.04145271294507781	0.03991697431949093	2.135649693393087e-89	0.029962360845971342
EXO1_dirichlet_train_fold1.25	0.9945808946490381	2.41e-321	1.433e-321	7.329071138376591e-221	0.005419105350961958
RNF168_dirichlet_train_fold1.38	0.6643186137459707	2.349173389679e-311	1.2792931919553572e-102	0.23259836981129361	0.10308301644273568
EXO1_dirichlet_train_fold1.26	0.9725492430545501	9.4e-322	1.586e-321	3.523e-321	0.027450756945449867
EXO1_dirichlet_train_fold1.27	0.8288877290407881	8.365872666448488e-263	0.08081088183842756	0.09030138912078427	2.3e-322
EXO1_dirichlet_train_fold1.28	0.886572873361269	0.050729679088755676	0.04431702137603705	1.507e-321	0.018380426173938175
EXO1_dirichlet_train_fold1.29	0.834902796236279	2.67e-321	0.08163473809039534	0.06481097187474666	0.018651493798578982
EXO1_dirichlet_train_fold1.30	0.9831657872335743	0.0168342127664257	2.25e-321	1.1237014250798034e-17	1.764e-321
RNF168_dirichlet_train_fold1.39	0.4693794303875336	0.324264417174499	1.823e-321	0.17156442685296197	0.03479172558500538
RNF168_dirichlet_train_fold1.40	0.7957063453574257	0.05593872404231513	0.13459901727416054	1.897e-321	0.013755913326098752
EXO1_dirichlet_train_fold1.31	0.7808147716164427	2.2487981540367933e-78	1.9939119088342412e-22	0.08653873460810475	0.13264649377545243
EXO1_dirichlet_train_fold1.32	0.7093979375143865	0.15785542658756968	1.840308504879061e-30	0.12504057566223026	0.0077060602358136575
EXO1_dirichlet_train_fold1.33	0.8350692717676538	1.947e-321	2.0442247793179514e-90	0.055749305936462615	0.10918142229588354
RNF168_dirichlet_train_fold1.41	0.7751395129922518	0.10613731177171284	0.013136290817520458	0.05977213042939292	0.04581475398912205
RNF168_dirichlet_train_fold1.42	0.8791247247942638	0.0011806123156142898	0.03214033757865936	0.022552652518301585	0.06500167279316078
EXO1_dirichlet_train_fold1.34	0.8169289030143633	0.1478266433035129	2.0732898898420852e-191	0.035244453682123894	3.7e-322
RNF168_dirichlet_train_fold1.43	0.9056743022942135	6.67e-322	1.0404113123069673e-238	0.03455093884754627	0.05977475885824023
EXO1_dirichlet_train_fold1.35	0.8303536480980976	0.050044173794257366	2.578801050975437e-223	0.11960217810764483	1.72e-321
EXO1_dirichlet_train_fold1.36	0.6420037833894625	0.004714564734381904	0.27205413858110583	0.04993777152348993	0.03128974177155977
RNF168_dirichlet_train_fold1.44	0.760543772805243	2.1054794356584825e-251	0.23944871623696887	7.510957788223855e-06	4.55e-322
EXO1_dirichlet_train_fold1.37	0.8607363409246344	2.204e-321	1.755298841564669e-14	0.08434721066681129	0.05491644840853679
RNF168_dirichlet_train_fold1.45	0.883889748349324	1.4341076358483992e-275	1.74e-321	0.10714661578330915	0.008963635867366827
RNF168_dirichlet_train_fold1.46	0.6704631361074239	1.937e-321	0.09034170110778825	0.23919516278478772	4.2e-322
RNF168_dirichlet_train_fold1.47	0.7571276605621506	0.06836625517855771	1.13e-321	7.95e-322	0.17450608425929143
RNF168_dirichlet_train_fold1.48	0.6967413293529199	1.93e-321	0.22677042527478306	7.36e-322	0.07648824537229708
RNF168_dirichlet_train_fold1.49	0.9776259517159622	1.606e-321	4.81400320608788e-129	0.022374048284037655	3.8223021626378445e-304
RNF168_dirichlet_train_fold1.50	0.692336876319759	0.09870980031405323	0.12921178660543786	0.07974153676074996	2.17e-322
EXO1_dirichlet_train_fold1.38	0.6087286372625362	1.96e-321	0.12459825615559861	0.17131733787034473	0.09535576871152042
RNF168_dirichlet_train_fold1.51	0.6820315494460882	0.15619793082126163	0.03376045721316092	0.008077025933969287	0.11993303658551988
RNF168_dirichlet_train_fold1.52	0.33472258575695024	0.30912267771768986	0.029258565183181585	0.10548147310263141	0.2214146982395469
EXO1_dirichlet_train_fold1.39	0.9999999999999999	5.386680828720508e-30	1.586e-321	2.0129385262942433e-189	3.6e-322
EXO1_dirichlet_train_fold1.40	0.9823847692014377	4.007e-321	1.255e-321	6.143098233239613e-93	0.017615230798562264
RNF168_dirichlet_train_fold1.53	0.9137177373928267	3.36e-322	0.03295645308377026	2.915385974022338e-123	0.05332580952340291
EXO1_dirichlet_train_fold1.41	0.8399657447446206	5.514933440118706e-233	0.010868281798162122	0.07626962900968313	0.072896344447534
EXO1_dirichlet_train_fold1.42	0.8306997225144832	0.09877418724287017	1.477e-321	1.0543171268853657e-130	0.07052609024264662
RNF168_dirichlet_train_fold1.54	0.3698634632006345	3.1e-322	0.3952930245050459	0.23484351229431957	3.56e-322
OGG1_dirichlet_train_fold1	5.3508545571916726e-229	3.187e-321	0.21721660287582345	0.08812308483429089	0.6946603122898856
UNG_dirichlet_train_fold1	0.05338114395128283	0.03213075392738879	0.11084890998679353	0.8036391921345349	7.384231401331322e-72
UNG_dirichlet_train_fold1.1	0.0525565012969514	6.13995423718882e-10	1.278521305737167e-169	0.8230134716530765	0.1244300264359766
UNG_dirichlet_train_fold1.2	4.330856075925261e-206	1.21e-321	0.238398529599086	0.7361886146040949	0.025412855796819084
OGG1_dirichlet_train_fold1.1	7.485601878586786e-49	1.49e-321	0.5858555426284966	1.27e-321	0.41414445737150335
UNG_dirichlet_train_fold1.3	0.0577554441793288	0.047649342400356	0.20557352808916826	0.6645455875400907	0.024476097791056164
OGG1_dirichlet_train_fold1.2	0.03793245823492402	2.17e-321	0.14076303473402546	0.057681026629149756	0.7636234804019008
OGG1_dirichlet_train_fold1.3	0.031776251770774394	4.4435100337205185e-270	0.24721451622483454	0.10419889690669293	0.6168103350976981
UNG_dirichlet_train_fold1.4	0.037399185892956946	1.635e-321	0.33015316886628715	0.5814033930152894	0.051044252225466526
UNG_dirichlet_train_fold1.5	1.863e-321	4.64e-322	0.37357321396540316	0.5721502035393135	0.0542765824952832
OGG1_dirichlet_train_fold1.4	7.5e-322	1.31e-321	0.08897635058113343	0.04414605205802507	0.8668775973608415
OGG1_dirichlet_train_fold1.5	2.243e-321	0.002633012248199322	0.23928262351188917	0.03786546209893427	0.7202189021409774
UNG_dirichlet_train_fold1.6	0.14196749483231114	0.04225059798779495	7.95e-322	0.7328311092456663	0.08295079793422765
UNG_dirichlet_train_fold1.7	3.04e-321	0.002615791756522637	0.13550273155459558	0.8249743459913598	0.036907130697522036
UNG_dirichlet_train_fold1.8	2.614e-321	0.06819604095517927	3.37899590017e-313	0.7401310225528853	0.19167293649193554
OGG1_dirichlet_train_fold1.6	2.41e-321	4.397e-321	0.07323678423319528	5.50214323025662e-29	0.9267632157668048
UNG_dirichlet_train_fold1.9	2.4508929394721477e-191	2e-321	2.98474338490421e-217	0.9414645788054837	0.0585354211945162
OGG1_dirichlet_train_fold1.7	2.9660776893151083e-236	8.654282237439402e-173	0.46542674542984264	0.007846182621686883	0.5267270719484703
UNG_dirichlet_train_fold1.10	0.03872876218984057	0.03635026773240689	6.259934158045474e-43	0.8272513143611088	0.0976696557166439
OGG1_dirichlet_train_fold1.8	1.645e-321	0.06253599134739339	0.0029950782846485547	0.12413358666896966	0.8103353436989884
UNG_dirichlet_train_fold1.11	1.024478665863514e-307	1.734e-321	7.083872531180582e-237	0.8953263175050024	0.10467368249499755
OGG1_dirichlet_train_fold1.9	0.10683959894137572	0.10344862657309316	1.2506999268261975e-54	1.7164128509651297e-53	0.7897117744855312
OGG1_dirichlet_train_fold1.10	0.03160691143169518	0.02769475732163506	1.0222212971599e-293	1.7905889297273594e-173	0.9406983312466699
OGG1_dirichlet_train_fold1.11	1.5182347797325652e-37	0.14917039448073027	0.3254517274881825	5.4123622501726745e-107	0.5253778780310872
UNG_dirichlet_train_fold1.12	0.14781920811807797	3.0828914e-316	1.097e-321	0.7034713786464815	0.14870941323544049
UNG_dirichlet_train_fold1.13	0.11703828077180888	1.7605306530012035e-264	0.05900100895524586	0.771978886809916	0.0519818234630293
UNG_dirichlet_train_fold1.14	0.002675051325297656	1.996e-321	0.04292191365746008	0.8847067528510587	0.06969628216618348
OGG1_dirichlet_train_fold1.12	0.11937119774037389	7.7e-322	2.847584714928378e-132	0.11481880306016143	0.7658099991994647
OGG1_dirichlet_train_fold1.13	1.147106843126986e-90	0.032827243436771646	1.8878426674397525e-72	0.0808422099764332	0.8863305465867951
UNG_dirichlet_train_fold1.15	1.06e-321	9.5e-322	0.17462675411557724	0.8253732458844228	2.0987632035655837e-84
UNG_dirichlet_train_fold1.16	5.4439128575772473e-163	0.187156368315211	0.15377919332840964	0.6590644383563793	7.56e-322
UNG_dirichlet_train_fold1.17	2.3215182522346337e-267	0.09063609295424853	1.3042467005414136e-253	0.6557302109167927	0.25363369612895875
OGG1_dirichlet_train_fold1.14	1.694215129339092e-200	0.106423714551161	1.264772862827191e-41	0.2991155861918729	0.5944606992569662
UNG_dirichlet_train_fold1.18	0.025008015928614385	1.966e-321	0.27199530367986163	0.7029966803915242	7e-322
OGG1_dirichlet_train_fold1.15	2.4404880598834182e-238	1.413e-321	0.36739810264002587	0.043251044565141075	0.589350852794833
UNG_dirichlet_train_fold1.19	1.0797206092007662e-232	0.23858014530488084	5.35561426541326e-162	0.7191682500320498	0.04225160466306934
OGG1_dirichlet_train_fold1.16	0.02976711177992013	2.233e-321	0.36606021718251697	0.05191655233555042	0.5522561187020125
UNG_dirichlet_train_fold1.20	0.07390385669403132	0.1015840798116833	1.14e-321	0.6784353636010669	0.1460766998932185
UNG_dirichlet_train_fold1.21	3.153941248580186e-262	0.1720621174905561	0.28858208559673165	0.47121477804601253	0.06814101886669977
OGG1_dirichlet_train_fold1.17	1.58e-321	0.030143342468005836	0.40689518515358614	0.17504081672623706	0.3879206556521708
UNG_dirichlet_train_fold1.22	1.5e-321	6.159827873869905e-05	0.06188076294341049	0.9380576387778508	2.17e-322
UNG_dirichlet_train_fold1.23	6.97e-322	0.35904424830073567	9.14e-322	0.5787271718795579	0.06222857981970643
UNG_dirichlet_train_fold1.24	0.010330657016789438	0.011786341675616357	1.059401810606411e-73	0.8498082682536885	0.12807473305390576
OGG1_dirichlet_train_fold1.18	0.061135519441834665	2.367e-321	1.7808103905555526e-193	0.11039363573915265	0.8284708448190128
UNG_dirichlet_train_fold1.25	0.08257872716959608	0.11968278693511478	0.09730436651510453	0.7004341193801845	1.33e-322
OGG1_dirichlet_train_fold1.19	1.71797602862771e-234	0.09844124427345406	0.03903323247366627	0.0864950151144866	0.7760305081383931
UNG_dirichlet_train_fold1.26	0.09234568045816266	0.0498950348175671	0.10273428437487829	0.716660709013606	0.03836429133578591
OGG1_dirichlet_train_fold1.20	6.024514450046909e-26	1.596e-321	2.2341622754695364e-161	0.16077774251869206	0.8392222574813079
UNG_dirichlet_train_fold1.27	2.16e-321	0.12800818572668957	1.8219937986610763e-299	0.8050658842721586	0.06692593000115164
OGG1_dirichlet_train_fold1.21	0.1348054357438936	0.08684939207313938	7.608113323810844e-104	4.923494394357848e-41	0.778345172182967
OGG1_dirichlet_train_fold1.22	0.13281091731916242	0.049840923387813874	0.00332725624512751	0.0356428543348447	0.7783780487130514
UNG_dirichlet_train_fold1.28	0.07015584622184261	0.12100306718227737	1.0468595665940464e-150	0.6757535911609257	0.13308749543495418
UNG_dirichlet_train_fold1.29	2.9629383e-316	9.14e-322	0.02319355548148328	0.7649777758318753	0.21182866868664138
OGG1_dirichlet_train_fold1.23	0.0026276444669229375	3.873e-321	0.13151562527087268	0.08524091277702972	0.7806158174851747
OGG1_dirichlet_train_fold1.24	1.5249418170540684e-127	0.07344711682776685	0.3473661421016709	1.24e-321	0.5791867410705622
OGG1_dirichlet_train_fold1.25	1.7467360305040822e-231	1.937e-321	8.9806e-320	0.17062735259273307	0.8293726474072669
OGG1_dirichlet_train_fold1.26	2.19148170851538e-40	0.14716926110785922	3.809318124618098e-104	0.10799596634454398	0.7448347725475968
UNG_dirichlet_train_fold1.30	1.9502495194141946e-34	9.5e-322	0.220733949133892	0.7792660508661079	4.6e-322
OGG1_dirichlet_train_fold1.27	3.127781051578636e-121	1.1523987356157923e-79	0.048515085066754685	0.03034642044560822	0.9211384944876372
OGG1_dirichlet_train_fold1.28	0.16265941859543234	1.38e-321	7.236052415056095e-05	0.21822731988921013	0.6190409009912071
UNG_dirichlet_train_fold1.31	1.3435838153692797e-35	0.131033416507934	0.22157220488486817	0.6473943786071978	1.2e-322
UNG_dirichlet_train_fold1.32	0.013774688929798504	1.39e-321	0.05395241408598275	0.8749307627269378	0.057342134257280866
UNG_dirichlet_train_fold1.33	1.9010659269381135e-151	1.52e-321	0.05887735992298467	0.8141224632227284	0.1270001768542868
OGG1_dirichlet_train_fold1.29	0.16837678254247693	0.09023947489381824	1.1663309655353953e-93	0.16960961337918581	0.5717741291845191
OGG1_dirichlet_train_fold1.30	1.487e-321	9.8e-322	0.454907816420174	6.250180393535395e-76	0.5450921835798259
UNG_dirichlet_train_fold1.34	0.09664826018972433	0.1712474409411489	0.18762375482189894	0.4854154732560836	0.059065070791144314
OGG1_dirichlet_train_fold1.31	0.013908626263501716	0.006283012616621357	0.28956094515234765	0.18689500529790415	0.5033524106696252
UNG_dirichlet_train_fold1.35	1.8021120254505324e-156	0.11047640669112617	6.211362516697485e-174	0.646510641243048	0.24301295206582588
UNG_dirichlet_train_fold1.36	0.06784706598129625	2.01e-321	0.038523847778049986	0.8735241249593814	0.02010496128127236
UNG_dirichlet_train_fold1.37	0.010732660300211482	0.1322899476863497	0.2661039000527604	0.5908734919606784	1.2217547083501924e-75
OGG1_dirichlet_train_fold1.32	2.8535081860776094e-214	0.11781706367007183	0.3363237292963367	9.331134887313001e-164	0.5458592070335916
UNG_dirichlet_train_fold1.38	0.005508102302493929	1.26e-321	4.55e-322	0.9350508777870042	0.059441019910501845
OGG1_dirichlet_train_fold1.33	4.9104823460085935e-285	2.86e-321	0.4581638908773787	0.0010573446888090322	0.5407787644338122
OGG1_dirichlet_train_fold1.34	0.07722946678469987	0.0801656927266746	0.07074170914878401	0.08008913596890209	0.6917739953709395
OGG1_dirichlet_train_fold1.35	0.13339777819024226	0.004569395789493057	4.3659640500015975e-96	0.05660676556344242	0.8054260604568222
OGG1_dirichlet_train_fold1.36	9.265009067331293e-124	2.994e-321	0.0010674878354434054	0.07272636704045858	0.926206145124098
OGG1_dirichlet_train_fold1.37	0.07955982644570882	0.0503942959667941	0.18157701097620518	0.03374507103718912	0.6547237955741029
OGG1_dirichlet_train_fold1.38	2.5739586428467716e-56	1.2598159065978492e-66	2.9117759226998577e-238	0.10054401768358323	0.8994559823164168
UNG_dirichlet_train_fold1.39	2.3640887908941737e-38	0.06171718084917105	5.4e-322	0.8181560675985382	0.12012675155229076
OGG1_dirichlet_train_fold1.39	0.010179442805003908	3.864e-321	7.11184944236055e-193	0.14172159279115765	0.8480989644038385
UNG_dirichlet_train_fold1.40	2.98e-321	4.719809947764408e-110	6.57e-322	0.8342662082561384	0.1657337917438617
OGG1_dirichlet_train_fold1.40	1.614361487444275e-34	1.32e-321	6.36292610715631e-188	0.07748426772106179	0.9225157322789381
OGG1_dirichlet_train_fold1.41	4.202513088576173e-125	0.06271516036996874	4.125253183423198e-111	0.043956639630813754	0.8933281999992175
UNG_dirichlet_train_fold1.41	0.011934408237053877	0.17918311591592373	1.02e-321	0.7863212527551876	0.022561223091834795
OGG1_dirichlet_train_fold1.42	1.2733670934785238e-244	0.11183978902956868	0.07586152199986214	0.17171077481335056	0.6405879141572187
UNG_dirichlet_train_fold1.42	0.01939358020389938	2.193013303565989e-140	0.24433326401613611	0.6387184410776133	0.09755471470235125
OGG1_dirichlet_train_fold1.43	1.2070754189871648e-70	0.016869007286652724	8.948700945044624e-05	3.140425136662331e-111	0.9830415057038968
OGG1_dirichlet_train_fold1.44	4.80370420508765e-128	0.0323198140902537	0.4610746150342862	6.979490857615496e-115	0.5066055708754601
OGG1_dirichlet_train_fold1.45	2.361501539220448e-254	1.6833116970490587e-222	0.5426951293862385	2.6402441994939075e-247	0.45730487061376157
OGG1_dirichlet_train_fold1.46	0.18924744150687858	0.017263212564138392	5.977772489260027e-188	0.14596103036978175	0.6475283155592011
UNG_dirichlet_train_fold1.43	3.34e-321	0.20528638302968275	9.24e-322	0.5354994501339869	0.25921416683633053
OGG1_dirichlet_train_fold1.47	4.307998207801851e-224	3.463e-321	0.3685229251105025	0.01912645452355047	0.6123506203659469
OGG1_dirichlet_train_fold1.48	9.93e-322	0.022824836593771648	0.26953001202565624	0.1481219115027223	0.5595232398778498
OGG1_dirichlet_train_fold1.49	0.1349527115196985	0.020493040576243283	0.2880040224510076	4.123502233170822e-50	0.5565502254530506
OGG1_dirichlet_train_fold1.50	0.013048571286954636	0.021845600579252174	2.0227649044989623e-48	0.1293015094528736	0.8358043186809195
UNG_dirichlet_train_fold1.44	2.778578147893188e-44	0.09127909566408016	7.226480314960128e-32	0.7720149197876076	0.1367059845483123
OGG1_dirichlet_train_fold1.51	0.09476625906939014	3.8738528377136393e-44	4.894045098790857e-121	0.012058487316462365	0.8931752536141475
OGG1_dirichlet_train_fold1.52	1.53e-321	0.13705314981113284	0.11736337009625442	9.103151366220539e-250	0.7455834800926128
ATP2B4_dirichlet_train_fold1	0.2810825300379479	0.10848804438457839	0.30797825965967796	0.14422617014996952	0.15822499576782623
ATP2B4_dirichlet_train_fold1.1	0.05156738084957763	0.20588727051657948	0.22913810329334638	4.8670883428171395e-31	0.5134072453404965
ATP2B4_dirichlet_train_fold1.2	0.04825454629202067	2.472634348157834e-219	0.7792646288021429	0.1724808249058365	8.815590704318179e-54
ATP2B4_dirichlet_train_fold1.3	0.000756495841551198	0.13006286539704656	0.7230120490642544	2.145255814659055e-127	0.1461685896971477
ATP2B4_dirichlet_train_fold1.4	0.1145443375955136	0.1738119910388842	0.6971898966656366	4.24811813278077e-136	0.014453774699965508
ATP2B4_dirichlet_train_fold1.5	1.11e-321	1.452329044518858e-103	0.736976767838852	0.1570102106985312	0.10601302146261671
ATP2B4_dirichlet_train_fold1.6	0.37850209630683135	2.88e-321	0.4580216737199476	0.14821746568755242	0.01525876428566879
ATP2B4_dirichlet_train_fold1.7	6.230207337793788e-124	0.3088576505681921	0.5746110621279825	2.590180992556813e-140	0.11653128730382548
ATP2B4_dirichlet_train_fold1.8	0.17048472447754262	0.01590361267553245	0.6898705847204677	0.12374107812645742	2.08e-322
ATP2B4_dirichlet_train_fold1.9	0.06441126190332554	0.05619333685174869	0.1984948081310598	0.4788935436993642	0.20200704941450173
ATP2B4_dirichlet_train_fold1.10	0.15844183382020255	0.0330632090426726	0.4146033442178264	0.219194508179396	0.1746971047399025
ATP2B4_dirichlet_train_fold1.11	0.09451562522749218	0.08473345892693607	0.71365103212863	0.018323262802387306	0.08877662091455456
ATP2B4_dirichlet_train_fold1.12	0.028617699466005758	1.14e-321	0.8715698997362614	0.0790263525518907	0.020786048245841928
ATP2B4_dirichlet_train_fold1.13	0.06942406514886493	0.21609630595844223	0.39747354976506766	0.31700607912762535	2.3592200742654722e-135
ATP2B4_dirichlet_train_fold1.14	1.13e-321	0.2634484210845881	0.6282830338093298	3.8e-322	0.10826854510608198
ATP2B4_dirichlet_train_fold1.15	0.04998724139082433	0.0997412808772022	0.8502714777319734	2.423664903447175e-151	3.56e-322
ATP2B4_dirichlet_train_fold1.16	0.10746187505623189	2.0407922600617873e-33	0.5474713670318536	4.404327344369235e-232	0.34506675791191443
ATP2B4_dirichlet_train_fold1.17	4.2147339381985645e-182	0.13443225104616477	0.5196133633293266	0.2672854408656895	0.07866894475881908
ATP2B4_dirichlet_train_fold1.18	3.7264628953798464e-94	0.1955560347108167	0.5402609550679216	0.017916880943943583	0.2462661292773181
ATP2B4_dirichlet_train_fold1.19	2.1225660338987693e-45	0.1280474177045454	0.6781044829945841	1.38e-321	0.1938480993008704
ATP2B4_dirichlet_train_fold1.20	1.136e-321	2.863806584663986e-200	0.7935312847457879	1.1786125280840753e-98	0.20646871525421207
ATP2B4_dirichlet_train_fold1.21	0.18599354380506075	6.712260211920237e-293	0.811835309978584	6.03e-322	0.0021711462163552463
ATP2B4_dirichlet_train_fold1.22	0.14529519758258824	0.04423599790267887	0.20806930091894826	0.40451396973702636	0.19788553385875826
ATP2B4_dirichlet_train_fold1.23	2.166781090892554e-154	0.01190750219996924	0.8172858513996715	9.797705768813302e-275	0.17080664640035914
ATP2B4_dirichlet_train_fold1.24	0.041680638795239054	0.16865303817497918	0.7377886643688805	1.285e-321	0.05187765866090117
ATP2B4_dirichlet_train_fold1.25	0.21678974840176818	0.11283199006944045	0.27622441578237744	0.17310050000208901	0.22105334574432497
ATP2B4_dirichlet_train_fold1.26	0.07419513958480077	1.73e-321	0.6189009286178642	0.16341323539347785	0.14349069640385728
ATP2B4_dirichlet_train_fold1.27	0.1988477573975893	0.05831534002661986	0.33183101183397334	0.20755231541272984	0.20345357532908756
ATP2B4_dirichlet_train_fold1.28	0.1009413593450119	0.23065085160286034	0.6684077890521277	5.7e-322	4.3e-322
ATP2B4_dirichlet_train_fold1.29	0.2801875986910181	1.26e-321	0.5987740002935271	0.0069706293795418015	0.11406777163591314
ATP2B4_dirichlet_train_fold1.30	0.23293371504660035	0.03581047027717039	0.5647400189683381	0.14521317166027922	0.02130262404761187
ATP2B4_dirichlet_train_fold1.31	0.32194494103466087	8.5e-322	0.4810895995973108	0.19696545936802823	4.3026107346790015e-56
ATP2B4_dirichlet_train_fold1.32	0.28402761168442514	1.09e-321	0.5657618412261043	0.09785818106286086	0.05235236602660964
ATP2B4_dirichlet_train_fold1.33	0.1320507589752549	0.13912383397635747	0.43638395887681947	0.0015345021100942199	0.29090694606147394
ATP2B4_dirichlet_train_fold1.34	1.02e-321	1.34e-321	0.8524023561147581	7.262646272975158e-295	0.1475976438852419
ATP2B4_dirichlet_train_fold1.35	1.433e-321	0.006546051625429641	0.9934539483745704	3.095676660790139e-148	3.1e-322
ATP2B4_dirichlet_train_fold1.36	0.15935670871542457	0.15556136911934532	0.6167447749432302	0.06833714722200004	4.9e-322
ATP2B4_dirichlet_train_fold1.37	0.10357950694460787	4.349234939930545e-110	0.8964204930553922	8.607337635190889e-143	3.2101632563356673e-150
ATP2B4_dirichlet_train_fold1.38	3.890020356128839e-252	0.05631274511027498	0.9024472596695375	0.04123999522018754	2.47e-322
ATP2B4_dirichlet_train_fold1.39	0.09543478349386735	0.018654300147592253	0.8643489293393107	1.23e-321	0.02156198701922958
ATP2B4_dirichlet_train_fold1.40	0.06208753259806049	1.92e-321	0.6243025477607769	0.22121685420507856	0.0923930654360841
ATP2B4_dirichlet_train_fold1.41	0.06463633440006822	1.1797828183398944e-119	0.44888663461126477	0.486477030988667	2.67e-322
ATP2B4_dirichlet_train_fold1.42	1.73e-321	0.14768113101655447	0.8425024302703005	9.3e-322	0.009816438713145123
ATP2B4_dirichlet_train_fold1.43	0.06407565246370643	0.1115409246020447	0.3798678413962846	0.027551461157293834	0.41696412038067043
ATP2B4_dirichlet_train_fold1.44	0.30544034004084597	9.9e-322	0.3334274142535485	0.25030089811284695	0.11083134759275856
ATP2B4_dirichlet_train_fold1.45	0.14977281369511755	2.67e-321	0.5486045782216553	0.09869863120646383	0.20292397687676317
ATP2B4_dirichlet_train_fold1.46	0.25963815754141006	2.564e-321	0.35540931117680796	0.29344552275029284	0.09150700853148919
ATP2B4_dirichlet_train_fold1.47	9.639499442062489e-40	0.09136433289191503	0.38333630501933635	0.31466442742563544	0.2106349346631131
ATP2B4_dirichlet_train_fold1.48	0.31830285422310045	1.113969609252629e-304	0.4969033453860322	0.05203402667800448	0.13275977371286282
ATP2B4_dirichlet_train_fold1.49	0.23528375708900712	0.20062197234851803	0.5336478870285457	1.320604622500486e-133	0.030446383533929013
ATP2B4_dirichlet_train_fold1.50	0.24194599848759007	2.09e-321	0.36098517224911264	0.1427675281653163	0.25430130109798094
ATP2B4_dirichlet_train_fold1.51	1.14e-321	0.17934679900221653	0.6774528458555135	0.14320035514226997	3.3e-322
ATP2B4_dirichlet_train_fold1.52	0.21508936391709313	0.03940273728671432	0.420427297396225	0.1883079537815138	0.13677264761845379
ATP2B4_dirichlet_train_fold1.53	7.142786610171501e-96	2.27e-321	0.9370544061013019	1.05e-321	0.06294559389869822
ATP2B4_dirichlet_train_fold1.54	0.1827399733250303	0.08041408125281509	0.6740293158224658	0.029010767405420503	0.03380586219426813
ATP2B4_dirichlet_train_fold1.55	0.06380535472482773	0.01693155969859623	0.902711536547006	7.8e-322	0.016551549029569936
ATP2B4_dirichlet_train_fold1.56	1.1043385920845184e-125	0.040267358679376676	0.6482235309386334	0.31150911038199003	2.37e-322
ATP2B4_dirichlet_train_fold1.57	1.871081958442592e-18	0.1177580275385706	0.6928367372284033	2.973508703726367e-253	0.18940523523302602
ATP2B4_dirichlet_train_fold1.58	1.25e-321	1.077e-321	0.8851654393646469	7.7e-322	0.1148345606353531
ATP2B4_dirichlet_train_fold1.59	5.365789107648083e-12	8.25e-322	0.843539052362235	0.04282295677504778	0.11363799085735136
ATP2B4_dirichlet_train_fold1.60	0.2423910113379397	2.707e-321	0.4252213862235996	0.24298485570415423	0.08940274673430638
ATP2B4_dirichlet_train_fold1.61	0.27550614643737337	1.0445977294039208e-281	0.15331598140843106	0.3957640433044308	0.17541382884976472
ATP2B4_dirichlet_train_fold1.62	0.023293364158133656	0.10242406298652192	0.8722345512613591	1.466091e-317	0.0020480215939851555
ATP2B4_dirichlet_train_fold1.63	0.21183828058002213	0.10547876034493398	0.49415507685033955	7.098154908787647e-86	0.1885278822247044
ATP2B4_dirichlet_train_fold1.64	9.123924724526712e-259	0.003040396108331353	0.7368681544692981	0.012910497558468272	0.24718095186390215
ATP2B4_dirichlet_train_fold1.65	0.023147645372923947	0.13612632209442016	0.840726032532656	1.0375011770127928e-172	2.4409937675267413e-190
ATP2B4_dirichlet_train_fold1.66	0.010444344227194367	0.02588629084855309	0.6299834093921325	0.20519524503009157	0.1284907105020285
ATP2B4_dirichlet_train_fold1.67	0.2022709322381854	0.17499519193713683	0.600429511723561	0.022304364101116945	3e-322
ATP2B4_dirichlet_train_fold1.68	1.63e-321	0.03925596881529586	0.7567652081373084	0.06507157117327425	0.13890725187412148
ATP2B4_dirichlet_train_fold1.69	0.02934083633479207	0.10377388275108562	0.8668852809141223	6.23e-322	2.1275653390632557e-304
ATP2B4_dirichlet_train_fold1.70	1.63e-321	0.06361389566846795	0.7236475852289279	1.265e-321	0.21273851910260416
ATP2B4_dirichlet_train_fold1.71	3.810880430342706e-256	0.13082788180724905	0.8691721181927511	8.1e-322	4.74e-322
ATP2B4_dirichlet_train_fold1.72	1.186e-321	0.015878831728526263	0.8369020968903353	7.473461091043296e-299	0.1472190713811383
ATP2B4_dirichlet_train_fold1.73	0.19972924867052202	0.06982317029157566	0.6378782040022575	0.09256937703564483	3.6e-322
ATP2B4_dirichlet_train_fold1.74	0.007827653961177378	2.03e-321	0.6810491536043893	0.3111231924344332	1.88717506874022e-198
ATP2B4_dirichlet_train_fold1.75	2.7711661926564495e-129	0.19143508263727274	0.6165226266721997	2.677052491752574e-259	0.19204229069052772
ATP2B4_dirichlet_train_fold1.76	1.625e-321	0.09965530700343908	0.7125615624219023	7.6e-322	0.18778313057465879
ATP2B4_dirichlet_train_fold1.77	3.5852133725124e-310	0.13364001012146376	0.8460763823200935	0.008450542452039737	0.011833065106403003
ATP2B4_dirichlet_train_fold1.78	5.8e-322	0.23631971982433356	0.7339026678069488	5.3e-322	0.029777612368717604
ATP2B4_dirichlet_train_fold1.79	4.3208254029187935e-181	0.1631595574286084	0.6824693446245118	7.2e-322	0.15437109794687984
ATP2B4_dirichlet_train_fold1.80	0.00286720145648729	0.07635804891721297	0.6299363015586398	5.793491808335964e-144	0.29083844806765985
ATP2B4_dirichlet_train_fold1.81	0.2004668154765823	1.2594004635061166e-186	0.7670847406059403	4.981460169478711e-199	0.03244844391747734
ATP2B4_dirichlet_train_fold1.82	0.2436785574354894	1.23e-321	0.5173030893172882	0.01920560961544199	0.21981274363178036
ATP2B4_dirichlet_train_fold1.83	0.19255811019551283	1.891609669926832e-102	0.6265313942278473	0.18091049557663996	1.9152449671888548e-254
ATP2B4_dirichlet_train_fold1.84	1.853e-321	0.03335279716243587	0.8621671258710251	0.10448007696653894	4.3e-322
ATP2B4_dirichlet_train_fold1.85	2.255423607279015e-90	0.06175150705741443	0.5066484091020051	0.09435715740471835	0.33724292643586223
ATP2B4_dirichlet_train_fold1.86	0.19221500565863317	1.976e-321	0.5483174267667826	0.17367793132180967	0.08578963625277446
ATP2B4_dirichlet_train_fold1.87	0.23527635725770701	0.025260086271706946	0.5181134317072836	0.06651271936937703	0.1548374053939253
ATP2B4_dirichlet_train_fold1.88	2.03e-321	0.04737715576297376	0.5730945849085586	0.2999096577898276	0.07961860153864006
ATP2B4_dirichlet_train_fold1.89	0.1706621305661558	8.715500843441015e-250	0.7443001281292181	5.312683836261283e-216	0.08503774130462595
ATP2B4_dirichlet_train_fold1.90	0.3161574032039617	1.26287856583608e-52	0.3472593287037038	0.10958383024400867	0.22699943784832574
ATP2B4_dirichlet_train_fold1.91	0.11613086691521646	0.1270620285912692	0.43082119424402143	6.7e-322	0.3259859102494929
ATP2B4_dirichlet_train_fold1.92	0.2909800016356795	9.83e-322	0.5516392392029157	0.1573807591614048	9.492926033223432e-271
ATP2B4_dirichlet_train_fold1.93	0.03461974439697765	0.05878903029973313	0.2695633364929069	0.43667345914732436	0.20035442966305791
ATP2B4_dirichlet_train_fold1.94	0.19998793838830453	5.63e-322	0.7513502841206688	0.048661777491026625	7.479504049836574e-183
ATP2B4_dirichlet_train_fold1.95	0.02917942966125111	0.27764597695060894	0.5182579135920391	6.385025417706312e-17	0.17491667979610076
ATP2B4_dirichlet_train_fold1.96	1.9575158466037124e-300	0.10526286023771901	0.8947371397622809	6.20771118552788e-155	1.4e-322
ATP2B4_dirichlet_train_fold1.97	0.1752990583423326	8.4e-322	0.7294595377147978	7.5e-322	0.09524140394286966
PMS1_dirichlet_train_fold1	1.324e-321	0.3386304551159077	0.5216700091182678	8.82474305610981e-43	0.13969953576582447
MSH6_dirichlet_train_fold1	0.08428426397234069	0.8843552573592819	5.14e-322	5.832332715272606e-181	0.031360478668377476
MSH6_dirichlet_train_fold1.1	1.5e-321	0.8471903003815897	1.675e-321	0.1528096996184102	9.04e-322
MSH2_dirichlet_train_fold1	5.2e-322	0.7733072482934469	4.3968350736582644e-284	0.21584701265991674	0.010845739046636504
MSH6_dirichlet_train_fold1.2	2.6395335212804164e-280	0.9158244159221318	1.724e-321	0.06988987272516846	0.014285711352699893
MLH1_dirichlet_train_fold1	9.93e-322	0.9086810256450455	7.86e-322	0.06940089933317678	0.02191807502177769
MSH6_dirichlet_train_fold1.3	2.124e-321	0.9609360140545756	2.6374290574637593e-67	1.81315335058033e-290	0.03906398594542435
MLH1_dirichlet_train_fold1.1	0.12400640430774207	0.875993595692258	2.57e-322	8.35e-322	3.3e-322
PMS1_dirichlet_train_fold1.1	1.2e-321	0.16467544915710228	0.7365152885493341	0.09880926229356345	4.94e-322
PMS1_dirichlet_train_fold1.2	0.0984267113186191	0.006355898093735718	0.4918528384207106	0.34299728477353636	0.060367267393398316
MSH6_dirichlet_train_fold1.4	8.65e-322	0.9744818316889216	7.2e-322	6.2e-322	0.025518168311078605
MSH6_dirichlet_train_fold1.5	1.788115788339704e-148	0.8079646023519003	7.371035e-318	0.1920353976480998	9.73e-322
PMS1_dirichlet_train_fold1.3	0.018521788385754474	0.2865349168445175	0.360363793451682	0.24708246356025435	0.08749703775779157
PMS1_dirichlet_train_fold1.4	0.12074114678231807	0.16644128321046334	0.08658982394349855	0.4339900149007372	0.1922377311629829
PMS2_dirichlet_train_fold1	0.503148757563495	0.4963934100724933	3.547e-321	8.35e-322	0.0004578323640117929
MSH6_dirichlet_train_fold1.6	0.18309307087222276	0.7426915933824674	0.016013106809818108	0.0329641275701761	0.0252381013653158
MSH6_dirichlet_train_fold1.7	1.2892745148337586e-156	0.9617659146428249	0.026574540819202627	0.011659544537972452	1.665e-321
