Samples	SBS96A	SBS96B	SBS96C	SBS96D	SBS96E
ATP2B4_real_train_fold1	0.1789662248478207	1.537e-321	0.5964790256869594	0.11929458346855586	0.10526016599666409
ATP2B4_real_train_fold1.1	0.1042860462877777	0.04190667222323491	0.6795712990390377	0.018065399469125044	0.15617058298082465
MLH1_real_train_fold1	2.4977474140563694e-10	0.9500951866594851	1.58e-321	0.04990481309074023	1.21e-321
MSH2_real_train_fold1	1.754e-321	0.9642452992154781	6.8e-322	0.035754700784521934	5.24e-322
MSH6_real_train_fold1	2.88e-321	0.9907134401848579	1.724e-321	1.810975127490611e-197	0.00928655981514229
MSH6_real_train_fold1.1	5.411387941028383e-307	0.9863516387468119	0.011777381128639167	2.32774946407555e-92	0.0018709801245490386
MSH6_real_train_fold1.2	1.285358434330358e-268	0.9999999999999999	1.34e-321	4.684747971839333e-169	9.4e-322
OGG1_real_train_fold1	0.032370939120312296	2.7685916128791713e-145	0.021792378356052824	0.11100593430356116	0.8348307482200737
PMS1_real_train_fold1	0.08403838281660633	0.20702420113435518	0.40117073410652526	0.30007626944897736	0.007690412493535856
PMS2_real_train_fold1	0.43573894846023065	0.5642610515397695	8.7e-322	2.96e-322	1.117e-321
RNF168_real_train_fold1	0.9218868056827572	9.208436987782789e-48	0.029318078941050072	0.028136112047908196	0.020659003328284693
UNG_real_train_fold1	0.07211195243008663	3.4829053083970696e-269	0.11383600816190174	0.7712372008647379	0.04281483854327363
ATP2B4_multinomial_train_fold1	0.2802078053742683	8.422633963294461e-210	0.6552047547604962	0.06458743986523545	2.340287500991702e-42
ATP2B4_multinomial_train_fold1.1	0.09044621436978534	0.02503667023252154	0.8205062281069371	3.665632884679242e-78	0.06401088729075596
ATP2B4_multinomial_train_fold1.2	0.20515698913093092	0.05824821077286113	0.3976515414063395	0.12362467532292881	0.21531858336693954
ATP2B4_multinomial_train_fold1.3	0.21824075361191822	7.5e-322	0.448999690504142	0.15940956722984817	0.17334998865409162
ATP2B4_multinomial_train_fold1.4	7.97358218374858e-164	0.1400385918498854	0.5271723891981701	0.10017002833136264	0.232618990620582
ATP2B4_multinomial_train_fold1.5	0.2603147906564128	0.03363405495016818	0.18438358345588382	0.1362303783187709	0.3854371926187645
ATP2B4_multinomial_train_fold1.6	0.19425884116308387	4.63999969621656e-138	0.6701513443665461	0.04926885720709849	0.08632095726327144
ATP2B4_multinomial_train_fold1.7	0.03804920217509681	0.07357442371877695	0.6740536837754283	0.0444100744475523	0.1699126158831456
ATP2B4_multinomial_train_fold1.8	0.1412732917752137	0.048543387536939174	0.38852152043084587	0.19650846366066171	0.22515333659633935
ATP2B4_multinomial_train_fold1.9	0.030644433802147455	0.06095885407023433	0.5737394885405062	0.1043242057990458	0.2303330177880663
ATP2B4_multinomial_train_fold1.10	3.249149086872895e-07	7.853223e-318	0.6916000208566196	0.03768381217736729	0.2707158420511044
ATP2B4_multinomial_train_fold1.11	0.2946587138139424	2.56e-321	0.5250942182077891	0.029052462344078555	0.15119460563419
ATP2B4_multinomial_train_fold1.12	0.17425286759235672	2.8609346553584234e-211	0.5533515357461507	0.10585018763373567	0.1665454090277569
ATP2B4_multinomial_train_fold1.13	0.12631089237262835	0.06636092954976941	0.06273567196206148	0.1842527288521326	0.5603397772634082
ATP2B4_multinomial_train_fold1.14	0.11392611924395875	1.364e-321	0.5194581253515661	0.10652367299705717	0.2600920824074179
ATP2B4_multinomial_train_fold1.15	0.21193061487849088	2.012907425166318e-182	0.5573407709786721	0.08734325682152357	0.14338535732131355
ATP2B4_multinomial_train_fold1.16	0.11773330686968055	1.9540114244131488e-182	0.6991152298755506	0.0850796600908444	0.09807180316392448
ATP2B4_multinomial_train_fold1.17	0.1835936477910498	0.004114399259911106	0.430548871316084	0.14489829574066654	0.23684478589228858
ATP2B4_multinomial_train_fold1.18	0.2048532801329052	3.795016922067064e-88	0.4819948436527006	0.1548245759476878	0.15832730026670638
ATP2B4_multinomial_train_fold1.19	0.25937222085921136	0.012716884090633446	0.5449204974421871	1.164404e-318	0.18299039760796834
ATP2B4_multinomial_train_fold1.20	0.09892043297260104	2.36e-321	0.7084686891396711	0.14935753235781032	0.04325334552991758
ATP2B4_multinomial_train_fold1.21	0.12200713212328551	4.0520683652132746e-49	0.6447127418810368	3.430418143802815e-63	0.2332801259956778
ATP2B4_multinomial_train_fold1.22	0.08670323747574915	0.0030889312566545887	0.6091050941497184	3.115265175033494e-47	0.30110273711787794
ATP2B4_multinomial_train_fold1.23	0.09078227087028158	2.623e-321	0.4011049964948653	0.25082738240158575	0.2572853502332675
ATP2B4_multinomial_train_fold1.24	0.11848527824003145	2.4e-321	0.5429293886379843	0.15503433748122986	0.18355099564075447
ATP2B4_multinomial_train_fold1.25	0.248003467855827	4.090440201038057e-232	0.4990180457119555	0.08616712452571754	0.16681136190650014
ATP2B4_multinomial_train_fold1.26	6.056496216022555e-51	0.05107225178518116	0.6502782840450221	0.14651738414259247	0.1521320800272043
ATP2B4_multinomial_train_fold1.27	4.928176892257401e-47	0.16855778827176326	0.6714828325574721	0.07706512925562364	0.0828942499151411
ATP2B4_multinomial_train_fold1.28	0.02834074929301366	2.777e-321	0.8078730722352804	8.94e-322	0.16378617847170593
ATP2B4_multinomial_train_fold1.29	0.14626433588846025	8.94e-322	0.652493711177052	0.20124195293448774	2.5e-322
ATP2B4_multinomial_train_fold1.30	0.1552280489183924	1.033e-321	0.8127443467127694	8.054841225493871e-249	0.03202760436883816
ATP2B4_multinomial_train_fold1.31	0.2608394043986379	7.36e-322	0.5999263065225247	0.08321122549968452	0.056023063579152786
ATP2B4_multinomial_train_fold1.32	0.19154418379528088	1.077e-321	0.7396477383108264	1.6621941237460939e-240	0.06880807789389269
ATP2B4_multinomial_train_fold1.33	0.2144820301700034	1.27e-321	0.7192256803305317	0.0662922894994649	4.64e-322
ATP2B4_multinomial_train_fold1.34	2.607970851063662e-140	0.015052431780446572	0.8650866734627656	4.410680606106419e-69	0.11986089475678789
ATP2B4_multinomial_train_fold1.35	3.5202036914666244e-07	0.027362022105047068	0.6207119065172332	0.14483367419342827	0.2070920451639222
ATP2B4_multinomial_train_fold1.36	0.2864914461561808	7.56124918619032e-40	0.33860499608116945	0.18295441666939363	0.19194914109325617
ATP2B4_multinomial_train_fold1.37	7.46031141095261e-18	0.09890837390954277	0.7568287562285825	0.0208102146334734	0.12345265522840136
ATP2B4_multinomial_train_fold1.38	0.2413934958396627	0.1073107399192205	0.48269666572039727	0.0010854346228248153	0.16751366389789465
ATP2B4_multinomial_train_fold1.39	0.27087944820460746	1.46e-321	0.7291205517953925	9.314897166467611e-114	2.255360341045131e-43
ATP2B4_multinomial_train_fold1.40	0.15697470417957177	1.705e-321	0.7126580922686081	0.0951137806451417	0.03525342290667855
ATP2B4_multinomial_train_fold1.41	0.12922418326769478	0.026724220802289363	0.48115598093928114	0.1336876558055992	0.22920795918513562
ATP2B4_multinomial_train_fold1.42	0.29638196277495926	7.36e-322	0.4664835323407246	0.14768685816446572	0.08944764671985042
ATP2B4_multinomial_train_fold1.43	0.19274046070946046	0.11192351177877118	0.31867688131566935	0.05613214909780244	0.32052699709829646
ATP2B4_multinomial_train_fold1.44	0.10796960099888091	4.9894776514779446e-260	0.7786029199983355	4.047601020958867e-163	0.11342747900278359
ATP2B4_multinomial_train_fold1.45	1.9674310558666622e-145	0.1522542048588396	0.7221344139992449	0.06456716319287055	0.06104421794904472
ATP2B4_multinomial_train_fold1.46	0.0857581861584962	0.013728489348856853	0.885841829549044	0.014671494943603	9.159473711335654e-93
ATP2B4_multinomial_train_fold1.47	0.053771904840639644	2.026e-321	0.5990335999575548	0.07889806914662263	0.26829642605518306
ATP2B4_multinomial_train_fold1.48	0.12093694305192056	1.49e-321	0.8060042951738218	0.07305876177425773	3.4256070238835134e-155
ATP2B4_multinomial_train_fold1.49	0.3150457414927104	1.97e-321	0.6106144905610285	1.06e-321	0.07433976794626117
ATP2B4_multinomial_train_fold1.50	0.21528322297977695	1.754768921675e-311	0.540679967996318	0.12463045749067829	0.11940635153322672
ATP2B4_multinomial_train_fold1.51	1.2930537165429672e-121	0.222106606064062	0.052936494698668304	0.18946669532107097	0.5354902039161987
ATP2B4_multinomial_train_fold1.52	1.383e-321	5.457287479431001e-304	0.7311208601139657	0.16389542653805042	0.10498371334798398
ATP2B4_multinomial_train_fold1.53	4.87167537925085e-42	0.022323097609717728	0.8263596015580114	0.078135311090435	0.07318198974183593
ATP2B4_multinomial_train_fold1.54	0.19764895819400477	0.05621540004132387	0.5184335680722424	0.013988894534674811	0.21371317915775434
ATP2B4_multinomial_train_fold1.55	0.1303443736722584	2.11e-321	0.44434389981075906	0.21075382467523118	0.21455790184175144
ATP2B4_multinomial_train_fold1.56	0.1679971402292443	3.121745262031713e-94	0.6240991122624231	0.019046284549301403	0.1888574629590312
ATP2B4_multinomial_train_fold1.57	0.2711562473856637	1.39e-321	0.47913108824452033	0.10896883199838085	0.14074383237143503
ATP2B4_multinomial_train_fold1.58	0.2723412786050228	2.4105776936059815e-118	0.5075821879915496	0.10753716810800125	0.11253936529542641
ATP2B4_multinomial_train_fold1.59	0.08110456468195514	0.07586446440893016	0.6902423766830242	1.5547465361445452e-45	0.1527885942260903
ATP2B4_multinomial_train_fold1.60	0.1421087198004717	1.9726137799419525e-212	0.4032097152420401	0.20274846945983654	0.25193309549765175
ATP2B4_multinomial_train_fold1.61	0.24865592906809506	1.8e-321	0.4719663366335455	0.10290578032771666	0.1764719539706426
ATP2B4_multinomial_train_fold1.62	0.026195145479219223	2.846e-321	0.8178030133929164	0.06436212773370067	0.09163971339416377
ATP2B4_multinomial_train_fold1.63	0.15063589718023346	1.54e-321	0.4706595868875396	0.1299772228331514	0.24872729309907543
ATP2B4_multinomial_train_fold1.64	6.061216966277207e-28	0.052657215800332606	0.569881205666211	0.11359584053214888	0.2638657380013073
ATP2B4_multinomial_train_fold1.65	0.12254542833401873	1.275e-321	0.6656422929835865	0.18423674821894354	0.027575530463451178
ATP2B4_multinomial_train_fold1.66	3.305472030703388e-244	2.737e-321	0.4732440923051652	0.2664270614936766	0.2603288462011583
ATP2B4_multinomial_train_fold1.67	0.26184316693960985	1.01e-321	0.5380264385834967	0.07128393876740893	0.1288464557094846
ATP2B4_multinomial_train_fold1.68	0.12292738713713378	1.586e-321	0.468708002440935	0.23721501514064414	0.17114959528128718
ATP2B4_multinomial_train_fold1.69	0.12819132853648782	7.8e-322	0.5194958699548863	0.15194573983734924	0.2003670616712766
ATP2B4_multinomial_train_fold1.70	0.17857276860204097	0.018605011068084997	0.1801845896146871	0.2706109348493823	0.3520266958658046
ATP2B4_multinomial_train_fold1.71	1.713759113338998e-87	0.05214041000341985	0.766081060665752	8.460116284820266e-171	0.18177852933082833
ATP2B4_multinomial_train_fold1.72	0.3059553797942531	1.457e-321	0.4615280374568578	0.09883161659750737	0.1336849661513817
ATP2B4_multinomial_train_fold1.73	0.36168805435350926	2.17e-321	0.295688711122678	0.1468096915009164	0.1958135430228964
ATP2B4_multinomial_train_fold1.74	0.219330097718632	1.996e-321	0.6303469919043861	0.14799474502643548	0.002328165350546489
ATP2B4_multinomial_train_fold1.75	8.205498345840477e-108	0.04494070467715717	0.5257945529938822	0.13795520167216518	0.29130954065679543
ATP2B4_multinomial_train_fold1.76	0.025264147317970886	0.1321153881821137	0.6551867165002313	0.0305518433580139	0.1568819046416702
ATP2B4_multinomial_train_fold1.77	0.20459930949691443	1.36e-321	0.3586861318325816	0.2659447414389076	0.17076981723159626
ATP2B4_multinomial_train_fold1.78	0.233607742081265	0.04931230274414823	0.6632448198985815	6.461162417904621e-135	0.05383513527600531
ATP2B4_multinomial_train_fold1.79	0.17842146907798886	1.003e-321	0.555123944473092	0.16586155256515697	0.1005930338837622
ATP2B4_multinomial_train_fold1.80	0.18042592890277012	1.23e-321	0.6444107544083109	0.10247305890071137	0.07269025778820766
ATP2B4_multinomial_train_fold1.81	0.21717903346994186	2.885e-321	0.5624216836072151	5.557709730081356e-70	0.22039928292284305
ATP2B4_multinomial_train_fold1.82	0.29872676451689434	7.66e-322	0.6202139050805036	0.05528331432573967	0.025776016076862418
ATP2B4_multinomial_train_fold1.83	0.03586762809617712	0.037502648081905204	0.7796022989166169	1.215e-321	0.14702742490530069
ATP2B4_multinomial_train_fold1.84	0.16749406306563047	0.009997573387093747	0.6705884619542519	0.04236663627857927	0.1095532653144446
ATP2B4_multinomial_train_fold1.85	0.005257115267765398	0.1641319865994595	0.7660204165213316	0.017448366826804597	0.04714211478463905
ATP2B4_multinomial_train_fold1.86	0.30387348274544346	1.443e-321	0.5500235902790764	1.5672491465759976e-32	0.14610292697548016
ATP2B4_multinomial_train_fold1.87	0.03309095260623632	0.006672516993431626	0.9602365294757501	3.416202938352789e-101	9.245818315370456e-10
ATP2B4_multinomial_train_fold1.88	0.13216866256337378	2.52e-321	0.3458728401959907	0.17099952685621894	0.3509589703844165
ATP2B4_multinomial_train_fold1.89	0.08562251837378762	1.82e-321	0.6692847696372602	0.12656444755541227	0.11852826443353999
ATP2B4_multinomial_train_fold1.90	6.936275610537374e-40	4.25447594209315e-10	0.8485796050505885	0.028399461250803153	0.1230209332731608
ATP2B4_multinomial_train_fold1.91	0.11658070585750233	5.133795588918386e-208	0.5353067705692098	9.1e-322	0.34811252357328765
ATP2B4_multinomial_train_fold1.92	0.13685698262299376	2.73e-321	0.5638249901343448	0.14222029399239475	0.15709773325026674
ATP2B4_multinomial_train_fold1.93	0.20821224994797707	1.92e-321	0.5923356479375053	0.10367328474937951	0.09577881736513814
ATP2B4_multinomial_train_fold1.94	0.1581195900740307	1.947e-321	0.8418804099259691	6.926824951865681e-109	3.56e-322
ATP2B4_multinomial_train_fold1.95	0.1323857039954291	1.285e-321	0.5816189666970368	0.14526970033372885	0.14072562897380506
ATP2B4_multinomial_train_fold1.96	0.3101478434866812	1.986e-321	0.5386513433289304	6.338083795306917e-75	0.15120081318438838
ATP2B4_multinomial_train_fold1.97	0.0809170704321244	0.03697289313562446	0.689200000881136	2.6261674214867817e-20	0.19291003555111513
MSH2_multinomial_train_fold1	1.527e-321	0.9960155659516883	7.3e-322	0.003984434048311679	5.7e-322
MSH6_multinomial_train_fold1	2.8307955434938736e-294	0.9999999999999999	1.35e-321	1.6161740190686742e-71	4.595401289872557e-304
PMS1_multinomial_train_fold1	0.2451917462908389	0.11874581534580164	0.27245761811625874	0.33890252421666966	0.02470229603043111
MLH1_multinomial_train_fold1	9.112765491187132e-123	0.9319451035892814	1.527e-321	0.06805489641071855	1.744e-321
PMS2_multinomial_train_fold1	0.4321692938919835	0.5678307061080163	6e-322	3.06e-322	8.7e-322
MSH2_multinomial_train_fold1.1	1.117e-321	0.9449026604814655	6.47e-322	0.05509733951853461	4.9e-322
PMS1_multinomial_train_fold1.1	0.08615876337155894	0.20093926062801137	0.37555185175710004	0.2961528883352516	0.041197235908078174
MLH1_multinomial_train_fold1.1	5.848936696977261e-118	0.9317296492276557	2.075e-321	0.06827035077234418	1.48e-321
MSH6_multinomial_train_fold1.1	8.230256340010483e-271	0.9999999999999999	1.31e-321	8.978884404882662e-293	1.53e-321
MSH6_multinomial_train_fold1.2	1.537e-321	0.9814076087482123	1.374e-321	1.873e-321	0.018592391251787535
MSH6_multinomial_train_fold1.3	3.43e-321	0.9967392102754934	7.146679424269146e-22	5.209799556825748e-242	0.0032607897245065316
MSH6_multinomial_train_fold1.4	1.877e-321	0.9892248921540012	1.68e-321	1.2289084660307589e-116	0.010775107845998722
MSH6_multinomial_train_fold1.5	2.554e-321	0.9999999999999999	7.66e-322	8.273504788807475e-165	5.93e-322
MSH6_multinomial_train_fold1.6	2.525e-321	0.9854996699814976	0.01450033001850223	1.8201978634372084e-229	1.907e-321
MSH2_multinomial_train_fold1.2	2.37e-321	0.9691907709520371	6.9e-322	0.030809229047962773	5.34e-322
MSH2_multinomial_train_fold1.3	1.497e-321	0.9694566879999132	9.34e-322	0.030543312000086732	8.1e-322
MLH1_multinomial_train_fold1.2	2.6527428070278335e-205	0.9436783221615239	7.7e-322	0.05632167783847611	5.93e-322
MSH2_multinomial_train_fold1.4	2.036e-321	0.9770041592637126	6.87e-322	0.022995840736287326	5.3e-322
MSH6_multinomial_train_fold1.7	2.174e-321	0.9894298802754394	1.67e-321	1.9764734893407582e-166	0.010570119724560524
MSH6_multinomial_train_fold1.8	2.683e-321	0.997109753716696	4.5597918447009093e-107	1.1316913770407761e-81	0.0028902462833041553
PMS2_multinomial_train_fold1.1	0.4443670012711028	0.5556329987288973	8.65e-322	2.96e-322	1.107e-321
MLH1_multinomial_train_fold1.3	0.010341654724005153	0.9612197879633866	1.047e-321	0.02843855731260837	9.04e-322
PMS1_multinomial_train_fold1.2	2.6842213213463173e-06	0.16983435792936474	0.49962069645219553	0.3305422613971185	4e-322
MSH6_multinomial_train_fold1.9	2.9432472585795913e-173	0.9994458249673268	0.0005275749062217035	2.660012645162387e-05	9.386979947491069e-123
MSH6_multinomial_train_fold1.10	3.434e-321	0.9999999999999999	9.399306922272085e-31	7.242413194493395e-64	1.0750361789923224e-229
MSH6_multinomial_train_fold1.11	2.614e-321	0.9999999999999999	1.042e-321	1.951746537687644e-286	9.14e-322
MLH1_multinomial_train_fold1.4	0.012117930202089549	0.9210016469420889	1.294e-321	0.0668804228558216	1.47e-321
MSH6_multinomial_train_fold1.12	1.6087889535264476e-156	1.0	1.12e-321	6.352320834313464e-250	9.83e-322
PMS1_multinomial_train_fold1.3	1.111058005813822e-23	0.23093227667793723	0.3341010332741339	0.39203139809821785	0.04293529194971099
MSH6_multinomial_train_fold1.13	3.22e-321	0.9717071494237486	4.775574502648287e-205	4.311938720661458e-68	0.028292850576251315
MSH6_multinomial_train_fold1.14	2.29e-321	1.0	7.86e-322	1.98e-321	6.13e-322
PMS2_multinomial_train_fold1.2	0.4490371066911683	0.5509628933088317	8.74e-322	6e-322	5.63e-322
MSH6_multinomial_train_fold1.15	3.103e-321	0.9793973431966102	0.0032532548721798805	0.0173494019312099	8.096097162183516e-274
MSH2_multinomial_train_fold1.5	1.75e-321	0.9677427623100006	6.77e-322	0.03225723768999931	7.86e-322
PMS1_multinomial_train_fold1.4	0.0538804638570507	0.30605409896388625	0.43761678292111694	0.20244865425794595	1.063912431523069e-135
MSH2_multinomial_train_fold1.6	1.146e-321	0.9921171342279903	9.1e-322	0.007882865772009723	1.586e-321
PMS1_multinomial_train_fold1.5	0.1370240087989126	0.27972834685273784	0.3600720947529843	0.22317554959536506	9.04e-322
MSH6_multinomial_train_fold1.16	6.7209339405196e-247	1.0	1.275e-321	3.3916347430913905e-247	1.19e-321
PMS1_multinomial_train_fold1.6	2.982820890599181e-20	0.16607448003488745	0.5186064097913407	0.3153191101737719	5.054167072655125e-70
PMS1_multinomial_train_fold1.7	0.06275831389371618	0.34783586495242547	0.5578955090776949	0.031510312076163366	7.303304904908619e-162
MSH6_multinomial_train_fold1.17	2.7842062968244687e-266	0.9867833210884973	1.68e-321	1.7144185844604333e-66	0.013216678911502815
PMS2_multinomial_train_fold1.3	0.44484995160909097	0.5551500483909091	8.84e-322	3e-322	1.136e-321
MSH6_multinomial_train_fold1.18	2.98e-321	0.9863612004077412	1.507e-321	2.0458539033823766e-146	0.013638799592258699
MSH6_multinomial_train_fold1.19	3.07e-321	0.9805256386877013	7.744339875645582e-155	0.015973035755594216	0.003501325556704443
MSH6_multinomial_train_fold1.20	6.726396580926179e-190	1.0	1.62e-321	2.9573543180817577e-117	1.26e-321
MSH6_multinomial_train_fold1.21	3.31e-321	0.994760419289963	1.057e-321	0.005239580710037046	6.13e-322
PMS1_multinomial_train_fold1.8	0.016415719971027837	0.22062233425223224	0.1883003867977868	0.42125658926256304	0.15340496971639003
PMS2_multinomial_train_fold1.4	0.4073703309505638	0.5926296690494361	8.45e-322	2.8e-322	1.38e-321
MSH6_multinomial_train_fold1.22	2.1025221885857738e-238	1.0	2.6032604901914706e-251	9.292959525464215e-124	2.164e-321
MSH6_multinomial_train_fold1.23	1.3822322549732693e-204	1.0	1.067e-321	1.793e-321	1.556e-321
MSH6_multinomial_train_fold1.24	5.675292505993934e-187	0.9835922847375101	1.3119112500445778e-291	0.016407715262489696	4.6681576175378996e-148
PMS2_multinomial_train_fold1.5	0.3963204465529895	0.6036795534470106	5.83e-322	2.9e-322	8.6e-322
MSH2_multinomial_train_fold1.7	1.403e-321	0.9435606805383447	1.077e-321	0.05643931946165538	7.4e-322
MLH1_multinomial_train_fold1.5	0.008511850114564337	0.9814166850812438	1.84e-321	0.010071464804191755	3.937564850246178e-229
PMS1_multinomial_train_fold1.9	0.06625622503576904	0.16163236653797602	0.3764484206779446	0.319088740330525	0.0765742474177855
MSH6_multinomial_train_fold1.25	2.6892095997453943e-232	0.9819619234543406	2.213e-321	2.1768194598732727e-174	0.01803807654565929
MSH2_multinomial_train_fold1.8	1.744e-321	0.9638599058527607	6.77e-322	0.03614009414723928	5.2e-322
PMS1_multinomial_train_fold1.10	8.313983451443552e-49	0.1843652458577598	0.3188597781029055	0.49677497603933474	4.2e-322
MSH6_multinomial_train_fold1.26	6.2601783470091875e-301	1.0	1.4285659659560918e-295	5.759218143637203e-129	3.511017923552783e-191
MLH1_multinomial_train_fold1.6	2.835718683720731e-148	0.9583764060354099	1.79e-321	0.04162359396459028	1.8382168718978753e-94
MLH1_multinomial_train_fold1.7	0.016771315050294524	0.9582077959008627	6.684131699078556e-221	0.025020889048842095	6.493297400679733e-16
MSH6_multinomial_train_fold1.27	2.5e-321	0.9724893588111871	0.019538734788184107	2.1e-321	0.007971906400628679
MLH1_multinomial_train_fold1.8	0.05013880914561134	0.9498611908543888	2.174e-321	9.142774698997139e-43	1.23e-321
MLH1_multinomial_train_fold1.9	0.10256147622560909	0.8879110168783763	1.29e-321	0.009527506896014776	8.55e-322
MSH6_multinomial_train_fold1.28	3.776747367721826e-59	0.9999999999999999	1.47895e-318	6.333442890673986e-40	2.317e-321
MSH6_multinomial_train_fold1.29	3.287830137289814e-240	0.9825138567859442	0.01748614321405585	1.4011428057775508e-185	2.368079e-317
MSH2_multinomial_train_fold1.9	4.6751013828e-313	0.9434359478941838	8.7e-322	0.056564052105816116	5e-322
PMS2_multinomial_train_fold1.6	0.4412230708614271	0.558776929138573	5.8e-322	2.96e-322	5.53e-322
MSH6_multinomial_train_fold1.30	3.39e-321	0.9979887526190002	3.035389819501251e-41	2.930233782142035e-69	0.002011247380999795
MSH6_multinomial_train_fold1.31	1.51e-321	0.9872352360378513	1.383e-321	1.7060985080277218e-154	0.012764763962148555
PMS2_multinomial_train_fold1.7	0.4375398091337973	0.5624601908662027	8.7e-322	2.96e-322	1.11e-321
MSH6_multinomial_train_fold1.32	1.84e-321	0.9375784988632041	0.06242150113679589	7.609637095604483e-29	1.012862988262e-311
MLH1_multinomial_train_fold1.10	0.0011249592110417741	0.952656149102617	1.344e-321	0.04621889168634114	9.24e-322
PMS2_multinomial_train_fold1.8	0.4235254263179309	0.5764745736820691	9.14e-322	3.1e-322	1.477e-321
MLH1_multinomial_train_fold1.11	5.287896967482589e-213	0.9651313120649664	1.285e-321	0.03486868793503359	5.93e-322
MSH6_multinomial_train_fold1.33	3.004e-321	1.0	1.067e-321	4.39551972605433e-53	6.23e-322
PMS1_multinomial_train_fold1.11	0.037829052855711344	0.38603265957330535	0.08073318517410837	0.29958806766280976	0.1958170347340652
PMS2_multinomial_train_fold1.9	0.4459307249547453	0.5540692750452547	8.84e-322	6.03e-322	1.13e-321
PMS1_multinomial_train_fold1.12	0.07837805298799823	0.2773701363098645	0.6278490843854886	0.011166464128194272	0.0052362621884542255
PMS1_multinomial_train_fold1.13	0.06278470623772385	0.2275382002135424	0.4740041029423451	0.23567299060638877	5.93e-322
PMS1_multinomial_train_fold1.14	0.09858975291826577	0.22417735566625727	0.4353603295170445	0.24187256189843254	1.8856373071911303e-30
MSH6_multinomial_train_fold1.34	2.806e-321	0.9799909853431793	1.62e-321	7.551864759074471e-202	0.020009014656820662
MSH6_multinomial_train_fold1.35	2.3e-321	0.9737742475875376	0.01665766120318777	0.009568091209274713	7.985351147874382e-159
MSH6_multinomial_train_fold1.36	5.448873005994237e-270	0.9616045676092843	4.798690773912509e-15	0.024209836842328428	0.014185595548382418
MSH6_multinomial_train_fold1.37	1.907e-321	0.9896940283821596	9.8e-322	1.2582515994966742e-96	0.01030597161784032
MSH6_multinomial_train_fold1.38	4.4848814579489366e-244	0.9877207356979194	1.695e-321	1.579492471903016e-274	0.012279264302080605
MLH1_multinomial_train_fold1.12	0.007213541239284816	0.9662896507262904	1.833e-321	0.02607014693213869	0.00042666110228595504
MSH6_multinomial_train_fold1.39	3.8835512097134645e-272	1.0	1.59e-321	3.422907328413868e-151	9.3e-322
PMS1_multinomial_train_fold1.15	0.2083445757568116	0.2044944305478207	0.37820126390451403	0.20895972979085364	1.2443569516303445e-220
MSH6_multinomial_train_fold1.40	3.355e-321	0.9635469448604388	3.1794803467470656e-120	0.03645305513956121	1.2e-321
PMS1_multinomial_train_fold1.16	1.51e-321	0.21078662907097903	0.03726609035300096	0.533866651660941	0.2180806289150791
MSH6_multinomial_train_fold1.41	3.570162367534703e-200	0.9697146188588315	0.030285381141168393	1.2754069521525401e-292	2.703e-321
MLH1_multinomial_train_fold1.13	6.672497082444073e-45	0.9836536199668524	1.087e-321	0.016346380033147544	9.44e-322
OGG1_multinomial_train_fold1	0.006295577750612745	1.8430419329837496e-08	0.008875195401800392	0.13218831625302233	0.8526408921641453
UNG_multinomial_train_fold1	1.7978884918387588e-184	1.754e-321	0.06473315031274565	0.8996551534204142	0.03561169626684009
OGG1_multinomial_train_fold1.1	1.2288038500687715e-19	0.02878321988832003	0.04651213119984637	0.09130525594055477	0.8333993929712789
OGG1_multinomial_train_fold1.2	0.053836439546393236	5.94422021680127e-37	3.217544450629003e-48	0.09324469309925847	0.8529188673543484
UNG_multinomial_train_fold1.1	0.2333071250640576	1.986e-321	0.11522112050809262	0.6514717544278498	2.133366701194059e-18
OGG1_multinomial_train_fold1.3	1.1793693401933929e-07	0.02584851587845397	3.670292257093327e-71	0.12097656764213235	0.8531747985424797
UNG_multinomial_train_fold1.2	0.017144873323704433	9.6e-322	0.14458916667127117	0.7399171387275146	0.09834882127750989
UNG_multinomial_train_fold1.3	0.07069651771681214	7.3e-322	0.15978800694355325	0.7514958908875958	0.01801958445203874
OGG1_multinomial_train_fold1.4	0.056042161373296914	5.0538198512254506e-292	0.04711554862709848	0.0813497271447181	0.8154925628548866
UNG_multinomial_train_fold1.4	0.10608428911276632	0.019118728421580522	2.7843469252245387e-171	0.804110117252412	0.07068686521324102
UNG_multinomial_train_fold1.5	0.033991057042460235	0.007535829271106098	0.11062764147216991	0.807832015686025	0.040013456528238685
UNG_multinomial_train_fold1.6	7.614233406582298e-75	1.853e-321	0.13724746580084593	0.8627525341991541	9.668729671153179e-164
OGG1_multinomial_train_fold1.5	0.05240151172392649	2.124e-321	0.03043709419698916	0.08870673812651739	0.8284546559525671
OGG1_multinomial_train_fold1.6	0.0655740463168035	3.06e-321	0.01813749012049939	0.10722325481080988	0.8090652087518873
UNG_multinomial_train_fold1.7	0.00046864195663628294	1.22e-321	0.026107033689788072	0.9051318012988424	0.06829252305473318
UNG_multinomial_train_fold1.8	0.17220254422337297	1.606e-321	0.027555673975291496	0.7478664604583901	0.05237532134294533
OGG1_multinomial_train_fold1.7	0.09495062756737493	2.3885166789357066e-254	0.12334726830873675	0.08236428469786014	0.6993378194260281
UNG_multinomial_train_fold1.9	0.05244783128094474	2.12e-321	0.3469161758069237	0.6006359929121314	3.9e-322
UNG_multinomial_train_fold1.10	2.320733121771258e-244	6.77e-322	7.058592481195475e-286	0.9252581407781307	0.0747418592218693
OGG1_multinomial_train_fold1.8	8.474717122593261e-103	3.2085585603643066e-292	0.19841951717919185	0.08792660629385762	0.7136538765269506
OGG1_multinomial_train_fold1.9	0.010639719260888313	7.828730403102533e-195	0.06497565004205187	0.0993279240494114	0.8250567066476484
UNG_multinomial_train_fold1.11	2.2352422409592167e-36	2.386e-321	0.06259523389085919	0.8634649785642653	0.07393978754487536
UNG_multinomial_train_fold1.12	4.790127525208869e-100	1.23e-321	0.03395503733061741	0.8758928072774594	0.0901521553919231
OGG1_multinomial_train_fold1.10	9.632377395066541e-43	0.0008215278210709089	0.06949056691134582	0.09620788558814738	0.8334800196794357
OGG1_multinomial_train_fold1.11	0.0583509076597079	2.283e-321	3.3527316314212192e-80	0.05693343227682487	0.8847156600634672
UNG_multinomial_train_fold1.13	0.07759687317027512	1.344e-321	0.014477225986163376	0.7738797735877406	0.1340461272558208
OGG1_multinomial_train_fold1.12	0.0020695862921437176	2.0685349248347964e-12	5.913335139143521e-89	0.0881914845288781	0.9097389291769096
OGG1_multinomial_train_fold1.13	0.09191983702487672	8.172940479462379e-142	4.052173469480799e-48	0.08571884704186652	0.8223613159332569
OGG1_multinomial_train_fold1.14	4.54042203647306e-25	3.970733165734825e-213	0.09562858068158357	0.12180183552880065	0.7825695837896158
OGG1_multinomial_train_fold1.15	0.0749441244639504	9.610479607123812e-291	8.792751153996456e-23	0.11215523144092189	0.8129006440951279
UNG_multinomial_train_fold1.14	0.06572533174308325	9.6e-322	0.10683643981146758	0.8274382284454491	2.6539527617390586e-50
OGG1_multinomial_train_fold1.16	0.022930995751605905	3.75553032074565e-60	6.615651995814452e-50	0.07213808081694925	0.9049309234314447
UNG_multinomial_train_fold1.15	0.02843745377510042	1.08e-321	8.318343867553118e-90	0.8516410574371995	0.11992148878770001
OGG1_multinomial_train_fold1.17	0.025845252324474217	0.006753717162685772	2.5290001176744074e-41	0.11137907709958872	0.8560219534132512
UNG_multinomial_train_fold1.16	3.2259207135145786e-14	5.76772149107286e-287	0.08228357623401414	0.8774408096776903	0.04027561408826332
OGG1_multinomial_train_fold1.18	2.528132613035316e-06	0.00797440302626744	0.02503106465100278	0.13463204087074465	0.8323599633193721
UNG_multinomial_train_fold1.17	0.023814674865409058	0.010187986151597857	0.21042226877712913	0.6734256811458936	0.08214938905997053
UNG_multinomial_train_fold1.18	0.14878440940892157	4.268145261220087e-230	0.11960374976416611	0.7315813909961041	3.0449830808221914e-05
UNG_multinomial_train_fold1.19	4.454754452129853e-166	1.4598179724040597e-39	0.20461795953072864	0.7670938906855009	0.028288149783770224
OGG1_multinomial_train_fold1.19	2.799773426821424e-09	2.3034106881305715e-278	0.10009365093120752	0.08873951629176205	0.8111668299772572
OGG1_multinomial_train_fold1.20	0.06062342496490076	1.4891205583604274e-71	0.0989849082518433	0.06659331278559136	0.7737983539976646
UNG_multinomial_train_fold1.20	0.2102011214692756	1.22e-321	1.010385851079176e-79	0.7093025909372415	0.08049628759348285
UNG_multinomial_train_fold1.21	4.748733040478612e-61	0.05194547607481875	0.02489911039698806	0.7976399585605608	0.1255154549676323
OGG1_multinomial_train_fold1.21	0.03420276971782237	4.764959613913089e-93	0.17410730202012176	0.050066110318977	0.7416238179430789
OGG1_multinomial_train_fold1.22	0.0637207974689058	0.018577729416629277	9.299626913105373e-51	0.11297984556631017	0.8047216275481546
OGG1_multinomial_train_fold1.23	2.06573351559236e-11	2.312288123755579e-115	6.216898269590341e-45	0.10791518372877597	0.8920848162505667
OGG1_multinomial_train_fold1.24	0.037130571515397455	7.2368810108757975e-295	0.15191706212000233	0.09593275208142339	0.7150196142831768
OGG1_multinomial_train_fold1.25	0.051931810186459246	3.002080816752592e-100	0.02149514750602641	0.09622995195369512	0.8303430903538191
UNG_multinomial_train_fold1.22	3.4845522686581855e-119	1.05e-321	0.23871322380781637	0.7612867761921837	3.157655010621823e-146
OGG1_multinomial_train_fold1.26	2.360371940293558e-124	0.0013131447617816584	0.16163871025384277	0.07315389544820522	0.7638942495361705
OGG1_multinomial_train_fold1.27	3.639596044527014e-34	0.006163083729616079	0.028907762310766905	0.1212260211409604	0.8437031328186565
OGG1_multinomial_train_fold1.28	0.009998394153330498	2.81e-321	0.26191916669113546	0.009619887104563978	0.7184625520509702
OGG1_multinomial_train_fold1.29	0.04393765532795681	0.00508390374715509	1.02430432062966e-27	0.08526133336885543	0.8657171075560326
UNG_multinomial_train_fold1.23	6.072850851916978e-141	7.200577315061569e-172	0.13165803699841142	0.8683419630015886	1.8147599523270396e-277
OGG1_multinomial_train_fold1.30	0.03099499647547797	3.2422206099516525e-30	6.235455789126856e-52	0.09182483050177953	0.8771801730227425
OGG1_multinomial_train_fold1.31	0.023522820787257905	2.79e-321	0.07565596609162262	0.09128553630655706	0.8095356768145625
UNG_multinomial_train_fold1.24	0.03321129932500414	0.05077721091568099	0.08020410329146746	0.7418063758344251	0.09400101063342249
UNG_multinomial_train_fold1.25	0.05597621498022961	3.529862069189468e-138	0.13163566319058218	0.8048204490365284	0.007567672792659788
OGG1_multinomial_train_fold1.32	0.06352483289261043	4.986311850004207e-236	0.017563840753747725	0.09078844130523579	0.8281228850484059
UNG_multinomial_train_fold1.26	0.11414452943399918	5.939444592588551e-212	0.22078370183514326	0.6650717687308576	2.9710080093764317e-154
UNG_multinomial_train_fold1.27	0.1078050017844779	1.0513472574239563e-94	0.24787718137454653	0.616503678487119	0.027814138353856568
OGG1_multinomial_train_fold1.33	0.01573393737200569	1.9082369699514814e-88	1.5257292005998818e-95	0.10581353765350336	0.8784525249744909
OGG1_multinomial_train_fold1.34	9.357182768173309e-16	9.1444712838133e-311	0.17549688285765355	0.0751970568935259	0.7493060602488197
UNG_multinomial_train_fold1.28	0.030919940719835812	9.04e-322	0.14466663455936568	0.7858907881719046	0.038522636548893936
OGG1_multinomial_train_fold1.35	0.05004118263022674	2.0393700968627853e-191	0.03938968861738088	0.07956744642611349	0.8310016823262789
UNG_multinomial_train_fold1.29	0.09141666558063617	2.2421157454857943e-50	3.4919719626395407e-208	0.7682706022570811	0.14031273216228268
OGG1_multinomial_train_fold1.36	7.744207465173665e-23	0.03642712135052421	6.479166473086388e-85	0.07687984397950143	0.8866930346699744
OGG1_multinomial_train_fold1.37	0.08649952298557334	2.737e-321	0.1136086447949275	0.04658357177547826	0.7533082604440209
OGG1_multinomial_train_fold1.38	0.051043666696094184	5.076919710082299e-38	2.9179392225187368e-49	0.09874788053881586	0.85020845276509
UNG_multinomial_train_fold1.30	5.340593434314844e-87	4.224971194038548e-74	0.21387522330208827	0.7587489374465249	0.027375839251386636
OGG1_multinomial_train_fold1.39	1.1520636694889266e-219	6.472554901531027e-122	5.190704657662257e-06	0.14428469440218228	0.8557101148931601
OGG1_multinomial_train_fold1.40	0.021789583432665988	3.6983941849025823e-19	0.05353517227877095	0.10220127510700294	0.8224739691815602
UNG_multinomial_train_fold1.31	0.17116042607511267	2.124e-321	0.17964527725780635	0.6387898108691235	0.01040448579795755
UNG_multinomial_train_fold1.32	0.04176343158117383	0.15882210912419895	0.14614977715139862	0.6532646821432285	4.9440527140725916e-272
UNG_multinomial_train_fold1.33	0.0845333737064826	0.10266251829344031	2.3333617332442495e-105	0.734916386081277	0.0778877219188001
UNG_multinomial_train_fold1.34	0.0003085237432251895	1.63e-321	0.0944568318120223	0.8468261286369343	0.058408515807818216
UNG_multinomial_train_fold1.35	0.05170386392424524	2.1e-321	0.16779941444294982	0.7097291360119659	0.07076758562083921
UNG_multinomial_train_fold1.36	0.11713634453811816	2.9938349710561283e-187	1.282439007162908e-13	0.7464952957783678	0.13636835968338568
UNG_multinomial_train_fold1.37	0.09342337040134413	0.029032516359902734	0.24802839670650173	0.6295157165322514	6.911514100131943e-28
OGG1_multinomial_train_fold1.41	0.04327880193254008	2.38e-321	0.0029008173699677994	0.13136247672164908	0.8224579039758431
UNG_multinomial_train_fold1.38	6.743163291010702e-12	1.38e-321	0.08670012853654042	0.8397052326101377	0.07359463884657869
OGG1_multinomial_train_fold1.42	0.039119719451209685	5.693390628242426e-157	0.1606556785731876	0.06909841651408308	0.7311261854615195
OGG1_multinomial_train_fold1.43	1.6030125995030863e-78	9.723845291469154e-05	0.02251287879954565	0.11969642542873632	0.8576934573188034
UNG_multinomial_train_fold1.39	0.16199750558605633	2.194e-321	0.11903261977259844	0.6885799594215243	0.030389915219821134
OGG1_multinomial_train_fold1.44	0.09306178102010595	2.08e-321	0.08713048453129477	0.06311641338958526	0.7566913210590139
OGG1_multinomial_train_fold1.45	7.190110953278878e-22	2.9118018640486865e-88	0.23334367783321963	0.05572821003235146	0.7109281121344287
OGG1_multinomial_train_fold1.46	0.022526108326504878	2.75e-321	0.07080743016953474	0.10776639270703874	0.7989000687969215
UNG_multinomial_train_fold1.40	0.05009495773080793	0.041148515132614145	0.176064362035496	0.7326921651010818	8.547028221104757e-129
OGG1_multinomial_train_fold1.47	4.5346832671599435e-65	0.007363888392465038	7.187816192818673e-15	0.12733202839980445	0.8653040832077231
OGG1_multinomial_train_fold1.48	0.0005948308863749546	3.4850856451389413e-220	2.1651834541592722e-23	0.1168965966429966	0.8825085724706285
OGG1_multinomial_train_fold1.49	0.014007326140601972	1.1227093597884743e-282	0.09507064686135366	0.11531201289215891	0.7756100141058855
OGG1_multinomial_train_fold1.50	0.03053383575222957	2.1298243934134504e-186	0.022806251654798885	0.1325049501870357	0.8141549624059359
UNG_multinomial_train_fold1.41	2.008740466972935e-195	0.021722615794317602	0.013899860938974221	0.9643775232667082	1.2852994434961268e-225
OGG1_multinomial_train_fold1.51	0.06059896788574213	0.0033933881072770473	0.057642646537350004	0.09426388884139789	0.7841011086282331
UNG_multinomial_train_fold1.42	3.891367010677244e-47	0.011310711949326186	0.00593611426773465	0.8759749797650959	0.10677819401784339
OGG1_multinomial_train_fold1.52	0.07885442768913252	1.1237807465824699e-237	2.8207560936754004e-10	0.08834282368082266	0.8328027483479693
UNG_multinomial_train_fold1.43	1.7059821769859324e-46	1.126e-321	1.5137958919439553e-49	0.9562319072249738	0.04376809277502621
UNG_multinomial_train_fold1.44	0.06720705871171671	1.245e-321	0.13792490857687323	0.7218581877775508	0.07300984493385934
RNF168_multinomial_train_fold1	0.9738112449827148	0.013276532822924795	1.11e-321	2.638824887847914e-186	0.012912222194360395
RNF168_multinomial_train_fold1.1	0.9212288125417489	2.88e-321	5.397007487533821e-81	2.4296745811158874e-286	0.07877118745825107
RNF168_multinomial_train_fold1.2	0.9265645400740742	0.040815024882027796	1.0245132654484519e-31	1.9921366565987156e-187	0.032620435043898055
RNF168_multinomial_train_fold1.3	0.9402863308397588	1.13e-321	2.5298442823499608e-239	1.705e-321	0.05971366916024126
RNF168_multinomial_train_fold1.4	0.827775391476232	0.0841359877095916	0.06627178732848256	0.021816833485693816	1.0404810482537682e-97
RNF168_multinomial_train_fold1.5	0.8401313116936264	0.07405319457394598	5.63e-322	0.08581549373242758	3.2e-322
RNF168_multinomial_train_fold1.6	0.9861189451178433	8.234675268528867e-224	8.84e-322	0.01388105488215672	2.96e-322
RNF168_multinomial_train_fold1.7	0.8622074239918944	0.02784525734681368	0.07658120378214081	1.2210885310388924e-98	0.033366114879151004
RNF168_multinomial_train_fold1.8	0.8528299195610096	0.06358285421867282	8.107485278126442e-69	0.06179368385136135	0.021793542368956254
RNF168_multinomial_train_fold1.9	0.8279022872959907	0.04041873138598112	0.11318558734858973	0.018493393969438384	4.35e-322
RNF168_multinomial_train_fold1.10	0.9043308198147153	3.177e-321	3.670432994588824e-216	0.0888817610233986	0.0067874191618860664
RNF168_multinomial_train_fold1.11	0.9236986870189203	0.02594238398625654	3.8659963446254906e-87	0.039570402735900914	0.010788526258922354
RNF168_multinomial_train_fold1.12	0.8708097836806186	1.8734668558043054e-217	0.09811147325901212	3.0247824992661395e-251	0.031078743060369247
RNF168_multinomial_train_fold1.13	0.7554407494821582	0.019212183141828713	0.13799155428909696	0.08735551308691625	5.63e-322
RNF168_multinomial_train_fold1.14	0.9029994587251433	0.05479920120883516	0.04127404772703083	9.998912988802192e-17	0.0009272923389906839
RNF168_multinomial_train_fold1.15	0.9518335860525095	0.048166413947490626	1.275e-321	1.099763469240524e-254	7.07e-322
RNF168_multinomial_train_fold1.16	0.7901074376545592	4.555768016449942e-135	0.10577205189826712	0.10412051044717369	1.097e-321
RNF168_multinomial_train_fold1.17	0.9386664488590568	3.2640476541628218e-37	0.010775075295610328	0.05055847584533302	3.084119730153729e-282
RNF168_multinomial_train_fold1.18	0.9155942565725428	1.080745665560395e-278	0.052994090380073106	1.1242088467150358e-83	0.031411653047384164
