Samples	SBS96A	SBS96B	SBS96C	SBS96D	SBS96E
EXO1_0_real_train1	0.8846002877026797	0.0037907640565696178	1.3651446663145627e-129	0.1116089482407507	3.2867913922541106e-163
OGG1_0_real_train1	2.9317449281999473e-55	0.03551292161983738	8.05752706295655e-14	0.10286449652229195	0.8616225818577902
RNF168_0_real_train1	0.8455160438614966	9.736287004799684e-220	0.06606624432781909	0.07058685213182175	0.017830859678862575
UNG_0_real_train1	0.036470875063003755	9.78037267735576e-175	0.09770484082500637	0.8560994847677231	0.009724799344266656
ATP2B4_0_real_train1	0.1527504812005665	1.1610595356008569e-61	0.6499631002088344	0.15111082285599528	0.04617559573460371
ATP2B4_1_real_train1	4.151715377048134e-136	0.0759616060100106	0.8676834610059614	5.128607093472475e-243	0.05635493298402808
MLH1_0_real_train1	2.44e-321	1.0	1.067e-321	2.8791208074368926e-18	1.255e-321
MSH2_0_real_train1	2.6e-321	0.9340365985947494	8.151835739855491e-248	0.06596340140525064	4.6363059672827504e-282
MSH6_0_real_train1	8.856360990503235e-263	0.9934671486739847	7.252339889176212e-227	2.9418794315523114e-121	0.006532851326015214
MSH6_1_real_train1	2.40964890929134e-310	0.986754546727343	1.78e-321	2.19e-321	0.013245453272657155
PMS1_0_real_train1	6.323643266649608e-160	0.20654265088134757	0.6029302795903722	0.1905270695282803	1.523774086803087e-181
PMS2_0_real_train1	0.4746372511608305	0.5253627488391694	1.22e-321	3.06e-322	1.784e-321
EXO1_0_multinomial_train1	0.9071126757700925	1.6586529404059768e-73	9.955778216206878e-203	0.08348400872946764	0.009403315500439944
RNF168_0_multinomial_train1	0.7925180155201039	6.221592296655621e-217	0.17296732317936356	0.03451466130053265	6.364726083455843e-226
RNF168_0_multinomial_train1.1	0.8047971832727743	1.225e-321	0.1952028167272256	3.251217424571259e-70	8.550832044863358e-35
EXO1_0_multinomial_train1.1	0.8671848199422196	0.08379985042738274	1.5351044807822133e-156	0.032242716286738485	0.016772613343659204
RNF168_0_multinomial_train1.2	0.8204797347824896	0.0020524510926891045	0.17746781412482132	3.9580180793551725e-300	1.7122160052127176e-50
RNF168_0_multinomial_train1.3	0.7776197844542839	1.2953891590966336e-34	0.05870538865309947	0.14410783414124184	0.01956699275137477
RNF168_0_multinomial_train1.4	0.7840189729635135	0.014171553195215255	0.1709862524406056	0.017573655129325495	0.013249566271340099
RNF168_0_multinomial_train1.5	0.8419575791455186	1.58e-321	0.013046460875254838	0.1449959599792265	6.87e-322
RNF168_0_multinomial_train1.6	0.7628801935006588	2.15e-321	7.615632580655609e-103	0.1935792890897004	0.04354051740964081
RNF168_0_multinomial_train1.7	0.8753336911929878	9.122328176663567e-73	8.143857292455466e-116	0.12273472284157848	0.0019315859654336384
RNF168_0_multinomial_train1.8	0.8936670676729666	8.305623853088135e-202	0.025452840385167614	0.004283764596656151	0.07659632734520952
EXO1_0_multinomial_train1.2	0.8747816374236187	6.770757946636047e-60	2.686422214396655e-183	0.1252183625763812	6.1e-322
EXO1_0_multinomial_train1.3	0.948364467864973	0.028714599991662707	3.893043533847733e-275	1.4661803454777903e-45	0.022920932143364322
RNF168_0_multinomial_train1.9	0.8918928267924866	2.01e-321	0.07955771354474268	0.0285494596627706	5.061563892643797e-93
EXO1_0_multinomial_train1.4	0.877488519790145	2.0637336922460393e-151	5.621088057089305e-221	0.12251148020985503	1.81e-321
EXO1_0_multinomial_train1.5	0.8724833513312933	0.017941769678697584	8.245672556547441e-79	0.10830278203552116	0.001272096954488036
EXO1_0_multinomial_train1.6	0.8757417925654325	2.3294362759026036e-211	1.672426441762641e-296	0.12425820743456753	1.477e-321
EXO1_0_multinomial_train1.7	0.8688673240177358	0.01728093336473598	2.717e-321	0.11385174261752816	1.145079452299683e-154
EXO1_0_multinomial_train1.8	0.8009921815875187	0.0055126736745438635	1.640031279266242e-145	0.19349514473793725	2.0870602904925764e-282
RNF168_0_multinomial_train1.10	0.744418229106838	2.787e-321	1.5819587209199825e-194	0.15374765610986407	0.10183411478329797
EXO1_0_multinomial_train1.9	0.9528436169325246	0.04715638306747522	1.6e-321	3.269131847807852e-100	9.14e-322
RNF168_0_multinomial_train1.11	0.8391999480895069	7.061829729804404e-116	0.01419684329853884	0.14660320861195436	1.56e-321
RNF168_0_multinomial_train1.12	0.8609236099590329	0.02192212594372048	0.08604733468190483	0.015676363728527203	0.015430565686814557
EXO1_0_multinomial_train1.10	0.8853426275994051	0.0320352434417863	1.364e-321	0.08262212895880877	7.07e-322
EXO1_0_multinomial_train1.11	0.8294661834475736	0.02783082541418752	9.864694817792829e-240	0.1427029911382388	1.0997034436255694e-194
RNF168_0_multinomial_train1.13	0.8279725176970164	0.14055504767492538	2.940694156018316e-143	2.446e-321	0.03147243462805821
RNF168_0_multinomial_train1.14	0.8151641930023241	1.633160755450353e-40	0.13917386131600373	0.045661945681672034	5.567105652989997e-64
RNF168_0_multinomial_train1.15	0.8614906425987177	0.003908099448733625	5.47163093654435e-192	0.12571333144638228	0.008887926506166375
RNF168_0_multinomial_train1.16	0.8064810761550386	6.005682450689025e-66	0.0883901784538733	0.07206043219560734	0.03306831319548085
EXO1_0_multinomial_train1.12	0.8928265347653096	2.610585771835127e-217	2.2923277173326924e-122	0.07940397639506855	0.027769488839621864
RNF168_0_multinomial_train1.17	0.7687532734767661	3.5780528999750075e-11	0.09696089686985537	0.13428582961759802	3.859448866040799e-39
EXO1_0_multinomial_train1.13	0.8734622538173723	6.517739671576833e-193	7.650427665702652e-91	0.10632643298841625	0.020211313194211527
RNF168_0_multinomial_train1.18	0.7902018866801127	2.134e-321	0.19691052587407673	7.93356100819655e-09	0.012887579512249591
EXO1_0_multinomial_train1.14	0.8774576462796351	0.00238439103292192	1.1557991067934253e-189	0.11964052909392575	0.0005174335935172893
RNF168_0_multinomial_train1.19	0.9705036652976863	3.082186838054681e-103	1.265210669968939e-109	7.285721375603543e-58	0.0294963347023137
RNF168_0_multinomial_train1.20	0.8923236395913502	1.2603131156621941e-195	1.136e-321	0.1076763604086497	3.9e-322
EXO1_0_multinomial_train1.15	0.8669740708105302	0.0019578202159781675	9.143346464526866e-196	0.13106810897349158	6.891311202003388e-227
RNF168_0_multinomial_train1.21	0.7801343899554131	2.275704627495205e-137	1.1280815603813236e-137	0.1457426566727206	0.07412295337186622
RNF168_0_multinomial_train1.22	0.6869272614655448	0.02129232403157756	0.08350204482919153	0.17788067180805509	0.030397697865630836
EXO1_0_multinomial_train1.16	0.8242683158886644	0.01524002424099368	1.576e-321	0.16049165987034184	6.77e-322
EXO1_0_multinomial_train1.17	0.9018532722781073	0.018606770383163974	1.53169476778015e-305	0.0795399573387287	1.117e-321
RNF168_0_multinomial_train1.23	0.930270447034966	1.187372969843257e-225	3.54194296654734e-218	0.04044924044501573	0.02928031252001841
EXO1_0_multinomial_train1.18	0.7998116348754054	0.02083074851901048	2.1510158293405006e-227	0.17935761660558416	1.364e-321
RNF168_0_multinomial_train1.24	0.9226271110320199	1.0440753988323661e-286	0.07737288896798004	1.413388555859763e-79	5.680211432942633e-291
RNF168_0_multinomial_train1.25	0.8734823444117339	3.6399826612743032e-239	0.09075453620807863	0.035763119380187655	2.322063623165472e-282
RNF168_0_multinomial_train1.26	0.904179430276292	1.88e-321	0.010383256063875608	0.08543731365983238	2.071265946399864e-136
RNF168_0_multinomial_train1.27	0.6828792907472601	9.888012898981863e-237	0.2673547082691414	0.049766000983596036	2.6815604274414764e-15
RNF168_0_multinomial_train1.28	0.9048010050921067	2.1313507940561554e-70	0.0412969842363965	0.05390201067149675	1.7885076363953114e-105
EXO1_0_multinomial_train1.19	0.8370958906167363	0.044457431200017515	1.021336293118658e-158	0.11844667818324625	1.136e-321
RNF168_0_multinomial_train1.29	0.8699297954279972	1.2964454234672631e-98	0.0075112067132012406	0.12255899785880156	1.264506392686754e-109
EXO1_0_multinomial_train1.20	0.8572513724704826	0.0028922950106370156	1.1110162279556125e-10	0.13982494114797928	3.1391259799570235e-05
RNF168_0_multinomial_train1.30	0.8459342217185848	3.4655135991139316e-289	0.1137857672806741	0.040280011000741085	2.7026277508073808e-33
RNF168_0_multinomial_train1.31	0.8493218180613125	2.870634180438327e-62	0.09106051925059859	0.059617662688088914	1.0000359215006301e-215
RNF168_0_multinomial_train1.32	0.9212146409987262	8.077580844098615e-198	0.0138892692713163	0.029001439959800573	0.03589464977015707
RNF168_0_multinomial_train1.33	0.753188009127483	8.94e-322	0.1181882575957995	0.12862373327671756	1.14e-321
EXO1_0_multinomial_train1.21	0.8632210500982536	4.8571339677840634e-220	1.92e-321	0.1367789499017465	1.41e-321
RNF168_0_multinomial_train1.34	0.9713621257396591	6.47e-322	6.220401782051288e-212	3.56965803126829e-261	0.02863787426034103
EXO1_0_multinomial_train1.22	0.9197962170469238	0.014512151822065006	4.474278355344185e-140	0.06528447480659415	0.000407156324416877
EXO1_0_multinomial_train1.23	0.8633954254833484	6.0158673887254444e-173	1.621501538546316e-56	0.13660457451665167	5.354226960861547e-128
RNF168_0_multinomial_train1.35	0.7712868505339425	6.404439831674e-312	2.5313536341550714e-45	0.20192873709990736	0.02678441236615005
RNF168_0_multinomial_train1.36	0.8095531297385866	7.356481463413345e-259	0.15673473004188918	0.03371214021952418	1.5656729310353295e-215
EXO1_0_multinomial_train1.24	0.9198680285963541	5.300539689210186e-72	0.052013057826785315	0.0281189135768606	4.0410261911552096e-101
RNF168_0_multinomial_train1.37	0.8443663024624776	1.907e-321	0.05472916451764753	0.10090453301987487	6.2292236362397185e-226
EXO1_0_multinomial_train1.25	0.8387393020348928	0.031100564281801274	0.030357302955897766	0.09421726029870847	0.005585570428699663
RNF168_0_multinomial_train1.38	0.8874192714847106	1.19e-321	0.0921637993922403	4.167157536309177e-282	0.020416929123049123
EXO1_0_multinomial_train1.26	0.9233632254298352	0.02122427089028352	2.3015650624536134e-254	0.05541250367988134	9.4e-322
EXO1_0_multinomial_train1.27	0.8912379620282942	4.830902596585202e-181	2.424988963112704e-136	0.10876203797170583	1.47e-321
EXO1_0_multinomial_train1.28	0.889347571609811	2.0527807306467848e-135	3.7178922571638047e-183	0.11065242839018895	1.6e-321
EXO1_0_multinomial_train1.29	0.8888343985884561	1.46464075062494e-178	0.0041927688404738385	0.10697283257107011	3.765882712443566e-20
EXO1_0_multinomial_train1.30	0.8691022198156491	1.1054815465472325e-170	5.561419087737046e-304	0.1308977801843509	8.35e-322
RNF168_0_multinomial_train1.39	0.8265964920274158	1.3002099197897964e-250	8.74e-322	0.14928627620080562	0.02411723177177855
RNF168_0_multinomial_train1.40	0.7710555189214178	1.754e-321	0.19712752177536472	5.42117397691759e-197	0.031816959303217394
EXO1_0_multinomial_train1.31	0.8343232767665518	0.03926007833171916	1.352444728426181e-290	0.12641664490172896	1.33e-321
EXO1_0_multinomial_train1.32	0.8864787559693659	0.022602370866476557	5.621048298779259e-118	0.0830860869102115	0.007832786253946124
EXO1_0_multinomial_train1.33	0.9054349450405247	0.0038137544612954094	2.7092201314195756e-195	0.08882614988322603	0.0019251506149537748
RNF168_0_multinomial_train1.41	0.897513733534657	1.225e-321	0.0845845608387522	6.3258082342711625e-56	0.017901705626590745
RNF168_0_multinomial_train1.42	0.9062360938026348	2.535e-321	0.06670105695728303	0.009074400072889002	0.01798844916719326
EXO1_0_multinomial_train1.34	0.8779756820415436	0.0016620177025072826	3.9685764610278336e-198	0.12036230025594914	9.511060562276917e-143
RNF168_0_multinomial_train1.43	0.7870134787421281	1.73e-321	0.13630921961298337	0.07667730164488863	1.2353434779875803e-22
EXO1_0_multinomial_train1.35	0.8434391053830856	2.6165659493559515e-176	0.038223903195255086	0.11755731769949156	0.0007796737221676381
EXO1_0_multinomial_train1.36	0.851101039048648	1.1951311692632457e-58	2.36e-321	0.14889896095135205	1.12e-321
RNF168_0_multinomial_train1.44	0.8222446503021756	1.91e-321	0.13398767734245573	0.026738677064451967	0.017028995290916605
EXO1_0_multinomial_train1.37	0.8755133890973157	0.0033288133832072527	1.576e-321	0.12115779751947718	1.793e-321
RNF168_0_multinomial_train1.45	0.8062561651906047	2.03e-321	0.15049536481065462	0.043248469998740525	5.3113340303846095e-220
RNF168_0_multinomial_train1.46	0.9126252067201439	2.727e-321	1.5957399056334625e-52	0.04324637871931744	0.044128414560538474
RNF168_0_multinomial_train1.47	0.8960838042608408	4.58267902351953e-183	0.048091526289894174	0.055824669449265056	8.7e-322
RNF168_0_multinomial_train1.48	0.844159543273201	1.596e-321	0.06616955428989517	0.08967090243690394	6.13e-322
RNF168_0_multinomial_train1.49	0.8050138468689332	1.0527532370897506e-91	0.05708545828243947	0.1114776569314028	0.026423037917224487
RNF168_0_multinomial_train1.50	0.8164227576939593	2.0622418991325153e-09	4.7261006701916904e-122	0.16921763188868844	0.014359608355110404
EXO1_0_multinomial_train1.38	0.9126569535422533	9.146688796519826e-227	8.320945582149034e-83	0.06352090484858462	0.02382214160916211
RNF168_0_multinomial_train1.51	0.863593728205833	2.2897689216978758e-95	0.09030519103597395	0.04610108075819288	1.546e-321
RNF168_0_multinomial_train1.52	0.8287610826512046	0.05876402594642092	9.182686138042176e-61	0.0747529247444346	0.03772196665793994
EXO1_0_multinomial_train1.39	0.8139680717376288	0.040599622982642906	1.8818529626839031e-193	0.13465538722885684	0.010776918050871479
EXO1_0_multinomial_train1.40	0.8475360312515376	0.031074768048869234	4.078385363021963e-172	0.10959686696352157	0.011792333736071501
RNF168_0_multinomial_train1.53	0.8248748642139988	3.056417818906079e-223	0.15512470804067674	0.007465825923440837	0.012534601821883618
EXO1_0_multinomial_train1.41	0.8491185235689618	0.05662137382582519	2.26e-321	0.09426010260521318	6.5e-322
EXO1_0_multinomial_train1.42	0.8758040860468468	5.4222187820873676e-176	3.82736911236191e-65	0.12419591395315317	1.517e-321
RNF168_0_multinomial_train1.54	0.7197717621692136	1.21e-321	0.1745777234237008	0.08424049305405523	0.02141002135303027
OGG1_0_multinomial_train1	6.015765912454817e-134	1.0418704931282933e-141	0.09309564264937892	0.09425100539186607	0.812653351958755
UNG_0_multinomial_train1	2.4185938726490934e-250	0.0480875799198868	6.000084529077772e-115	0.9352556486839441	0.01665677139616908
UNG_0_multinomial_train1.1	1.912315129107168e-12	0.01221736262662229	0.15444841373619989	0.7887833099509568	0.04455091368430871
UNG_0_multinomial_train1.2	0.05777327779483212	2.386e-321	0.05754236801958512	0.8426876655637284	0.041996688621854385
OGG1_0_multinomial_train1.1	7.936062937694665e-101	0.08498267718776199	1.21559190175617e-14	0.07564133519516685	0.8393759876170592
UNG_0_multinomial_train1.3	0.15370777850836553	0.016458032710894174	0.03624943025144711	0.7409953281635582	0.05258943036573495
OGG1_0_multinomial_train1.2	5.240106459405184e-141	0.10120789556348803	3.6405817236559487e-163	0.012059582891313899	0.886732521545198
OGG1_0_multinomial_train1.3	2.4789052558484224e-51	0.03538594128009516	7.275037200384304e-57	0.044556144547305256	0.9200579141725996
UNG_0_multinomial_train1.4	3.103010856919051e-147	1.96e-321	0.165878240799154	0.8341217592008461	9.39095007160635e-168
UNG_0_multinomial_train1.5	0.035432320953082866	1.01e-321	0.03585673524654363	0.9285762897988825	0.00013465400149093447
OGG1_0_multinomial_train1.4	1.7650970268934236e-252	0.049002791325989434	1.685591951102309e-99	3.921188867170727e-33	0.9509972086740107
OGG1_0_multinomial_train1.5	6.630381476667748e-154	0.11211304269436224	1.7302263079345385e-150	1.2063286905684262e-84	0.8878869573056378
UNG_0_multinomial_train1.6	0.03636832683407166	0.0071794253756569705	9.14e-322	0.9564522477902714	3.9671465382435306e-101
UNG_0_multinomial_train1.7	5.8363052684871775e-22	0.07114566049529186	1.6370527968975415e-37	0.756074415837319	0.17277992366738917
UNG_0_multinomial_train1.8	2.38e-321	1.16e-321	0.0728424873204626	0.9271575126795374	2.2636722964153513e-269
OGG1_0_multinomial_train1.6	2.87554300480786e-192	0.05547601500839442	7.729452625665692e-91	0.07527436022568287	0.8692496247659226
UNG_0_multinomial_train1.9	0.07823454567219333	1.2492856160512707e-56	0.08069381511432719	0.8410716392134796	1.1748528840118607e-36
OGG1_0_multinomial_train1.7	1.3434099922691237e-103	0.023152255740770802	5.806062441595636e-10	0.09408752880540548	0.8827602148732173
UNG_0_multinomial_train1.10	0.01253154690680736	9.63e-322	0.1582415866243162	0.8292268664688764	5.5e-322
OGG1_0_multinomial_train1.8	0.03767440428518665	2.085e-321	5.3960600044045414e-104	0.16285589278731846	0.7994697029274948
UNG_0_multinomial_train1.11	0.01393660816677858	5.0300768549919264e-284	0.2116404411773022	0.7744229506559192	6.766459974272447e-302
OGG1_0_multinomial_train1.9	1.8096132183251512e-104	0.03330784037492999	0.052427112246276046	0.06000066654026269	0.8542643808385312
OGG1_0_multinomial_train1.10	3.057462717372171e-228	0.02505950508835449	0.15271349991931116	0.026429648301771178	0.7957973466905632
OGG1_0_multinomial_train1.11	4.946478475042495e-139	0.07966086507913152	8.626522577003886e-62	1.5346035616062857e-18	0.9203391349208684
UNG_0_multinomial_train1.12	0.10747612910795788	1.16e-321	8.929805033529314e-76	0.8925238708920421	7.8e-322
UNG_0_multinomial_train1.13	0.004042454676242255	2.021115361194e-311	0.11791822777323922	0.8780393175505186	2.3027437109292534e-72
UNG_0_multinomial_train1.14	0.09511275353769384	1.4156477948987334e-306	7.346322895522371e-06	0.9048799001394106	1.136e-321
OGG1_0_multinomial_train1.12	1.0395862497052167e-133	0.06661500139616912	6.113398828422927e-136	0.013853719414238838	0.9195312791895919
OGG1_0_multinomial_train1.13	4.1974433966130955e-180	0.0035584605078533525	6.443553226036377e-23	0.16650578165906188	0.8299357578330848
UNG_0_multinomial_train1.15	3.789815554296628e-235	5.164702476864741e-37	0.1843149598447147	0.8156850401552852	4.168495995236103e-67
UNG_0_multinomial_train1.16	0.014407435041788938	2.816e-321	0.10766621160020609	0.816878426722037	0.06104792663596789
UNG_0_multinomial_train1.17	0.00885420877290964	1.497e-321	1.3905950728142028e-55	0.9236956942153269	0.0674500970117634
OGG1_0_multinomial_train1.14	1.0501755368244023e-131	0.024265141174092522	0.15007072051207135	1.2516970502757806e-50	0.825664138313836
UNG_0_multinomial_train1.18	3.8260312498707984e-240	3.396860348443311e-233	0.17415273049971183	0.8258472695002882	4.35e-322
OGG1_0_multinomial_train1.15	0.014614647999297608	0.048175354902028324	0.07054857583800335	0.06481234950469077	0.8018490717559801
UNG_0_multinomial_train1.19	0.0018032990637309322	0.029101021188425183	0.18829174189227316	0.7808039378555707	2.1200787171869796e-112
OGG1_0_multinomial_train1.16	7.709762521593269e-57	0.021539331831235853	4.348903104872724e-21	0.13047562297953305	0.8479850451892311
UNG_0_multinomial_train1.20	5.059066273315215e-43	9.667126217884754e-39	0.07831948305549406	0.9100427657407747	0.011637751203731287
UNG_0_multinomial_train1.21	0.08135741397373898	0.057086571960316475	1.5378912652083573e-08	0.8028861065439684	0.05866989214306347
OGG1_0_multinomial_train1.17	6.9198446756208865e-161	0.07598835590772487	3.3890003324247886e-78	0.0309392694330775	0.8930723746591975
UNG_0_multinomial_train1.22	2.2337758341148917e-251	2.22e-321	0.0906131084607639	0.9093868915392361	6.4e-322
UNG_0_multinomial_train1.23	3.796638380983273e-111	2.2949395432793783e-18	0.1347695071733906	0.8652304928266095	3.4e-322
UNG_0_multinomial_train1.24	0.022481089688526173	5.055739273212462e-127	0.08568084452417812	0.861446994648218	0.03039107113907793
OGG1_0_multinomial_train1.18	1.584809389406797e-39	4.720817512136668e-79	0.11758503825844609	0.10277942194084183	0.779635539800712
UNG_0_multinomial_train1.25	0.06395142198042952	9.73e-322	0.26364974705253297	0.6723988309670375	4.865754643280692e-46
OGG1_0_multinomial_train1.19	7.786593380526907e-55	0.08264384451341436	2.930431740145045e-32	0.06065866680089093	0.8566974886856947
UNG_0_multinomial_train1.26	8.6799262882255e-311	0.10173574424450743	0.056353593799799616	0.841910661955693	1.3235693062205826e-188
OGG1_0_multinomial_train1.20	0.013140606984667425	0.05776547277653653	0.12762516967703708	0.02696568889075885	0.774503061671
UNG_0_multinomial_train1.27	0.062130327954284296	1.66e-321	0.21767607461916422	0.7201935974265515	8.74e-322
OGG1_0_multinomial_train1.21	7.776152081812587e-179	0.03403446871399341	0.32278287973441194	0.015687472533826713	0.627495179017768
OGG1_0_multinomial_train1.22	2.595172628738773e-33	4.250014998429354e-242	0.033743234355292036	0.1185813849585277	0.8476753806861803
UNG_0_multinomial_train1.28	0.0033044379466196407	1.294e-321	7.843706658233208e-177	0.9890514081793179	0.00764415387406231
UNG_0_multinomial_train1.29	6.2485271277774465e-214	6.639360105444911e-157	0.14653289185665078	0.8406755459951634	0.012791562148185928
OGG1_0_multinomial_train1.23	7.600806295977955e-152	0.0548868318472537	9.019336280561795e-16	0.029150074460139407	0.915963093692606
OGG1_0_multinomial_train1.24	3.0639283179632246e-235	0.11100514376153632	0.007564177273392119	1.442781348321622e-08	0.8814306645372582
OGG1_0_multinomial_train1.25	0.03773848357923273	7.0182881614695984e-15	0.18934559795082317	0.05728894385798165	0.7156269746119555
OGG1_0_multinomial_train1.26	1.0891244731391675e-236	5.989772423689483e-88	0.18362629858461268	0.01057443637073426	0.8057992650446532
UNG_0_multinomial_train1.30	3.0795971790957206e-265	1.4046330636284482e-200	0.014558522817973719	0.9248291401662817	0.06061233701574458
OGG1_0_multinomial_train1.27	2.997144841615882e-130	0.05378374380078897	0.05135614082575876	0.03708602682425925	0.8577740885491931
OGG1_0_multinomial_train1.28	0.0006400386474842666	0.038876750653272285	1.3791309023570372e-06	0.12349347787011736	0.8369883536982237
UNG_0_multinomial_train1.31	4.479887432143724e-21	1.90480114005021e-100	0.2570856135290101	0.74291438647099	7e-322
UNG_0_multinomial_train1.32	5.1492588747017255e-108	3.2793428337276186e-221	3.5840253417576186e-168	0.9426987652533626	0.05730123474663737
UNG_0_multinomial_train1.33	0.019432351531954314	1.21e-321	0.06111767968815469	0.9194499687798909	1.8990364970574746e-151
OGG1_0_multinomial_train1.29	9.160288329543295e-56	5.781953956648871e-15	0.18614785238248394	0.07950805243649589	0.7343440951810143
OGG1_0_multinomial_train1.30	3.926869885824814e-213	0.06631593634872791	0.07448210150230178	0.05586104527014351	0.8033409168788268
UNG_0_multinomial_train1.34	0.008801204484641915	0.02535199215246082	9.122648058425873e-47	0.8966433063605982	0.06920349700229904
OGG1_0_multinomial_train1.31	6.180960542999324e-123	0.06892167026521935	0.06351557546351282	0.04407235175151052	0.8234904025197574
UNG_0_multinomial_train1.35	0.12611228044121975	0.05061695540666654	7.460522859139636e-190	0.7849148444634289	0.038355919688685014
UNG_0_multinomial_train1.36	4.65970980288681e-19	1.487e-321	0.1389497909038387	0.8610502090961614	9.6e-322
UNG_0_multinomial_train1.37	0.02523589060608363	2.59e-321	1.117e-321	0.9747641093939164	6.13e-322
OGG1_0_multinomial_train1.32	0.000909118249518964	0.07418220701278534	5.467196504875849e-82	0.08768789487406067	0.837220779863635
UNG_0_multinomial_train1.38	0.10295627720100829	1.6113734493405786e-80	0.13545290883107508	0.7615908139679166	1.0651819351047972e-90
OGG1_0_multinomial_train1.33	7.128135518533446e-57	0.009038009311316486	0.13376826813655054	0.10883963760081244	0.7483540849513206
OGG1_0_multinomial_train1.34	3.8738028755862704e-28	0.014951831587308286	2.5296698713377777e-24	0.14223414747623683	0.8428140209364547
OGG1_0_multinomial_train1.35	4.055928096975018e-83	0.061450907298850124	0.062329022401759755	0.058504697778558	0.8177153725208319
OGG1_0_multinomial_train1.36	5.706058352519218e-80	0.0152147136314008	1.1981318774555262e-64	0.06717580645410837	0.9176094799144907
OGG1_0_multinomial_train1.37	7.16481042816909e-172	2.0915645152292398e-297	0.10431999599138556	0.07872208684843787	0.8169579171601765
OGG1_0_multinomial_train1.38	6.599359549429462e-184	0.052095567697105945	1.3938887160705482e-22	0.05885495408500931	0.8890494782178847
UNG_0_multinomial_train1.39	6.535932362665847e-173	0.019691211364148198	0.07503140500127264	0.9052773836345791	3.7094386968745866e-193
OGG1_0_multinomial_train1.39	2.754014936149696e-111	0.09842682652076921	0.049324646880951784	0.07720886730831664	0.7750396592899623
UNG_0_multinomial_train1.40	0.10204547532440322	7.95413682550333e-100	2.431464998485302e-163	0.8979545246755968	6.1e-322
OGG1_0_multinomial_train1.40	1.626380401071539e-166	0.06098312682156288	0.15357901518153697	3.919822919219921e-49	0.7854378579969002
OGG1_0_multinomial_train1.41	0.006721817765751505	0.014044197027341407	7.936752324980491e-100	0.060166989037758294	0.9190669961691488
UNG_0_multinomial_train1.41	0.1816314497433706	1.82e-321	0.03047592850443613	0.7827719819273709	0.005120639824822443
OGG1_0_multinomial_train1.42	1.3828812467481102e-68	1.3415008940336557e-08	0.005336480361782489	0.11809550339206164	0.876568002831147
UNG_0_multinomial_train1.42	0.09231036538653767	1.61e-321	0.018739927251912123	0.8889497073615502	5.34e-322
OGG1_0_multinomial_train1.43	0.0017257682864653555	0.033567695827723475	0.05425937586469139	0.04278016261465361	0.8676669974064662
OGG1_0_multinomial_train1.44	0.024135354937667358	3.4134556597010135e-90	0.03750780151876046	0.1341485688359001	0.8042082747076722
OGG1_0_multinomial_train1.45	3.2624210443446886e-148	1.66669554393845e-66	0.18709784763446907	0.039409495682795795	0.773492656682735
OGG1_0_multinomial_train1.46	5.653325307872012e-66	0.0014865704945317229	0.16659037229458534	0.08839349608422374	0.7435295611266591
UNG_0_multinomial_train1.43	1.62393884241323e-307	0.03187331776114903	0.04748163252044743	0.8548537509850903	0.06579129873331321
OGG1_0_multinomial_train1.47	0.02355558733242078	0.01726254247529251	0.06301312334440104	0.07694589353770886	0.819222853310177
OGG1_0_multinomial_train1.48	2.3767546929639757e-196	0.03823469948312426	0.052304082098628704	0.11591064857496346	0.7935505698432834
OGG1_0_multinomial_train1.49	2.7114047328297518e-17	0.021122049592230366	0.11508724561792548	0.06629803427870494	0.7974926705111393
OGG1_0_multinomial_train1.50	8.728159682498959e-169	0.08638824940381644	7.283120753570284e-44	0.04717619889426131	0.8664355517019223
UNG_0_multinomial_train1.44	0.08878323534604461	0.04043631023578439	9.464863843348926e-105	0.7891240733854465	0.08165638103272456
OGG1_0_multinomial_train1.51	0.020394058762564254	0.08099506401441818	2.0029337894625171e-131	0.05485797575616279	0.8437529014668548
OGG1_0_multinomial_train1.52	1.4765454755641412e-74	0.03471242854245744	5.0436966288414476e-61	0.06688683869496415	0.8984007327625784
ATP2B4_0_multinomial_train1	0.09467536076772162	0.10284557869279351	0.5003180035206115	0.17496344422483995	0.12719761279403327
ATP2B4_1_multinomial_train1	1.3039962227444098e-80	0.10418403568714887	0.8873323605518106	0.008483603761040393	3.011950732949032e-26
ATP2B4_0_multinomial_train1.1	0.18524179941296623	2.536509839122505e-166	0.7191584229938273	0.09559977759320647	2.814766041285304e-49
ATP2B4_1_multinomial_train1.1	3.024816434180655e-28	0.011350595409076082	0.9249806926219524	4.913197469263834e-217	0.06366871196897152
ATP2B4_1_multinomial_train1.2	1.0530283937039822e-27	0.04818291588746177	0.7923117482807459	2.883882140661287e-290	0.1595053358317923
ATP2B4_1_multinomial_train1.3	0.04347169762846472	0.06446201047297813	0.8848316511359883	0.007234640762568758	3.66e-322
ATP2B4_0_multinomial_train1.2	0.21122024055061558	1.05e-321	0.565465776115921	0.16262318415023166	0.06069079918323177
ATP2B4_1_multinomial_train1.4	1.255e-321	0.06762539945398918	0.7635297475642713	7.078318938623689e-207	0.16884485298173968
ATP2B4_0_multinomial_train1.3	0.2104832401168225	1.15e-321	0.6352763652094245	0.15424039467375297	1.2576577295796982e-83
ATP2B4_0_multinomial_train1.4	0.06933912804423403	0.004549424234483315	0.6938280936601376	0.23228335406114492	2.4362827769910643e-76
ATP2B4_0_multinomial_train1.5	0.06447204684536759	0.017662855573737143	0.6400501261413626	0.22578594600879653	0.05202902543073611
ATP2B4_0_multinomial_train1.6	0.15003237852270482	1.6539965524192486e-180	0.6283133541498496	0.20386487319603194	0.017789394131413575
ATP2B4_1_multinomial_train1.5	2.1790257889069156e-07	0.09941809363046741	0.608411005859708	1.4246223695408103e-218	0.29217068260724577
ATP2B4_0_multinomial_train1.7	0.04968111622286263	0.06548471671127885	0.5461879690873171	0.17507701389285263	0.1635691840856887
ATP2B4_1_multinomial_train1.6	3.2145247714771976e-293	0.08627649800895512	0.6542506180207367	8.94e-322	0.2594728839703084
ATP2B4_1_multinomial_train1.7	3.0362449462177108e-285	0.11032680104036846	0.7519386080242882	5.715652672595777e-139	0.13773459093534327
ATP2B4_1_multinomial_train1.8	3.2536076223509574e-209	0.1615009286175785	0.8384990713824215	3.056963055741409e-179	9.357128015692948e-143
ATP2B4_1_multinomial_train1.9	0.02703428929380425	0.06320475219443893	0.7417363490357717	7.163044951287813e-234	0.16802460947598502
ATP2B4_1_multinomial_train1.10	0.04345331844705796	0.13287225219312607	0.6627558596192177	2.92567695844632e-249	0.16091856974059832
ATP2B4_1_multinomial_train1.11	3.0001423772384972e-288	0.06672667487052024	0.9332733251294798	6.173342646438784e-259	3.770555072171456e-34
ATP2B4_1_multinomial_train1.12	2.6855589682019177e-195	0.07164232244191295	0.9037495691704215	4.6650020893091445e-253	0.024608108387665556
ATP2B4_1_multinomial_train1.13	4.0467504895714274e-82	0.013525527983261888	0.9049563646612161	4.105756620989454e-258	0.08151810735552192
ATP2B4_0_multinomial_train1.8	0.24655416477653683	0.017196275760322073	0.6923607179769166	0.04187109845224154	0.002017743033982831
ATP2B4_1_multinomial_train1.14	6.321607806917753e-177	0.12853514947610742	0.6292296915933516	0.011253977876575911	0.23098118105396495
ATP2B4_1_multinomial_train1.15	0.01803370646608743	0.09236303397492464	0.7844205657034111	1.9127443785337716e-195	0.10518269385557694
ATP2B4_0_multinomial_train1.9	0.13873860748476466	0.03961187577580538	0.4279466613309757	0.24842209015618902	0.14528076525226527
ATP2B4_0_multinomial_train1.10	0.1104416509360283	1.26e-321	0.7559419918369824	0.13361635722698934	3.197153469452765e-199
ATP2B4_0_multinomial_train1.11	0.1351451830904907	0.053619427227358275	0.7222515770096389	0.08898381267251212	2.3680967075660025e-145
ATP2B4_1_multinomial_train1.16	1.84e-321	0.13525592964063593	0.6716018693487473	1.5050497146807144e-123	0.19314220101061672
ATP2B4_0_multinomial_train1.12	0.2889577311721951	3.3313771835148647e-140	0.5291799544436051	0.13823511208941053	0.043627202294789336
ATP2B4_0_multinomial_train1.13	0.26666899589192894	1.784e-321	0.579681688645821	0.15364931546225008	2.67058591085994e-81
ATP2B4_0_multinomial_train1.14	0.07163780245972422	0.09896916529183662	0.8268982521886689	2.338812894909262e-36	0.002494780059770252
ATP2B4_0_multinomial_train1.15	0.15290759223643355	7.173953963958904e-229	0.7458907103332795	0.09550794218689881	0.005693755243388256
ATP2B4_1_multinomial_train1.17	2.7112659622786657e-233	0.0824786340521021	0.9175213659478979	5.3462912251566324e-235	3.13693402430836e-54
ATP2B4_1_multinomial_train1.18	1.7295233804178326e-176	0.0604016794179908	0.7423872828677711	3.537837849178919e-113	0.19721103771423795
ATP2B4_1_multinomial_train1.19	0.08096066550489585	0.08735738757042125	0.5651843673653563	0.00662493399114643	0.2598726455681801
ATP2B4_1_multinomial_train1.20	3.7604548729281894e-168	0.08997998701917644	0.778995599994728	0.05511446687232	0.0759099461137755
ATP2B4_0_multinomial_train1.16	0.23455234624942245	4.5664123646745114e-240	0.47862352413902276	0.16759949394948032	0.11922463566207453
ATP2B4_1_multinomial_train1.21	3.6834284158646413e-20	0.08898464108361503	0.8422062059148212	1.156e-321	0.06880915300156366
ATP2B4_1_multinomial_train1.22	0.12707526324964483	0.026668825139355548	0.7367907035300046	1.041980071066046e-199	0.1094652080809949
ATP2B4_0_multinomial_train1.17	0.06202285092954509	2.5288977362624456e-26	0.7204055516639947	0.21757159632059594	1.0858644031684754e-09
ATP2B4_0_multinomial_train1.18	0.14959359239507228	0.04207507041038278	0.5152505852101955	0.11048494835184058	0.1825958036325088
ATP2B4_1_multinomial_train1.23	7.531750494885367e-228	0.12534480553806832	0.6060543161998617	4.909354027227217e-99	0.26860087826207013
ATP2B4_1_multinomial_train1.24	1.239823937442799e-34	0.0428491463058026	0.9208128684959485	0.03633798519824893	1.1199506132942285e-25
ATP2B4_0_multinomial_train1.19	0.11327201509718919	0.010571634703328805	0.5739452374767432	0.18761124835479315	0.11459986436794571
ATP2B4_1_multinomial_train1.25	4.3866924170437256e-101	0.12031848670197193	0.879681513298028	1.21e-321	3.161806801516116e-33
ATP2B4_0_multinomial_train1.20	0.06807908881932337	0.017334028448251385	0.6725628228942634	0.1811581916331821	0.060865868204979856
ATP2B4_0_multinomial_train1.21	0.16894261725713983	0.013929835610321038	0.3097792836853257	0.216099598689184	0.2912486647580295
ATP2B4_0_multinomial_train1.22	0.21117356094776463	5.906422879315423e-288	0.36729030224568116	0.22622292272672073	0.19531321407983349
ATP2B4_0_multinomial_train1.23	0.23943665758524862	0.009932365258787853	0.6030204164894761	0.09895913172180199	0.048651428944685375
ATP2B4_0_multinomial_train1.24	0.19044540267413654	1.7682385719073712e-93	0.7459271358616323	0.06362746146423118	2.729375024465122e-115
ATP2B4_1_multinomial_train1.26	0.012980227454557495	0.005244833124954278	0.9817749394204883	2.3082533108705354e-276	4.5e-322
ATP2B4_0_multinomial_train1.25	0.11849213718952827	0.05003511254451659	0.7416438860950776	1.7363026382228087e-60	0.08982886417087751
ATP2B4_1_multinomial_train1.27	0.07171688502854685	0.016193264000038347	0.7926410514662686	3.8573076899928637e-236	0.11944879950514604
ATP2B4_0_multinomial_train1.26	0.23294861405528403	6.9e-322	0.5108602461218513	0.22890373669242495	0.027287403130439706
ATP2B4_1_multinomial_train1.28	4.875854157556239e-254	0.09843862183458561	0.8543841320925737	8.25e-322	0.04717724607284076
ATP2B4_0_multinomial_train1.27	0.20430741229210725	0.06627946745904652	0.5708852438971835	0.12420092829819765	0.03432694805346489
ATP2B4_1_multinomial_train1.29	3.727316217784192e-114	0.13686956234715036	0.8631304376528495	1.057e-321	3.9693140122059407e-63
ATP2B4_0_multinomial_train1.28	0.17058139862523755	2.561776073386574e-70	0.45934523248127945	0.26379155160779966	0.10628181728568334
ATP2B4_0_multinomial_train1.29	0.17363705982563968	6.939021432517305e-152	0.5754466859688679	0.11719181311323008	0.13372444109226214
ATP2B4_0_multinomial_train1.30	0.18916246558699587	0.0014512326139914035	0.4276410970070035	0.17158807596134878	0.21015712883066046
ATP2B4_0_multinomial_train1.31	0.17878902024803994	0.05108135006341755	0.5660858180112018	0.20404381167734065	2.3725957109575475e-287
ATP2B4_1_multinomial_train1.30	0.10014081973875776	0.034346242309603155	0.8655129379516392	8.291068826736923e-248	4.8748485472208255e-67
ATP2B4_1_multinomial_train1.31	1.8670642386302518e-224	0.0398383608305773	0.8924255277990992	8.55e-322	0.06773611137032327
ATP2B4_1_multinomial_train1.32	0.04188913319272234	0.008120734447341165	0.9404468350341919	1.1813112481334305e-216	0.009543297325744434
ATP2B4_0_multinomial_train1.32	0.29253855648028304	2.055e-321	0.5051202476533004	0.11967053358288966	0.08267066228352679
ATP2B4_0_multinomial_train1.33	0.11496545128270816	0.006702440454978078	0.8245051758432075	0.05132786366371926	0.002499068755387196
ATP2B4_0_multinomial_train1.34	0.13556621732124663	9.582078779936046e-10	0.5814164733314331	0.21899931968086778	0.06401798870824482
ATP2B4_0_multinomial_train1.35	0.2569767334697713	0.012130030668493342	0.610189642368147	0.12070359349358835	2.8779700881586657e-186
ATP2B4_1_multinomial_train1.33	0.004514647705668821	0.06418572931210108	0.8983187945762979	3.0807437954844195e-49	0.0329808284059323
ATP2B4_1_multinomial_train1.34	0.13006283086164167	0.09599390686372168	0.6498961882848462	1.621902799355645e-162	0.12404707398979041
ATP2B4_1_multinomial_train1.35	1.3108356514444303e-164	0.13133874137666532	0.7528606608128543	3.3369559561234038e-136	0.11580059781048035
ATP2B4_1_multinomial_train1.36	3.48664091992294e-246	0.14963113356821395	0.7939935897786154	3.516369156486573e-158	0.05637527665317049
ATP2B4_0_multinomial_train1.36	0.20834452075285395	1.596e-321	0.42197491334383164	0.18836521369075646	0.18131535221255804
ATP2B4_0_multinomial_train1.37	0.3333413076756445	9.6619742365578e-207	0.6130542034653503	0.05360448885900512	4.8823827672744956e-57
ATP2B4_1_multinomial_train1.37	1.21e-321	0.12080514191685675	0.6966622588577194	1.929608124284847e-176	0.18253259922542392
ATP2B4_1_multinomial_train1.38	3.256089977432738e-248	0.1262745873544933	0.8737254126455067	2.048315072496722e-219	4.5e-322
ATP2B4_1_multinomial_train1.39	8.949339184285387e-66	0.14571264946510015	0.7414463558228948	1.5048669665030065e-191	0.1128409947120051
ATP2B4_1_multinomial_train1.40	3.0248546658011915e-34	0.042140461721334406	0.7733163718135672	5.798210801106724e-235	0.18454316646509838
ATP2B4_1_multinomial_train1.41	4.3564084526033487e-29	0.09632531980682288	0.792450446449506	4.940954147076374e-120	0.11122423374367109
ATP2B4_1_multinomial_train1.42	3.5223323328852996e-14	0.08190800677397876	0.6900895698257156	1.17e-321	0.22800242340027047
ATP2B4_0_multinomial_train1.38	0.056203684348665274	0.04227134209745287	0.7003946990355264	0.20113027451835552	6.02e-321
ATP2B4_0_multinomial_train1.39	0.19312356236351147	0.006093351626979498	0.5068034056301871	0.21794619202303997	0.07603348835628196
ATP2B4_0_multinomial_train1.40	0.07009753366549487	0.013165244461760742	0.6518885704605286	0.14464461797738468	0.12020403343483123
ATP2B4_1_multinomial_train1.43	2.827518112705127e-200	0.11766589665783438	0.745988924821275	1.460129943268607e-101	0.13634517852089073
ATP2B4_0_multinomial_train1.41	0.14636627146340797	1.0531691772664013e-178	0.7130275495245086	0.14060617901208347	9.175985274175089e-181
ATP2B4_0_multinomial_train1.42	0.2049817503834873	2.623e-321	0.5116340806046039	0.14196830453355164	0.14141586447835724
ATP2B4_0_multinomial_train1.43	0.09584289196476783	1.91e-321	0.7372227636462049	0.1669343443890273	2.21088598760023e-33
ATP2B4_0_multinomial_train1.44	0.3470270865034694	0.01525341149712441	0.49399566987883703	0.10695401420191337	0.03676981791865556
ATP2B4_1_multinomial_train1.44	0.028723024238058895	2.7758735014379315e-59	0.8916323568567548	4.4623872004507094e-222	0.07964461890518632
ATP2B4_0_multinomial_train1.45	0.2135366355346139	0.0030674616327709815	0.5276487146922928	0.14143597186420856	0.11431121627611388
ATP2B4_1_multinomial_train1.45	0.11178816385219861	0.03858216597372665	0.6885241131516467	1.3204151918496221e-205	0.16110555702242796
ATP2B4_0_multinomial_train1.46	0.13537637736607916	0.022877723325518295	0.7878915577682759	0.05385434154012658	1.449761165361911e-250
ATP2B4_0_multinomial_train1.47	0.1360960005305034	0.04330779278702352	0.7160787095351797	0.10451749714729323	1.3063462202502743e-71
ATP2B4_0_multinomial_train1.48	0.11289775249007368	5.910354684460046e-72	0.7264676338734596	0.16063461363646678	4.453342144429997e-80
ATP2B4_1_multinomial_train1.46	0.02886193287938239	0.044295429563861344	0.9141643307753592	0.012678306781396887	3.16e-322
ATP2B4_1_multinomial_train1.47	2.6738407016585036e-106	0.07966667442060749	0.9203333255793926	2.6391665811641004e-214	2.5163534824021252e-138
ATP2B4_1_multinomial_train1.48	0.03798826341899247	0.12545243604597983	0.6649362825211734	8.039651706507809e-05	0.17154262149678937
PMS1_0_multinomial_train1	0.017750688529087247	0.32860243835307457	0.6012850506363009	0.05236182248153729	3.4274023837743603e-164
MSH6_1_multinomial_train1	2.3211950849814042e-166	0.9859128067840001	2.04382190768433e-232	4.6384729e-316	0.014087193216000021
MSH6_0_multinomial_train1	1.6416938136417455e-286	0.9928557935096798	8.653823152952479e-86	5.132791429868846e-73	0.007144206490320283
MSH2_0_multinomial_train1	2.670432422826973e-248	0.9317887564285141	1.9142752791195296e-180	0.06821124357148585	2.49e-321
MSH6_0_multinomial_train1.1	2.495e-321	0.9899394283897102	2.35e-321	9.649296755932884e-141	0.010060571610289967
