Samples	SBS96A	SBS96B	SBS96C	SBS96D
EXO1_0_real_train1	0.9679983721936236	0.027398023135435108	2.645748779623853e-151	0.00460360467094135
OGG1_0_real_train1	5.917168222096347e-214	0.007972832244503783	3.5450067816120464e-70	0.9920271677554963
RNF168_0_real_train1	0.9411432379749819	1.1492393593026676e-96	6.853281664767713e-16	0.05885676202501741
UNG_0_real_train1	0.5022276900189888	0.20301905851579194	0.29475325146521936	1.184163506137559e-80
ATP2B4_0_real_train1	0.282982140350228	0.030712465874109994	0.6435173325686693	0.04278806120699273
ATP2B4_1_real_train1	8.767204574033512e-117	0.07406785340713469	0.9067491002736137	0.019183046319251575
MLH1_0_real_train1	1.423e-321	1.0	7.66e-322	1.823e-321
MSH2_0_real_train1	2.495e-321	0.9870767472389173	5.194781231442639e-248	0.012923252761082686
MSH6_0_real_train1	1.774e-321	0.9911949460841903	1.79e-321	0.008805053915809795
MSH6_1_real_train1	1.45e-321	0.9843048790799118	1.22e-321	0.015695120920088027
PMS1_0_real_train1	0.07293272870755109	0.2955992562846506	0.6314680150077983	6.445861526069198e-256
PMS2_0_real_train1	0.35614844180287447	0.641122411952182	2.0262760861057788e-271	0.0027291462449436465
EXO1_0_multinomial_train1	0.975747565844476	0.007829591973323077	2.273e-321	0.016422842182201004
RNF168_0_multinomial_train1	0.8514957667884734	1.956521221845779e-210	0.14850423321152675	1.718801830563245e-48
RNF168_0_multinomial_train1.1	0.8586410879387819	1.24e-321	0.09956295786169024	0.041795954199528015
EXO1_0_multinomial_train1.1	0.8909130156900786	0.08981969476235278	1.860627e-318	0.01926728954756858
RNF168_0_multinomial_train1.2	0.8453830745613282	6.373801597490881e-53	0.14938627889347644	0.005230646545195386
RNF168_0_multinomial_train1.3	0.892478242359334	0.02919359197374441	0.028419081469411925	0.049909084197509744
RNF168_0_multinomial_train1.4	0.8429806652583156	0.015520662332348261	0.08596907296404081	0.055529599445295424
RNF168_0_multinomial_train1.5	0.9811206159552316	2.895e-321	0.01887938404476835	1.457e-321
RNF168_0_multinomial_train1.6	0.9307833827078993	3.4623798270147394e-15	2.8671226698202564e-138	0.06921661729209727
RNF168_0_multinomial_train1.7	0.9664869211168098	0.020155594181738984	7.45810084116016e-218	0.013357484701451408
RNF168_0_multinomial_train1.8	0.8987761251381029	1.033825207757758e-250	1.4365488603991852e-129	0.10122387486189707
EXO1_0_multinomial_train1.2	0.9826475195355701	0.017352480464430105	1.270259236771121e-136	1.546e-321
EXO1_0_multinomial_train1.3	0.9590995460382944	0.019499174753931897	1.853e-321	0.0214012792077736
RNF168_0_multinomial_train1.9	0.9606058031851673	2.04e-321	0.007239457970469561	0.0321547388443632
EXO1_0_multinomial_train1.4	0.9963501036229774	0.0036498963770227183	1.890225026855603e-176	8.322979879863026e-86
EXO1_0_multinomial_train1.5	0.9441750015900954	0.044638857835869586	9.602332604071544e-174	0.011186140574035015
EXO1_0_multinomial_train1.6	1.0	1.145186957156596e-30	5.48751343822072e-257	2.6787024985256624e-139
EXO1_0_multinomial_train1.7	0.9490775040166701	0.04477666437545197	2.456e-321	0.006145831607877797
EXO1_0_multinomial_train1.8	0.9368069126463213	0.05150528042496633	7.044737028742377e-29	0.011687806928712376
RNF168_0_multinomial_train1.10	0.8680231658810724	2.408200350653957e-94	1.2275196048824694e-255	0.1319768341189276
EXO1_0_multinomial_train1.9	0.9551193768148	0.0448806231851999	7.95e-322	9.73e-322
RNF168_0_multinomial_train1.11	0.9574279926471772	0.016858766377333568	0.025713240975489274	1.744512953930385e-154
RNF168_0_multinomial_train1.12	0.9168343775386947	0.02268644410336243	1.769980471592677e-18	0.06047917835794293
EXO1_0_multinomial_train1.10	0.9492340195312778	0.05076598046872203	1.374e-321	1.013e-321
EXO1_0_multinomial_train1.11	0.9276052964826018	0.06353775574822801	1.9546251401719024e-222	0.00885694776917011
RNF168_0_multinomial_train1.13	0.8207184376438844	0.1448689246799146	8.462244335599653e-264	0.034412637676200904
RNF168_0_multinomial_train1.14	0.8873788389520157	0.003266939700349325	0.08393941557591246	0.025414805771722386
RNF168_0_multinomial_train1.15	0.9444450124389139	0.0335672452064331	7.826377684223065e-289	0.021987742354653016
RNF168_0_multinomial_train1.16	0.8914994353344199	0.008563525421809992	0.0226184279043531	0.07731861133941696
EXO1_0_multinomial_train1.12	0.963050078276337	2.574997332169703e-108	4.664240940244981e-248	0.03694992172366312
RNF168_0_multinomial_train1.17	0.8745334402546522	0.030522027128566654	0.07463737620239715	0.020307156414383944
EXO1_0_multinomial_train1.13	0.9695316664621266	2.0644910241069457e-39	3.669074774277661e-191	0.030468333537873333
RNF168_0_multinomial_train1.18	0.8409900392849615	2.164e-321	0.10337122722767074	0.05563873348736785
EXO1_0_multinomial_train1.14	0.9585756516332895	0.030279265817420683	1.1372753132957156e-280	0.011145082549289866
RNF168_0_multinomial_train1.19	0.9705954474168758	1.9014170733621512e-177	6.792606236485292e-301	0.02940455258312415
RNF168_0_multinomial_train1.20	0.9999999999999999	4.364336187796358e-47	9.04e-322	6.2e-322
EXO1_0_multinomial_train1.15	0.9651297529418845	0.030006842077371344	3.1816046375707417e-168	0.00486340498074422
RNF168_0_multinomial_train1.21	0.8764008142514093	0.021375694727601396	4.5446947992687366e-207	0.10222349102098932
RNF168_0_multinomial_train1.22	0.7993319859171139	0.07040780705888287	0.07110434012803649	0.05915586689596684
EXO1_0_multinomial_train1.16	0.9489694683746219	0.05103053162537811	2.406e-321	1.98e-321
EXO1_0_multinomial_train1.17	0.9652440301602792	0.034755969839720895	2.1e-321	1.937e-321
RNF168_0_multinomial_train1.23	0.9662546612117254	1.9547038302383927e-208	1.65e-321	0.033745338788274536
EXO1_0_multinomial_train1.18	0.9354181146967143	0.06189219878288445	5.898653045922917e-07	0.002689096655096648
RNF168_0_multinomial_train1.24	0.9516439670910011	2.594e-321	0.04835603290899891	4.7419710598477003e-35
RNF168_0_multinomial_train1.25	0.9309547478715352	1.147632953267106e-250	0.06904525212846485	3.08654932848462e-79
RNF168_0_multinomial_train1.26	0.9940780101203115	2.25e-321	6.04647392738013e-70	0.005921989879688419
RNF168_0_multinomial_train1.27	0.7657975331569139	2.5609124208647157e-155	0.21093826120845785	0.023264205634628148
RNF168_0_multinomial_train1.28	0.9806064321345631	1.288105342249697e-12	1.601155901354771e-22	0.01939356786414895
EXO1_0_multinomial_train1.19	0.9304622122623435	0.06953778773765655	2.3246704084064848e-88	5.286670671508538e-178
RNF168_0_multinomial_train1.29	0.9747463198133015	0.014980997107858577	2.3362684457407013e-18	0.010272683078839887
EXO1_0_multinomial_train1.20	0.9473877137777477	0.03836086067332646	3.708663584285444e-90	0.01425142554892589
RNF168_0_multinomial_train1.30	0.9282894585072213	1.7734199526495344e-210	0.0288668471694811	0.04284369432329757
RNF168_0_multinomial_train1.31	0.9230929632039997	4.399339653865129e-23	0.07690703679600028	9.15497695750437e-45
RNF168_0_multinomial_train1.32	0.9520855660235628	3.9691467391869884e-204	1.2262674150640082e-144	0.04791443397643712
RNF168_0_multinomial_train1.33	0.8853121184176114	1.186e-321	0.11468788158238853	1.1726002594273097e-187
EXO1_0_multinomial_train1.21	0.9985415376566744	0.0014584623433257248	2.233e-321	8.453628418538365e-134
RNF168_0_multinomial_train1.34	0.9714845257769101	6.7e-322	1.6e-321	0.028515474223089858
EXO1_0_multinomial_train1.22	0.9702490361277887	0.02612668713636036	1.0655267998935089e-282	0.0036242767358508885
EXO1_0_multinomial_train1.23	0.985529713675626	0.007271934139228269	4.623606856321708e-68	0.0071983521851457545
RNF168_0_multinomial_train1.35	0.9376260222360207	0.01175235352291162	1.6683981893342027e-77	0.05062162424106765
RNF168_0_multinomial_train1.36	0.8659391121428454	4.204112321742085e-246	0.13406088785715464	5.07717755206348e-42
EXO1_0_multinomial_train1.24	0.9781710089936582	2.0229052898096962e-66	3.2912620841237534e-13	0.021828991006012773
RNF168_0_multinomial_train1.37	0.9503812063374024	3.226e-321	0.04961879366259752	2.5093665524448575e-16
EXO1_0_multinomial_train1.25	0.9157711441659105	0.05429680133399852	2.241842183645266e-42	0.029932054500090836
RNF168_0_multinomial_train1.38	0.928707500442143	1.245e-321	0.006824924360664809	0.0644675751971922
EXO1_0_multinomial_train1.26	0.9698427706316134	0.030157229368386645	2.19e-321	1.26e-321
EXO1_0_multinomial_train1.27	1.0	1.2498764493666972e-19	3.1106789189122724e-134	3.4984411890253927e-163
EXO1_0_multinomial_train1.28	0.9966506867929402	0.0033493132070596494	3.660336518754417e-173	4.476651297728433e-188
EXO1_0_multinomial_train1.29	0.9905506293556632	0.00013865592232585434	1.2215986105125212e-93	0.009310714722010996
EXO1_0_multinomial_train1.30	0.9949764593866522	0.0050235406133477	1.875889778618785e-254	1.59e-321
RNF168_0_multinomial_train1.39	0.9566769943785526	0.0032507133348187796	8.65e-322	0.04007229228662854
RNF168_0_multinomial_train1.40	0.8088220806585916	1.803e-321	0.1223233344679179	0.06885458487349047
EXO1_0_multinomial_train1.31	0.93185261036706	0.06814738963293995	2.9121870257610218e-183	5.553536878514969e-106
EXO1_0_multinomial_train1.32	0.9445491831145083	0.040364799879754096	2.331314523839883e-234	0.015086017005737666
EXO1_0_multinomial_train1.33	0.9683000245984683	0.02281534162988637	1.588461743e-315	0.008884633771645256
RNF168_0_multinomial_train1.41	0.9393765191287993	1.255e-321	3.491982624413211e-61	0.06062348087120067
RNF168_0_multinomial_train1.42	0.9472908685374126	2.614e-321	1.0444215256784477e-76	0.0527091314625874
EXO1_0_multinomial_train1.34	0.9650202314874482	0.028706534336686376	7.916932372450326e-220	0.006273234175865486
RNF168_0_multinomial_train1.43	0.8950070333912449	2.46e-321	0.0679540588102617	0.03703890779849343
EXO1_0_multinomial_train1.35	0.9647645672335542	0.005744743802675378	9.571891170527534e-07	0.029489731774653378
EXO1_0_multinomial_train1.36	0.9756620054661053	0.02433799453389488	8.94907484769829e-221	2.952716708500409e-155
RNF168_0_multinomial_train1.44	0.8968147384205721	1.947e-321	0.032184154710815954	0.07100110686861194
EXO1_0_multinomial_train1.37	0.9705864866422352	0.02940626247591831	2.134e-321	7.250881846526218e-06
RNF168_0_multinomial_train1.45	0.8709648635445122	2.396e-321	0.12903513645548786	2.0147442965343437e-25
RNF168_0_multinomial_train1.46	0.947975688450256	2.826e-321	1.5783836413567017e-219	0.052024311549744094
RNF168_0_multinomial_train1.47	0.967965751398996	9.477509772388412e-147	0.032034248601003935	2.399547136915941e-256
RNF168_0_multinomial_train1.48	0.9443848604227734	2.25e-321	0.05561513957722658	1.166e-321
RNF168_0_multinomial_train1.49	0.9155036076210368	0.01364049857776253	0.004566854291000253	0.06628903951020045
RNF168_0_multinomial_train1.50	0.9239353381852311	0.04161631675819766	7.794498767631174e-181	0.03444834505657123
EXO1_0_multinomial_train1.38	0.9700575895864808	1.0421764664993617e-151	1.0604237358940921e-223	0.029942410413519235
RNF168_0_multinomial_train1.51	0.9271240642584407	7.056516394589399e-81	0.0728759357415594	1.4490589439128812e-118
RNF168_0_multinomial_train1.52	0.8788476890954837	0.07211373257094772	3.8013015900011354e-194	0.04903857833356856
EXO1_0_multinomial_train1.39	0.8994382618826224	0.07474660038268137	2.641273700322859e-273	0.02581513773469628
EXO1_0_multinomial_train1.40	0.9156670185924454	0.05999493753255339	3.4801630203205815e-261	0.024338043875001308
RNF168_0_multinomial_train1.53	0.881775687521863	2.444328018907365e-211	0.05710026738713093	0.061124045091006135
EXO1_0_multinomial_train1.41	0.921052907363614	0.07894709263638594	2.02e-321	9.34e-322
EXO1_0_multinomial_train1.42	0.9983080605705958	0.0016919394294036291	5.285366217544198e-16	4.882016868905314e-136
RNF168_0_multinomial_train1.54	0.8341733525023799	1.53e-321	0.10137806599004111	0.06444858150757907
OGG1_0_multinomial_train1	2.2147079541393214e-178	4.223100763897947e-146	6.86729678206306e-05	0.9999313270321792
UNG_0_multinomial_train1	0.42102667276338956	0.3302319793938224	0.23551171675542729	0.01322963108736091
UNG_0_multinomial_train1.1	0.39201339682453085	0.22309633143142116	0.374655557664269	0.010234714079779064
UNG_0_multinomial_train1.2	0.527097720772988	0.16812628026326948	0.3027389945323518	0.002037004431390761
OGG1_0_multinomial_train1.1	1.0253980031361905e-297	0.04261862035815051	5.701284161622124e-85	0.9573813796418496
UNG_0_multinomial_train1.3	0.5167111784549627	0.2140110749090972	0.23408952649720913	0.03518822013873078
OGG1_0_multinomial_train1.2	1.334e-321	0.014711752832931016	8.259584564338342e-254	0.9852882471670691
OGG1_0_multinomial_train1.3	1.15e-321	2.055e-321	2.408770074423423e-154	1.0
UNG_0_multinomial_train1.4	0.46134985440612886	0.1935219442770858	0.34512820131678523	6.012054307410599e-263
UNG_0_multinomial_train1.5	0.6220965172854962	0.1414076102732093	0.23649587244129447	1.3828655969326218e-137
OGG1_0_multinomial_train1.4	6.27e-322	1.403e-321	8.598157755756455e-216	1.0
OGG1_0_multinomial_train1.5	1.265e-321	0.01528932832959368	4.690408327287308e-239	0.9847106716704063
UNG_0_multinomial_train1.6	0.6234989709795999	0.26711727853886386	2.901526211994504e-86	0.1093837504815362
UNG_0_multinomial_train1.7	0.3721878122320039	0.2722954317828858	0.17612141166269216	0.17939534432241833
UNG_0_multinomial_train1.8	0.5020892478228751	0.1965466248794274	0.3013641272976975	6.87e-322
OGG1_0_multinomial_train1.6	1.616e-321	0.01104680201425446	2.256939240958033e-156	0.9889531979857457
UNG_0_multinomial_train1.9	0.5167355624017614	0.21945483901510762	0.2638095985831308	7.485846654305984e-126
OGG1_0_multinomial_train1.7	1.615349552051e-311	1.2268575749525293e-166	2.341773113686531e-78	1.0
UNG_0_multinomial_train1.10	0.5758491041833633	0.11267728585601279	0.31147360996062395	4.8e-322
OGG1_0_multinomial_train1.8	0.041227808806554286	5.793124455256187e-222	2.3696998747087704e-130	0.9587721911934457
UNG_0_multinomial_train1.11	0.47817614906644335	0.16811068385166575	0.3537131670818908	6.77e-322
OGG1_0_multinomial_train1.9	2.769856845396549e-274	1.0517737060912441e-68	2.1493541232375856e-46	1.0
OGG1_0_multinomial_train1.10	2.34658094e-316	1.0654651680455904e-52	0.018984533456237875	0.981015466543762
OGG1_0_multinomial_train1.11	1.02e-321	1.697757140743118e-248	3.319308554287842e-169	0.9999999999999999
UNG_0_multinomial_train1.12	0.6705732847383372	0.14486781154991996	0.1845589037117429	8.6e-322
UNG_0_multinomial_train1.13	0.5093782902108077	0.19153295294031353	0.29908875684887876	1.0079502033159433e-176
UNG_0_multinomial_train1.14	0.5997591212335394	0.196985540231816	0.20325533853464461	8.6e-322
OGG1_0_multinomial_train1.12	1.03e-321	3.764858231626988e-292	5.019914265633968e-236	0.9999999999999999
OGG1_0_multinomial_train1.13	8.688597572093437e-214	0.02086053626506022	5.295816316606014e-53	0.9791394637349397
UNG_0_multinomial_train1.15	0.3732306565499976	0.2519936621244416	0.3747756813255607	1.1355406303546709e-184
UNG_0_multinomial_train1.16	0.4732906669835697	0.16665549834625867	0.332303580815996	0.027750253854175625
UNG_0_multinomial_train1.17	0.5608776628968717	0.16367385335789206	0.22179093453912838	0.05365754920610791
OGG1_0_multinomial_train1.14	1.453e-321	1.1196016373768175e-303	8.353501336692146e-11	0.9999999999164649
UNG_0_multinomial_train1.18	0.4158714478779052	0.22474130728243455	0.35938724483966017	4.74e-322
OGG1_0_multinomial_train1.15	1.7928173584665756e-109	0.02948267692205328	2.4131489903208734e-24	0.9705173230779467
UNG_0_multinomial_train1.19	0.4209444348298198	0.23790703207518152	0.34114853309499865	2.0592432154144974e-194
OGG1_0_multinomial_train1.16	1.181835153051662e-171	0.013505631131065465	1.0686887069079284e-65	0.9864943688689345
UNG_0_multinomial_train1.20	0.45540272078596555	0.24442127930291313	0.30017599991112126	4.987233347883929e-71
UNG_0_multinomial_train1.21	0.4706020898164691	0.2688311583287081	0.21989717662118122	0.040669575233641515
OGG1_0_multinomial_train1.17	1.225e-321	0.0007294937225650991	1.6326884689751615e-162	0.9992705062774347
UNG_0_multinomial_train1.22	0.46456603603463975	0.23079546383824065	0.3046385001271196	4.84e-322
UNG_0_multinomial_train1.23	0.43718284836287036	0.24536524070873597	0.31745191092839364	2.96e-322
UNG_0_multinomial_train1.24	0.4736224180672872	0.20768428550871218	0.31869329642400046	1.782393383907273e-25
OGG1_0_multinomial_train1.18	3.75695117175836e-72	9.574145157995665e-32	0.042518815940183266	0.9574811840598166
UNG_0_multinomial_train1.25	0.5508356208985212	0.07468128194029566	0.3744830971611831	9.515738826924228e-140
OGG1_0_multinomial_train1.19	1.3445451280434594e-279	0.029100827448713274	2.0614595145553392e-104	0.9708991725512869
UNG_0_multinomial_train1.26	0.3503070721192536	0.37243060168318265	0.27726232619756386	8.057100887291938e-277
OGG1_0_multinomial_train1.20	2.7831940268500764e-105	0.03342812340851912	0.0035730585436762412	0.9629988180478045
UNG_0_multinomial_train1.27	0.5364252944157615	0.11970612527065197	0.34386858031358664	7e-322
OGG1_0_multinomial_train1.21	1.0465433515210136e-226	0.011734654154264765	0.21799174917901296	0.7702735966667222
OGG1_0_multinomial_train1.22	2.573127329149383e-148	3.137e-321	4.5574746347871477e-38	0.9999999999999999
UNG_0_multinomial_train1.28	0.6312735621684715	0.17640728668445754	0.15854826310320938	0.03377088804386155
UNG_0_multinomial_train1.29	0.40409976265062686	0.23333263377493602	0.36256760357443724	1.0172658991632087e-88
OGG1_0_multinomial_train1.23	1.03e-321	3.07e-321	9.290719912781544e-114	1.0
OGG1_0_multinomial_train1.24	9.73e-322	0.019397204905229316	2.522637292109744e-93	0.9806027950947707
OGG1_0_multinomial_train1.25	0.001770048766846547	1.1022359950308962e-15	0.10635800426794288	0.8918719469652094
OGG1_0_multinomial_train1.26	1.23e-321	1.917e-321	0.01460268170520613	0.9853973182947937
UNG_0_multinomial_train1.30	0.41052831385325206	0.24797366412272553	0.32852617118778077	0.012971850836241576
OGG1_0_multinomial_train1.27	1.744e-321	0.00039293949380221534	1.0566961044551176e-56	0.9996070605061976
OGG1_0_multinomial_train1.28	4.561070538961717e-131	0.026882169029291803	1.163603208878167e-53	0.9731178309707083
UNG_0_multinomial_train1.31	0.4190502707601015	0.19082660123804307	0.39012312800185545	5.7e-322
UNG_0_multinomial_train1.32	0.5203639086453264	0.23430909297110866	0.1562143636066038	0.08911263477696117
UNG_0_multinomial_train1.33	0.5954627016658446	0.15078417196772262	0.25375312636643294	3.4406720403007057e-248
OGG1_0_multinomial_train1.29	4.5151720844332983e-104	3.304224650114023e-39	0.09877042689766756	0.9012295731023324
OGG1_0_multinomial_train1.30	4.481166e-318	0.03775061662588807	5.536919230164709e-29	0.9622493833741119
UNG_0_multinomial_train1.34	0.46131166493909226	0.2592895725144599	0.2207037848755594	0.05869497767088844
OGG1_0_multinomial_train1.31	1.106995262644236e-283	0.02697069400478507	1.5210368183089827e-38	0.9730293059952149
UNG_0_multinomial_train1.35	0.567282541980596	0.26337441432307623	0.07298458316291234	0.09635846053341533
UNG_0_multinomial_train1.36	0.540693794937186	0.15166121352203393	0.30764499154077996	7.5e-322
UNG_0_multinomial_train1.37	0.6313585723543562	0.1998759505146011	0.1687654771310426	5.361922091149547e-74
OGG1_0_multinomial_train1.32	4.334229905885928e-183	0.040216239637851446	1.0714401516602626e-139	0.9597837603621485
UNG_0_multinomial_train1.38	0.5085880808572787	0.19824904090966863	0.29316287823305254	1.981626131402313e-167
OGG1_0_multinomial_train1.33	1.1110889355617015e-83	0.01872837931916687	0.06484345858359022	0.916428162097243
OGG1_0_multinomial_train1.34	8.636111104813429e-123	0.014017937819421946	1.069294524874956e-65	0.9859820621805782
OGG1_0_multinomial_train1.35	2.7460210707356047e-224	0.028265490236718482	3.448610369863658e-35	0.9717345097632817
OGG1_0_multinomial_train1.36	1.16e-321	1.784e-321	3.485771258827816e-153	1.0
OGG1_0_multinomial_train1.37	8.200418886124015e-237	2.426e-321	1.2174096784022308e-11	0.999999999987826
OGG1_0_multinomial_train1.38	1.34e-321	4.150670263811193e-72	3.132382224091412e-96	1.0
UNG_0_multinomial_train1.39	0.42068876674180244	0.2871820892485853	0.29212914400961215	2.0218943736057246e-305
OGG1_0_multinomial_train1.39	1.8324593787570955e-225	0.07862614275698086	2.8121344128485867e-38	0.9213738572430191
UNG_0_multinomial_train1.40	0.5943839101681466	0.22207295674091654	0.18354313309093676	8.45e-322
OGG1_0_multinomial_train1.40	1.1235824098790084e-304	0.015401652387467364	0.018555715736486976	0.9660426318760456
OGG1_0_multinomial_train1.41	1.403e-321	1.57e-321	1.2072204314450262e-191	1.0
UNG_0_multinomial_train1.41	0.6284389453140266	0.1593550014426903	0.21220605324328326	3.552071316588387e-78
OGG1_0_multinomial_train1.42	2.5230756631735523e-251	1.8009878746704087e-245	3.9718870609695094e-58	1.0
UNG_0_multinomial_train1.42	0.613072622982845	0.1760035135651303	0.21092386345202474	4.55e-322
OGG1_0_multinomial_train1.43	1.464740150820294e-246	5.4534013997579394e-226	2.709649152006427e-57	1.0
OGG1_0_multinomial_train1.44	0.0042281705611778835	0.010972172003889901	2.770153361405846e-15	0.9847996574349295
OGG1_0_multinomial_train1.45	2.886796671292674e-256	2.4670746488115856e-299	0.05261493873406476	0.9473850612659354
OGG1_0_multinomial_train1.46	3.4267095694352077e-109	0.001313468222263248	0.0897601055356037	0.9089264262421332
UNG_0_multinomial_train1.43	0.32947524972737413	0.29840693539194924	0.35621380245280165	0.015904012427874887
OGG1_0_multinomial_train1.47	1.1245859778227047e-75	0.0051978520288286706	2.5064506875941344e-24	0.9948021479711713
OGG1_0_multinomial_train1.48	4.297729172767243e-235	0.04281188668111503	9.706482509723407e-16	0.957188113318884
OGG1_0_multinomial_train1.49	1.8863420537680148e-103	0.009063969671236629	0.00619612351218611	0.9847399068165772
OGG1_0_multinomial_train1.50	1.383e-321	0.02361437644556479	9.368361963783975e-121	0.9763856235544354
UNG_0_multinomial_train1.44	0.500906181015224	0.25299873043928106	0.1403819284313495	0.10571316011414558
OGG1_0_multinomial_train1.51	9.711685733166686e-205	0.03430599116643492	7.967040050117834e-198	0.9656940088335652
OGG1_0_multinomial_train1.52	1.566e-321	1.5584516923458858e-256	1.9765430545913496e-143	1.0
ATP2B4_0_multinomial_train1	0.21206056135825405	0.1506084330877022	0.48725939323670664	0.1500716123173371
ATP2B4_1_multinomial_train1	0.03773055437035119	0.1209220056737321	0.8413474399559165	1.4831680069949393e-55
ATP2B4_0_multinomial_train1.1	0.3167203203374196	0.002631844032105521	0.6806478356304748	1.0191371499195513e-56
ATP2B4_1_multinomial_train1.1	1.5521620664961012e-19	0.007383646970553808	0.970354785126908	0.02226156790253826
ATP2B4_1_multinomial_train1.2	2.064843565860834e-70	0.03426498085584907	0.8193282541894282	0.14640676495472282
ATP2B4_1_multinomial_train1.3	0.12058329152936399	0.06795820558228463	0.8114585028883514	4.4e-322
ATP2B4_0_multinomial_train1.2	0.3840624999528935	2.075e-321	0.5483333138418643	0.0676041862052422
ATP2B4_1_multinomial_train1.4	1.35e-321	0.060364468089309474	0.7725851278480891	0.16705040406260138
ATP2B4_0_multinomial_train1.3	0.39031281343039803	1.545725724054961e-252	0.6096871865696021	3.1592459335949087e-92
ATP2B4_0_multinomial_train1.4	0.24587180872223455	0.07221482290697093	0.6819133683707944	1.5515359265051035e-101
ATP2B4_0_multinomial_train1.5	0.2153038771125684	0.08038602850748801	0.6620748836746959	0.042235210705247835
ATP2B4_0_multinomial_train1.6	0.32892039731211786	0.028558265615814746	0.6358805500778264	0.006640786994240994
ATP2B4_1_multinomial_train1.5	4.0604097360851826e-81	0.08148731276158154	0.5900952091330046	0.328417478105414
ATP2B4_0_multinomial_train1.7	0.161097279124384	0.11182214554679627	0.5433904237402192	0.1836901515886006
ATP2B4_1_multinomial_train1.6	1.655e-321	0.06030480770298492	0.6699000133648605	0.26979517893215454
ATP2B4_1_multinomial_train1.7	8.41167497270968e-237	0.10929495174080518	0.756938161619407	0.133766886639788
ATP2B4_1_multinomial_train1.8	1.4155187977192914e-102	0.18697446991122627	0.8130255300887739	3.953258082563494e-181
ATP2B4_1_multinomial_train1.9	0.00616518157601831	0.05943359101650784	0.7714862536582786	0.1629149737491954
ATP2B4_1_multinomial_train1.10	0.016450111926099353	0.1344331737329917	0.6858458690730899	0.16327084526781913
ATP2B4_1_multinomial_train1.11	7.151295677756557e-187	0.08825589261753353	0.9117441073824665	4.224787157186434e-105
ATP2B4_1_multinomial_train1.12	2.4444030070510138e-141	0.07887972356493085	0.9211202764350692	1.135904133094633e-37
ATP2B4_1_multinomial_train1.13	5.5904639036569674e-89	0.006026374439619092	0.9512301226434561	0.04274350291692482
ATP2B4_0_multinomial_train1.8	0.3251408929859464	0.0236753057626216	0.6511142493535338	6.955189789818378e-05
ATP2B4_1_multinomial_train1.14	2.2570773379646454e-145	0.13575688311434642	0.5974986571469418	0.26674445973871164
ATP2B4_1_multinomial_train1.15	0.014127624204860453	0.0936693016861288	0.7977266333963344	0.09447644071267622
ATP2B4_0_multinomial_train1.9	0.2833957496105078	0.10485244827650302	0.45374094184881364	0.15801086026417566
ATP2B4_0_multinomial_train1.10	0.2876913275693328	2.43e-321	0.7123086724306672	1.1415208391178947e-188
ATP2B4_0_multinomial_train1.11	0.2452536361455564	0.07563212861775317	0.6791142352366905	9.921298921825944e-131
ATP2B4_1_multinomial_train1.16	3.2398872752002145e-308	0.13189994474159986	0.6591118603127037	0.2089881949456964
ATP2B4_0_multinomial_train1.12	0.41883956530253325	0.015229940285462373	0.5198255031080585	0.04610499130394568
ATP2B4_0_multinomial_train1.13	0.4439596577502535	2.434024197720354e-155	0.5560403422497465	3.240518098218541e-74
ATP2B4_0_multinomial_train1.14	0.11900179975056391	0.10233945858807747	0.7786587416613585	3.9185813568332986e-23
ATP2B4_0_multinomial_train1.15	0.28139963909715754	4.194280532742128e-39	0.7186003609028424	5.358148913403418e-19
ATP2B4_1_multinomial_train1.17	7.395574128828627e-133	0.1044971267222067	0.8955028732777932	7.0141645851429094e-127
ATP2B4_1_multinomial_train1.18	1.5427428192776175e-147	0.05767687897227987	0.7275666667077172	0.214756454320003
ATP2B4_1_multinomial_train1.19	0.08366346456986816	0.0878451126091752	0.5150771434312779	0.3134142793896788
ATP2B4_1_multinomial_train1.20	1.424619949074614e-20	0.1297712017660835	0.806554881253101	0.06367391698081545
ATP2B4_0_multinomial_train1.16	0.38242138106529544	0.008763059780860808	0.47355374645549375	0.13526181269834997
ATP2B4_1_multinomial_train1.21	1.8848479875185897e-60	0.07696782634817104	0.8983363921063713	0.024695781545457724
ATP2B4_1_multinomial_train1.22	0.12672975821913568	0.02346517354582747	0.7463765988310347	0.10342846940400216
ATP2B4_0_multinomial_train1.17	0.24093532031777556	0.0568065530875061	0.7022581265947184	1.0118930551130215e-45
ATP2B4_0_multinomial_train1.18	0.21952991483019874	0.07259525513966185	0.49354811313299773	0.21432671689714183
ATP2B4_1_multinomial_train1.23	2.4795525121184e-225	0.11815587613172948	0.5728818374191852	0.30896228644908547
ATP2B4_1_multinomial_train1.24	0.07225525230635922	0.06119604097315462	0.8665487067204862	6.281467645957306e-49
ATP2B4_0_multinomial_train1.19	0.2481438468318945	0.05703271790265021	0.5699874311084212	0.12483600415703405
ATP2B4_1_multinomial_train1.25	1.6581535023585585e-63	0.1379387667399175	0.8620612332600825	3.213605722840542e-117
ATP2B4_0_multinomial_train1.20	0.20688807155442754	0.06407679921118586	0.6728888081728239	0.05614632106156271
ATP2B4_0_multinomial_train1.21	0.28027608418076044	0.06987671169606426	0.30187988838021595	0.34796731574295936
ATP2B4_0_multinomial_train1.22	0.3815523067733809	0.01978212763729821	0.36980854965804727	0.22885701593127358
ATP2B4_0_multinomial_train1.23	0.3286802748111647	0.03530889458815239	0.5831542309160868	0.052856599684596314
ATP2B4_0_multinomial_train1.24	0.289418224152833	0.007576800783883117	0.7030049750632837	5.812161699960396e-114
ATP2B4_1_multinomial_train1.26	0.05743808184812514	0.011455485847857695	0.9311064323040171	4.4e-322
ATP2B4_0_multinomial_train1.25	0.15610516664245552	0.04332373120068108	0.7042625061752467	0.09630859598161658
ATP2B4_1_multinomial_train1.27	0.05804952162479957	0.01395076848093525	0.8235403273842948	0.10445938250997032
ATP2B4_0_multinomial_train1.26	0.4617508047169511	1.364e-321	0.5126365079455801	0.025612687337468718
ATP2B4_1_multinomial_train1.28	3.0640966641094984e-256	0.08957667211098379	0.9104233278887739	2.4234572678711344e-13
ATP2B4_0_multinomial_train1.27	0.31028395861593855	0.09839725299124391	0.5529982401146675	0.03832054827814986
ATP2B4_1_multinomial_train1.29	1.6001128881139194e-81	0.1548164419881492	0.8451835580118507	2.9216075237675402e-154
ATP2B4_0_multinomial_train1.28	0.3316749427913985	0.06440861646847114	0.4927142404699678	0.11120220027016255
ATP2B4_0_multinomial_train1.29	0.2831940416961982	0.00868001646970492	0.5546794726146583	0.1534464692194385
ATP2B4_0_multinomial_train1.30	0.28992400244795175	0.04587070958418767	0.41585649055231344	0.24834879741554722
ATP2B4_0_multinomial_train1.31	0.3376021380232284	0.10617102427513209	0.5562268377016395	3.6820002324381444e-263
ATP2B4_1_multinomial_train1.30	0.13106037975182172	0.039320398640609724	0.8296192216075685	3.3924067559450686e-129
ATP2B4_1_multinomial_train1.31	8.640443096180968e-235	0.025410870093445496	0.9609079669874636	0.01368116291909089
ATP2B4_1_multinomial_train1.32	0.07696385845828346	0.008178914848057568	0.9148572266936591	1.2574474147914266e-54
ATP2B4_0_multinomial_train1.32	0.42155322823380525	9.25065793461823e-187	0.4787895429700153	0.09965722879617944
ATP2B4_0_multinomial_train1.33	0.19630415931748071	0.022340604481639565	0.7813552362008798	4.1960617519535385e-20
ATP2B4_0_multinomial_train1.34	0.2849885198250017	0.0576469118356709	0.5976619710373724	0.05970259730195489
ATP2B4_0_multinomial_train1.35	0.3658615073548566	0.04787105958539645	0.586267433059747	9.987755692306657e-159
ATP2B4_1_multinomial_train1.33	0.03987774967737392	0.06186174900268781	0.8895597027096687	0.008700798610269662
ATP2B4_1_multinomial_train1.34	0.13271852827870548	0.09363155571286182	0.6435947107440662	0.1300552052643665
ATP2B4_1_multinomial_train1.35	2.1081394336191903e-118	0.13581199799511204	0.747565820115468	0.11662218188942006
ATP2B4_1_multinomial_train1.36	2.8881568876192697e-183	0.15907516767915336	0.799760585811615	0.04116424650923176
ATP2B4_0_multinomial_train1.36	0.3719989228203586	2.134472311917596e-191	0.42035246160710527	0.20764861557253628
ATP2B4_0_multinomial_train1.37	0.4266251233446039	1.8736320732015032e-121	0.5733748766553961	9.17961931572267e-35
ATP2B4_1_multinomial_train1.37	1.3e-321	0.11743666938960792	0.687993490963531	0.19456983964686095
ATP2B4_1_multinomial_train1.38	1.298338779917496e-126	0.1525629293725615	0.8474370706274386	4.4e-322
ATP2B4_1_multinomial_train1.39	2.396586739219306e-65	0.14593147475056306	0.7466125142181745	0.10745601103126219
ATP2B4_1_multinomial_train1.40	7.939430835421119e-72	0.030260235648740853	0.7850857567761086	0.18465400757515057
ATP2B4_1_multinomial_train1.41	0.000740177341940302	0.09843425605345421	0.7962357745033681	0.10458979210123716
ATP2B4_1_multinomial_train1.42	2.6316080618966572e-117	0.05794303073292816	0.712474638936682	0.22958233033038988
ATP2B4_0_multinomial_train1.38	0.22453972811627393	0.09934044229553125	0.6761198295881949	3.931539113740947e-307
ATP2B4_0_multinomial_train1.39	0.339880900270769	0.0625916348315419	0.5176871429945324	0.07984032190315658
ATP2B4_0_multinomial_train1.40	0.17567190601641952	0.0508862082837507	0.6463830922593372	0.12705879344049278
ATP2B4_1_multinomial_train1.43	1.3375534462407173e-157	0.12132782051641859	0.7370549421768202	0.14161723730676126
ATP2B4_0_multinomial_train1.41	0.305353772584466	0.0162393848150241	0.67840684260051	7.472934891186342e-168
ATP2B4_0_multinomial_train1.42	0.3422117219822236	5.9492306995139e-73	0.49475390798422225	0.1630343700335541
ATP2B4_0_multinomial_train1.43	0.2976144407921059	1.1313665395734357e-138	0.702385559207894	1.9822662079860402e-53
ATP2B4_0_multinomial_train1.44	0.44186766769012686	0.042558503012508214	0.46576473125930595	0.049809098038059135
ATP2B4_1_multinomial_train1.44	0.026208428106562445	6.148861002631014e-99	0.9251146536869007	0.04867691820653689
ATP2B4_0_multinomial_train1.45	0.31974668215415347	0.04003366551723084	0.5015320434282271	0.1386876089003886
ATP2B4_1_multinomial_train1.45	0.09723264560484277	0.0369393906153355	0.6952975399313924	0.1705304238484292
ATP2B4_0_multinomial_train1.46	0.22742681179772678	0.039128266538249454	0.7334449216640239	1.6102784276237826e-229
ATP2B4_0_multinomial_train1.47	0.24806564083830449	0.07200649204515258	0.679927867116543	2.9780194882927325e-73
ATP2B4_0_multinomial_train1.48	0.2666882170743252	0.03567242627240623	0.6976393566532686	4.03764855194954e-91
ATP2B4_1_multinomial_train1.46	0.11768034103117991	0.048430990669908275	0.8338886682989117	3.85e-322
ATP2B4_1_multinomial_train1.47	1.1044434681137876e-11	0.10243868363237559	0.89756131635658	3.6809803724781704e-192
ATP2B4_1_multinomial_train1.48	0.050667549588306875	0.1278915205435674	0.6184714841516736	0.2029694457164519
PMS1_0_multinomial_train1	0.06293519790030953	0.35556706036999414	0.5814977417296963	1.7734111877276685e-219
MSH6_1_multinomial_train1	2.08e-321	0.9832923720359356	1.744e-321	0.01670762796406434
MSH6_0_multinomial_train1	1.72e-321	0.9901804910717696	2.223e-321	0.009819508928230317
MSH2_0_multinomial_train1	9.710690011947068e-234	0.9875876244883559	6.814207988249114e-138	0.012412375511644223
MSH6_0_multinomial_train1.1	1.46e-321	0.9872274051095888	1.245e-321	0.012772594890411127
MLH1_0_multinomial_train1	2.35e-321	1.0	7.9e-322	1.255e-321
MSH6_1_multinomial_train1.1	1.39e-321	0.9758182015849707	1.354e-321	0.024181798415029435
MLH1_0_multinomial_train1.1	1.73e-321	0.9937007803880915	1.01e-321	0.006299219611908406
PMS1_0_multinomial_train1.1	0.19413438957363677	0.2617429837289716	0.5441226266973918	6.0308716910557605e-298
PMS1_0_multinomial_train1.2	0.15944750316521034	0.3344681839091036	0.5060843129256861	4.35e-322
MSH6_1_multinomial_train1.2	1.413e-321	0.9931572889892163	1.235e-321	0.006842711010783807
MSH6_1_multinomial_train1.3	1.15e-321	0.9987363843047837	7.66e-322	0.0012636156952161941
PMS1_0_multinomial_train1.3	0.08564326307440896	0.30580312170012186	0.6085536152254691	6.919621943412974e-41
PMS1_0_multinomial_train1.4	0.11424674807229489	0.29247668744023686	0.5932765644874682	1.418393569662327e-253
PMS2_0_multinomial_train1	0.3343839550246123	0.6656160449753876	1.54e-321	2.045e-321
MSH6_1_multinomial_train1.4	1.42e-321	0.977011013579862	1.166e-321	0.022988986420138014
MSH6_0_multinomial_train1.2	1.744e-321	0.9906056764208951	1.754e-321	0.009394323579104816
PMS1_0_multinomial_train1.5	0.07264554486698113	0.2625220272217049	0.664832427911314	5.765471496673377e-124
PMS1_0_multinomial_train1.6	0.06233853632269788	0.2684884883410423	0.6677240067736823	0.0014489685625775372
PMS1_0_multinomial_train1.7	0.15104810800893642	0.26781927412898493	0.5811326178620788	4.84e-322
MSH6_1_multinomial_train1.5	1.996e-321	0.9712896899246073	1.14e-321	0.028710310075392764
MLH1_0_multinomial_train1.2	1.087e-321	1.0	4.9e-322	5.83e-322
PMS1_0_multinomial_train1.8	0.09625523595596801	0.39703052975259717	0.506714234291435	3e-322
PMS1_0_multinomial_train1.9	7.92928353763511e-50	0.28366566905678586	0.7136667494497817	0.002667581493432341
MLH1_0_multinomial_train1.3	1.15e-321	0.9999999999999999	7.7e-322	1.235e-321
MSH2_0_multinomial_train1.1	4.553063728838354e-243	0.9840561801788265	1.0947979044439312e-178	0.015943819821173454
MSH6_1_multinomial_train1.6	1.734e-321	0.9864520072679988	1.72e-321	0.013547992732001234
MSH2_0_multinomial_train1.2	2.317e-321	0.9922339660368131	2.263e-321	0.007766033963186828
PMS1_0_multinomial_train1.10	0.07274001541633443	0.3745160427550198	0.5527439418286457	2.0057462056886224e-288
MSH6_0_multinomial_train1.3	2.327e-321	0.9917818507481582	2.515e-321	0.008218149251841979
MLH1_0_multinomial_train1.4	1.695e-321	1.0	7.6e-322	9.04e-322
MSH2_0_multinomial_train1.3	2.2127549309902012e-247	0.993685136483889	2.742620302716637e-19	0.006314863516110985
MSH6_1_multinomial_train1.7	2.456e-321	0.9849096530667779	1.813e-321	0.015090346933222205
MLH1_0_multinomial_train1.5	2.05e-321	1.0	1.31e-321	2.0281343932270642e-240
MLH1_0_multinomial_train1.6	2.614e-321	1.0	1.042e-321	1.863e-321
MLH1_0_multinomial_train1.7	1.126e-321	1.0	5.04e-322	9e-322
MSH6_1_multinomial_train1.8	1.42e-321	0.9749572613150564	1.156e-321	0.025042738684943687
PMS1_0_multinomial_train1.11	0.10220141309714748	0.2597513513617122	0.6380472355411402	3.6076572168406745e-293
PMS1_0_multinomial_train1.12	0.027469191891363594	0.24921713905391818	0.7233136690547184	2.683287002693871e-99
MSH2_0_multinomial_train1.4	1.059841571408687e-182	0.9944370269103426	7.60695276762906e-71	0.005562973089657375
PMS2_0_multinomial_train1.1	0.3014688595799386	0.6853884136749159	3.112033792195056e-288	0.013142726745145411
MLH1_0_multinomial_train1.8	1.39e-321	1.0	7.46e-322	2.527394028590782e-291
PMS1_0_multinomial_train1.13	0.037139929708602464	0.27840515129630056	0.684454918995097	3.36e-322
MSH6_1_multinomial_train1.9	2.36e-321	0.970775633572887	1.65e-321	0.02922436642711306
MSH2_0_multinomial_train1.5	2.24e-321	0.9917997176614561	6.942079983607502e-248	0.008200282338543845
MLH1_0_multinomial_train1.9	7.479847632843669e-250	0.9981583698988216	2.134e-321	0.0018416301011782983
MSH6_0_multinomial_train1.4	1.85e-321	0.9880616150862435	2.367e-321	0.011938384913756431
PMS2_0_multinomial_train1.2	0.3427956739516839	0.657204326048316	3.9e-321	1.7770916086083886e-268
MLH1_0_multinomial_train1.10	1.42e-321	0.9999999999999999	7.6e-322	2.42e-321
MSH6_0_multinomial_train1.5	1.76e-321	0.985985067719848	2.485e-321	0.014014932280151984
PMS2_0_multinomial_train1.3	0.31428143311491613	0.6816546186266612	7.250733014899472e-208	0.0040639482584227645
MSH2_0_multinomial_train1.6	2.465e-321	0.9882314363945645	3.0586777860886767e-179	0.011768563605435527
MSH2_0_multinomial_train1.7	1.61e-321	0.985697393175234	2.05e-321	0.014302606824766025
MLH1_0_multinomial_train1.11	1.12e-321	1.0	7.56e-322	1.2e-321
MSH6_1_multinomial_train1.10	1.714e-321	0.9770992785127951	1.403e-321	0.02290072148720494
PMS2_0_multinomial_train1.4	0.35571196404187355	0.6332062753095782	2.0352451471988293e-180	0.011081760648548229
MSH6_1_multinomial_train1.11	1.833e-321	0.975822752006597	1.497e-321	0.024177247993402984
MSH6_1_multinomial_train1.12	1.487e-321	0.9847177400058504	1.507e-321	0.015282259994149602
MSH6_0_multinomial_train1.6	1.8e-321	0.9999999999999999	1.34e-321	7.98445996587988e-119
MSH6_0_multinomial_train1.7	1.136e-321	0.9955620082994255	1.25e-321	0.004437991700574497
MSH2_0_multinomial_train1.8	4.107897319759977e-224	0.9777199177673926	9.195964562951088e-297	0.02228008223260722
MLH1_0_multinomial_train1.12	1.35e-321	0.9982461033206232	9.6e-322	0.001753896679376736
PMS1_0_multinomial_train1.14	0.1797799852518668	0.27279377944678934	0.5474262353013439	5.8e-322
MSH6_0_multinomial_train1.8	1.79e-321	0.9914180394989837	1.803e-321	0.008581960501016457
MSH6_0_multinomial_train1.9	1.477e-321	0.9920037738194847	2.05e-321	0.007996226180515367
MLH1_0_multinomial_train1.13	1.714e-321	1.0	5.1e-322	1.215e-321
MSH2_0_multinomial_train1.9	2.15e-321	0.9869389548685721	1.598644609570404e-212	0.013061045131427989
MLH1_0_multinomial_train1.14	2.38e-321	1.0	5.34e-322	9.54e-322
PMS2_0_multinomial_train1.5	0.3886598831827095	0.6113401168172904	2.23e-321	5.163908499146908e-32
PMS1_0_multinomial_train1.15	0.07238533523951583	0.32766168553308134	0.5999529792274028	5.83e-322
MLH1_0_multinomial_train1.15	1.413e-321	1.0	1.013e-321	9.320201362743058e-109
MLH1_0_multinomial_train1.16	1.764e-321	0.9999999999999999	7.9e-322	1.887e-321
MSH2_0_multinomial_train1.10	1.7333147499907073e-185	0.9827331831514041	1.1757977753556862e-120	0.01726681684859581
MSH6_0_multinomial_train1.10	1.457e-321	0.9757510350776141	1.423e-321	0.02424896492238597
MSH6_0_multinomial_train1.11	2.1e-321	0.9935951846486787	1.31e-321	0.006404815351321387
PMS1_0_multinomial_train1.16	0.08315856923711239	0.29641766521298046	0.6204237655499072	9.324106245385416e-198
PMS2_0_multinomial_train1.6	0.3895222048479326	0.6104777951520675	2.8349670186381805e-158	3.78e-321
