Samples	SBS96A	SBS96B	SBS96C	SBS96D	SBS96E
ATP2B4_real_train_fold1	0.03615810527486163	0.37341676778255933	0.12996671970855952	0.056942739276409915	0.4035156679576095
ATP2B4_real_train_fold1.1	0.1347174125610098	0.36512003687099404	0.03826757233619055	0.11702727673024789	0.3448677015015578
EXO1_real_train_fold1	0.5736846422983162	0.07876009808080986	0.09873443776811842	0.15538989098587894	0.09343093086687658
MLH1_real_train_fold1	0.046593193904906106	0.0117690552749214	0.6895652488533804	0.20923274897436056	0.04283975299243155
MSH6_real_train_fold1	0.0337861159606693	0.011043271855611235	0.7889543388781127	0.14503182455857613	0.021184448747030644
MSH6_real_train_fold1.1	0.01835257604704601	0.013222763299778445	0.7924048533815028	0.1230609317414428	0.05295887553022998
MSH6_real_train_fold1.2	0.00038047122947243195	0.021005378182191413	0.7907785926567688	0.15422057706734638	0.03361498086422102
OGG1_real_train_fold1	0.0729622255207148	0.701577257013296	0.013062856298595675	0.02665658343247716	0.18574107773491635
PMS1_real_train_fold1	0.003782881141079443	0.22205347514370907	0.16009445043817233	0.29532660783116066	0.3187425854458785
PMS2_real_train_fold1	0.4596348878453064	0.020114086063462617	0.4874255281771611	3.66e-322	0.03282549791406999
RNF168_real_train_fold1	0.5636464041133915	0.09460157129640517	0.0306095038884785	0.17258964705003857	0.13855287365168648
UNG_real_train_fold1	0.05144620186478731	0.17055252033844148	0.019568519884083698	0.5318411037611679	0.2265916541515195
ATP2B4_dirichlet_train_fold1	3.67e-321	0.419315519461267	0.09143245061168186	0.18411069756471826	0.30514133236233276
ATP2B4_dirichlet_train_fold1.1	0.16261604441908056	0.39601499535137585	2.955441714650547e-97	0.13545191607899973	0.305917044150544
ATP2B4_dirichlet_train_fold1.2	0.020476055982075372	0.34406684829543716	0.06713073589569639	0.19779480242069714	0.3705315574060939
ATP2B4_dirichlet_train_fold1.3	2.505e-321	0.5361650762702659	0.006787723389941652	0.1475738491513227	0.30947335118846975
ATP2B4_dirichlet_train_fold1.4	9.6e-322	0.4450128995117191	0.11493118801447093	0.04976095093806718	0.3902949615357428
ATP2B4_dirichlet_train_fold1.5	0.12996568098735917	0.5452521345908102	0.13112269174862412	1.62e-321	0.19365949267320645
ATP2B4_dirichlet_train_fold1.6	0.04286480786798794	0.4324613371178846	0.04823030560528316	0.12367772060094505	0.3527658288078993
ATP2B4_dirichlet_train_fold1.7	1.8741882107e-313	0.33314542569838296	0.07357322780840245	0.10749311528499934	0.48578823120821535
ATP2B4_dirichlet_train_fold1.8	0.13095670655387281	0.40734811358061734	0.02917094548749536	6.354085164864717e-33	0.43252423437801446
ATP2B4_dirichlet_train_fold1.9	0.09080650803475758	0.36723601396922767	2.67e-321	0.24215520207114413	0.2998022759248707
ATP2B4_dirichlet_train_fold1.10	0.039827434452918246	0.449902712998937	0.07301500249817874	0.2154331065484949	0.2218217435014711
ATP2B4_dirichlet_train_fold1.11	0.0955609881666712	0.25669715778832547	0.12009017284312855	0.08081659682663442	0.44683508437524033
ATP2B4_dirichlet_train_fold1.12	0.30850389517202725	0.2567895988521721	0.08174677927115806	0.045772181625613056	0.30718754507902946
ATP2B4_dirichlet_train_fold1.13	0.15050268958244872	0.5824019074942556	0.07970076383970583	0.09261620946761577	0.09477842961597402
ATP2B4_dirichlet_train_fold1.14	0.07038791633998322	0.38742028652839344	0.11220759567181754	0.11015231355703023	0.31983188790277545
ATP2B4_dirichlet_train_fold1.15	0.08774426656349202	0.3256721134304783	0.26464198397430744	0.013131838579201605	0.3088097974525208
ATP2B4_dirichlet_train_fold1.16	0.2187689603320549	0.28180485838654534	0.06377994070994193	0.16853223166938547	0.26711400890207226
ATP2B4_dirichlet_train_fold1.17	0.17008575794227654	0.2855258850541767	0.06059395231243994	0.07599368567675543	0.40780071901435133
ATP2B4_dirichlet_train_fold1.18	0.06954946374210241	0.38068011743245717	0.10414801102505736	4.8e-322	0.445622407800383
ATP2B4_dirichlet_train_fold1.19	2.633e-321	0.41658919139657047	0.02003411884155902	0.3154011870150393	0.24797550274683108
ATP2B4_dirichlet_train_fold1.20	0.008037887188034573	0.3731446316444942	0.1046508334727146	0.07243691446528801	0.44172973322946874
ATP2B4_dirichlet_train_fold1.21	0.12583180525223278	0.45745172296601	0.06667862038781418	0.12357284407663914	0.2264650073173038
ATP2B4_dirichlet_train_fold1.22	0.19335452297278488	0.34858882977128847	0.1419358633019544	0.08704630536796755	0.22907447858600466
ATP2B4_dirichlet_train_fold1.23	3.75e-322	0.4935438925691622	0.16223388165771915	1.176e-321	0.3442222257731187
ATP2B4_dirichlet_train_fold1.24	0.1177631054757425	0.33573604374255117	0.21283140331888145	0.06728017678297976	0.2663892706798451
ATP2B4_dirichlet_train_fold1.25	0.09347579240614472	0.44369086907182975	0.11231094892365726	0.005811547238939449	0.3447108423594289
ATP2B4_dirichlet_train_fold1.26	0.025751263296487546	0.5893146785208605	0.09400580973846256	0.08665102296583037	0.20427722547835894
ATP2B4_dirichlet_train_fold1.27	0.16438501310753834	0.2628226268464556	0.06539796103239351	0.15794167831545006	0.3494527206981626
ATP2B4_dirichlet_train_fold1.28	0.017340273673474363	0.49675494187878666	1.0986239026814805e-170	0.18340010670214427	0.3025046777455946
ATP2B4_dirichlet_train_fold1.29	7.54750248454158e-132	0.44936748386700587	0.20363726475791535	2.86e-321	0.3469952513750789
ATP2B4_dirichlet_train_fold1.30	0.19367188970519106	0.38355526120321215	0.09146691508500901	0.1006555160396368	0.23065041796695102
ATP2B4_dirichlet_train_fold1.31	0.4350085978824716	0.19061903484585888	0.148496976646729	0.019719167318938625	0.206156223306002
ATP2B4_dirichlet_train_fold1.32	0.19523531294431284	0.24107068716544464	1.65e-321	0.34037744079438215	0.2233165590958602
ATP2B4_dirichlet_train_fold1.33	0.13520758768081995	0.31786883413020656	0.08423767623705464	0.04061870410545251	0.4220671978464663
ATP2B4_dirichlet_train_fold1.34	0.23072676777341122	0.2941904812820564	0.04862920432796431	0.12364732103033542	0.3028062255862327
ATP2B4_dirichlet_train_fold1.35	0.21104668927267417	0.25044516414778434	2.154e-321	1.6e-321	0.5385081465795416
ATP2B4_dirichlet_train_fold1.36	4.90568075268207e-204	0.40113625221485866	0.06734623028452073	0.03506102770231926	0.49645648979830126
ATP2B4_dirichlet_train_fold1.37	0.04507662489267549	0.21064663038080786	0.052935236480896423	0.012870055618523977	0.6784714526270962
ATP2B4_dirichlet_train_fold1.38	0.21669592774936314	0.3644320926905902	2.94e-321	0.1508811756071444	0.2679908039529024
ATP2B4_dirichlet_train_fold1.39	0.04576274406587465	0.4197214831002507	0.04325925430543391	0.10045889631491589	0.39079762221352476
ATP2B4_dirichlet_train_fold1.40	0.058461710223122555	0.3467169414690078	0.10722874901662946	0.11727899041593075	0.3703136088753095
ATP2B4_dirichlet_train_fold1.41	0.28177892451605907	0.3931072742899755	2.984e-321	0.12451061053269893	0.20060319066126658
ATP2B4_dirichlet_train_fold1.42	0.1097888913701054	0.4313313661464554	0.10838321784111747	0.20373619334740323	0.1467603312949184
ATP2B4_dirichlet_train_fold1.43	0.22504525395899502	0.44435969202057324	0.010867567638736081	0.17905768244906795	0.14066980393262765
ATP2B4_dirichlet_train_fold1.44	4.555e-321	0.36955660791519634	0.015100732211858092	0.1361021963103999	0.4792404635625458
ATP2B4_dirichlet_train_fold1.45	0.45483191916477894	0.2837166183660274	1.83510273874764e-69	0.04388170807740235	0.21756975439179144
ATP2B4_dirichlet_train_fold1.46	0.22454897677506125	0.4587688537135812	2.544e-321	3.4e-321	0.3166821695113576
ATP2B4_dirichlet_train_fold1.47	0.23956078147717808	0.30391000840122295	0.08332721266517298	0.11109128366422824	0.26211071379219786
ATP2B4_dirichlet_train_fold1.48	0.012399835454226857	0.414038276119717	0.19616336414687174	0.03505945715955634	0.34233906711962814
ATP2B4_dirichlet_train_fold1.49	0.16934388797120156	0.39700572164783154	2.273e-321	0.15430419624369646	0.2793461941372705
ATP2B4_dirichlet_train_fold1.50	7.95e-322	0.35548497667251433	0.1405497074813795	0.22142879128926551	0.28253652455684075
ATP2B4_dirichlet_train_fold1.51	0.36847176844866736	0.3307894020936796	2.436e-321	0.11425487503652655	0.18648395442112642
ATP2B4_dirichlet_train_fold1.52	0.15352319141483292	0.3523289694469556	0.06185033212103641	0.1058486708092941	0.32644883620788095
ATP2B4_dirichlet_train_fold1.53	0.1412660728091565	0.348486690886052	2.134e-321	0.05704583375653441	0.45320140254825714
ATP2B4_dirichlet_train_fold1.54	0.18900420256717315	0.3566591732570738	1.57e-321	0.09427423734679743	0.36006238682895564
ATP2B4_dirichlet_train_fold1.55	1.8331291521428014e-100	0.1616677532981651	0.22942029359197	1.27e-321	0.6089119531098648
ATP2B4_dirichlet_train_fold1.56	0.22642768080367817	0.3910641892202612	0.001845448929413425	0.13751470531526908	0.2431479757313781
ATP2B4_dirichlet_train_fold1.57	1.393e-321	0.4252683817028692	0.09159683521288704	0.022350081388057285	0.46078470169618646
ATP2B4_dirichlet_train_fold1.58	2.644947528794688e-09	0.33086974773665967	0.07788806186069612	8.25e-322	0.5912421877576967
ATP2B4_dirichlet_train_fold1.59	3.0073653257824345e-121	0.21671097328460026	0.029031242266780336	0.14229442850460675	0.6119633559440127
ATP2B4_dirichlet_train_fold1.60	1.8241294477586098e-190	0.32381241726079213	0.0463668195493546	4.037e-321	0.6298207631898532
ATP2B4_dirichlet_train_fold1.61	8.94e-322	0.3616819160816693	0.0737996462198621	0.08884823360277051	0.47567020409569816
ATP2B4_dirichlet_train_fold1.62	0.4605175217800932	0.2772989600332994	0.022263008324014233	0.06111665742398629	0.17880385243860697
ATP2B4_dirichlet_train_fold1.63	1.245e-321	0.3146100066257939	0.16490721523154803	0.03582402143809175	0.4846587567045664
ATP2B4_dirichlet_train_fold1.64	0.06161814034649794	0.44058598831235507	0.05121504722821831	0.26575221377626	0.1808286103366688
ATP2B4_dirichlet_train_fold1.65	9.559570191639516e-119	0.20023058493327472	0.19103827452070163	4.159332930050032e-70	0.6087311405460236
ATP2B4_dirichlet_train_fold1.66	0.16432758982366133	0.2814926526961613	0.12302377370523973	1.4691757193381613e-151	0.4311559837749377
ATP2B4_dirichlet_train_fold1.67	0.1824891169473485	0.3968285318381841	0.0643250098091977	0.042371451455997015	0.3139858899492726
ATP2B4_dirichlet_train_fold1.68	0.18388281721342034	0.5064230570986513	5.97287235209e-311	0.006273159176726561	0.3034209665112018
ATP2B4_dirichlet_train_fold1.69	0.028453870317887566	0.3528098781075623	0.0712714078664803	0.021953250377784287	0.5255115933302856
ATP2B4_dirichlet_train_fold1.70	0.194862640810853	0.26824284409483773	0.012759644828509418	0.17412993861478862	0.3500049316510112
ATP2B4_dirichlet_train_fold1.71	0.09689543874779749	0.3312909476731913	2.199540671993441e-64	0.1445264889472275	0.42728712463178353
ATP2B4_dirichlet_train_fold1.72	3.3e-321	0.3861707428757435	0.15094431191372498	0.16533681890531332	0.2975481263052181
ATP2B4_dirichlet_train_fold1.73	0.09203353818826102	0.4717045687666873	0.028494602079040823	7.3831150360169316e-155	0.40776729096601083
ATP2B4_dirichlet_train_fold1.74	0.023434774212656783	0.31540751096268027	0.15233901396793126	0.24864326604471465	0.26017543481201694
ATP2B4_dirichlet_train_fold1.75	0.08461899633989498	0.19957465997614407	0.10654738299044827	0.058312119352611116	0.5509468413409015
ATP2B4_dirichlet_train_fold1.76	0.17546465135198416	0.4135680139062696	1.063007782708301e-96	0.08193021353049275	0.32903712121125345
ATP2B4_dirichlet_train_fold1.77	0.13075893240009392	0.2844520041254843	0.02125777013768133	0.12183071955210399	0.44170057378463645
ATP2B4_dirichlet_train_fold1.78	0.15278176666198187	0.39595516973795397	0.053286692172611484	0.1295276914610248	0.2684486799664279
ATP2B4_dirichlet_train_fold1.79	2.016e-321	0.4114275151359451	0.27692174167498745	0.025926550593704002	0.28572419259536325
ATP2B4_dirichlet_train_fold1.80	0.08468255442525342	0.43207689932851956	0.16430324933553853	0.03021006866307994	0.2887272282476085
ATP2B4_dirichlet_train_fold1.81	0.1578970190995962	0.3366663912014057	0.10117534819496525	0.06459355553505032	0.33966768596898267
ATP2B4_dirichlet_train_fold1.82	8.361986803859565e-213	0.20875895806299472	0.38945217292396805	3.6e-322	0.4017888690130371
ATP2B4_dirichlet_train_fold1.83	7.273366041342453e-06	0.49017349832905177	0.14798957517353764	0.28547839728631164	0.0763512558450577
ATP2B4_dirichlet_train_fold1.84	0.013860274267702559	0.4088296432490177	0.08005605499414	0.31639206028531164	0.1808619672038281
ATP2B4_dirichlet_train_fold1.85	0.4087157323657985	0.32916599585548434	0.10179006198450191	0.014773781947581624	0.14555442784663375
ATP2B4_dirichlet_train_fold1.86	0.27192861606028146	0.30992990554228705	0.033930099313375366	0.038525256768839944	0.3456861223152162
ATP2B4_dirichlet_train_fold1.87	0.14491673361666008	0.3780374077408536	0.07610916872516803	0.09497170807366204	0.30596498184365634
ATP2B4_dirichlet_train_fold1.88	0.43263220456647034	0.29593034006026536	2.2817242354877443e-33	0.011778292282455678	0.2596591630908087
ATP2B4_dirichlet_train_fold1.89	3.06e-321	0.24407021264146966	0.1263790093829969	0.03560660974645349	0.5939441682290799
ATP2B4_dirichlet_train_fold1.90	0.43117868510287727	0.32092317308131413	1.0467317860332026e-210	0.07539683044265288	0.17250131137315589
ATP2B4_dirichlet_train_fold1.91	0.11739613301413608	0.32522342073869753	2.337e-321	0.10899680324651558	0.4483836430006509
ATP2B4_dirichlet_train_fold1.92	0.23576683645556715	0.19934862660709948	0.062163330724439934	0.11733696658673838	0.385384239626155
ATP2B4_dirichlet_train_fold1.93	0.07693114379130887	0.38931677518278685	0.0468115622564385	1.88e-321	0.48694051876946587
ATP2B4_dirichlet_train_fold1.94	0.24502081335296813	0.3864025206519166	1.275e-321	0.13449215795159133	0.23408450804352396
ATP2B4_dirichlet_train_fold1.95	0.1040570909190351	0.23737934516280496	0.021154268437152398	0.11781606067675447	0.5195932348042529
ATP2B4_dirichlet_train_fold1.96	0.07329296639973555	0.26312278249171994	0.13173591460374917	1.21e-321	0.5318483365047953
ATP2B4_dirichlet_train_fold1.97	4.68e-321	0.3163775867742035	0.059252417361424024	0.21441495101729488	0.4099550448470777
RNF168_dirichlet_train_fold1	0.6690318159142732	0.13371672340847543	8.3e-322	0.13541971056395677	0.06183175011329461
RNF168_dirichlet_train_fold1.1	0.5954843606271462	0.07198920785758875	9.1e-322	0.22729778208194265	0.10522864943332243
RNF168_dirichlet_train_fold1.2	0.6717609553553131	0.08274545681251548	0.07757072264937617	0.12221736890873344	0.045705496274061924
RNF168_dirichlet_train_fold1.3	0.41268815185635344	0.11813544725063017	3.729038706759466e-87	0.26513385896464514	0.20404254192837115
RNF168_dirichlet_train_fold1.4	0.7436458468765548	0.012100317434287428	0.04095000652405778	5.7385396572552e-110	0.20330382916510006
RNF168_dirichlet_train_fold1.5	0.45543090976915956	0.15134597774775221	2.84e-321	0.22459090310027377	0.1686322093828144
RNF168_dirichlet_train_fold1.6	0.4841306355798646	0.1057874023953128	0.011166041327424065	0.3302006728600069	0.06871524783739161
EXO1_dirichlet_train_fold1	0.6031396551515049	0.010126757889663409	0.028178724467261957	0.23463539738242298	0.12391946510914652
EXO1_dirichlet_train_fold1.1	0.5086175226780254	0.06518698800240347	0.2229387173260997	0.1439486041424272	0.059308167851044154
EXO1_dirichlet_train_fold1.2	0.7144096943760798	0.0946721274696438	1.393e-321	0.12910980914926715	0.061808369005009176
RNF168_dirichlet_train_fold1.7	0.5585920911269836	0.03670061896040852	0.06486575025946277	0.2216981320062858	0.11814340764685936
EXO1_dirichlet_train_fold1.3	0.6136052919350123	0.11634656555963477	0.03564543162496635	0.14983979744649337	0.08456291343389326
RNF168_dirichlet_train_fold1.8	0.4617061507835445	0.15786521633638734	0.08813234907648605	0.16676579105596598	0.12553049274761613
EXO1_dirichlet_train_fold1.4	0.6522366716904887	0.04806970713450341	1.665e-321	0.19007629685913052	0.10961732431587734
EXO1_dirichlet_train_fold1.5	0.528240103394716	0.04851047253593128	0.06315703041889596	0.1717243327324929	0.18836806091796374
EXO1_dirichlet_train_fold1.6	0.6422383702774317	0.05043354695891898	0.16586077970118643	0.001503514171057467	0.13996378889140543
EXO1_dirichlet_train_fold1.7	0.5548051780755049	0.0723767125515223	0.1157373957193427	0.21407025068709498	0.043010462966535074
RNF168_dirichlet_train_fold1.9	0.5972883267814305	0.06169000910759573	0.049652015352383574	0.12558438143863843	0.16578526731995186
RNF168_dirichlet_train_fold1.10	0.4580147632735184	0.12948679540344055	9.955054644647879e-92	0.20595485734488864	0.2065435839781524
EXO1_dirichlet_train_fold1.8	0.5590009899979687	0.06820974586045923	0.050494621886355034	0.24586042206079925	0.07643422019441777
EXO1_dirichlet_train_fold1.9	0.5062954574873486	0.05703083349699533	0.0643230609020269	0.26945073867266495	0.10289990944096415
RNF168_dirichlet_train_fold1.11	0.47612605602424773	0.15540668053744672	0.0211029454235327	0.17847932742141032	0.16888499059336254
EXO1_dirichlet_train_fold1.10	0.5623761607439919	0.06768837243506926	0.08563659302352562	0.18552899695752992	0.09876987683988353
EXO1_dirichlet_train_fold1.11	0.7528987739400831	0.0844901868802742	0.006100712742869756	0.1088842483379504	0.047626078098822605
EXO1_dirichlet_train_fold1.12	0.577898526618151	0.010970980922896768	0.11909456398286514	0.11206821164708534	0.17996771682900173
RNF168_dirichlet_train_fold1.12	0.5204420317872767	0.08176652939762218	0.04677640083477274	0.24109031977021697	0.10992471821011153
RNF168_dirichlet_train_fold1.13	0.5256533022805343	0.12662752469362062	0.12616288639479248	0.11107272524026607	0.1104835613907864
EXO1_dirichlet_train_fold1.13	0.5590806154765554	0.0841163508980359	0.14830633259595877	0.20849670102944973	2.204e-321
EXO1_dirichlet_train_fold1.14	0.6201736860896983	0.08740034292272071	0.033419524588145004	0.1967928042260585	0.06221364217337764
EXO1_dirichlet_train_fold1.15	0.49899048251900413	0.18510506147761616	0.12310447593103749	0.17306310114495546	0.01973687892738662
EXO1_dirichlet_train_fold1.16	0.5086507027637209	0.08025789993005318	0.08101161187976769	0.17293061652146954	0.15714916890498862
RNF168_dirichlet_train_fold1.14	0.5632943731445408	0.030664479798119478	0.06218410480207787	0.20144691816278132	0.14241012409248055
RNF168_dirichlet_train_fold1.15	0.7147326096362636	0.08021267395114781	2.134e-321	0.13121517250178855	0.07383954391080004
RNF168_dirichlet_train_fold1.16	0.6169403287510665	0.09578599161629521	0.017806650013486875	0.18643936869528324	0.083027660923868
RNF168_dirichlet_train_fold1.17	0.3894787951539348	0.16858288883375347	2.32e-321	0.2085025417152021	0.2334357742971097
RNF168_dirichlet_train_fold1.18	0.31422109738213266	0.1429192997480529	0.22259929086546892	0.2146814065682019	0.1055789054361437
EXO1_dirichlet_train_fold1.17	0.5854910555412028	0.02058785572028198	0.08225472055311091	0.06400833588463938	0.24765803230076483
EXO1_dirichlet_train_fold1.18	0.5381524159063219	0.12706235430503376	0.07256290775011816	0.1888578585111896	0.07336446352733635
RNF168_dirichlet_train_fold1.19	0.7470114096767017	0.06333735655826289	1.556e-321	0.042880389324367225	0.14677084444066835
EXO1_dirichlet_train_fold1.19	0.604851546622171	0.13162635724464378	0.10651542099132343	0.15700667514186187	4.35e-322
EXO1_dirichlet_train_fold1.20	0.5130337271063565	0.03639318363945111	0.09729093531175649	0.21892268229122386	0.13435947165121204
EXO1_dirichlet_train_fold1.21	0.3789775485789103	0.1530468973467488	0.2090158675760328	0.20473154523070078	0.05422814126760738
RNF168_dirichlet_train_fold1.20	0.4587944934855418	0.04576360248709365	0.10150699607216523	0.1710005851091375	0.22293432284606185
EXO1_dirichlet_train_fold1.22	0.6290092941522204	0.08245902563103462	0.021996413546812095	0.25998834547691824	0.006546921193014817
EXO1_dirichlet_train_fold1.23	0.4601538963673719	0.14957902132782136	0.2166440458435378	0.05674598518511696	0.11687705127615172
RNF168_dirichlet_train_fold1.21	0.5742042203025451	0.17458542913819608	9.14e-322	0.19667417221893208	0.05453617834032658
RNF168_dirichlet_train_fold1.22	0.5862724914554976	0.11667688824148138	0.01857648220063837	0.12971449147538	0.14875964662700264
RNF168_dirichlet_train_fold1.23	0.45345252175307926	0.10119737265964199	0.21000214698791586	0.07166874750203307	0.16367921109732989
EXO1_dirichlet_train_fold1.24	0.6470958705567196	0.09346184500634354	0.07099295828362515	0.08465957499335626	0.10378975115995547
RNF168_dirichlet_train_fold1.24	0.4589241706227536	0.16443021559316592	0.12108899589898173	0.16327349246940212	0.09228312541569676
EXO1_dirichlet_train_fold1.25	0.5382478719669994	0.08555490676757994	0.09029816815886231	0.20704090904167619	0.07885814406488205
RNF168_dirichlet_train_fold1.25	0.5258764100386687	0.11005944932128704	1.5384410481038258e-231	0.17808723062160628	0.18597691001843786
EXO1_dirichlet_train_fold1.26	0.5934999560714329	0.05395983983280091	4.077526549773933e-83	0.24292128959528678	0.10961891450047943
RNF168_dirichlet_train_fold1.26	0.6983699560820229	0.06888435619512369	0.0139462985159996	0.09335554426334083	0.12544384494351288
EXO1_dirichlet_train_fold1.27	0.5681628589669749	0.04727333909943799	0.24878852138290458	0.015378976192234304	0.12039630435844816
RNF168_dirichlet_train_fold1.27	0.5193479320533907	0.042568806706832295	0.05291894183299361	0.20851158705276	0.17665273235402337
RNF168_dirichlet_train_fold1.28	0.5358023794971531	0.07432108692413493	0.0851892362980378	0.2651062516808442	0.03958104559982991
RNF168_dirichlet_train_fold1.29	0.614718867684405	0.06247870060553198	0.008501415799991372	0.21402914028641856	0.10027187562365299
EXO1_dirichlet_train_fold1.28	0.6390984431340098	0.06376944029960259	8.149636731333613e-06	0.18252406606601487	0.11459990086364145
RNF168_dirichlet_train_fold1.30	0.6827627451555179	0.06476901602257035	3.860710734669486e-194	0.07794192672566339	0.17452631209624825
RNF168_dirichlet_train_fold1.31	0.4983214939858558	0.15243498184576315	0.12724181932599546	0.15172040218855679	0.07028130265382869
EXO1_dirichlet_train_fold1.29	0.4406663608322401	0.10661944331021975	0.08250347774589599	0.16405998819847004	0.20615072991317426
EXO1_dirichlet_train_fold1.30	0.5175800920025587	0.15977324174011423	0.12124480566010794	0.1840738756175144	0.017327984979704746
RNF168_dirichlet_train_fold1.32	0.7460520999176934	0.07110829567464999	0.038539850956013505	0.05984364968445012	0.08445610376719288
RNF168_dirichlet_train_fold1.33	0.4072996055601289	0.05026197640339047	0.00036455479945022304	0.2896210086589531	0.2524528545780773
RNF168_dirichlet_train_fold1.34	0.7025923836524087	0.05051833197291911	1.986e-321	0.10546670574335844	0.14142257863131366
RNF168_dirichlet_train_fold1.35	0.6222251170373357	0.10716754901695336	1.433e-321	0.18191503529316153	0.08869229865254938
EXO1_dirichlet_train_fold1.31	0.4835138708650286	0.10297608371694246	0.14280008210334483	0.19199739002882268	0.07871257328586156
RNF168_dirichlet_train_fold1.36	0.5289504335638153	0.10265445256056281	0.08197309588566515	0.18681215865379405	0.09960985933616266
RNF168_dirichlet_train_fold1.37	0.5861291664233967	0.15398711137265658	0.011764942334019795	0.19401212305175422	0.0541066568181727
RNF168_dirichlet_train_fold1.38	0.3902181641532354	0.10998019316651585	0.053805823941266706	0.2513596615930057	0.1946361571459764
RNF168_dirichlet_train_fold1.39	0.6080310203976756	0.10826906351979983	0.016268014282542455	0.18477041303817568	0.08266148876180632
EXO1_dirichlet_train_fold1.32	0.4970951248992549	0.11965052231757141	0.11576284882716335	0.2001294236604978	0.06736208029551248
RNF168_dirichlet_train_fold1.40	0.502998977058328	0.0661817833849814	0.09218533355685266	0.11474308555752068	0.22389082044231742
RNF168_dirichlet_train_fold1.41	0.6368941098203946	0.02227929595517391	8.385192362259054e-194	0.19102850511948843	0.14979808910494305
RNF168_dirichlet_train_fold1.42	0.6373240823878566	0.06079494321688479	0.01597721499672458	0.23849995302833496	0.04740380637019908
EXO1_dirichlet_train_fold1.33	0.3437098005724186	0.10186372982748658	0.2379764256926653	0.26490319921194955	0.05154684469548001
EXO1_dirichlet_train_fold1.34	0.7575872178284188	0.05956714792013145	0.01898007423896301	0.11676417442559694	0.04710138558689004
RNF168_dirichlet_train_fold1.43	0.44601281443290863	0.1614226930392841	0.06885216206850603	0.1514449063345875	0.17226742412471382
RNF168_dirichlet_train_fold1.44	0.6670046030823019	0.05654470236031121	0.0946805974012194	0.11028051925695992	0.07148957789920764
RNF168_dirichlet_train_fold1.45	0.40047602508945745	0.23321150767795532	0.09635933574872273	0.13999107454327464	0.12996205694058982
EXO1_dirichlet_train_fold1.35	0.7155058780710943	0.02951967257414002	0.11690755691356934	0.10033319245112236	0.037733699990074046
EXO1_dirichlet_train_fold1.36	0.6542189568064761	0.09314832060073344	0.06806345320205305	0.12259922801478014	0.061970041375957144
RNF168_dirichlet_train_fold1.46	0.5796044421336042	0.04118308172500238	1.65e-321	0.147138461544975	0.23207401459641827
RNF168_dirichlet_train_fold1.47	0.6864752901910212	0.060001678678378655	0.026197165506441224	0.11978289060045577	0.10754297502370316
RNF168_dirichlet_train_fold1.48	0.4375414723750384	0.08456536556879168	0.099440589115785	0.25139807440595974	0.12705449853442516
EXO1_dirichlet_train_fold1.37	0.5839361981445568	0.02472013778245902	0.1657334253238252	0.14269804486858023	0.08291219388057879
EXO1_dirichlet_train_fold1.38	0.5325685332419969	0.1161061270760384	0.2148450331416513	0.1335910496651176	0.002889256875195853
RNF168_dirichlet_train_fold1.49	0.46904749586999994	0.10888045774313243	4.536e-321	0.18904436442927397	0.23302768195759374
RNF168_dirichlet_train_fold1.50	0.4584374451422826	0.2004531235112917	0.03597861600105662	0.23754145900335843	0.06758935634201063
RNF168_dirichlet_train_fold1.51	0.5943156248566446	0.06339870286178771	3.35e-321	0.24440065708829473	0.09788501519327288
RNF168_dirichlet_train_fold1.52	0.6061822182311253	0.03586077874312962	0.05082373156993068	0.16215458816645137	0.14497868328936317
EXO1_dirichlet_train_fold1.39	0.5563055430259561	0.1404378169765621	0.11911862213856707	0.09314083063036845	0.09099718722854626
EXO1_dirichlet_train_fold1.40	0.5205239772890806	0.0633607772406286	0.2609714094695471	0.09721751885875414	0.05792631714198946
EXO1_dirichlet_train_fold1.41	0.6727609268871337	0.044164193911930015	0.07389041993034473	0.12001224047540165	0.0891722187951897
RNF168_dirichlet_train_fold1.53	0.43627659671979513	0.10317712999102911	0.14183064975006737	0.208150472634857	0.11056515090425137
EXO1_dirichlet_train_fold1.42	0.5722456051916367	0.1102014551002915	0.1430993282244116	0.11508579793621287	0.0593678135474471
EXO1_dirichlet_train_fold1.43	0.5666631519158333	0.038527289189343145	0.25091280761885965	0.07799657869549037	0.06590017258047363
MSH6_dirichlet_train_fold1	0.16455293455167547	0.024404842341767312	0.7803903012150307	0.014160206554367937	0.016491715337158548
MLH1_dirichlet_train_fold1	1.338707701132705e-85	1.1114446207718748e-61	0.7361205538789858	0.2638794461210142	6.87e-322
PMS1_dirichlet_train_fold1	3.96e-321	0.2109887472184511	0.31068418004294474	0.2110312468420678	0.2672958258965363
MLH1_dirichlet_train_fold1.1	0.15067212024027768	0.008700243613274592	0.5889758202867615	0.145049790116196	0.10660202574349023
MSH6_dirichlet_train_fold1.1	8.978924240064664e-91	0.018555753400780226	0.8559852008492058	0.11706144748625151	0.008397598263762658
PMS1_dirichlet_train_fold1.1	0.08641967910935236	0.16317706794764358	0.036656722930687405	0.36274695324118555	0.3509995767711311
MSH6_dirichlet_train_fold1.2	2.23e-321	0.010853883188503739	0.8848571022093125	0.09490269427026637	0.009386320331917289
MSH6_dirichlet_train_fold1.3	0.09330966466652756	0.018413545277843234	0.7579725022198118	0.08734490007944103	0.04295938775637629
PMS2_dirichlet_train_fold1	0.45209938029848845	0.022397306849616296	0.5255033128518952	3.5e-322	7.5e-322
MSH6_dirichlet_train_fold1.4	0.12442068403530501	0.03160909273318385	0.6759531978398519	0.1226064325996005	0.04541059279205887
MSH6_dirichlet_train_fold1.5	2.96e-321	1.013e-321	0.8407592819601738	0.12081888945798513	0.03842182858184107
MSH6_dirichlet_train_fold1.6	0.11642918339021198	3.15e-321	0.8835708166097881	1.6e-321	2.624365777089637e-98
MSH6_dirichlet_train_fold1.7	3.034e-321	0.00291717826232247	0.7309655376843236	0.2064376036521559	0.05967968040119795
PMS1_dirichlet_train_fold1.2	3.473e-321	0.29529125153949537	0.13239981535802606	0.3806783734013013	0.19163055970117712
MSH6_dirichlet_train_fold1.8	0.24853872130976554	6.483129701914998e-221	0.6175302902242225	0.10346837053671275	0.030462617929299215
MLH1_dirichlet_train_fold1.2	0.18675246655284183	0.023044782972287577	0.748394376433127	0.029165542828739573	0.01264283121300393
MSH6_dirichlet_train_fold1.9	0.08003557229224172	0.007640291023520594	0.8073547401751292	0.10496939650910836	6.37e-322
MSH6_dirichlet_train_fold1.10	0.23920191982607947	4.64e-322	0.67860368703651	0.08219439313741062	2.515815698254605e-150
MLH1_dirichlet_train_fold1.3	0.16147590788227115	4.7e-322	0.5767667061229156	0.22082661921721988	0.04093076677759324
MSH6_dirichlet_train_fold1.11	2.1199701089549935e-277	0.0110302943152359	0.8818456630604643	0.1055483480597325	0.0015756945645672542
PMS1_dirichlet_train_fold1.3	0.19976497009999167	0.18249388157868116	0.11467345727832667	0.24377597017565356	0.25929172086734686
MLH1_dirichlet_train_fold1.4	0.020898117481845505	0.0177319420073274	0.5298460537580422	0.38591423066009817	0.045609656092686614
MSH6_dirichlet_train_fold1.12	0.1685471196754846	0.011229364827711233	0.8138716594542155	0.006351856042588671	2.105e-321
PMS2_dirichlet_train_fold1.1	0.43814650010063205	0.007547809138817846	0.4396008767837416	3.6e-322	0.11470481397680839
MSH6_dirichlet_train_fold1.13	2.412338267e-315	6.2e-322	0.8051142701942959	0.194885729805704	6.218475442816301e-160
MSH6_dirichlet_train_fold1.14	1.5694680910537478e-137	0.04874122655226537	0.8468698093901088	0.08375646543295896	0.020632498624666852
MSH6_dirichlet_train_fold1.15	0.01700953209169847	0.01225111473082076	0.7141398781395133	0.25659947503796754	1.033e-321
PMS1_dirichlet_train_fold1.4	0.10229143441884088	0.18698629296657385	0.16402016071345135	0.3636614296990668	0.183040682202067
MSH6_dirichlet_train_fold1.16	2.1753911580247105e-253	1.8494493118890245e-61	0.6794282250507387	0.1881365854502904	0.13243518949897085
MSH6_dirichlet_train_fold1.17	0.16716997348807291	9.1e-322	0.7575276440094066	0.016729536003221333	0.05857284649929905
MSH6_dirichlet_train_fold1.18	0.01147628820715093	1.66e-321	0.7444548911625968	0.15477321723804302	0.08929560339220916
MSH6_dirichlet_train_fold1.19	0.04816331180805913	0.032994119121913364	0.5698459855176122	0.24252819503056744	0.10646838852184796
PMS2_dirichlet_train_fold1.2	0.6420726946238	0.0	0.3579273053761999	4e-322	1.25e-321
PMS2_dirichlet_train_fold1.3	0.3943245953482917	1.433e-321	0.4469448947404784	7.1e-322	0.15873050991122983
PMS1_dirichlet_train_fold1.5	0.02859009811154108	0.17105456646144304	0.10661855243618808	0.3273750561710409	0.36636172681978696
MSH6_dirichlet_train_fold1.20	0.1383749493427045	0.0018395349284878167	0.8111352253521914	0.030793777648835972	0.017856512727780337
MLH1_dirichlet_train_fold1.5	0.18495267397361195	4.35e-322	0.5668036577298964	0.21572252637482997	0.03252114192166181
PMS1_dirichlet_train_fold1.6	0.14829856508203434	0.22106135384085968	0.04724350984235076	0.2073953119292512	0.376001259305504
MSH6_dirichlet_train_fold1.21	0.03083267478161798	0.014829472325347691	0.8042485370628173	0.15008931583021695	1.8e-321
MLH1_dirichlet_train_fold1.6	5.606524e-318	0.026701260068653754	0.6480515733284795	0.3252471666028668	1.655e-321
MSH6_dirichlet_train_fold1.22	1.6799168682492877e-106	2.61e-321	0.7987279174049267	0.20127208259507332	1.0290896247951503e-247
MSH6_dirichlet_train_fold1.23	7.511244035694907e-153	0.07885279899614005	0.8915682602398612	0.021514356504396856	0.008064584259601933
MSH6_dirichlet_train_fold1.24	1.82e-321	0.005200461720270088	0.8647188795567249	0.09816977029657978	0.03191088842642531
PMS1_dirichlet_train_fold1.7	0.010554373594214975	0.19310349537521707	0.10000294027453373	0.23435088855531042	0.46198830220072373
PMS2_dirichlet_train_fold1.4	0.5870848530202929	1.02e-321	0.4129151469797071	4.3e-322	9.2e-322
MLH1_dirichlet_train_fold1.7	1.2585271754261236e-300	0.04321219405708438	0.5701183180388892	0.3467812529005663	0.0398882350034602
MSH6_dirichlet_train_fold1.25	0.07936915004713671	5.53e-322	0.6495315608433526	0.2564857039563378	0.01461358515317268
MSH6_dirichlet_train_fold1.26	0.04636554426640945	0.007826452813170992	0.7008452803300818	0.2435967858235687	0.0013659367667692398
PMS2_dirichlet_train_fold1.5	0.5205812308972302	0.0309594253677124	0.4126875235200386	0.018151965889906366	0.017619854325112465
MLH1_dirichlet_train_fold1.8	0.24004317587205212	0.014358473129305558	0.4536483682301887	0.2919499827684535	9.534127046231025e-99
PMS1_dirichlet_train_fold1.8	1.9385910650069162e-255	0.27814534794958934	0.05751032630057718	0.5597557547069457	0.10458857104288792
MSH6_dirichlet_train_fold1.27	0.14579923508084064	0.0014966321626920542	0.8111436714370283	0.012445540655234438	0.029114920664204746
MSH6_dirichlet_train_fold1.28	0.035890883775303965	1.02e-321	0.7936431431593917	0.10179751855840334	0.0686684545069011
MSH6_dirichlet_train_fold1.29	1.22e-321	0.0014291847414446158	0.6015029097684411	0.3633837402282672	0.03368416526184715
MSH6_dirichlet_train_fold1.30	2.796e-321	0.015479607173585203	0.8780413890862095	0.09777334755076367	0.00870565618944166
MSH6_dirichlet_train_fold1.31	1.1259121424479218e-243	0.019240147535687757	0.724349737102187	0.21513098959166674	0.04127912577045841
MSH6_dirichlet_train_fold1.32	0.04639299894039917	0.01764383546506559	0.6936198578452589	0.14730854678321997	0.09503476096605633
MLH1_dirichlet_train_fold1.9	1.5396248719684208e-142	1.374e-321	0.6280134702255185	0.3719865297744815	3.8021469567626355e-35
PMS2_dirichlet_train_fold1.6	0.5296017903676994	1.265e-321	0.4317350525152998	3.66e-322	0.038663157117000725
MSH6_dirichlet_train_fold1.33	2.1242021443253688e-17	0.0018525696007854688	0.6946996846318848	0.14520615413662902	0.15824159163070056
PMS2_dirichlet_train_fold1.7	0.565804919430988	0.00593976310437884	0.3408724525227668	0.016589004475296352	0.07079386046656992
MSH6_dirichlet_train_fold1.34	0.09150959261607822	0.03820407527179347	0.6385817303004339	0.2121120390141543	0.019592562797540233
MLH1_dirichlet_train_fold1.10	0.07657430557460837	0.02734783381346856	0.6333471396326011	0.21499818328227344	0.04773253769704848
MSH6_dirichlet_train_fold1.35	0.13273041460034612	0.03895962334496544	0.6976506800918547	0.12377988405107283	0.0068793979117609
PMS2_dirichlet_train_fold1.8	0.54598919260026	0.015332532040655912	0.43867827535908416	3.636e-321	1.712797109727418e-113
PMS1_dirichlet_train_fold1.9	0.03922368253671807	0.1925178328779128	0.3190096374652557	0.18754299206333452	0.26170585505677896
PMS1_dirichlet_train_fold1.10	0.12107663936038858	0.16399743010567316	0.15094515450320392	0.1681432034450357	0.39583757258569874
PMS1_dirichlet_train_fold1.11	0.041617154943788315	0.11526347306152866	0.15382944019184874	0.2280456890851123	0.461244242717722
MSH6_dirichlet_train_fold1.36	0.15598864938549079	3.85e-322	0.7030583173733015	0.05305594945195486	0.08789708378925291
PMS2_dirichlet_train_fold1.9	0.46957537254261095	0.011731317177477923	0.40120996095034783	0.06906157350481047	0.04842177582475293
MLH1_dirichlet_train_fold1.11	9.7e-322	0.00780723758894557	0.6946406048865579	0.29755215752449665	6.2e-322
MSH6_dirichlet_train_fold1.37	0.2778003267204295	0.0016373755054851617	0.6050220162832346	0.11554028149085072	6.19425210561077e-269
MSH6_dirichlet_train_fold1.38	0.09339572863100888	3.05e-321	0.7934006848309741	0.07705404395661133	0.03614954258140574
MSH6_dirichlet_train_fold1.39	6.174764508508749e-214	0.016364822560999675	0.9718484554432898	1.5818760581790913e-96	0.01178672199571067
MSH6_dirichlet_train_fold1.40	0.05799409192233705	0.005223499467102126	0.656935439907924	0.1631313605710582	0.11671560813157852
MSH6_dirichlet_train_fold1.41	0.060262704966364065	0.005813245291367771	0.5964320137828243	0.29329244491516976	0.04419959104427422
MSH6_dirichlet_train_fold1.42	0.16005754008559822	0.020994657669748434	0.6833369951923577	0.12643808264810621	0.009172724404189564
PMS1_dirichlet_train_fold1.12	0.19882849251716606	0.1289434583959299	0.22545002625872704	0.1773225685895297	0.26945545423864725
PMS2_dirichlet_train_fold1.10	0.5458494226177452	0.007179729552937971	0.38446011907218147	4.1e-322	0.06251072875713537
MSH6_dirichlet_train_fold1.43	0.08962005918214515	0.007508142204838532	0.6372388632162952	0.1978423558290493	0.06779057956767184
PMS2_dirichlet_train_fold1.11	0.4248298833509806	0.03000531532420077	0.5295976948347911	4.17e-321	0.0155671064900276
PMS2_dirichlet_train_fold1.12	0.4498904906800137	0.0033968188325816636	0.5314138994823133	4.05e-322	0.015298791005091338
PMS1_dirichlet_train_fold1.13	3.05e-321	0.15849732516261242	0.29329568094777697	0.16399520750978877	0.3842117863798218
PMS1_dirichlet_train_fold1.14	0.005969384364970662	0.23558495832832718	0.21449816300053817	0.18257379202288845	0.3613737022832756
PMS2_dirichlet_train_fold1.13	0.31785967366226703	5.2e-322	0.5693291343057092	8.6e-322	0.11281119203202383
PMS1_dirichlet_train_fold1.15	0.1287531740131488	0.16372402485788562	0.05328540788611104	0.32230314224415646	0.331934250998698
MSH6_dirichlet_train_fold1.44	0.10985260296139086	0.007353448281734845	0.7393150628793355	0.14347888587753874	1.84e-321
PMS2_dirichlet_train_fold1.14	0.45375150817667054	0.014001415541342042	0.5322470762819875	4.45e-322	1.47e-321
MSH6_dirichlet_train_fold1.45	2.58e-321	0.03732614304182966	0.8471491298341064	0.07350573470623746	0.04201899241782662
MSH6_dirichlet_train_fold1.46	2.465e-321	0.025864038522279916	0.7191217772292786	0.2550141842484414	6.23e-322
MSH6_dirichlet_train_fold1.47	0.08448456516046386	0.05068660667268226	0.6785679643026773	0.12342883749453865	0.0628320263696381
PMS1_dirichlet_train_fold1.16	1.73e-321	0.13982119595339307	0.3099523566876672	0.35798515705298806	0.1922412903059516
PMS2_dirichlet_train_fold1.15	0.489027862745366	0.01690658921378722	0.4526037272549484	3.8e-322	0.041461820785898426
PMS2_dirichlet_train_fold1.16	0.5352422423812029	0.03747039450965348	0.42728736310914356	2.96e-322	5.9e-322
UNG_dirichlet_train_fold1	0.20902437745256802	0.14149011372821432	6.2e-322	0.5341451162060071	0.11534039261321055
OGG1_dirichlet_train_fold1	0.3006340818913868	0.5312917301385031	1.26e-321	0.08001986979552295	0.0880543181745873
OGG1_dirichlet_train_fold1.1	1.196e-321	0.806014542803837	3.053e-321	0.0496548330303312	0.14433062416583176
UNG_dirichlet_train_fold1.1	0.1665177129806882	0.04251661617347253	0.08420424666128647	0.36613464900893267	0.3406267751756201
UNG_dirichlet_train_fold1.2	0.10037490679789564	0.18088003898000263	1.66e-321	0.5803672802417634	0.1383777739803385
UNG_dirichlet_train_fold1.3	0.02026735671880187	0.09242489502813622	1.89e-321	0.6090302823365942	0.27827746591646774
UNG_dirichlet_train_fold1.4	0.06963649564489247	0.17154363675941559	0.10412318069498802	0.5650887411985617	0.08960794570214238
UNG_dirichlet_train_fold1.5	0.12043915887694932	0.14035723469844377	0.003471761754025388	0.5301404140611945	0.20559143060938698
OGG1_dirichlet_train_fold1.2	0.2444533586566648	0.5126570648239568	0.025912864373424258	5.133e-321	0.21697671214595432
OGG1_dirichlet_train_fold1.3	0.15455999267469514	0.6010568937020981	0.009898334491642666	0.09767928647605191	0.13680549265551203
UNG_dirichlet_train_fold1.6	0.038324084678641235	0.16121312731623788	0.0782673030653023	0.5092617251573395	0.2129337597824791
OGG1_dirichlet_train_fold1.4	0.13496366428620776	0.7624900826564688	0.023466341291008674	0.022634045800012787	0.056445865966302015
OGG1_dirichlet_train_fold1.5	0.1318856455666138	0.6050770962778074	0.028257867787962496	0.10394364971935022	0.13083574064826625
OGG1_dirichlet_train_fold1.6	0.05340590380409473	0.5848225006403129	0.059630577246798114	0.08439531899576161	0.21774569931303267
UNG_dirichlet_train_fold1.7	0.03572147223390826	0.1460855563151042	9.14e-322	0.5821229971446356	0.23606997430635188
