Samples	SBS96A	SBS96B	SBS96C	SBS96D	SBS96E
EXO1_0_real_train1	0.13222417348392593	0.5777883052725858	0.15005569224781662	0.0426084550852242	0.09732337391044743
OGG1_0_real_train1	3.742429865709109e-104	3.63e-321	0.05754758732874843	0.6008622279645266	0.3415901847067251
RNF168_0_real_train1	0.08622352594057489	0.5476801229014887	0.16348441638791664	0.059144901542803885	0.14346703322721585
UNG_0_real_train1	0.20143984444975108	0.10896473634683672	0.4020267558024523	0.09621260621549844	0.19135605718546142
ATP2B4_0_real_train1	0.040561070928573396	0.1418574640313134	0.3722376067104979	0.24559310432737003	0.19975075400224518
ATP2B4_1_real_train1	0.0742928083427416	0.08447754968049445	0.3937793945031085	0.3694251223282456	0.07802512514540985
MLH1_0_real_train1	0.8627340722400706	0.04005924295038704	0.07465995411075585	0.020678887351909182	0.0018678433468774678
MSH2_0_real_train1	0.8185855783664266	0.010369527655007978	0.1304703588976307	0.017363928427703477	0.023210606653231183
MSH6_0_real_train1	0.8262469093104645	0.051884941974389004	0.08252330798324976	0.024633404552727094	0.01471143617916958
MSH6_1_real_train1	0.8350599494457257	0.06661456808756212	0.05823211457700972	0.04009336788970231	3.215032423585503e-133
PMS1_0_real_train1	0.1968176220157788	0.03574488306811699	0.42607248000566167	0.21401226894236974	0.1273527459680728
PMS2_0_real_train1	0.41226546130133346	0.5086734953599125	0.03847773743715189	0.04058330590160212	3.276e-321
EXO1_0_dirichlet_train1	0.09704134146199725	0.6200216308119514	0.040489734421408664	0.1907161640313422	0.05173112927330052
RNF168_0_dirichlet_train1	0.07741436908618815	0.5559763537700804	0.24917328935554017	0.021134708475441313	0.09630127931275016
RNF168_0_dirichlet_train1.1	0.06051711208448549	0.6457065093977674	0.05657201209848813	0.14098995776103893	0.09621440865821995
EXO1_0_dirichlet_train1.1	0.13507368605445047	0.47172035347722074	0.2516414995182214	0.05739156757238616	0.08417289337772113
RNF168_0_dirichlet_train1.2	1.887e-321	0.7224014092982385	0.0807481680562368	0.09475920008191949	0.10209122256360498
RNF168_0_dirichlet_train1.3	0.09797071764033824	0.5996639686714216	0.055793060543604146	0.08281154811572106	0.16376070502891488
RNF168_0_dirichlet_train1.4	0.06113788776647042	0.6070625504337923	0.13634602277644522	0.046395075469687484	0.14905846355360441
RNF168_0_dirichlet_train1.5	0.14775752072325116	0.5461811208360046	0.11138532535119582	8.3e-322	0.1946760330895485
RNF168_0_dirichlet_train1.6	3.62e-321	0.5180109817701944	0.1742655228135476	0.007446041863481055	0.3002774535527769
RNF168_0_dirichlet_train1.7	0.12508122612203273	0.6090921540877453	0.1028329408698449	0.11157284746259762	0.05142083145777932
RNF168_0_dirichlet_train1.8	0.08857910734068314	0.5471550019815755	0.040563712156042986	0.055894362929140094	0.2678078155925584
EXO1_0_dirichlet_train1.2	0.2164011405923464	0.38518276533841755	0.12982770721533218	2.7e-322	0.26858838685390396
EXO1_0_dirichlet_train1.3	0.15057675716087923	0.6760036481326738	0.09048454757673983	0.05951984209339483	0.02341520503631231
RNF168_0_dirichlet_train1.9	0.03897901674688696	0.48727129880785847	0.12129841732542768	0.10787420932521781	0.244577057794609
EXO1_0_dirichlet_train1.4	0.16526754693094198	0.4761704070730124	0.21626473912468416	3.1627082487812354e-264	0.14229730687136144
EXO1_0_dirichlet_train1.5	0.1073302128455959	0.7096374025268952	0.059604425014226636	0.03416055524437346	0.0892674043689088
EXO1_0_dirichlet_train1.6	0.035051139370016124	0.677918619486789	0.13624276747616254	0.00735991341732923	0.14342756024970332
EXO1_0_dirichlet_train1.7	0.2665774742297412	0.5546027444353454	0.08664733351274014	3.256e-321	0.09217244782217335
EXO1_0_dirichlet_train1.8	0.20685408800613345	0.5764210940944934	0.15970440330936012	1.26e-321	0.057020414590013065
RNF168_0_dirichlet_train1.10	0.18208263275152808	0.46505279923025145	0.1935054038938817	0.039292701260398	0.12006646286394086
EXO1_0_dirichlet_train1.9	0.25881117376557367	0.5224255534395528	0.04798539521625865	0.15983070992494855	0.010947167653666448
RNF168_0_dirichlet_train1.11	0.15681749933856906	0.5423504271632723	0.15862035672991817	0.06221758752870689	0.07999412923953354
RNF168_0_dirichlet_train1.12	0.016913133308566464	0.556840235116377	0.21003445887251787	0.06505899723236494	0.15115317547017348
EXO1_0_dirichlet_train1.10	0.13141804082250702	0.6310296448951508	0.11473328185975436	0.06159053213438914	0.0612285002881987
EXO1_0_dirichlet_train1.11	0.038337684456855495	0.5507683828873868	0.21155619660196895	0.01254889329816187	0.18678884275562674
RNF168_0_dirichlet_train1.13	0.20648438560507354	0.528860390296001	0.10631006711599639	9.34e-322	0.15834515698292903
RNF168_0_dirichlet_train1.14	0.11632552640869884	0.6089503045203929	0.22153599442143176	0.0531881746494766	5.53e-322
RNF168_0_dirichlet_train1.15	0.012476889618235178	0.5764250695358866	0.2927629413124589	0.018291964954585984	0.10004313457883343
RNF168_0_dirichlet_train1.16	0.13535544656324058	0.4275322696760294	0.3176749015461965	0.06365682575018304	0.05578055646435031
EXO1_0_dirichlet_train1.12	0.0742443734847765	0.6606345252357094	0.10816702962366613	0.12853069178551121	0.028423379870336656
RNF168_0_dirichlet_train1.17	0.2159657715668986	0.43728779626103664	0.06924394367867533	0.07305041309194665	0.2044520754014426
EXO1_0_dirichlet_train1.13	0.09598951890845557	0.6562587671677694	0.11774800671446062	0.0226146880563973	0.107389019152917
RNF168_0_dirichlet_train1.18	0.03453493969265463	0.6159341138212777	0.10877138934260538	0.10049268916952943	0.14026686797393267
EXO1_0_dirichlet_train1.14	0.19424573647219784	0.4993799251595227	0.14640174980860082	0.1599725885596787	1.67e-321
RNF168_0_dirichlet_train1.19	0.1654714734827803	0.4730509417669648	0.12344773475008723	0.08581307561268053	0.15221677438748726
RNF168_0_dirichlet_train1.20	0.11572333611330013	0.3353850677389638	0.18641708428054407	0.12280978614039936	0.2396647257267926
EXO1_0_dirichlet_train1.15	0.20627228771324238	0.4821037284531726	0.2630517943265313	0.02929037114251732	0.0192818183645364
RNF168_0_dirichlet_train1.21	0.07779298224443966	0.6813561294165803	0.08718831287497894	0.028255571930085308	0.12540700353391562
RNF168_0_dirichlet_train1.22	0.057408684518374595	0.6141393464167756	0.19993403642395058	0.08434644595625318	0.044171486684646245
EXO1_0_dirichlet_train1.16	0.12696182225268088	0.6808492395055868	0.07067262968883206	0.07140204208959015	0.05011426646331008
EXO1_0_dirichlet_train1.17	0.16628185058159484	0.5410059321413538	0.21402255595176356	4.1e-322	0.07868966132528783
RNF168_0_dirichlet_train1.23	0.021103349604801695	0.5627092704090013	0.12091418091310209	0.015908702308052615	0.27936449676504227
EXO1_0_dirichlet_train1.18	0.12112609741190111	0.5413204641487589	0.16648544354724842	0.07018483199834306	0.10088316289374853
RNF168_0_dirichlet_train1.24	0.11188952465825572	0.5457919899258359	0.17929320544972535	0.07016221301730859	0.09286306694887438
RNF168_0_dirichlet_train1.25	0.00370479149061135	0.6470641354484206	0.22045378301130492	0.12076239153792617	0.008014898511737078
RNF168_0_dirichlet_train1.26	0.20056735818620974	0.4692894362368051	0.10462282857811087	0.024379233150721488	0.20114114384815285
RNF168_0_dirichlet_train1.27	0.11357695992508507	0.45721419239143013	0.25032751579260065	1.58e-321	0.17888133189088418
RNF168_0_dirichlet_train1.28	3.508985160831116e-213	0.5215110444762294	0.3222700697343923	0.07101398064859055	0.08520490514078774
EXO1_0_dirichlet_train1.19	0.14716325763350108	0.4480431374401528	0.2108740667657585	2.47e-322	0.19391953816058757
RNF168_0_dirichlet_train1.29	0.010382782221271945	0.6779200469563742	0.11359946352580376	0.03632100675251003	0.16177670054404
EXO1_0_dirichlet_train1.20	0.29137853927113244	0.46959742158227546	0.17680858961693532	0.00372397830333883	0.058491471226318016
RNF168_0_dirichlet_train1.30	0.10266985333856853	0.5170142934313373	0.3036514668281185	0.056291911278069345	0.020372475123906247
RNF168_0_dirichlet_train1.31	0.025488059051606345	0.7298892788126464	0.08841190717323054	0.012174036084827214	0.14403671887768937
RNF168_0_dirichlet_train1.32	0.0872294582965852	0.46144487537652723	0.2819252502214993	0.08858295812464723	0.08081745798074108
RNF168_0_dirichlet_train1.33	0.12920944226162742	0.543693444520221	0.16923068991071022	0.09074469421414767	0.06712172909329381
EXO1_0_dirichlet_train1.21	0.09446981618640138	0.4608623893820375	0.24201405387661293	0.169738881099553	0.03291485945539516
RNF168_0_dirichlet_train1.34	0.13247769271876475	0.604610773745656	0.15915204362440677	0.04965142907374103	0.05410806083743162
EXO1_0_dirichlet_train1.22	0.2520114030765239	0.4895705885598053	0.09366582880330095	0.0011769751889735417	0.16357520437139625
EXO1_0_dirichlet_train1.23	0.18296386813411467	0.5593632433294559	0.17819913728345982	0.014300450379766802	0.06517330087320286
RNF168_0_dirichlet_train1.35	0.13739828745419183	0.26983348659850614	0.28750108431042576	0.07809139436814086	0.22717574726873552
RNF168_0_dirichlet_train1.36	0.138488879099503	0.5766482181322818	0.06178919295196882	0.13078892820031257	0.09228478161593363
EXO1_0_dirichlet_train1.24	1.6684411150259145e-209	0.74973028965669	0.11851506884975765	0.014242947086939663	0.11751169440661274
RNF168_0_dirichlet_train1.37	0.12385768202021111	0.6261737101327972	0.09292751530513181	0.05486200273526234	0.10217908980659768
EXO1_0_dirichlet_train1.25	0.08032295079235122	0.7087542627943506	0.04546342082136024	0.010067689461185995	0.15539167613075186
RNF168_0_dirichlet_train1.38	0.11454592570677596	0.5236973513114455	0.1516997283358723	0.13124981086892804	0.07880718377697807
EXO1_0_dirichlet_train1.26	0.040270448844029305	0.7704469518365991	0.04966945234711619	0.06293157069627679	0.07668157627597867
EXO1_0_dirichlet_train1.27	0.05646698785416552	0.5982474483395007	0.2807243486595142	0.021980897515626867	0.04258031763119283
EXO1_0_dirichlet_train1.28	0.12109010160432036	0.6837348939372633	0.1049456731921366	0.07670294730481597	0.013526383961463894
EXO1_0_dirichlet_train1.29	0.060320807459513216	0.6182429201154336	0.17352240530913732	0.07151034594178679	0.07640352117412907
EXO1_0_dirichlet_train1.30	0.11625641767352081	0.6783568188989757	0.09288255948900331	0.008943760964719214	0.10356044297378113
RNF168_0_dirichlet_train1.39	0.38010448551917253	0.2983039179510227	0.11832322462046281	0.003881789409468099	0.19938658249987395
RNF168_0_dirichlet_train1.40	0.1414689273928028	0.5515504385910835	0.1375902799015695	0.0662766729730935	0.10311368114145081
EXO1_0_dirichlet_train1.31	0.08405944702085587	0.526368981206852	0.1078520593662938	0.10347093651077356	0.1782485758952247
EXO1_0_dirichlet_train1.32	0.2617772688401278	0.5157668515300009	0.1337202641430551	0.0480922713513638	0.04064334413545232
EXO1_0_dirichlet_train1.33	0.05776490978532295	0.656560534085968	0.11236584579863955	0.14750400804645816	0.02580470228361155
RNF168_0_dirichlet_train1.41	0.18497388180794974	0.5294600914752569	0.10641631492326631	0.04815698353379512	0.1309927282597319
RNF168_0_dirichlet_train1.42	0.09109412327804414	0.5284251340326577	0.09736196216135638	0.022248319430229407	0.26087046109771234
EXO1_0_dirichlet_train1.34	0.20010149183464412	0.6022117640476732	0.1594180301866252	0.010057488586873435	0.0282112253441843
RNF168_0_dirichlet_train1.43	0.02452252025894603	0.6573655089733651	0.06503906123153365	0.03367906017995824	0.21939384935619705
EXO1_0_dirichlet_train1.35	0.15200476016406056	0.5793266079407092	0.14746660205063983	0.004705572135627212	0.11649645770896326
EXO1_0_dirichlet_train1.36	0.07189493052089459	0.4821858548211262	0.21707681445229643	0.126152873739202	0.1026895264664807
RNF168_0_dirichlet_train1.44	0.04600601473007315	0.5634107922856845	0.21724337577832023	0.06284405019690664	0.11049576700901548
EXO1_0_dirichlet_train1.37	0.06702424882858117	0.5891048609515487	0.11946187026990444	0.038255390014490395	0.18615362993547518
RNF168_0_dirichlet_train1.45	0.11003551660506614	0.6326342331738083	0.1034722259681042	0.02566934936447616	0.12818867488854524
RNF168_0_dirichlet_train1.46	0.08094203148956369	0.48675149025367714	0.2964629143967747	0.01694498536701452	0.11889857849297009
RNF168_0_dirichlet_train1.47	0.1267126637590218	0.5763918454732603	1.7029874499776793e-128	0.1498942323082836	0.14700125845943432
RNF168_0_dirichlet_train1.48	0.009573286363983418	0.5623692471544456	0.17598992095992685	0.1451420601288179	0.10692548539282623
RNF168_0_dirichlet_train1.49	0.058344460270965265	0.688243550877916	0.11523783270430459	0.00016667920891597762	0.1380074769378982
RNF168_0_dirichlet_train1.50	0.1360106705207782	0.5081589749496218	0.2813369625206182	0.020537397836599636	0.053955994172382296
EXO1_0_dirichlet_train1.38	0.041865050764116146	0.4602511026823267	0.18852498028618614	0.11390997769841603	0.19544888856895498
RNF168_0_dirichlet_train1.51	0.20846745134878705	0.4605436244919334	0.07426998015209796	0.10673259175791056	0.149986352249271
RNF168_0_dirichlet_train1.52	0.30374992694612113	0.22719642314499483	0.11156058566699192	0.16890489837771513	0.1885881658641768
EXO1_0_dirichlet_train1.39	0.09633982329875285	0.6736302810622845	0.10300402594748177	4.5e-322	0.1270258696914806
EXO1_0_dirichlet_train1.40	0.10123360775951638	0.7092641305074062	0.05067099068860985	0.043755963933667145	0.0950753071108006
RNF168_0_dirichlet_train1.53	1.89e-321	0.6469716468511834	0.09161367999520918	0.026250245829252075	0.23516442732435539
EXO1_0_dirichlet_train1.41	0.07658992866842763	0.6388326348121405	0.12730881444362482	0.10616950362592648	0.051099118449880486
EXO1_0_dirichlet_train1.42	0.17361218460817726	0.6470736264454466	0.05970397438454925	0.11441791435760887	0.005192300204217974
RNF168_0_dirichlet_train1.54	4.1e-322	0.2748691651380645	0.42800834870649984	0.03122481719016022	0.26589766896527556
OGG1_0_dirichlet_train1	2.71e-321	0.005468416060346206	0.10943479103648501	0.6237996234556574	0.26129716944751147
UNG_0_dirichlet_train1	0.21883933266012515	0.13852251936474008	0.43898976730829287	0.05962076705386134	0.1440276136129806
UNG_0_dirichlet_train1.1	0.2099517876194932	0.12889388169043678	0.35288901486844604	0.12971332175205771	0.17855199406956626
UNG_0_dirichlet_train1.2	0.13586179283678784	0.0857442401518143	0.5030677219255815	0.12397469670810436	0.151351548377712
OGG1_0_dirichlet_train1.1	4.5e-322	0.07343731126268493	0.24309299912959806	0.47897927249454764	0.2044904171131694
UNG_0_dirichlet_train1.3	0.21972726444245314	0.1234981757303693	0.40882793227836567	0.10882851453767922	0.1391181130111328
OGG1_0_dirichlet_train1.2	1.042e-321	0.033402222538728404	0.04858475266120065	0.5960550074019364	0.32195801739813446
OGG1_0_dirichlet_train1.3	1.724e-321	3.86e-321	0.11669214101243897	0.455752644300882	0.4275552146866792
UNG_0_dirichlet_train1.4	0.07811314037994832	0.0794315248553261	0.4390149862248848	0.10413394005427538	0.2993064084855654
UNG_0_dirichlet_train1.5	0.0063299787981327075	0.055875642951588485	0.5385854627881771	0.15961353499523515	0.2395953804668666
OGG1_0_dirichlet_train1.4	8.84e-322	7.1e-322	0.05257157365361039	0.7590495886712751	0.18837883767511435
OGG1_0_dirichlet_train1.5	2.12e-321	3.36e-321	0.12539274944694087	0.6528118117857464	0.2217954387673126
UNG_0_dirichlet_train1.6	0.2662342134968456	0.24810457272313308	0.25114062748522425	0.12275324899507935	0.11176733729971777
UNG_0_dirichlet_train1.7	0.23719583414812728	0.029309498283761712	0.4801119604202402	0.11415124290012285	0.13923146424774807
UNG_0_dirichlet_train1.8	0.28687879535979754	0.06425130529551455	0.3108963262414539	0.229695368028634	0.10827820507460013
OGG1_0_dirichlet_train1.6	1.05e-321	2.51e-321	0.007398378928443814	0.7414732986161258	0.2511283224554303
UNG_0_dirichlet_train1.9	0.22811879575973001	0.008042353993928386	0.40683392829764564	0.030999344345474935	0.3260055776032209
OGG1_0_dirichlet_train1.7	1.26e-321	5.9e-321	0.2178675276628546	0.5310813879992633	0.25105108433788215
UNG_0_dirichlet_train1.10	0.23709992611929775	0.10252387778849016	0.349480795022572	0.08444497061062574	0.2264504304590145
OGG1_0_dirichlet_train1.8	0.0727022390116421	4.387e-321	0.047029210175171705	0.7209323150443133	0.15933623576887287
UNG_0_dirichlet_train1.11	0.2260298284267443	0.01957896685746045	0.4109591052730428	0.10575358609934524	0.23767851334340706
OGG1_0_dirichlet_train1.9	0.05555579981024899	0.10136069571578474	1.36e-321	0.6189970520147938	0.22408645245917239
OGG1_0_dirichlet_train1.10	7.493183222307287e-307	0.015748344367001114	1.53e-322	0.6528226888334501	0.33142896679954886
OGG1_0_dirichlet_train1.11	0.09285882765173048	0.07503985976970576	0.14203829668094922	0.520917740198718	0.16914527569889654
UNG_0_dirichlet_train1.12	0.16850742928648574	0.27809819888301845	0.27703140981472857	0.1855280567270524	0.09083490528871481
UNG_0_dirichlet_train1.13	0.1832635337841843	0.18263547204957192	0.4006891335269329	0.09792992156243456	0.13548193907687658
UNG_0_dirichlet_train1.14	0.16266042696392255	0.12034722728476971	0.42821056093168053	0.0935603689243318	0.19522141589529537
OGG1_0_dirichlet_train1.12	4.64e-322	0.07963044866525062	1.335557243559169e-283	0.5286812555656324	0.391688295769117
OGG1_0_dirichlet_train1.13	0.011429588939007258	5.52144104797783e-125	3.092640080724675e-213	0.6893196115954872	0.29925079946550553
UNG_0_dirichlet_train1.15	0.16468954390566476	4.175e-321	0.5551729745722361	0.06900798602642401	0.21112949549567495
UNG_0_dirichlet_train1.16	0.33189112974313273	0.0304106649447523	0.44142948744054555	0.043883647655582	0.15238507021598746
UNG_0_dirichlet_train1.17	0.28618915797583416	0.08210389728545278	0.2594056101596736	0.28777292199769344	0.08452841258134604
OGG1_0_dirichlet_train1.14	0.1273639154444404	2.03e-321	0.10870115855926663	0.4381543355709676	0.3257805904253255
UNG_0_dirichlet_train1.18	0.1092058432088675	0.10491313888726946	0.5385253624305691	0.0764349911137255	0.17092066435956818
OGG1_0_dirichlet_train1.15	4.55e-322	2.1272284105045735e-182	0.20182948414320867	0.5723935618511587	0.2257769540056327
UNG_0_dirichlet_train1.19	0.4104826508021441	0.014195184735910379	0.31755880700602895	0.022051988592342333	0.2357113688635742
OGG1_0_dirichlet_train1.16	8.65e-322	0.021372463416232047	0.16411733272416162	0.46690067871106766	0.3476095251485387
UNG_0_dirichlet_train1.20	0.2812929462822955	0.09875711021043777	0.28043051656520573	0.1256565338282867	0.21386289311377443
UNG_0_dirichlet_train1.21	0.28641284431464487	0.028637520267434078	0.3841785546718617	0.1667035367301712	0.13406754401588805
OGG1_0_dirichlet_train1.17	0.032094739898623124	1.21e-321	0.28846457369794737	0.3893088538660089	0.2901318325374208
UNG_0_dirichlet_train1.22	0.24454406508321466	3.31e-321	0.587814676246728	0.003229835341670443	0.16441142332838682
UNG_0_dirichlet_train1.23	0.532629047726965	4.94e-322	0.28288927639416195	0.08549681788500618	0.09898485799386689
UNG_0_dirichlet_train1.24	0.22373770910377289	0.08811952416751194	0.3662859109303209	0.12485039049144935	0.19700646530694493
OGG1_0_dirichlet_train1.18	1.08e-321	0.001447283368708179	6.9e-322	0.5425919786562932	0.4559607379749988
UNG_0_dirichlet_train1.25	0.2649884568403834	0.1563776759576005	0.47602638149448806	0.01709081351069428	0.08551667219683373
OGG1_0_dirichlet_train1.19	0.053849139226148764	2.905e-321	0.04748436174257298	0.5946517546644976	0.3040147443667808
UNG_0_dirichlet_train1.26	0.2237852009346499	0.17442421549587445	0.3871220844010461	0.10018253147835304	0.11448596769007646
OGG1_0_dirichlet_train1.20	4.1e-322	1.206e-321	8.15e-322	0.4931836560227632	0.5068163439772366
UNG_0_dirichlet_train1.27	0.3539073588345574	4.017e-321	0.3434944860926385	0.05426065911256959	0.24833749596023444
OGG1_0_dirichlet_train1.21	0.037883559687484476	0.01296105643062926	5.24e-322	0.4967780795957163	0.4523773042861699
OGG1_0_dirichlet_train1.22	0.018207924731839756	0.11715352097642345	1.7466443148756453e-31	0.6026043066593754	0.2620342476323614
UNG_0_dirichlet_train1.28	0.2836226588323031	0.15364482106738045	0.313033578558071	0.1592624812880815	0.09043646025416387
UNG_0_dirichlet_train1.29	0.11085821039493451	0.11496079385070858	0.4103821733605515	0.26046458704892056	0.10333423534488481
OGG1_0_dirichlet_train1.23	2.134e-321	0.046840101057967355	0.04038946862459568	0.6332157451035464	0.27955468521389054
OGG1_0_dirichlet_train1.24	0.03251387285215473	0.11082110436337413	0.16046234824106273	0.6147612289010667	0.08144144564234167
OGG1_0_dirichlet_train1.25	1.764e-321	6.57e-322	4.25e-322	0.5345295808843825	0.4654704191156175
OGG1_0_dirichlet_train1.26	0.10882560222676152	5.84e-321	1.364e-321	0.5191753058668835	0.3719990919063548
UNG_0_dirichlet_train1.30	0.09654935870407334	0.04289871390578287	0.528419663995631	1.1565813328818087e-297	0.33213226339451263
OGG1_0_dirichlet_train1.27	2.35e-321	0.04874445041145775	0.012452667736430485	0.7874456546107236	0.15135722724138836
OGG1_0_dirichlet_train1.28	0.007033578926462685	0.13125823560427238	0.05319127614060615	0.4614080038290609	0.3471089054995979
UNG_0_dirichlet_train1.31	0.20702749405189078	0.1405487518083724	0.5923199328948915	0.05868178177752921	0.001422039467315875
UNG_0_dirichlet_train1.32	0.1500732841043756	0.09324129837711498	0.4019217812058342	0.03459786651641407	0.3201657697962612
UNG_0_dirichlet_train1.33	0.12524551407251225	0.06748250708350266	0.4310245493607341	0.11562210867955705	0.26062532080369405
OGG1_0_dirichlet_train1.29	0.11730419883642758	0.1976468417233704	0.04630216499190235	0.48230527266023104	0.15644152178806858
OGG1_0_dirichlet_train1.30	4.25e-322	2.673e-321	0.222392737075583	0.5708079358509677	0.2067993270734494
UNG_0_dirichlet_train1.34	0.2789965677354527	0.12240421681035174	0.3062791162095342	0.10113215693045575	0.1911879423142057
OGG1_0_dirichlet_train1.31	2.75e-321	2.036e-321	0.19375144790542245	0.3550024419297323	0.45124611016484517
UNG_0_dirichlet_train1.35	0.2506255510949896	3.02e-321	0.2184538338712321	0.12905046102667847	0.4018701540070999
UNG_0_dirichlet_train1.36	0.19440717781097996	0.1560754275255971	0.442705511763797	0.06292690703611857	0.14388497586350738
UNG_0_dirichlet_train1.37	0.23301799940140727	0.06897408925814064	0.41496702479240344	0.05473163681222934	0.22830924973581923
OGG1_0_dirichlet_train1.32	0.0790643909066699	2.6243511832030066e-42	0.1617601076116525	0.534748803068632	0.22442669841304574
UNG_0_dirichlet_train1.38	0.21400894128851833	0.17395137743565744	0.2895028395143512	0.06793007314670937	0.25460676861476367
OGG1_0_dirichlet_train1.33	8.74e-322	2.74e-321	0.22759525544257098	0.5393049556911149	0.23309978886631402
OGG1_0_dirichlet_train1.34	0.0649026811387346	0.058633811962135754	0.020138977039845782	0.5200080251349688	0.336316504724315
OGG1_0_dirichlet_train1.35	2.386e-321	0.029349256979088884	7.76e-322	0.5318862288739786	0.43876451414693246
OGG1_0_dirichlet_train1.36	1.06e-321	4.141182279047528e-30	0.0037322239054845023	0.7167882340553525	0.2794795420391631
OGG1_0_dirichlet_train1.37	0.017485608983440096	0.029372692861349026	0.09243234338573952	0.5179732302069745	0.34273612456249697
OGG1_0_dirichlet_train1.38	7.86e-322	5.8e-322	2.57e-322	0.5007521366642427	0.49924786333575727
UNG_0_dirichlet_train1.39	0.3249386464446705	0.0837612418818354	0.20585010471598672	0.10552269569230002	0.2799273112652074
OGG1_0_dirichlet_train1.39	1.37e-321	1.354e-321	5.93e-322	0.5244391684018724	0.4755608315981277
UNG_0_dirichlet_train1.40	0.22621084395069915	1.7613835252517182e-33	0.30320607247839704	0.10678153610236275	0.3638015474685411
OGG1_0_dirichlet_train1.40	5e-322	0.008217454024328354	4.4e-322	0.6600313486957083	0.3317511972799633
OGG1_0_dirichlet_train1.41	0.011156405677657272	4.106e-321	6.37e-322	0.6442544484092065	0.34458914591313633
UNG_0_dirichlet_train1.41	0.3805436214967013	0.0690719346409758	0.30503118694216425	0.01261192171717428	0.23274133520298443
OGG1_0_dirichlet_train1.42	0.09602144411596168	1.443e-321	0.08606083482318051	0.4836000544960726	0.3343176665647853
UNG_0_dirichlet_train1.42	0.14254877017376377	0.12368328609223445	0.4165401050598181	0.18503745346090988	0.13219038521327373
OGG1_0_dirichlet_train1.43	1.576e-321	0.015189272598241403	1.003e-321	0.7642253431312211	0.2205853842705373
OGG1_0_dirichlet_train1.44	4.90847461407032e-246	0.010798971078975258	0.21914369621761784	0.5265503803457887	0.24350695235761824
OGG1_0_dirichlet_train1.45	1.863e-321	0.021212911143414653	0.26712412592970036	0.5422275773771933	0.1694353855496917
OGG1_0_dirichlet_train1.46	0.024534534190778393	0.04742807328915388	3.5150779279619086e-263	0.38729186195434234	0.5407455305657254
UNG_0_dirichlet_train1.43	0.34544572399701545	0.05882714362203841	0.18354551176933093	0.25507222809251606	0.15710939251909908
OGG1_0_dirichlet_train1.47	4.35e-322	1.334e-321	0.17296313992268078	0.5184311536230062	0.30860570645431296
OGG1_0_dirichlet_train1.48	0.038604949112977155	1.32e-321	0.23219358740217833	0.5763164468773305	0.1528850166075139
OGG1_0_dirichlet_train1.49	2.297e-321	0.0765407994118518	0.12341967651130142	0.4462776524562253	0.35376187162062145
OGG1_0_dirichlet_train1.50	0.007920142776862111	0.0048372627360748	0.008585515864585717	0.618575042376442	0.36008203624603535
UNG_0_dirichlet_train1.44	0.2949508435157651	0.08444827273613068	0.36004345893134193	0.1726521038632896	0.08790532095347255
OGG1_0_dirichlet_train1.51	1.685e-321	0.05379846878360133	5.1e-322	0.6499940624452412	0.2962074687711575
OGG1_0_dirichlet_train1.52	0.10495461815695137	3.004e-321	0.046659850055706824	0.6705292248918365	0.17785630689550527
ATP2B4_0_dirichlet_train1	0.14927810649346557	0.2163509266436433	0.2277306013606385	0.20066294851755181	0.20597741698470076
ATP2B4_1_dirichlet_train1	0.1290287079124274	0.1507782620373528	0.1118905948701243	0.5013547616965005	0.10694767348359495
ATP2B4_0_dirichlet_train1.1	0.0010005546342519624	0.053672815296341915	0.4865119990164932	0.17179801061887542	0.2870166204340376
ATP2B4_1_dirichlet_train1.1	0.07643113805734437	0.08192694076789524	0.3685465000500977	0.3255067494143017	0.14758867171036094
ATP2B4_1_dirichlet_train1.2	0.13415514848803556	0.20472717717158326	0.3820856968930959	0.25266192646653557	0.02637005098074966
ATP2B4_1_dirichlet_train1.3	0.035908988888914195	1.97e-321	0.5135861943578643	0.3522931513893382	0.09821166536388348
ATP2B4_0_dirichlet_train1.2	0.020287989133305158	0.34712206456519024	0.3788516771823103	0.174832422271341	0.07890584684785329
ATP2B4_1_dirichlet_train1.4	0.2578555763818421	0.07321455508006312	0.3103936101167013	0.2884610464043663	0.07007521201702724
ATP2B4_0_dirichlet_train1.3	0.010803401573624558	0.23187298418680274	0.5528275073144274	0.20449610692514522	4.335397878172204e-190
ATP2B4_0_dirichlet_train1.4	0.15030904383567184	0.1313386692320739	0.3294135153516825	0.2448856980592843	0.1440530735212874
ATP2B4_0_dirichlet_train1.5	0.06875414491118813	0.15670587732793603	0.2979495198530071	0.23172263743925947	0.24486782046860914
ATP2B4_0_dirichlet_train1.6	0.07655188739106006	0.12883553556938163	0.36248077309233895	0.27602640391087885	0.15610540003634046
ATP2B4_1_dirichlet_train1.5	1.097e-321	0.07705273096736488	0.4692184170794391	0.24136032293505316	0.21236852901814285
ATP2B4_0_dirichlet_train1.7	0.2631802933593379	0.0846357104576246	0.3770364095296699	0.0992801867941266	0.175867399859241
ATP2B4_1_dirichlet_train1.6	0.24489836954789693	0.042096653130894245	0.368227577950605	0.34477739937060387	1.0530497568897961e-177
ATP2B4_1_dirichlet_train1.7	0.04405015849701966	0.17728026440110833	0.5020309339606313	0.27663864314124076	2.5e-322
ATP2B4_1_dirichlet_train1.8	3.04e-321	0.19697054939393294	0.2868539099846597	0.48760794937218566	0.02856759124922166
ATP2B4_1_dirichlet_train1.9	0.14902454784202512	3.266e-321	0.41088919286375203	0.1717510374938808	0.268335221800342
ATP2B4_1_dirichlet_train1.10	0.15769872500248558	0.04897858922800506	0.30709550337597674	0.37717888378887254	0.10904829860466012
ATP2B4_1_dirichlet_train1.11	0.07671555110229057	0.1034375273168399	0.3185963132933578	0.35315345719945146	0.14809715108806015
ATP2B4_1_dirichlet_train1.12	1.6639391859018693e-128	8.884864577840201e-273	0.4848761994592632	0.5116151040940191	0.0035086964467176407
ATP2B4_1_dirichlet_train1.13	2.95e-321	0.3203753183887897	0.38570778775718195	0.2865419643487207	0.0073749295053077025
ATP2B4_0_dirichlet_train1.8	0.11665262641718904	0.10715493280126855	0.31563589585661755	0.19197363303578738	0.2685829118891375
ATP2B4_1_dirichlet_train1.14	0.004556159169240039	0.05393590586184178	0.3882083483743597	0.3752815871922903	0.17801799940226815
ATP2B4_1_dirichlet_train1.15	0.13144912319174498	0.1471584716013544	0.36637160641622857	0.2767929348820804	0.07822786390859177
ATP2B4_0_dirichlet_train1.9	0.12618973619291454	0.24048576019973564	0.23442154202783877	0.263503035302327	0.13539992627718414
ATP2B4_0_dirichlet_train1.10	2.8e-321	0.13339477372874314	0.3851176089322268	0.2858411557749871	0.19564646156404294
ATP2B4_0_dirichlet_train1.11	0.10516596373227693	0.1844800399547478	0.26398213608057	0.25785230327409303	0.18851955695831232
ATP2B4_1_dirichlet_train1.16	0.16132247927814047	0.1703377941258619	0.4046740515454622	0.17012532464416422	0.09354035040637132
ATP2B4_0_dirichlet_train1.12	1.156e-321	0.24664601286881374	0.276782452936954	0.2218914528208407	0.2546800813733915
ATP2B4_0_dirichlet_train1.13	0.08333516858106234	0.2284074719991982	0.34438037158484014	0.18500388750865446	0.15887310032624488
ATP2B4_0_dirichlet_train1.14	0.0015829869802496455	0.26345662894632155	0.36336751090135944	0.10142261014648196	0.2701702630255873
ATP2B4_0_dirichlet_train1.15	3.01e-321	0.2536490279892249	0.3711980158452124	0.2030684729513726	0.17208448321419015
ATP2B4_1_dirichlet_train1.17	0.09043192031299482	0.1578326506184832	0.2364657674901183	0.3532846397631577	0.161985021815246
ATP2B4_1_dirichlet_train1.18	8.35e-322	0.018726944244682204	0.513568313662337	0.4618121485496434	0.0058925935433373905
ATP2B4_1_dirichlet_train1.19	4.5440537688263015e-130	0.04545693128714309	0.6258884683869341	0.3256975543284064	0.0029570459975163015
ATP2B4_1_dirichlet_train1.20	0.12953344745809187	0.19258001532947486	0.38765304356294583	0.15609222545076964	0.13414126819871766
ATP2B4_0_dirichlet_train1.16	4.3838459898268954e-238	0.1442285775508976	0.4496697181327798	0.24323019422985862	0.16287151008646403
ATP2B4_1_dirichlet_train1.21	0.02093029194021642	0.04686468382709493	0.6141259110467534	0.25456673804307484	0.06351237514286033
ATP2B4_1_dirichlet_train1.22	0.008756284845657823	0.13429941194713835	0.39164952438569267	0.2234819201566189	0.24181285866489216
ATP2B4_0_dirichlet_train1.17	4.323e-321	0.08429877074148255	0.42432438992272103	0.20807937441481147	0.28329746492098484
ATP2B4_0_dirichlet_train1.18	0.06465173905047521	0.08315082043703526	0.5656780928527323	0.07658345099479393	0.20993589666496348
ATP2B4_1_dirichlet_train1.23	0.12260305395605581	0.032090768081288364	0.49442659176338455	0.2934364688493094	0.05744311734996181
ATP2B4_1_dirichlet_train1.24	0.09612638314576558	0.13771960929470145	0.19976474890572496	0.4848188591559055	0.08157039949790232
ATP2B4_0_dirichlet_train1.19	8.614724613663535e-73	0.2784587067937908	0.30945972728231474	0.17009234035679194	0.24198922556710248
ATP2B4_1_dirichlet_train1.25	4.58e-321	0.15270404229586618	0.33159092177941796	0.3102985926321001	0.20540644329261576
ATP2B4_0_dirichlet_train1.20	0.06687376208413998	0.1971443349373649	0.33146505155148087	0.15820417534539258	0.24631267608162172
ATP2B4_0_dirichlet_train1.21	0.14136625569785788	0.04690746257837624	0.33505284823937753	0.27750184641379944	0.1991715870705887
ATP2B4_0_dirichlet_train1.22	0.0006690095471254977	0.26710399746961594	0.3085070097696492	0.24361393850469307	0.18010604470891647
ATP2B4_0_dirichlet_train1.23	0.17361082047944257	0.1877124398585281	0.2974792055404647	0.15244543426349463	0.18875209985807
ATP2B4_0_dirichlet_train1.24	0.010502904235809823	0.2714237399994082	0.25534673486177517	0.3450176081080286	0.11770901279497821
ATP2B4_1_dirichlet_train1.26	0.18433535712332066	1.009717124963945e-32	0.5713749350385842	0.24428970783809495	4.45e-322
ATP2B4_0_dirichlet_train1.25	0.06714245897264406	0.08310394454720833	0.2833820063403263	0.12006932710618522	0.44630226303363607
ATP2B4_1_dirichlet_train1.27	1.91e-321	0.14253136471955688	0.4717832102730529	0.38568474340070646	6.816066837830334e-07
ATP2B4_0_dirichlet_train1.26	0.07784343334469358	0.13774121406007175	0.37902199450653595	0.19580081808109237	0.2095925400076062
ATP2B4_1_dirichlet_train1.28	0.0007666872811592899	0.21804045217428586	0.44405762924759173	0.318277689679358	0.01885754161760525
ATP2B4_0_dirichlet_train1.27	0.053353228476828905	7.252060732949241e-144	0.5748049059259156	0.10161056821049923	0.2702312973867562
ATP2B4_1_dirichlet_train1.29	0.05324118624151036	0.12484385435760592	0.360207225742911	0.3777800495470677	0.08392768411090526
ATP2B4_0_dirichlet_train1.28	7.8e-322	0.0823262894413243	0.48447536374463973	0.4331983468140361	5.93e-322
ATP2B4_0_dirichlet_train1.29	3.5e-322	0.12640315318580617	0.4639582016425108	0.37104542063873464	0.038593224532948445
ATP2B4_0_dirichlet_train1.30	0.019522593151931958	0.21957325450512274	0.3626360111480338	0.17928787656295148	0.21898026463196008
ATP2B4_0_dirichlet_train1.31	0.09537405645176944	0.1970292410220972	0.2648638992637211	0.15666694691602245	0.2860658563463897
ATP2B4_1_dirichlet_train1.30	0.07045426713785506	0.11970379874820972	0.4301780246619783	0.25747521816896557	0.12218869128299145
ATP2B4_1_dirichlet_train1.31	0.08858974288104282	0.2292342410392809	0.25959907730983917	0.3136448282736731	0.10893211049616404
ATP2B4_1_dirichlet_train1.32	4.234e-321	0.04621041680636812	0.4112534866118953	0.4605760913591963	0.08196000522254017
ATP2B4_0_dirichlet_train1.32	0.08222424240088529	0.13421172042998658	0.45540768485338967	0.24311052631150742	0.08504582600423106
ATP2B4_0_dirichlet_train1.33	0.04914599323823514	0.03758956271769329	0.4208173203253913	0.2632371759919262	0.22920994772675407
ATP2B4_0_dirichlet_train1.34	0.12898157702173893	0.18126157952531174	0.40361836875897716	0.12394265701668604	0.16219581767728614
ATP2B4_0_dirichlet_train1.35	0.0639546023079494	0.0312650762366987	0.4804216869100475	0.4233895191994942	0.0009691153458102063
ATP2B4_1_dirichlet_train1.33	0.027899370436656447	0.2079039323903404	0.4879109321897146	0.27628576498328844	2.96e-322
ATP2B4_1_dirichlet_train1.34	0.06178600811020554	0.07912805373290258	0.3761272396104862	0.46100241428620703	0.021956284260198633
ATP2B4_1_dirichlet_train1.35	0.09808671883948512	0.115237369269184	0.4985296558031953	0.2881462560881356	8.2e-322
ATP2B4_1_dirichlet_train1.36	0.005977051799896749	0.032812449202727995	0.5019962005321584	0.4592142984652169	3.8e-322
ATP2B4_0_dirichlet_train1.36	0.07154819965336266	0.23859517795698346	0.4452487336939219	0.18665815914499592	0.05794972955073583
ATP2B4_0_dirichlet_train1.37	0.009985632829215439	0.08380093158597962	0.5342046788659423	0.18334842264617734	0.18866033407268543
ATP2B4_1_dirichlet_train1.37	0.13343140134450912	0.1164808455078277	0.31264395784934	0.3605947600784125	0.07684903521991061
ATP2B4_1_dirichlet_train1.38	0.0700243794557265	0.016769123933380103	0.41375668725974935	0.40055003393780775	0.09889977541333621
ATP2B4_1_dirichlet_train1.39	0.12659054408108095	0.03849459295811401	0.4659058491200698	0.29765792912700617	0.07135108471372908
ATP2B4_1_dirichlet_train1.40	0.2324078444067408	9.93e-322	0.4272600892227624	0.27877676165779497	0.06155530471270181
ATP2B4_1_dirichlet_train1.41	0.12327098567906104	0.13315932025567226	0.35522702562632164	0.38834266843894505	6.386571699004634e-87
ATP2B4_1_dirichlet_train1.42	0.047432418848405475	0.12645666691355445	0.301250414301004	0.4545595523151511	0.070300947621885
ATP2B4_0_dirichlet_train1.38	4.224e-321	0.212102367618599	0.40807781520262565	0.2550466152018542	0.12477320197692125
ATP2B4_0_dirichlet_train1.39	1.042e-321	0.24115109269800444	0.2608568588981172	0.31934821761235566	0.17864383079152263
ATP2B4_0_dirichlet_train1.40	0.06275362702271628	0.1979707785966387	0.41164251584644806	0.18089984070719395	0.14673323782700295
ATP2B4_1_dirichlet_train1.43	0.03660958556839103	0.007136654650065665	0.6214405565233769	0.26772926704678596	0.06708393621138052
ATP2B4_0_dirichlet_train1.41	0.038832716930894746	0.08864414338123269	0.2866381448059396	0.4235152063001768	0.16236978858175624
ATP2B4_0_dirichlet_train1.42	9.023818250043999e-273	0.09145811608621647	0.3633990770060445	0.12107170484927726	0.42407110205846155
ATP2B4_0_dirichlet_train1.43	0.054773594255172774	0.2169235772750568	0.2903778267845254	0.27411700683423484	0.16380799485101016
ATP2B4_0_dirichlet_train1.44	0.12511994418534583	5.88e-321	0.4806281914316759	0.25937118431614836	0.1348806800668299
ATP2B4_1_dirichlet_train1.44	1.44e-321	0.2256077022865553	0.378681136267248	0.2975376756423805	0.09817348580381619
ATP2B4_0_dirichlet_train1.45	0.04148390296853815	0.2613243730073879	0.2497622222424249	0.3000170493017691	0.14741245247988008
ATP2B4_1_dirichlet_train1.45	0.10745231124789845	0.19254860549630384	0.1623636778752155	0.38827814911405345	0.1493572562665287
ATP2B4_0_dirichlet_train1.46	1.3e-321	0.23497070148970647	0.3919177990199636	0.09946330898704647	0.2736481905032835
ATP2B4_0_dirichlet_train1.47	0.15221826124335436	0.024767433253946976	0.327067597259006	0.2123851493609098	0.2835615588827829
ATP2B4_0_dirichlet_train1.48	3.56e-322	0.17957756599300892	0.4544684473500341	0.18445466420926895	0.18149932244768804
ATP2B4_1_dirichlet_train1.46	0.2075135595954612	0.11790543001243887	0.2945320513771446	0.3185568392277165	0.06149211978723892
ATP2B4_1_dirichlet_train1.47	0.016332252283700912	0.09204665801278794	0.6531969482162212	0.2384241414872898	2.57e-322
ATP2B4_1_dirichlet_train1.48	3.46e-322	0.2411726658506193	0.36199397666879984	0.297924540012446	0.09890881746813494
PMS1_0_dirichlet_train1	0.26880818947982305	4.797e-321	0.34987815905534714	0.29735140890278744	0.0839622425620423
MSH6_1_dirichlet_train1	0.7636443869231052	0.18507625629167782	2.357e-321	0.05127935678521705	4.0469843663752568e-112
MSH6_0_dirichlet_train1	0.8323536355649518	3.649229939076618e-123	0.15431404126571255	0.013332323169335568	8.355339370947898e-78
MSH2_0_dirichlet_train1	0.7737130914590218	4.7e-322	0.1825378389451818	0.030170924104060207	0.013578145491736283
MSH6_0_dirichlet_train1.1	0.7928211024689242	0.04022685059285525	0.06294936917106429	9.83e-322	0.10400267776715616
MLH1_0_dirichlet_train1	0.8928569106704733	1.784e-321	0.04842934754896966	0.04127054003751296	0.01744320174304393
MSH6_1_dirichlet_train1.1	0.8776243971840652	5.792121140768346e-60	0.056855024527324834	0.040529439845748555	0.024991138442861643
MLH1_0_dirichlet_train1.1	0.7477136588486222	0.25228634115137777	4.925192551500607e-215	3.9634320338628395e-149	1.956e-321
PMS1_0_dirichlet_train1.1	0.136858496514118	2.505e-321	0.5700675237778052	0.22944034728325607	0.06363363242482067
PMS1_0_dirichlet_train1.2	0.0700863921807735	0.09162615114369567	0.39829354840050457	0.15467164592679938	0.28532226234822683
MSH6_1_dirichlet_train1.2	0.9479978808236788	3.5300185391862333e-146	0.0032432246161757704	0.04268966109486172	0.006069233465283923
MSH6_1_dirichlet_train1.3	0.7295724636564819	0.08086643646373967	0.17828521492600932	0.011275884953769164	1.59e-321
PMS1_0_dirichlet_train1.3	0.2516685738078789	0.05118436781011116	0.34132671341785514	0.1544361588269965	0.2013841861371583
PMS1_0_dirichlet_train1.4	0.21686753654725768	0.1091022996825727	0.26322994535487765	0.15485378856660442	0.25594642984868743
PMS2_0_dirichlet_train1	0.4001894633321656	0.5257817757447084	0.03953431630528024	0.034494444617845836	1.7e-321
MSH6_1_dirichlet_train1.4	0.6440388276997079	0.2110611524224716	0.09402443724612308	0.05087558263169746	2.065e-321
MSH6_0_dirichlet_train1.2	0.7897166906072284	0.08038341848767439	0.11938310016047743	0.01051679074461978	1.82e-321
PMS1_0_dirichlet_train1.5	0.07860327668488246	1.2e-321	0.5576862846613154	0.2368560116860099	0.1268544269677922
PMS1_0_dirichlet_train1.6	0.11498124623285665	1.17e-321	0.5985219930982629	0.11979709591425139	0.1666996647546289
PMS1_0_dirichlet_train1.7	0.15566247118535853	0.14153341411949957	0.4263699663955287	0.15692633840350506	0.11950780989610818
