Samples	SBS96A	SBS96B	SBS96C	SBS96D	SBS96E
ATP2B4_real_train_fold1	0.2920937346773981	0.20265718805935726	0.16612477541444495	0.3017304365391881	0.03739386530961173
ATP2B4_real_train_fold1.1	0.3063808604141598	0.08054107365180534	0.020196313773938424	0.5272080435496411	0.06567370861045554
EXO1_real_train_fold1	0.0919896172064461	0.5713662513669457	0.24030923723766995	0.06636235251287029	0.029972541676067863
MLH1_real_train_fold1	0.004149480478739811	0.06905927452291379	0.18709737604233412	0.024169839606519295	0.715524029349493
MSH2_real_train_fold1	0.022804939329211477	2.3887474435550583e-46	0.17822691620890582	0.015200256664370054	0.7837678877975125
MSH6_real_train_fold1	0.02269731356277832	0.03872939791695467	0.1177436436915898	0.00908484417066238	0.8117448006580149
MSH6_real_train_fold1.1	0.008739393141178104	0.02329870681819536	0.1335228531127274	0.03184443674589953	0.8025946101819997
MSH6_real_train_fold1.2	1.2883085741415963e-13	0.019863029226840394	0.14281369101473304	0.07432455592984324	0.7629987238284545
OGG1_real_train_fold1	0.8251478131173852	0.003789302343793001	0.03736211865573632	0.07658930431963785	0.05711146156344775
PMS1_real_train_fold1	0.18808602406089003	1.665e-321	0.2800978029262713	0.3467661031186585	0.18505006989418016
PMS2_real_train_fold1	0.028417367672111057	0.6154568002935705	1.107e-321	0.011982693564983125	0.3441431384693354
RNF168_real_train_fold1	0.09657263023783583	0.5340383170914869	0.24417027450549428	0.1252187781651831	2.297e-321
UNG_real_train_fold1	0.16241189468569092	3.327845601676344e-287	0.613994308047709	0.17696416515937025	0.04662963210722993
ATP2B4_multinomial_train_fold1	0.23586455185332736	0.2717911604794685	0.2109267319468592	0.23681690257999097	0.044600653140354135
ATP2B4_multinomial_train_fold1.1	0.32637975083239723	0.08598931891011004	0.04227854083067821	0.48450292981413257	0.06084945961268195
ATP2B4_multinomial_train_fold1.2	0.2473656633426029	0.09808217725736748	0.04443525713371476	0.5928748435120283	0.01724205875428663
ATP2B4_multinomial_train_fold1.3	0.28834463302424934	0.20006267124001167	0.16621010615791137	0.30067761354454536	0.044704976033282114
ATP2B4_multinomial_train_fold1.4	0.2843426172878291	0.06334286010232505	0.021118839549506174	0.5405442704086983	0.09065141265164121
ATP2B4_multinomial_train_fold1.5	0.3936618801059518	0.06239578055700854	0.09917467813926528	0.4127025353572821	0.032065125840492245
ATP2B4_multinomial_train_fold1.6	0.32371193398677217	0.0671941482191587	1.655e-321	0.5555251513928128	0.05356876640125646
ATP2B4_multinomial_train_fold1.7	0.3070297715777947	0.1334658393555018	8.786884931142976e-134	0.4979203208960131	0.06158406817069044
ATP2B4_multinomial_train_fold1.8	0.29088544361962815	0.07879587512559817	0.06999150357121552	0.51669757391119	0.04362960377236817
ATP2B4_multinomial_train_fold1.9	0.390912603957239	0.06392678348864678	0.018883055495759193	0.4494362791778873	0.07684127788046759
ATP2B4_multinomial_train_fold1.10	0.3104048311452329	0.10689599878338461	0.04672250598689731	0.4760356394726035	0.05994102461188183
ATP2B4_multinomial_train_fold1.11	0.33640007641600556	0.19196057516338091	0.18062603355624135	0.2910133148643722	1.635e-321
ATP2B4_multinomial_train_fold1.12	0.23151848184015086	0.12259641756877784	0.11831581984683451	0.3750159731232008	0.15255330762103597
ATP2B4_multinomial_train_fold1.13	0.36548287363368503	0.15332977043543988	0.025244462627725294	0.4003901024140396	0.055552790889110186
ATP2B4_multinomial_train_fold1.14	0.26327943384009855	0.17244060276772905	0.27183677310518745	0.29244319028698484	2.166028488391846e-268
ATP2B4_multinomial_train_fold1.15	0.31590625311374887	0.24769160291648612	0.10957246439423367	0.32682967957553155	4.127164847657529e-278
ATP2B4_multinomial_train_fold1.16	0.31071739420233047	0.2073102643799516	0.19532837309337114	0.2866439683243468	9.8e-322
ATP2B4_multinomial_train_fold1.17	0.31945231943605445	0.13156388994211982	0.21738897599937082	0.27133359467031	0.06026121995214493
ATP2B4_multinomial_train_fold1.18	0.25670946246069726	0.22660346521570587	0.2569120828947355	0.25977498942886135	2.604e-321
ATP2B4_multinomial_train_fold1.19	0.31286194529238653	0.0876358903392726	0.007067448338649431	0.548251514979408	0.04418320105028329
ATP2B4_multinomial_train_fold1.20	0.2909356260508841	0.21517883432841978	0.18795897708528914	0.2728858237934077	0.03304073874199928
ATP2B4_multinomial_train_fold1.21	0.278361358950173	0.06761351256130549	0.04617344863041153	0.5987570785978795	0.009094601260230374
ATP2B4_multinomial_train_fold1.22	0.2738107563016963	0.11243196521094699	0.10851280794489919	0.4119440765861795	0.09330039395627826
ATP2B4_multinomial_train_fold1.23	0.28472148626954563	0.24105974979505157	0.17387402117282116	0.29079796041369166	0.009546782348890035
ATP2B4_multinomial_train_fold1.24	0.3278311668249232	0.14522221025053483	0.14434666519278855	0.3412262667710946	0.04137369096065881
ATP2B4_multinomial_train_fold1.25	0.1657572470354365	0.1663372862573354	3.6388886441713556e-27	0.6679054667072282	1.0064466316556168e-55
ATP2B4_multinomial_train_fold1.26	0.3121152475114906	0.02113847269371572	0.05393246711361737	0.530086819193116	0.08272699348806022
ATP2B4_multinomial_train_fold1.27	0.31386049370239183	0.13536512307726828	0.05046956429775746	0.4549673804072525	0.04533743851532997
ATP2B4_multinomial_train_fold1.28	0.3180423344331288	0.20331002766104966	3.057259648529771e-22	0.4250274858533327	0.053620152052488684
ATP2B4_multinomial_train_fold1.29	0.21887182809218306	0.19271253251746023	0.23518456883477803	0.3254207936631105	0.027810276892468285
ATP2B4_multinomial_train_fold1.30	0.277455430334588	0.09832563344307091	0.010096190531585534	0.5669803146980488	0.047142430992706895
ATP2B4_multinomial_train_fold1.31	0.3602940277404658	0.1866911397636311	0.1844857555955619	0.25104894799803534	0.017480128902305957
ATP2B4_multinomial_train_fold1.32	0.2732622055357308	0.09955633753759104	0.035425932361504604	0.5547707223488598	0.036984802216313846
ATP2B4_multinomial_train_fold1.33	0.16091836823015662	0.16798391782576613	0.06489654576157167	0.5635744780257576	0.042626690156748
ATP2B4_multinomial_train_fold1.34	0.4716868987338546	0.028169134231083696	1.81e-321	0.4531431961300938	0.047000770904967806
ATP2B4_multinomial_train_fold1.35	0.29251889000982884	0.175988560077204	0.022181805441377375	0.4902405177815531	0.019070226690036725
ATP2B4_multinomial_train_fold1.36	0.370032825683815	0.1784107018876796	0.256782617862386	0.1947738545661195	3.5534705502947744e-274
ATP2B4_multinomial_train_fold1.37	0.37156177892655484	0.10994503068018316	0.03515831744024523	0.4203036748305006	0.06303119812251619
ATP2B4_multinomial_train_fold1.38	0.3992376554063004	0.115363596824056	5.04381722111043e-147	0.3956864870662057	0.08971226070343791
ATP2B4_multinomial_train_fold1.39	0.2418029579973936	0.1461510634878639	0.1695305159309931	0.3356302732253239	0.10688518935842535
ATP2B4_multinomial_train_fold1.40	0.27544209082250587	0.1960407415440141	0.1461500636181036	0.38236710401537644	1.996e-321
ATP2B4_multinomial_train_fold1.41	0.3762608866068363	0.08955284989472734	2.9775930933210333e-96	0.4723336632563675	0.061852600242068824
ATP2B4_multinomial_train_fold1.42	0.2932011334892143	0.22934753788174356	0.18060420244932257	0.2659410579592707	0.030906068220448845
ATP2B4_multinomial_train_fold1.43	0.32753651896507585	0.08031498396204204	0.010162497303467206	0.528452679573412	0.05353332019600285
ATP2B4_multinomial_train_fold1.44	0.255817811089944	0.055062647763826536	0.013251035029090507	0.5671413843106324	0.10872712180650657
ATP2B4_multinomial_train_fold1.45	0.2476336296689865	0.09716415562670634	0.005116882252301774	0.5538200754052713	0.09626525704673403
ATP2B4_multinomial_train_fold1.46	0.3922250109121595	0.0063026166690812015	0.02401131091035264	0.40117054648816985	0.1762905150202368
ATP2B4_multinomial_train_fold1.47	0.2919462991156793	0.04591656500368134	3.401785038076938e-34	0.5378979260692882	0.1242392098113512
ATP2B4_multinomial_train_fold1.48	0.1668473933273434	0.1815553550849339	0.18075617896173396	0.4255852191388195	0.04525585348716923
ATP2B4_multinomial_train_fold1.49	0.3301682117084887	0.0586117413386121	0.13589208282831394	0.45093668723268665	0.024391276891898656
ATP2B4_multinomial_train_fold1.50	0.31872484536394036	0.17231377198669548	0.16529867980260202	0.34366270284676204	1.236952387589539e-304
ATP2B4_multinomial_train_fold1.51	0.2899460005205076	0.08224260544137242	0.01587237097387833	0.5457950250546865	0.06614399800955519
ATP2B4_multinomial_train_fold1.52	0.306317370810846	0.08509830957613396	0.004104366002620766	0.5693812239553366	0.035098729655062666
ATP2B4_multinomial_train_fold1.53	0.3496092129796307	0.020003765611965794	1.789054974856339e-126	0.5433568008223281	0.08703022058607543
ATP2B4_multinomial_train_fold1.54	0.2390287114377286	0.05783665375299737	3.5833987803890784e-38	0.646430831922524	0.05670380288675003
ATP2B4_multinomial_train_fold1.55	0.32818861164704216	0.1585955510436467	0.23483954439968283	0.20956767591783373	0.06880861699179466
ATP2B4_multinomial_train_fold1.56	0.3551690107467464	0.1261378073631687	0.008078494952397168	0.4968621413776253	0.013752545560062437
ATP2B4_multinomial_train_fold1.57	0.32646381389816914	0.17902280555777117	0.16523449770734713	0.27229282689263284	0.05698605594407968
ATP2B4_multinomial_train_fold1.58	0.23606964137515957	0.16007953185430165	0.11533003363672112	0.4272066856180362	0.06131410751578162
ATP2B4_multinomial_train_fold1.59	0.3136789767166592	0.07294788770129794	1.423e-321	0.5438943291412648	0.06947880644077811
ATP2B4_multinomial_train_fold1.60	0.30634293801683804	0.10377298047271304	1.54e-321	0.48748350967746734	0.10240057183298154
ATP2B4_multinomial_train_fold1.61	0.2850124247151898	0.2130705539106074	0.15568048135877105	0.3462365400154319	2.02e-321
ATP2B4_multinomial_train_fold1.62	0.29635935373729105	0.14607353538324847	2.4e-321	0.4737634114449367	0.08380369943452387
ATP2B4_multinomial_train_fold1.63	0.257911109929793	0.23488641153554954	0.09269586029835394	0.38814460683708996	0.026362011399213514
ATP2B4_multinomial_train_fold1.64	0.3048923791295056	0.060887861422349324	0.024371547289880127	0.5158112811697224	0.09403693098854243
ATP2B4_multinomial_train_fold1.65	0.23949970292386577	0.2702676926442005	0.214774684657639	0.2754579197742947	2.94e-321
ATP2B4_multinomial_train_fold1.66	0.22272076159400425	0.14347193692332538	0.11984529054934831	0.45889367164772354	0.05506833928559866
ATP2B4_multinomial_train_fold1.67	0.18964899643305572	0.3501605476082027	0.11657812742273291	0.29589545735168904	0.0477168711843196
ATP2B4_multinomial_train_fold1.68	0.34491474600218586	0.15779598522516278	0.12233460120019499	0.29547410317683964	0.07948056439561653
ATP2B4_multinomial_train_fold1.69	0.31900247024863126	0.2589250589442808	0.18119331224608642	0.1669752324687481	0.07390392609225345
ATP2B4_multinomial_train_fold1.70	0.35883142501072074	0.07118380000663375	1.46e-321	0.5043874622119695	0.06559731277067614
ATP2B4_multinomial_train_fold1.71	0.23691483376309483	0.021184549931871192	0.02417716066459675	0.5717865007858018	0.14593695485463515
ATP2B4_multinomial_train_fold1.72	0.2859551522498769	0.1822719415944202	0.20084297001010498	0.27650388189408137	0.05442605425151651
ATP2B4_multinomial_train_fold1.73	0.26966271373968553	0.25839734784285373	0.1500003518875691	0.2957254782105163	0.026214108319375366
ATP2B4_multinomial_train_fold1.74	0.22656625380600962	0.20010668704470866	0.23272787510519463	0.3405991840440872	7.762161313310367e-269
ATP2B4_multinomial_train_fold1.75	0.30703200671754455	0.12703656697036697	0.0874832554653515	0.43921881292778864	0.03922935791894831
ATP2B4_multinomial_train_fold1.76	0.29959827658374927	0.003028474787986886	0.01944371064571047	0.5396108460693313	0.13831869191322207
ATP2B4_multinomial_train_fold1.77	0.24691212080082853	0.25963946425540474	0.13952840401881464	0.31152915820966	0.04239085271529214
ATP2B4_multinomial_train_fold1.78	0.2784821101367883	0.06063909482419193	0.01613106817250172	0.5836492392882747	0.06109848757824312
ATP2B4_multinomial_train_fold1.79	0.251962737171064	0.23592269423803905	0.15112307777130518	0.3060361773294078	0.054955313490183955
ATP2B4_multinomial_train_fold1.80	0.23877679528276577	0.10746716468331174	0.14871768798346902	0.43200722885210996	0.07303112319834333
ATP2B4_multinomial_train_fold1.81	0.2812237481844354	0.01844227201935067	1.966e-321	0.5730097108721723	0.12732426892404164
ATP2B4_multinomial_train_fold1.82	0.4339379238608674	0.19944811576644206	0.18233284295997734	0.14727625119710983	0.03700486621560326
ATP2B4_multinomial_train_fold1.83	0.2415448832249928	0.1516806021194438	0.08583712275276645	0.4889845503740263	0.03195284152877067
ATP2B4_multinomial_train_fold1.84	0.22413319987263583	0.09703011881231331	0.047541078168718734	0.5997105447408854	0.031585058405446835
ATP2B4_multinomial_train_fold1.85	0.37971959294677565	0.038802876934755315	0.00434442647079772	0.40653869520324737	0.17059440844442406
ATP2B4_multinomial_train_fold1.86	0.27945659512292603	0.006854872204226129	0.041351538579644874	0.602234306042991	0.07010268805021191
ATP2B4_multinomial_train_fold1.87	0.2839380660875468	0.11213864089708983	0.00970440309866762	0.5055503096011272	0.08866858031556858
ATP2B4_multinomial_train_fold1.88	0.22828644171746543	0.06855147056076612	2.158985107544415e-10	0.6674941315632414	0.03566795594262856
ATP2B4_multinomial_train_fold1.89	0.2925847051906655	0.197503372540987	0.15739578684305117	0.22605191177425948	0.12646422365103674
ATP2B4_multinomial_train_fold1.90	0.3212796485527303	0.042362117845450305	0.014932570178280206	0.5931563360325657	0.02826932739097365
ATP2B4_multinomial_train_fold1.91	0.20961709265491107	0.04113978208849122	0.09026863732736347	0.6458150954744644	0.013159392454769952
ATP2B4_multinomial_train_fold1.92	0.2600250818133327	0.2571926246450171	0.13194773150713224	0.29929779053890126	0.05153677149561662
ATP2B4_multinomial_train_fold1.93	0.31161078767129946	0.17860731322922435	0.21246223695857638	0.2602797080238322	0.037039954117067654
ATP2B4_multinomial_train_fold1.94	0.24999242890043769	0.07114007159870785	2.846e-321	0.6070064766250043	0.0718610228758501
ATP2B4_multinomial_train_fold1.95	0.24429911645733476	0.21354280791381364	0.04633077346573418	0.4424495349966414	0.05337776716647604
ATP2B4_multinomial_train_fold1.96	0.24586365107016978	0.21952095394811172	0.1517725097275959	0.3264298133260587	0.056413071928063906
ATP2B4_multinomial_train_fold1.97	0.31631914107943687	0.07543172095611542	0.07176590935494578	0.49590555698237504	0.040577671627126985
EXO1_multinomial_train_fold1	0.10033781549680772	0.5330890943129063	0.2676853637254817	0.07297845456016544	0.025909271904638757
EXO1_multinomial_train_fold1.1	0.08742964019989304	0.5552632516969286	0.22317179857482847	0.10211621647806807	0.032019093050281784
RNF168_multinomial_train_fold1	0.11371779547109148	0.5279412263453995	0.22057057297769125	0.13777040520581782	9.548189272332949e-140
RNF168_multinomial_train_fold1.1	0.09956020383387906	0.4911108943015537	0.2723107986495067	0.1370181032150605	2.81e-321
RNF168_multinomial_train_fold1.2	0.06380373384459585	0.539109772870993	0.2469059115255316	0.15018058175887963	1.877e-321
RNF168_multinomial_train_fold1.3	0.09967188492857969	0.5674580051823555	0.21995672836722813	0.11291338152183675	2.9108367642699293e-210
EXO1_multinomial_train_fold1.2	0.08391490418700515	0.5783288162252864	0.23496452253004305	0.08962261221922758	0.013169144838437851
RNF168_multinomial_train_fold1.4	0.100028753190108	0.5425745420467575	0.22551348026886944	0.13188322449426526	1.156e-321
RNF168_multinomial_train_fold1.5	0.1065129656920181	0.5228076742807237	0.23735004172961324	0.133329318297645	1.215e-321
EXO1_multinomial_train_fold1.3	0.09188545235420728	0.5874221529650936	0.22359450015922563	0.05621205249542314	0.0408858420260503
RNF168_multinomial_train_fold1.6	0.07042138691662282	0.562166974066378	0.24039601928644225	0.12701561973055692	2.263e-321
EXO1_multinomial_train_fold1.4	0.113174679163852	0.5568354656241709	0.24216358744634783	0.04151648850653182	0.04630977925909756
RNF168_multinomial_train_fold1.7	0.08415283064253619	0.5629575992506186	0.25414944914324844	0.09874012096359672	1.0896002613203681e-144
RNF168_multinomial_train_fold1.8	0.09859313973643342	0.5410760224704666	0.2132550606756045	0.14707577711749545	2.633e-321
EXO1_multinomial_train_fold1.5	0.08818997453450224	0.571380436485238	0.2599897053488336	0.06308261567093808	0.017357267960488126
EXO1_multinomial_train_fold1.6	0.08911064834158153	0.5465977389169976	0.26621046655300873	0.06493118353704629	0.03314996265136591
RNF168_multinomial_train_fold1.9	0.07163241563796606	0.5013428462024287	0.255229218340073	0.17179551981953217	1.85e-321
EXO1_multinomial_train_fold1.7	0.10290566603486741	0.5744523130207069	0.26343793981392843	0.04279068380602188	0.016413397324475484
RNF168_multinomial_train_fold1.10	0.055669320322212286	0.6172050719079587	0.20712182370512305	0.12000378406470599	1.48e-321
EXO1_multinomial_train_fold1.8	0.09091638039442874	0.5582196713985286	0.24644108295984182	0.0739525985368102	0.030470266710390707
RNF168_multinomial_train_fold1.11	0.09862842853302746	0.5089035382990885	0.2455083814523678	0.14695965171551614	1.54e-321
RNF168_multinomial_train_fold1.12	0.13747289083182807	0.4859309145766797	0.25646776029401874	0.12012843429747347	2.653e-321
RNF168_multinomial_train_fold1.13	0.08089191579222492	0.5314479156684615	0.2689455764932807	0.11871459204603275	1.724e-321
EXO1_multinomial_train_fold1.9	0.11370817578926397	0.5725912471588619	0.25672790186855843	0.01718004213627439	0.039792633047041406
RNF168_multinomial_train_fold1.14	0.09994303294617651	0.4862189971876145	0.23844232442124585	0.17539564544496314	3.444e-321
EXO1_multinomial_train_fold1.10	0.10517526715284795	0.547041354073371	0.2460976939403426	0.06653616844886717	0.035149516384571575
RNF168_multinomial_train_fold1.15	0.08848274482507107	0.5697982124857068	0.2254301003523581	0.11628894233686397	7.5e-322
RNF168_multinomial_train_fold1.16	0.10137683420288911	0.541441118584024	0.23285375450535511	0.12432829270773162	1.927e-321
EXO1_multinomial_train_fold1.11	0.10559887085520044	0.5790283017355639	0.21928909564127963	0.043286727455501176	0.05279700431245481
EXO1_multinomial_train_fold1.12	0.1115388111351039	0.5502158652373589	0.2573829756913528	0.047874444589713114	0.03298790334647125
EXO1_multinomial_train_fold1.13	0.11396026684357091	0.5740331377936424	0.20751207019106735	0.061704946261606636	0.04278957891011264
EXO1_multinomial_train_fold1.14	0.08470299232740561	0.5797518260284317	0.2425628427555489	0.0858366512883395	0.007145687600274367
RNF168_multinomial_train_fold1.17	0.06359892927649326	0.5125024189938553	0.22013864762182625	0.17230559189862354	0.03145441220920164
EXO1_multinomial_train_fold1.15	0.06309172725742532	0.5552301903458183	0.2644638878714926	0.07667716642206522	0.04053702810319865
RNF168_multinomial_train_fold1.18	0.12828702253510277	0.5043910166108523	0.25252223955688374	0.1147997212971612	1.645e-321
RNF168_multinomial_train_fold1.19	0.09240282083731809	0.5146973880000872	0.2831450560912429	0.10975473507135154	1.12e-321
RNF168_multinomial_train_fold1.20	0.09810207329597839	0.5391080556896267	0.20060426533800066	0.16218560567639434	3.686e-321
EXO1_multinomial_train_fold1.16	0.12361129273330244	0.575549458495712	0.2469087482819597	0.03020291822322406	0.023727582265801756
EXO1_multinomial_train_fold1.17	0.09749395225498605	0.5910045751660128	0.2608237748838913	0.036332304327901	0.014345393367208989
RNF168_multinomial_train_fold1.21	0.051955238337082495	0.4882368924474727	0.2689808026215286	0.19082706659391618	1.45e-321
EXO1_multinomial_train_fold1.18	0.09541153939012491	0.5840624929999559	0.23978844800951837	0.07525074728812249	0.005486772312278133
EXO1_multinomial_train_fold1.19	0.09300402680113506	0.5691844976963515	0.25306755533353603	0.06919298541966679	0.01555093474931054
EXO1_multinomial_train_fold1.20	0.08767769318554336	0.5789972955269226	0.2557468600989325	0.046500716428720924	0.031077434759880705
EXO1_multinomial_train_fold1.21	0.09687764226047232	0.568550099255453	0.28183836270164836	0.036932775039207937	0.015801120743218527
RNF168_multinomial_train_fold1.22	0.1209772287956046	0.545914235316248	0.2810772028627296	0.05203133302541776	1.556e-321
RNF168_multinomial_train_fold1.23	0.11980099220498511	0.5729996441786137	0.21695526649999336	0.09024409711640792	3.83e-321
EXO1_multinomial_train_fold1.22	0.08648610822285122	0.5676117218932799	0.25834946785449825	0.0875527020293706	2.6155420765897454e-76
RNF168_multinomial_train_fold1.24	0.07681026776133117	0.5575715844258717	0.23898360789659193	0.12663453991620513	1.88e-321
EXO1_multinomial_train_fold1.23	0.08210642423327527	0.5898770802930364	0.23900842766952124	0.06722951275005405	0.021778555054112848
EXO1_multinomial_train_fold1.24	0.09326035574780007	0.5816994073910152	0.2647274308391649	0.0603128060220197	1.0310278891400362e-122
EXO1_multinomial_train_fold1.25	0.08996654569357802	0.5945943422975875	0.23790906540910223	0.0691150906119517	0.008414955987780564
EXO1_multinomial_train_fold1.26	0.07233534034963474	0.5499066678371741	0.2670715623538126	0.08524489474333444	0.025441534716044167
EXO1_multinomial_train_fold1.27	0.08558287537220437	0.5648484314072522	0.22932573412117974	0.061772336101147095	0.05847062299821676
RNF168_multinomial_train_fold1.25	0.1016712372421466	0.5642551286337977	0.23332427513967943	0.1007493589843762	8e-322
RNF168_multinomial_train_fold1.26	0.08398806184199425	0.5059098446789857	0.28464490839102513	0.12545718508799494	1.65e-321
EXO1_multinomial_train_fold1.28	0.08936335716870687	0.5751641392201746	0.23509969341555925	0.07249517835826387	0.02787763183729543
RNF168_multinomial_train_fold1.27	0.07006693409350448	0.5372325037190311	0.24062736623565967	0.15207319595180482	3.503e-321
RNF168_multinomial_train_fold1.28	0.08860091257447678	0.5495259173476752	0.2563495523753169	0.09958038668556018	0.005943231016970826
EXO1_multinomial_train_fold1.29	0.09674861406433781	0.5657151013044507	0.24821236205285202	0.058843364415153095	0.030480558163206235
EXO1_multinomial_train_fold1.30	0.0912889582469461	0.5360782748135511	0.2728019780171879	0.07037871628398652	0.029452072638328455
RNF168_multinomial_train_fold1.29	0.1086078510157353	0.48960378390104276	0.27676440742798497	0.1250239576552371	5.1968247302107754e-126
RNF168_multinomial_train_fold1.30	0.14212070651305517	0.49842837897878034	0.24612290939369563	0.08716594968219954	0.026162055432269266
EXO1_multinomial_train_fold1.31	0.10606636929824118	0.5607329215670758	0.23930027809862683	0.04341456643991661	0.05048586459613954
EXO1_multinomial_train_fold1.32	0.1027630018618267	0.5315930124833675	0.23921312478717968	0.06811378082788874	0.0583170800397372
RNF168_multinomial_train_fold1.31	0.122704676276973	0.5201946102376246	0.249804926065571	0.10729578741983135	1.5576087797051404e-257
RNF168_multinomial_train_fold1.32	0.08154684670415417	0.48619146824282766	0.2564591561383401	0.17580252891467818	8.319817746095704e-25
RNF168_multinomial_train_fold1.33	0.05612781338963619	0.541093385449971	0.2621019390320783	0.14067686212831446	1.38e-321
RNF168_multinomial_train_fold1.34	0.11390126825675742	0.5546536861327961	0.2221387146832233	0.1093063309272231	1.89e-321
EXO1_multinomial_train_fold1.33	0.09513370319664027	0.5567174577866797	0.25565620839092373	0.05998302333080328	0.03250960729495302
RNF168_multinomial_train_fold1.35	0.08944777604036776	0.5280081982592312	0.24557175832924213	0.13697226737115883	1.94e-321
EXO1_multinomial_train_fold1.34	0.09234191929379679	0.5711996182782106	0.2440149288318538	0.051230447764291115	0.04121308583184771
EXO1_multinomial_train_fold1.35	0.10196946080128473	0.5779459245936998	0.24566034521971608	0.06785205593411452	0.0065722134511848425
RNF168_multinomial_train_fold1.36	0.10413028600142503	0.4994931910049454	0.26333659221533756	0.13303993077829196	7.5e-322
RNF168_multinomial_train_fold1.37	0.11047676167532328	0.5322498229610175	0.25763954279103823	0.09963387257262105	1.180345533574134e-239
EXO1_multinomial_train_fold1.36	0.08941311392136032	0.5192575216289118	0.2524798418425026	0.07310650955473955	0.06574301305248571
EXO1_multinomial_train_fold1.37	0.09279462997389133	0.5882424325687091	0.2544854199975342	0.058550311509527025	0.005927205950338516
EXO1_multinomial_train_fold1.38	0.08834974072195337	0.5375101771661899	0.23014272674587832	0.10503233128562044	0.03896502408035817
EXO1_multinomial_train_fold1.39	0.08922328216388421	0.5745277503698691	0.24713937671441175	0.0842638343392152	0.004845756412619607
EXO1_multinomial_train_fold1.40	0.0959820545647448	0.5756969830986476	0.2573201395764576	0.05420951599647031	0.0167913067636797
EXO1_multinomial_train_fold1.41	0.10653239869002111	0.5370297817428138	0.256067893146238	0.04217787953583265	0.05819204688509457
RNF168_multinomial_train_fold1.38	0.0944161497595041	0.5514788826360517	0.22785057042825999	0.12625439717618414	3.997089075725998e-215
EXO1_multinomial_train_fold1.42	0.08690214540773736	0.5610457839535516	0.23227258146944535	0.07229841392258335	0.047481075246682485
RNF168_multinomial_train_fold1.39	0.09460630667703128	0.5503354895019559	0.23393954744469722	0.12111865637631573	2.34e-321
RNF168_multinomial_train_fold1.40	0.10039080090583717	0.5551453057784681	0.2268292765323861	0.11763461678330868	1.18e-321
EXO1_multinomial_train_fold1.43	0.10332143552567441	0.5773386871407359	0.21677467338779483	0.06756329311183176	0.035001910833963305
EXO1_multinomial_train_fold1.44	0.07997353977062359	0.602738762887981	0.2553153294145299	0.031133654945468908	0.030838712981396735
RNF168_multinomial_train_fold1.41	0.08824442011616312	0.5269429993041845	0.22110017207148297	0.1637124085081694	2.866e-321
RNF168_multinomial_train_fold1.42	0.07413872954542246	0.5361765342800903	0.2400849656903829	0.14959977048410447	2.016e-321
RNF168_multinomial_train_fold1.43	0.08291434889279659	0.474168147089021	0.25945299415039197	0.15417824664179572	0.02928626322599459
RNF168_multinomial_train_fold1.44	0.1141815596010643	0.5408881476543739	0.24658348160729496	0.09834681113726684	2.36e-321
EXO1_multinomial_train_fold1.45	0.09757159905143468	0.5525340820237253	0.25086258198068123	0.07946853242981568	0.01956320451434317
EXO1_multinomial_train_fold1.46	0.11331073961687674	0.6032030580383347	0.22522654183464888	0.05272077673043725	0.005538883779702322
RNF168_multinomial_train_fold1.45	0.07446568653721937	0.5804200408886583	0.25646504367435025	0.08864922889977199	1.5579415054212195e-105
EXO1_multinomial_train_fold1.47	0.07447318377758191	0.5673887439567529	0.2627788812228671	0.0775531643269258	0.017806026715872243
EXO1_multinomial_train_fold1.48	0.11118931460266737	0.5605759467538711	0.2703918870682089	0.029766351670719674	0.028076499904533012
EXO1_multinomial_train_fold1.49	0.0813784796673207	0.5857129169785269	0.20351947919272623	0.08512847093640205	0.044260653225024045
RNF168_multinomial_train_fold1.46	0.09724845581916719	0.5213169989245424	0.23394158963889788	0.1474929556173924	3.81221423634674e-302
RNF168_multinomial_train_fold1.47	0.08064774397360111	0.5648053690912266	0.2447290105080795	0.10981787642709295	1.833e-321
MSH6_multinomial_train_fold1	1.53e-321	3.528799831669068e-39	0.19740710922592133	0.059263989421244806	0.7433289013528339
MSH6_multinomial_train_fold1.1	2.070747798622501e-136	1.0689523797002468e-73	0.13825486175768392	0.07170731841775456	0.7900378198245614
MSH6_multinomial_train_fold1.2	0.015306250364114577	0.00795574648831734	0.1574016344396825	0.03268879753896363	0.786647571168922
MSH6_multinomial_train_fold1.3	0.00516483105191421	1.0489777642260159e-61	0.1303010190135927	0.09490585219726322	0.76962829773723
MSH6_multinomial_train_fold1.4	0.0010648979187550213	0.00881617978913457	0.1172115080515917	0.07604570996454316	0.7968617042759755
MSH6_multinomial_train_fold1.5	0.009697793995692138	0.01432016891476132	0.14246860598736016	0.03470704790705192	0.7988063831951343
MSH6_multinomial_train_fold1.6	0.011007517446035332	0.061014738150169036	0.10110681927737418	0.006634415122878192	0.8202365100035434
MSH6_multinomial_train_fold1.7	0.011904745491829686	2.5442994548786254e-124	0.12745232959671507	0.051778780399939515	0.8088641445115157
MSH6_multinomial_train_fold1.8	0.019690439952693636	0.031466624242605754	0.08926630294025474	0.027353926965488853	0.8322227058989569
MLH1_multinomial_train_fold1	0.0021033708480779623	0.08534579435404133	0.18603260701831684	0.02868661317024566	0.6978316146093182
PMS2_multinomial_train_fold1	0.02743010785502798	0.6127996712302737	7.36e-322	0.016154732285897942	0.3436154886288005
MSH6_multinomial_train_fold1.9	0.007827038769749472	0.02449091478120995	0.16961998824691535	0.06032176060082463	0.7377402976013008
MSH6_multinomial_train_fold1.10	0.0023537782916853733	0.04208262279134449	0.12948324982787068	0.04586487150599831	0.7802154775831013
PMS1_multinomial_train_fold1	0.2939344947018806	1.033e-321	0.3309022040328691	0.21539166554032704	0.15977163572492334
MSH6_multinomial_train_fold1.11	0.010924085517019448	0.08667287301655754	0.11679519502079157	7.693978817230534e-165	0.7856078464456315
PMS1_multinomial_train_fold1.1	0.20745930241731672	3.5e-321	0.2639390544802301	0.3263976193558078	0.20220402374664553
PMS2_multinomial_train_fold1.1	0.02878247539154089	0.6443722946193818	1.507e-321	0.012477164021516622	0.3143680659675606
PMS2_multinomial_train_fold1.2	0.034667525745957224	0.6570429115483497	1.126e-321	0.014302884936230612	0.2939866777694625
PMS2_multinomial_train_fold1.3	0.0342714441633481	0.6188859605944598	1.14e-321	0.015258835885824565	0.33158375935636764
MLH1_multinomial_train_fold1.1	0.011006331545521308	0.042186465715078975	0.18900566424092244	0.03001232395934317	0.727789214539134
MSH2_multinomial_train_fold1	0.010933420915234833	1.7804825017679556e-115	0.1928123650467345	0.038004857525547435	0.7582493565124832
PMS2_multinomial_train_fold1.4	0.029562370393440694	0.6031789373102681	1.12e-321	0.033639171776109145	0.3336195205201822
MSH6_multinomial_train_fold1.12	0.01292502152831636	0.009894535545534136	0.13276388159195684	0.023918504855490876	0.8204980564787018
PMS1_multinomial_train_fold1.2	0.16360883558184366	3.33e-321	0.2230561763695968	0.44780113735433436	0.16553385069422513
PMS2_multinomial_train_fold1.5	0.019991105178148838	0.6084429453725674	1.107e-321	0.028192923945489345	0.34337302550379434
MSH6_multinomial_train_fold1.13	0.02645009763326108	0.03794678969396066	0.0918380102074208	0.015100331529261967	0.8286647709360954
MSH2_multinomial_train_fold1.1	0.02417560618683601	5.800300288656249e-140	0.2034772103176627	8.927642255665985e-86	0.7723471834955014
PMS2_multinomial_train_fold1.6	0.02664938639009808	0.6167957137846003	1.107e-321	0.017180854947901402	0.3393740448774003
PMS2_multinomial_train_fold1.7	0.029184376690650837	0.5971047293456695	7e-322	0.042581798230926005	0.33112909573275345
MSH6_multinomial_train_fold1.14	0.02289063515495192	0.024660741656088128	0.1137546204553453	0.013915663552586884	0.8247783391810277
MSH6_multinomial_train_fold1.15	0.02353436398853953	0.008215827599048703	0.14710338063204909	0.008913480766696966	0.8122329470136658
MSH6_multinomial_train_fold1.16	0.02804151712587098	0.06283015323558848	0.11561645144673119	2.2324922925038615e-183	0.7935118781918094
MSH6_multinomial_train_fold1.17	0.03665946196598685	0.060584417145371626	0.11935972129945681	0.003032393263252247	0.7803640063259325
MSH6_multinomial_train_fold1.18	0.01818636658842094	0.059503472046025276	0.0966151452939385	0.003744242167917391	0.821950773903698
MLH1_multinomial_train_fold1.2	0.008064438093163604	0.0890821794050841	0.19755116745528928	0.007535390147411507	0.6977668248990514
MLH1_multinomial_train_fold1.3	1.877063865700605e-39	0.10010874398058332	0.1545273767646794	0.03035626646349676	0.7150076127912405
MSH6_multinomial_train_fold1.19	0.007443259924044724	1.097986234186847e-152	0.11997109868185192	0.03772719522936379	0.8348584461647396
MSH6_multinomial_train_fold1.20	0.018806301666772465	0.0626496405110724	0.15377914856862213	0.00990884812552801	0.754856061128005
MLH1_multinomial_train_fold1.4	1.1098038060335715e-213	0.04334395539895714	0.17757168001530088	0.026491801252685014	0.752592563333057
MSH2_multinomial_train_fold1.2	0.008182385260237065	0.013600007151429387	0.17151589762377875	0.02764407449273756	0.7790576354718173
MLH1_multinomial_train_fold1.5	0.01009359718379466	0.10754741100140489	0.1879528038251932	0.016239628257094865	0.6781665597325125
MSH6_multinomial_train_fold1.21	1.5027314517301805e-230	1.1373315843671098e-59	0.13520222601890478	0.06550859693525805	0.7992891770458372
MLH1_multinomial_train_fold1.6	1.42e-321	0.021683588753947533	0.18482546778192005	0.024515667910342504	0.76897527555379
MSH6_multinomial_train_fold1.22	0.02845330713615812	0.09092799440063691	0.08595887232619058	2.0990229746678915e-07	0.7946596162347169
MSH6_multinomial_train_fold1.23	2.9e-321	2.369405306106924e-18	0.1748154858337302	0.047242199446502584	0.7779423147197673
MSH6_multinomial_train_fold1.24	0.0012725732441783615	0.008011184531539463	0.1138604416580685	0.08681457003547143	0.7900412305307424
PMS1_multinomial_train_fold1.3	0.13322942201331436	1.042e-321	0.24839857281515804	0.4647361533108305	0.15363585186069706
PMS2_multinomial_train_fold1.8	0.01863629807916708	0.6119012176318565	7.36e-322	0.035475664011291645	0.3339868202776849
PMS1_multinomial_train_fold1.4	0.1767677685297032	0.019222061178147808	0.24355521609006278	0.3884820185097917	0.1719729356922946
MSH2_multinomial_train_fold1.3	0.02249803359168888	4.15e-321	0.17470569005431624	0.02621962561522703	0.7765766507387677
MSH6_multinomial_train_fold1.25	0.0025244312293214357	0.004374273018548547	0.14647757040813272	0.028907337427737986	0.8177163879162594
MSH6_multinomial_train_fold1.26	0.02788612550101731	0.06931165786911	0.11643119795665768	0.014171219841798885	0.7721997988314162
MLH1_multinomial_train_fold1.7	0.007321446672333421	0.09980759713184632	0.17923178661778777	2.6425302047316034e-283	0.7136391695780326
PMS2_multinomial_train_fold1.9	0.038798656449939	0.5612205101102057	7.07e-322	0.007752382558768454	0.39222845088108693
MSH6_multinomial_train_fold1.27	0.0012484873925165992	0.006914928854468436	0.17717946842814347	0.05071976377712368	0.7639373515477477
MSH6_multinomial_train_fold1.28	0.007947433459650433	0.08035229941427531	0.097122990313799	0.040494870837524795	0.7740824059747503
PMS1_multinomial_train_fold1.5	0.15946243322412454	1.54e-321	0.2827049612822213	0.3115123360168256	0.24632026947682864
MSH6_multinomial_train_fold1.29	0.008232524527761976	0.045414980968591874	0.11897532805710764	0.07564604231464647	0.7517311241318919
MSH2_multinomial_train_fold1.4	0.030723398939935802	0.0033217076686120578	0.18165405533320886	0.011382694810305856	0.7729181432479374
MLH1_multinomial_train_fold1.8	0.0032002988923925248	0.06800375882063812	0.21348668192859804	0.025193052355228163	0.6901162080031431
MSH6_multinomial_train_fold1.30	0.0273982413668198	1.0488408324121648e-34	0.14211510503485192	0.031678143714985944	0.7988085098833422
PMS1_multinomial_train_fold1.6	0.282204657843541	1.833e-321	0.30201220498273607	0.23753062741028047	0.1782525097634425
MLH1_multinomial_train_fold1.9	0.001858756282789977	0.05589083095151816	0.21475637372761144	0.03381866682893331	0.6936753722091471
MSH6_multinomial_train_fold1.31	0.006740014178845194	0.030857589466966928	0.13435621915656126	0.08147818514036483	0.7465679920572619
MSH6_multinomial_train_fold1.32	0.021463719790466355	0.021069480597264077	0.08872959332680896	0.02392038237312718	0.8448168239123333
MSH6_multinomial_train_fold1.33	0.030610214529404923	0.05378403316137685	0.1007977428104397	2.32e-321	0.8148080094987785
MSH6_multinomial_train_fold1.34	0.023728472370483058	0.04159350117564435	0.12068593560860225	0.007340936839991832	0.8066511540052785
MSH6_multinomial_train_fold1.35	0.02992355039722613	0.04326683200543649	0.10068540383912629	0.021546094284628725	0.8045781194735824
MSH6_multinomial_train_fold1.36	0.013822306318960828	0.0189849078413421	0.12070679374600263	0.02199860004173102	0.8244873920519634
PMS1_multinomial_train_fold1.7	0.14196688470510418	1.55e-321	0.2843271841025427	0.38347341562237225	0.19023251556998083
PMS2_multinomial_train_fold1.10	0.0220486460785178	0.6401298692148699	7e-322	0.02847916911106388	0.3093423155955486
PMS1_multinomial_train_fold1.8	0.19073659121991693	1.033e-321	0.31734646958070745	0.308095936658592	0.18382100254078357
MSH6_multinomial_train_fold1.37	2.9399857971327926e-27	1.652454736452622e-37	0.14670094458271005	0.07438745944875372	0.7789115959685363
PMS2_multinomial_train_fold1.11	0.026831964110687084	0.6272813157255123	1.477e-321	0.0028771655918111466	0.34300955457198945
MSH6_multinomial_train_fold1.38	2.0977990573174226e-138	0.01622176219080483	0.15467078276731044	0.06643817005500723	0.7626692849868775
MSH2_multinomial_train_fold1.5	0.02337452352918499	0.0657549488947563	0.18069530272721365	0.0008808568440298421	0.7292943680048152
PMS2_multinomial_train_fold1.12	0.03603709077538753	0.6176108422422614	7.3e-322	0.004884550374617402	0.34146751660773356
MSH6_multinomial_train_fold1.39	1.566e-321	0.03656546782142788	0.17770636623854705	0.053240616703469294	0.7324875492365559
MSH6_multinomial_train_fold1.40	0.011410197342293293	0.02751399972738006	0.14241438627327235	0.009603107823924336	0.80905830883313
MSH6_multinomial_train_fold1.41	0.019371099924058777	0.02021765412712433	0.18011078911707046	0.007273489341802109	0.7730269674899442
MSH6_multinomial_train_fold1.42	0.016185246804118005	0.0052555656278399825	0.13924810341791546	0.015970182133181167	0.8233409020169453
MSH6_multinomial_train_fold1.43	0.007259160437047663	0.0010590318533199158	0.1300698331988079	0.038930386996072756	0.8226815875147518
MSH2_multinomial_train_fold1.6	0.016079335838430794	1.2612859008993772e-166	0.18251892599912825	0.027951814645646767	0.7734499235167941
PMS2_multinomial_train_fold1.13	0.0483334919590063	0.6122617459798249	7.16e-322	3.4822633150417125e-202	0.339404762061169
MSH6_multinomial_train_fold1.44	0.027608373997182026	0.02490795798028008	0.12293239484585547	0.013192988513206152	0.8113582846634763
MSH6_multinomial_train_fold1.45	0.006075781008971028	0.050523625391655926	0.11641558661982533	0.04460005368017904	0.7823849532993685
MSH6_multinomial_train_fold1.46	0.006079214207925705	3.533057955701601e-77	0.12545789051658826	0.05320289925293369	0.8152599960225524
PMS2_multinomial_train_fold1.14	0.03034100777337767	0.6072092205677526	1.156e-321	1.986e-321	0.3624497716588696
MSH6_multinomial_train_fold1.47	0.00499904931738277	0.03364032136880134	0.09152059882693192	0.025926531955324423	0.8439134985315595
PMS1_multinomial_train_fold1.9	0.16457348341561878	1.65e-321	0.29035135849979665	0.3520022502790191	0.19307290780556563
MSH6_multinomial_train_fold1.48	9.534195081439203e-302	0.00023050310316917176	0.1221800312004971	0.08837351179768575	0.7892159538986481
MSH2_multinomial_train_fold1.7	0.018340846340686615	5.583451304201893e-167	0.17966357367781155	7.40995254439904e-10	0.8019955792405067
MSH6_multinomial_train_fold1.49	0.0032403829596965223	0.020009471131065226	0.1284223062820235	0.0808285983049788	0.7674992413222359
OGG1_multinomial_train_fold1	0.7423733957596712	0.04586340995822871	2.76e-321	0.1551328616327427	0.056630332649357226
UNG_multinomial_train_fold1	0.10753858489722068	2.73e-321	0.6401331352618649	0.2323950099561036	0.019933269884810936
OGG1_multinomial_train_fold1.1	0.8523580973897081	0.04634511547001078	0.06163657581208802	0.03426529226978878	0.005394919058404151
UNG_multinomial_train_fold1.1	0.18552567916255944	0.06260153469579628	0.5177023304600462	0.17023673030909098	0.06393372537250712
UNG_multinomial_train_fold1.2	0.21925078223690275	2.945e-321	0.4975404396027353	0.18951965587515388	0.09368912228520812
OGG1_multinomial_train_fold1.2	0.7017877835138148	3.2567211881730047e-308	0.06268724173066932	0.19565441845807352	0.03987055629744249
UNG_multinomial_train_fold1.3	0.13031432080088567	1.63e-321	0.5706111934108756	0.22639253749804025	0.07268194829019849
