Samples	SBS96A	SBS96B	SBS96C	SBS96D	SBS96E	SBS96F	SBS96G	SBS96H
OGG1_boot	7.2e-322	0.06711935096253258	0.9328806490374675	5.53e-322	6.47e-322	7.76e-322	2.4755403165537587e-255	6.47e-322
OGG1_boot.1	1.21e-321	0.10539477378251629	0.8946052262174838	1.013e-321	1.32e-321	1.33e-321	4.1564389995819664e-197	1.166e-321
OGG1_boot.2	2.895e-321	0.08073701919418103	0.9192629808058188	7.876843302010898e-286	4.193122306137289e-268	3.864e-321	8.871603042872492e-52	2.885e-321
OGG1_boot.3	2.67e-321	0.10799360274986794	0.8920063972501321	1.6021771591048426e-113	3.4907048458386278e-162	5.61e-321	4.09087042087485e-110	4.0912547334046826e-67
OGG1_boot.4	2.297482412399773e-250	0.012853445966664077	0.7732014194002589	4.254776020809582e-33	1.4867340531223355e-77	1.832385577098651e-130	0.026328244358550978	0.1876168902745261
OGG1_boot.5	1.24e-321	0.08320975976396927	0.9167902402360308	7.56e-322	1.16e-321	7.6e-322	1.8083959005654668e-146	1.097e-321
OGG1_boot.6	2.297e-321	0.10663548445301048	0.8933645155469896	1.57e-321	1.907e-321	1.96e-321	4.22127254975774e-40	1.69e-321
OGG1_boot.7	2.05e-321	0.0981295286016968	0.9018704713983033	1.596e-321	1.966e-321	1.75e-321	2.4891576586906665e-114	1.927e-321
OGG1_boot.8	4.53e-321	0.10300328254342872	0.86554741804809	5.795898230730914e-261	5.611174363903764e-155	4.5e-321	0.03144929940848136	3.206e-321
OGG1_boot.9	5.099304646495767e-56	0.10412154147754493	0.8418999382957567	3.3598881301038806e-16	0.017090984876743764	0.036028439853554355	5.997577755258916e-08	0.0008590355206223488
OGG1_boot.10	3.883e-321	0.06052756014851185	0.9394724398514882	2.436e-321	3.4614317189930287e-191	3.02e-321	4.5905760943809575e-54	2.623e-321
OGG1_boot.11	3.8183613897803834e-170	0.0006824551815303961	0.796619786961792	0.0887336033021255	3.2485726255421764e-28	2.9277462394786487e-58	0.0715308247982126	0.042433329756339365
OGG1_boot.12	2.06e-321	0.08932273619519313	0.9106772638048068	1.67e-321	1.784e-321	1.917e-321	1.052382320372724e-131	1.927e-321
OGG1_boot.13	1.665e-321	0.0983408765531532	0.901659123446847	1.655e-321	1.527e-321	2.05e-321	1.4978750134139463e-134	1.527e-321
OGG1_boot.14	5.054e-321	0.08716004181669751	0.7782673472752304	2.8952403709913145e-33	2.4250757908691604e-58	2.937381660697443e-206	0.13457261090806738	4.707834850455233e-15
OGG1_boot.15	2.329335403421334e-163	0.06337076838823683	0.7782750192358546	0.10252712355375773	6.171154976581959e-05	3.5413366439546345e-31	0.03806726770328862	0.017698109569096458
OGG1_boot.16	1.042e-321	0.07493249134738054	0.9250675086526194	6.03e-322	8.5e-322	7.46e-322	1.869755587050811e-216	7.16e-322
OGG1_boot.17	5.583e-321	0.13667076886091542	0.8476958706723022	2.1015680888995032e-49	2.2947995427724528e-52	1.754014509983835e-167	0.015633360466782216	8.126081001629677e-74
OGG1_boot.18	1.7865e-320	0.06773063983051088	0.7838077347602574	1.2717052235992854e-107	0.13423289955975004	4.536e-321	3.2302387475597977e-53	0.014228725849481776
OGG1_boot.19	5.608371969989211e-71	0.035829024248837195	0.7719966828558902	3.445592327131133e-73	5.808205294626705e-13	1.310659845406025e-210	0.07949689439917555	0.11267739849551624
OGG1_boot.20	1.5729679744132135e-100	0.0921691638168184	0.8556376149902274	1.9812248121739458e-100	2.0676831852581716e-80	8.381833158727405e-177	0.052193221192954144	1.1152373112236022e-119
OGG1_boot.21	1.49e-321	0.060264257662680995	0.9397357423373192	1.285e-321	1.324e-321	1.59e-321	1.654829958811016e-129	1.24e-321
OGG1_boot.22	1.708132932e-314	0.07636647474400574	0.7164263482441914	1.332967906577556e-24	7.367638722595993e-66	1.095067560595644e-158	0.14188915040258568	0.06531802660921733
OGG1_boot.23	2.94e-321	0.10820749232711298	0.891792507672887	2.584e-321	1.0022211750552202e-281	2.663e-321	1.9708333759740984e-59	3.236e-321
OGG1_boot.24	5.98e-321	0.1348926395330827	0.7869864407206126	2.026e-321	4.02990730706594e-250	2.144e-321	0.07812091974630474	2.97e-321
OGG1_boot.25	6.196e-321	0.14044513362715016	0.8595548663728497	3.5785552329164933e-85	5.415648464872201e-110	1.9889994446953242e-265	1.8681854157030982e-18	8.689994114046592e-60
OGG1_boot.26	3.87e-321	0.07985723254811129	0.8357730913110603	1.241048920520917e-94	1.852097497654805e-138	5.494e-321	2.6961858109798155e-43	0.0843696761408286
OGG1_boot.27	4.12e-321	0.08341450705975105	0.9165854929402488	2.794957773871142e-152	9.121091571348516e-98	2.47876157e-315	9.950506445170828e-91	4.383142342585915e-161
OGG1_boot.28	4.027e-321	0.06585015013798473	0.8329563463935739	2.416e-321	2.243e-321	2.643e-321	0.10119350346844133	3.71e-321
OGG1_boot.29	1.863e-321	0.10108523826641351	0.8989147617335865	1.74e-321	1.784e-321	2.06e-321	2.3513771184505592e-119	1.92e-321
OGG1_boot.30	8.4e-322	0.08549062782227668	0.9145093721777233	9.73e-322	8.8e-322	1.146e-321	1.4362041400847885e-298	9.54e-322
OGG1_boot.31	4.017e-321	0.07580158450496213	0.9241984154950379	2.4475309074807e-309	3.287107963235231e-206	3.59e-321	8.15906041100726e-34	3.1e-321
OGG1_boot.32	1.641981860383798e-272	0.07337501374054388	0.8782160544814732	0.00039949701690566037	1.3679073184419435e-13	4.589173048768402e-83	5.18779428793894e-26	0.04800943476094042
OGG1_boot.33	4.23e-321	0.09539457716205384	0.9046054228379462	1.7171419465240486e-100	1.1569516454566103e-119	1.002353431243744e-177	1.2094230708626445e-28	2.5683516231054815e-174
OGG1_boot.34	4.82e-321	0.054248311645633984	0.8716185567717234	6.736181174175658e-68	1.3993139089951136e-172	3.484181742258742e-268	2.4281264408433995e-76	0.07413313158264251
OGG1_boot.35	1.3136740061116617e-89	0.08692020721959827	0.870727836251302	1.866643206103808e-254	7.929394020847885e-97	4.51e-321	0.04235195652909963	9.548110234899965e-245
OGG1_boot.36	6.057e-321	0.07060021810081235	0.9293997818991876	4.604443931780857e-267	6.82821947363942e-216	4.35e-321	3.260528932416284e-17	1.004125135967266e-296
OGG1_boot.37	4.017e-321	0.10591751672973236	0.8940824832702676	7.999026289433113e-24	4.530559634950344e-84	1.0943123095189261e-83	7.117266024755025e-104	4.816648628451359e-44
OGG1_boot.38	1.69e-321	0.06021340203513195	0.9397865979648681	1.724e-321	1.764e-321	1.927e-321	8.557581429494485e-197	1.83e-321
OGG1_boot.39	3.36e-321	0.02892710372547621	0.8161678484466681	2.5975456752990994e-75	4.694605228255668e-27	4.733e-321	7.078998905793985e-80	0.15490504782785566
OGG1_boot.40	1.467e-321	0.11096346162315718	0.8890365383768429	1.58e-321	1.833e-321	1.877e-321	6.846578155147444e-180	1.9e-321
OGG1_boot.41	1.77e-321	0.11610969864484513	0.8838903013551549	1.527e-321	1.59e-321	1.655e-321	3.8383588718672305e-114	1.744e-321
OGG1_boot.42	7.62872346563415e-144	0.08061067602775343	0.8946722056891208	1.0254687229592695e-46	4.12775751281292e-56	3.86793174715968e-162	5.391747458680692e-32	0.024717118283125752
OGG1_boot.43	2.2661173476925116e-242	0.06542711284558365	0.8811581076305759	3.36186751301678e-19	2.5027116830735555e-27	1.6946532868983495e-55	0.053414779523840356	3.135220823415732e-35
OGG1_boot.44	3.972091489881793e-114	0.08539320893716087	0.9146067899938617	3.6278860861604497e-68	1.0688079306411097e-09	1.0780331578501821e-119	1.6953727678138353e-13	1.0312347896430913e-55
OGG1_boot.45	2.263e-321	0.09548370192172344	0.9045162980782767	1.907e-321	2.843712019421866e-293	2.26e-321	4.468218415814337e-89	2.144e-321
OGG1_boot.46	6.3e-321	0.08111703252383397	0.8229621413713121	0.041472642121420634	6.939263663491369e-134	3.5855835865892278e-59	0.05444818398343087	2.4913700021823163e-15
OGG1_boot.47	6.507e-321	0.04353926855006094	0.8246873462000944	5.2579396903393935e-39	2.846224622748839e-120	5.249230681369394e-65	0.13177338524984472	1.3241337451190102e-76
OGG1_boot.48	3.933e-321	0.07408071683935648	0.8536451742375505	4.037616206847041e-244	1.2488521759248474e-281	5.24e-321	0.07227410892309302	3.59e-321
OGG1_boot.49	2.2642042730419826e-141	7.633530409241722e-134	0.7467320242361999	0.00035949093892881476	1.2322126870083988e-73	5.307761658689412e-06	0.20227888464409016	0.050624292419122446
OGG1_boot.50	2.56e-321	0.0529772398868077	0.9470227601131924	1.354e-321	1.59e-321	1.69e-321	7.622724675860624e-56	1.71e-321
OGG1_boot.51	5.11e-321	0.005214003030735826	0.89407214131549	2.39e-321	2.4509074896827218e-294	3.44e-321	0.10071385565377412	2.337e-321
OGG1_boot.52	1.73e-321	0.04989099197649674	0.9501090080235033	1.314e-321	1.423e-321	1.477e-321	2.7228957480103375e-110	1.467e-321
OGG1_boot.53	5.855e-321	0.01590758858426138	0.7411642727146718	0.04454216345065561	2.492312887422033e-106	1.7594803883136553e-29	0.19838597525041113	3.11163377232737e-27
OGG1_boot.54	6.331495473155114e-188	0.05970268396381605	0.8975388409823647	8.703187389826162e-08	0.007095871449957679	0.013373072193895549	0.022289444378092122	7.72064814365548e-39
OGG1_boot.55	3.8e-321	0.06798107858491317	0.8342713887045123	1.3570048905962195e-216	2.3102580860279703e-300	5.51e-321	0.09774753271057446	1.1100914e-317
OGG1_boot.56	3.646e-321	0.07023636727425707	0.8727793384286814	3.6154271999664014e-218	4.777303203389125e-271	5.76e-321	0.05698429429706152	6.142160160262936e-278
OGG1_boot.57	6.57e-321	0.05854399359624422	0.9063194428197247	3.1707641347826924e-174	1.1218148790401416e-163	2.4389055131282233e-307	0.03513656358403108	4.7788584590668115e-203
OGG1_boot.58	5.07e-321	1.815e-320	0.8660868049809332	7.44e-321	1.548376341737657e-238	3.89e-321	0.1339131950190669	2.826e-321
OGG1_boot.59	5.431055647929543e-103	6.96e-321	0.7511743130454538	0.026083198832037018	1.5665846805463937e-20	8.564254039148899e-76	0.22274248798110366	1.4140566977427283e-10
OGG1_boot.60	2.3387437e-317	1.331e-320	0.7230300289038781	1.4021202418556356e-38	3.898936597537802e-76	1.5641706840486817e-205	0.20300573442247213	0.07396423667364967
OGG1_boot.61	1.8958737930863915e-155	0.03561689597912262	0.836371830354793	9.995190268233759e-154	1.589048519111926e-118	3.607780018234124e-283	0.12801127366608434	4.026749692674059e-120
OGG1_boot.62	5.6243520745949485e-258	0.008046180484352536	0.7849674283662642	1.5686464525300066e-09	1.8069616840968581e-115	0.04802210880856828	0.1589642807721684	4.457010484738517e-42
OGG1_boot.63	3.2e-321	0.08110985645517438	0.9188901435448256	1.78e-321	2.29e-321	2.05e-321	1.570797771974644e-26	1.956e-321
OGG1_boot.64	5.524e-321	0.042685934084254945	0.8940042479037095	2.288e-321	4.428270321421251e-282	2.55e-321	0.06330981801203557	2.85e-321
OGG1_boot.65	5.314027760340917e-211	0.032032273245833846	0.7855349079235319	9.049707824067452e-05	3.1253142458814254e-142	0.025365925846254554	0.13315600092065827	0.023820394985480626
OGG1_boot.66	4.264e-321	0.03782682860045588	0.9124312839866672	3.5237722810148684e-258	2.2557233949334696e-290	4.54e-321	0.049741887412876926	3.742291589487973e-296
OGG1_boot.67	4.175e-321	0.055009572952789666	0.9385592170141077	1.823e-321	1.996e-321	2.554e-321	0.006431210033102482	2.036e-321
OGG1_boot.68	3.17e-321	0.05687237478104466	0.8203681470833781	1.803e-321	1.863e-321	2.57e-321	0.12275947813557726	2.19e-321
OGG1_boot.69	4.076e-321	0.05142684756401627	0.9200896109557658	1.0788058187971701e-271	1.1133544973864548e-227	4.72e-321	0.02848354148021782	3.24e-321
OGG1_boot.70	2.82e-321	0.07590988992319714	0.9240901100768029	2.253e-321	2.367e-321	2.93e-321	4.7250850556045836e-65	2.49e-321
OGG1_boot.71	1.0477519315212713e-266	0.047138719788023156	0.89566593524979	1.179086788194536e-112	3.511781047376134e-136	1.013415344159439e-48	0.057195344962186936	2.032821103711178e-230
OGG1_boot.72	4.585e-321	0.0022304420721194333	0.7882678310761906	3.5617749330242407e-259	5.900612318672204e-207	4.516e-321	0.20950172685168988	3.1630248495559535e-305
OGG1_boot.73	3.57e-321	0.07095802997916514	0.9154157531703924	2.22e-321	5.386516506773774e-301	2.55e-321	0.013626216850442489	2.66e-321
OGG1_boot.74	3.54e-321	0.034685740179576	0.7902554028756623	1.0889526640300908e-234	4.439708007470611e-281	4.1e-321	0.17505885694476161	3.6218088028432654e-247
OGG1_boot.75	4.397e-321	0.07531980709701384	0.9246801929029863	6.321004401794387e-223	4.374616650723025e-203	5.47e-321	6.835455552402741e-49	7.390532388345251e-278
OGG1_boot.76	3.997e-321	0.04399764205908275	0.9560023579409173	2.747e-321	1.3958651346885162e-245	4.565e-321	1.6091303916647546e-33	2.327e-321
OGG1_boot.77	6.779915649083773e-102	0.027383335085702957	0.8106442055017247	5.001694191427081e-43	1.2850113332205137e-44	1.8316809150148912e-105	0.15409644239155545	0.00787601702101695
OGG1_boot.78	6.285e-321	0.04807567091153095	0.9473146413759992	1.1289198991603773e-199	1.1172830166034893e-165	5.39e-321	0.004609687712469967	3.6652145782456773e-209
OGG1_boot.79	3.71e-321	0.022129797633118477	0.8164673501928263	2.45e-321	2.21e-321	3.053e-321	0.16140285217405523	2.76e-321
OGG1_boot.80	2.1251928897181076e-242	0.07047637103650789	0.8898235814935509	4.187264818634016e-210	1.6554195830773993e-180	2.1584362937396884e-278	0.039700047469941276	9.229996153441702e-276
OGG1_boot.81	6.98e-321	0.024277446735445764	0.8828496939973747	1.8058959206416952e-94	4.471943797044647e-155	5.263896522292901e-100	0.09287285926717968	1.9283046989084338e-176
OGG1_boot.82	3.814617216063216e-245	0.016878496371680075	0.8209615836086415	2.121513294748979e-61	9.365739095215547e-99	7.83471715645484e-76	0.1621599200196784	3.647172148976328e-79
OGG1_boot.83	5.815e-321	0.04250363750202121	0.8846646260435206	3.1828180068533337e-265	1.2897576894878432e-228	4.66e-321	0.07283173645445816	3.401442537945327e-298
OGG1_boot.84	1.7060355030030357e-196	0.06787163874010131	0.9043891762642314	7.652290369681336e-151	5.89420564470043e-65	5.579084222358253e-282	0.02773918499566737	2.2447363058423714e-154
OGG1_boot.85	4.31e-321	0.07726858954357964	0.9227314104564204	1.3921295489200626e-154	6.406352244070213e-160	2.51929851804765e-279	2.6165109889811044e-30	1.025078798721781e-212
OGG1_boot.86	5.056484029478294e-191	0.05574292665085646	0.8326456213059297	4.030568938842442e-18	7.123313963588995e-59	4.154938544798355e-07	0.11161103654935937	1.7014491701383295e-26
OGG1_boot.87	1.7660155929301134e-210	0.06862249574919332	0.8916839914570674	5.505664866630464e-150	2.1072062481796376e-146	2.8005608443223105e-303	0.03969351279373913	6.53630802899905e-127
OGG1_boot.88	6.59e-321	0.036653495071616596	0.831139006725287	5.791449135856333e-197	2.8744966409633855e-180	1.8091010616007185e-290	0.13220749820309635	1.070370094032784e-267
OGG1_boot.89	2.51438597045847e-85	0.006465543296946955	0.8370806702250125	6.5290133334019395e-83	2.8607976558163825e-147	7.328522040374694e-249	0.13149834225730317	0.024955444220737432
OGG1_boot.90	3.26e-321	1.166e-321	0.7308681171663721	0.08637080089668747	0.011499596527186007	2.633e-321	1.3239455130088424e-195	0.17126148540975442
OGG1_boot.91	4.837e-321	0.05489769738047054	0.9260081757365711	1.3725354218709569e-90	6.797345470599757e-148	6.21e-321	3.6787344607780985e-59	0.019094126882958293
OGG1_boot.92	4.7405008486e-313	1.2544e-320	0.8628268213388279	4.2940173509687785e-98	1.1257482936308763e-100	5.193e-321	1.577238736473449e-69	0.1371731786611721
OGG1_boot.93	4.046e-321	1.705e-321	0.7729564108965352	2.306664428595651e-23	7.06428070393473e-101	3.597e-321	2.5351138315190196e-100	0.2270435891034647
OGG1_boot.94	2.184e-321	1.14e-321	0.5839435331838996	0.04670351521281846	0.3693529515125276	3.122e-321	5.3965301692858505e-213	9.075440435933782e-11
OGG1_boot.95	5.766e-321	1.853e-321	0.7887198736337308	0.01019597601578641	3.619806041729743e-42	4.12e-321	2.189304671611025e-89	0.20108415035048288
OGG1_boot.96	1.79e-321	6.5e-322	0.5991748710405767	0.16323455839392575	0.10647011644876626	1.517e-321	6.234487978089294e-274	0.1311204541167313
OGG1_boot.97	4.15e-321	0.029530182519696895	0.851753466246616	1.0388820500351036e-118	6.089278492495246e-146	4.73e-321	2.3999802400220587e-91	0.11871635123368704
OGG1_boot.98	2.52e-321	2.55e-321	0.8016686612595735	3.676849510974988e-62	4.203074004345761e-59	3.004e-321	1.7540211494764414e-166	0.19833133874042644
OGG1_boot.99	2.406e-321	7.66e-322	0.5916436976387528	0.14644976580603442	0.2619065365552129	2.21e-321	1.0602844745161442e-206	3.1957954190204657e-140
OGG1_boot.100	6.556e-321	0.005122597389397554	0.8519165950153489	2.3818470992410223e-110	1.3208417257782253e-111	5.44e-321	6.72585153330263e-42	0.14296080759525356
OGG1_boot.101	4.33e-321	0.08456933928899968	0.8986192394660332	1.0973084344592802e-160	9.492882723324312e-193	3.696e-321	1.5857526101751427e-38	0.016811421244967113
OGG1_boot.102	2.31e-321	2.895e-321	0.7950308889170281	2.7250677432675323e-59	2.5084853181579796e-210	3.286e-321	5.183511441732878e-129	0.20496911108297183
OGG1_boot.103	3.35e-321	7.727e-321	0.77937583484717	2.3108646615348972e-101	2.5148738317017206e-199	4.03e-321	9.07597873269412e-102	0.22062416515282995
OGG1_boot.104	7.48181435204e-313	0.027167611923564042	0.9564349814641896	0.016397383139352927	1.8578146927598716e-107	3.8546289960168324e-35	5.15630560891939e-38	2.347289332380238e-08
OGG1_boot.105	4.526e-321	1.245e-321	0.6519089596950892	0.12004371645626728	0.09765536952471295	3.7e-321	7.791762737352228e-114	0.13039195432393058
OGG1_boot.106	3.216e-321	1.117e-321	0.6920443128348167	0.015103541878907533	0.011061289990243736	2.594e-321	9.661621492531706e-143	0.2817908552960321
OGG1_boot.107	3.206e-321	1.853e-321	0.7813856781209163	0.13297429990603754	2.3694256272177118e-60	4.234e-321	7.806532779456992e-137	0.08564002197304618
OGG1_boot.108	5.43e-321	1.443e-321	0.8115649583561191	1.5106365568521264e-63	8.254376788527797e-74	3.04e-321	2.41922095540843e-98	0.18843504164388075
OGG1_boot.109	5.23e-321	7.055e-321	0.8380235176753493	0.016466185546733382	3.9163397511810285e-23	7.355151574562458e-171	1.3451469696847046e-61	0.1455102967779173
OGG1_boot.110	3.923e-321	1.285e-321	0.7654942895940842	9.74213414706196e-72	1.3025097842175727e-45	2.43e-321	4.625334705473448e-162	0.2345057104059157
OGG1_boot.111	3.62e-321	0.0022584551025212943	0.7164003993547918	4.899508145887402e-138	2.296576400177746e-115	3.7e-321	2.594257058397723e-101	0.2813411455426867
OGG1_boot.112	4.723e-321	2.945e-321	0.7781267241622075	0.04764848528342956	7.619152865158661e-146	8.272872057554e-312	1.6758172672884793e-59	0.17422479055436288
OGG1_boot.113	4.88e-321	2.64e-321	0.7995742421995278	1.7543424445325442e-90	4.4417503409125836e-76	3.122e-321	4.2611747121896977e-103	0.20042575780047206
OGG1_boot.114	4.733e-321	5.214922275308621e-200	0.8408970071519962	7.475485265345331e-124	1.84963590898874e-102	4.204e-321	9.368902188561986e-83	0.15910299284800375
OGG1_boot.115	9.629887797725917e-264	1.42e-321	0.8084514647609108	0.01335944555626534	6.632313620798607e-32	3.92e-321	1.6174586590961036e-83	0.1781890896828238
OGG1_boot.116	4.79e-321	7.7e-322	0.6048933113044745	0.07715638813265402	0.14356624184266079	1.82e-321	4.083004829443321e-98	0.17438405872021073
OGG1_boot.117	1.917e-321	5.32e-321	0.8056868032582388	3.368354855283837e-101	9.18009555552848e-234	2.97e-321	5.6312125125246205e-189	0.1943131967417613
OGG1_boot.118	4.17e-321	2.51e-321	0.8300762113326345	2.0360194760584676e-39	3.690572576712306e-93	4.21e-321	2.9898633709483466e-83	0.16992378866736535
OGG1_boot.119	2.81e-321	1.6930155370528487e-92	0.8272418707878874	1.268615665851418e-95	1.8416069964447987e-194	4.797e-321	1.5988883285352117e-112	0.17275812921211267
OGG1_boot.120	3.538e-321	1.1027598055303304e-219	0.8307887783542136	4.63207251686474e-32	1.4954268788894012e-157	7.523994452361759e-234	1.0757077269169941e-103	0.16921122164578645
OGG1_boot.121	2.955e-321	5.153e-321	0.7702806154169624	3.690655834628538e-83	3.8639286475544984e-47	3.493e-321	1.668282889197722e-154	0.22971938458303748
OGG1_boot.122	8.839337144214644e-232	2.7e-321	0.854779490760276	2.5207318423317288e-34	9.105636224943584e-12	5.03e-321	5.410285049266746e-46	0.14522050923061833
OGG1_boot.123	1.72e-321	0.07852254522108876	0.9214774547789113	2.43e-321	1.813e-321	2.283e-321	1.0836301919160502e-178	3.236e-321
OGG1_boot.124	2.026e-321	1.453e-321	0.7397014504318427	1.3223986780415055e-30	0.012758434689470714	2.52e-321	1.6297360919924542e-256	0.24754011487868682
OGG1_boot.125	3.503e-321	3.18e-321	0.7454143468297343	8.480541162761639e-122	1.6071700711630372e-154	2.82e-321	3.8130112991009506e-84	0.25458565317026577
OGG1_boot.126	4.77e-321	2.7e-321	0.8053183658261591	1.989549829716594e-84	1.1790474931394426e-26	3.315e-321	2.96319012659876e-130	0.19468163417384082
OGG1_boot.127	3.864e-321	0.004220354259641291	0.8078810153311844	2.0758018632416522e-117	3.801550772533924e-193	4.45e-321	1.551672446594372e-97	0.18789863040917426
OGG1_boot.128	4.55e-321	1.2e-321	0.6965491102144291	2.4647850843678488e-37	0.12635743661002763	2.31e-321	1.1597739507788556e-54	0.17709345317554323
OGG1_boot.129	1.947e-321	1.033e-321	0.659165215235099	0.07074122947548085	3.22523720502218e-47	2.055e-321	5.518610571092296e-277	0.27009355528942025
OGG1_boot.130	2.8e-321	7.17e-321	0.8080537491264603	5.195713669128303e-116	3.3613849662762936e-121	3.35e-321	2.505651244574514e-133	0.19194625087353964
OGG1_boot.131	3.538e-321	8.15e-322	0.595667219973843	0.10861612123835081	0.2957166587878061	2.91e-321	1.3994045427057987e-212	1.81847156942572e-19
OGG1_boot.132	2.5e-321	7.7e-322	0.6496815503015422	0.3165400905529661	8.095989199352009e-42	1.68e-321	1.5730396710198979e-208	0.03377835914549175
OGG1_boot.133	5.035e-321	1.34e-321	0.7497811510170238	0.05432223019286782	0.09257647832354345	3.27e-321	2.5731422233289485e-69	0.10332014046656482
OGG1_boot.134	1.807380519796696e-165	1.81e-321	0.8046048601798881	1.8987131364641085e-37	3.5397776880855227e-37	3.646e-321	1.5998150781307554e-63	0.19539513982011203
OGG1_boot.135	5.593e-321	1.01e-320	0.8686722606505809	1.385286638115026e-20	2.5063818675225245e-121	3.5570765379792784e-142	1.7572646898745904e-118	0.1313277393494192
OGG1_boot.136	3.06e-321	4.293e-321	0.8320373115609079	1.66959850845647e-73	3.94824923811013e-136	3.844e-321	7.4252527091886465e-109	0.16796268843909207
OGG1_boot.137	6.294e-321	7.562454261944328e-137	0.9532446704344819	2.413667268160203e-82	0.010580262683571946	1.3067187e-316	6.69975270433694e-54	0.0361750668819461
OGG1_boot.138	5.163e-321	4.278749838295369e-281	0.8707898625892317	8.631595147122397e-84	1.0953325043622991e-75	5.726e-321	5.164401513359327e-54	0.12921013741076834
OGG1_real	3.73e-321	0.09743237504359635	0.9025676249564035	7.413205881644783e-269	1.1931852621946034e-200	3.503e-321	9.73573960227404e-47	1.7825309800434388e-288
OGG1_real.1	6.714e-321	0.055707516538554804	0.8823181138282314	3.4235885057820636e-186	1.7940156364436637e-181	4.819248443583617e-296	0.061974369633213816	1.0100593468721855e-233
OGG1_real.2	4.06e-321	2.777e-321	0.7950587586638802	9.498360129765676e-49	2.0609443877342317e-81	4.096e-321	8.464587859015634e-103	0.20494124133611963
UNG_boot	1.37e-321	8.15e-322	6.5e-322	0.31864373611203156	1.04e-321	0.6813562638879684	9.4e-322	2.485e-321
UNG_boot.1	1.304e-321	3.785e-321	1.36e-321	0.3839527659406987	9.63e-322	0.6160472340593013	1.99e-321	6.268947e-318
UNG_boot.2	9.1e-322	1.69e-321	5.73e-322	0.606307595628026	8.7e-322	0.39369240437197384	7.7e-322	3.94e-321
UNG_boot.3	1.55e-321	7.6e-322	7.1e-322	0.5690474696688389	1.077e-321	0.430952530331161	1.09e-321	2.86e-321
UNG_boot.4	1.354e-321	1.042e-321	4.3e-322	0.4074848273813141	1.117e-321	0.592515172618686	7.66e-322	1.7897071942629858e-263
UNG_boot.5	2.26e-321	1.393e-321	9.24e-322	0.5338305014061924	1.51e-321	0.4661694985938077	1.537e-321	4.624e-321
UNG_boot.6	2.134e-321	4.45e-322	3.1e-322	0.5683371206331246	8.2e-322	0.4316628793668753	6e-322	2.11e-321
UNG_boot.7	7.7e-322	5.93e-322	3.9e-322	0.25425558413499294	6.57e-322	0.745744415865007	5.5e-322	2.48e-321
UNG_boot.8	9.14e-322	0.027899939429916844	0.013275561224465745	0.46239068541963096	1.136e-321	0.4964338139259864	3.177e-321	4.086e-321
UNG_boot.9	1.077e-321	2.124e-321	1.097e-321	0.6583481294317297	1.166e-321	0.34165187056827023	1.17e-321	3.617e-321
UNG_boot.10	7.8e-322	1.117e-321	0.06751258498618708	0.3718486953869909	1.042e-321	0.5606387196268221	1.73e-321	1.586e-321
UNG_boot.11	9.5e-322	2.43e-321	9.8e-322	0.601382939467008	9.14e-322	0.398617060532992	1.27e-321	3.735e-321
UNG_boot.12	9.34e-322	8.05e-322	7.5e-322	0.40834281132809847	1.077e-321	0.5916571886719016	9.83e-322	1.69e-321
UNG_boot.13	1.41e-321	1.705e-321	6.4e-322	0.36758236406519185	1.047e-321	0.6324176359348082	9.44e-322	1.1455890185946174e-206
UNG_boot.14	7.6e-322	3.85e-322	1.93e-322	0.26132779150369684	5.2e-322	0.7386722084963033	4.05e-322	1.764e-321
UNG_boot.15	8.74e-322	8.74e-322	4.55e-322	0.21495374462569172	6.03e-322	0.7850462553743084	6.3e-322	2.98e-321
UNG_boot.16	9.7e-322	8.5e-322	5.9e-322	0.4537294203076186	9.8e-322	0.5462705796923815	7.46e-322	2.68e-321
UNG_boot.17	1.55e-321	1.477e-321	9.4e-322	0.4827879523856357	1.383e-321	0.5172120476143642	1.275e-321	4.125e-321
UNG_boot.18	9.93e-322	2.54e-321	1.52e-321	0.5404216494775669	9.14e-322	0.45957835052243307	2.01e-321	3.735e-321
UNG_boot.19	1.003e-321	2.327e-321	5.63e-322	0.34671107225838604	9.24e-322	0.653288927741614	8.2e-322	3.613826534387913e-232
UNG_boot.20	1.46e-321	1.25e-321	1.413e-321	0.684014096600863	1.22e-321	0.31598590339913696	1.966e-321	2.66e-321
UNG_boot.21	1.477e-321	6.13e-322	3.1e-322	0.48163815962280354	8.05e-322	0.5183618403771963	5.9e-322	3.81e-321
UNG_boot.22	1.003e-321	6.2e-322	4.94e-322	0.2852041991669281	6.7e-322	0.7147958008330718	8.4e-322	1.85e-321
UNG_boot.23	9.1e-322	8.25e-322	7.4e-322	0.5446728527929523	8.9e-322	0.4553271472070477	9.04e-322	1.863e-321
UNG_boot.24	8.1e-322	4.2e-322	3.9e-322	0.30713586545980515	5.4e-322	0.6928641345401949	5.6e-322	1.146e-321
UNG_boot.25	1.057e-321	1.28e-321	2.1e-321	0.717747788871697	1.22e-321	0.282252211128303	1.84e-321	2.11e-321
UNG_boot.26	1.97e-321	1.16e-321	5.3e-322	0.6462422140212455	1.166e-321	0.3537577859787545	9.4e-322	4.11e-321
UNG_boot.27	1.86e-321	9.7e-322	6.6e-322	0.32289446426543167	1.23e-321	0.6771055357345682	1.275e-321	2.95e-321
UNG_boot.28	1.75e-321	2.74e-321	1.314e-321	0.8010424250334415	1.11e-321	0.1989575749665585	1.477e-321	1.7798738135497636e-228
UNG_boot.29	1.047e-321	8.7e-322	6.03e-322	0.30645316861985744	8.4e-322	0.6935468313801427	8.7e-322	2.52e-321
UNG_boot.30	1.02e-321	1.823e-321	1.443e-321	0.5104418201305467	1.01e-321	0.48955817986945327	1.54e-321	2.796e-321
UNG_boot.31	9.93e-322	6.23e-322	3.75e-322	0.33264624974703205	7.86e-322	0.667353750252968	6.77e-322	2.515e-321
UNG_boot.32	1.477e-321	8.55e-322	3.6e-322	0.6087097011637018	8.84e-322	0.3912902988362982	5.6e-322	6.237215300192644e-284
UNG_boot.33	1.833e-321	8.74e-322	4.6e-322	0.39640713353698254	1.047e-321	0.6035928664630176	8.1e-322	5.247e-321
UNG_boot.34	1.04e-321	1.2e-321	1.235e-321	0.5944052357875789	8.74e-322	0.4055947642124212	1.393e-321	2.115e-321
UNG_boot.35	9e-322	7.6e-322	4.2e-322	0.3602290847051117	8.25e-322	0.6397709152948884	7.3e-322	2.144e-321
UNG_boot.36	1.02e-321	7.07e-322	7.3e-322	0.5804925115061208	8.65e-322	0.4195074884938792	1.003e-321	1.527e-321
UNG_boot.37	1.186e-321	0.04579487560442305	2.4540376266395572e-147	0.6990383670997311	1.39e-321	0.25516675729584587	3.49e-321	4.457872231411004e-180
UNG_boot.38	8.84e-322	3.85e-322	3.06e-322	0.4455149221223899	6.7e-322	0.55448507787761	5.73e-322	1.586e-321
UNG_boot.39	9.2e-322	8.3e-322	4.55e-322	0.5240617425514782	6.8e-322	0.47593825744852164	5.73e-322	2.386e-321
UNG_boot.40	1.16e-321	3.22e-321	0.02010824451553623	0.5386771282767782	1.107e-321	0.4412146272076856	3.345e-321	2.99e-321
UNG_boot.41	7.36e-322	9.6e-322	5.24e-322	0.32145849590698844	7.3e-322	0.6785415040930116	6.3e-322	2.204e-321
UNG_boot.42	1.52e-321	7.07e-322	3.85e-322	0.4139146721401809	8.3e-322	0.586085327859819	7.16e-322	2.875e-321
UNG_boot.43	1.146e-321	2.693e-321	1.863e-321	0.6325438599248527	9.6e-322	0.36745614007514726	1.92e-321	3.404e-321
UNG_boot.44	1.176e-321	1.38e-321	9.1e-322	0.6311676843753304	1.047e-321	0.36883231562466967	1.294e-321	3.44e-321
UNG_boot.45	8.55e-322	1.344e-321	1.097e-321	0.34347675628721963	9.83e-322	0.6565232437127804	1.16e-321	2.1e-321
UNG_boot.46	5.93e-322	1.097e-321	1.09e-321	0.48348481106643326	7.4e-322	0.5165151889335667	1.136e-321	1.774e-321
UNG_boot.47	7.46e-322	6.27e-322	4.64e-322	0.5173487953352975	6.87e-322	0.4826512046647024	7e-322	1.655e-321
UNG_boot.48	1.275e-321	1.156e-321	1.11e-321	0.43787176349167334	9.4e-322	0.5621282365083266	1.517e-321	2.357e-321
UNG_boot.49	1.556e-321	1.393e-321	4.4e-322	0.6726741092099313	1.03e-321	0.32732589079006863	8e-322	1.256389154199248e-240
UNG_boot.50	1.087e-321	1.32e-321	1.33e-321	0.23932895889873845	1.042e-321	0.7606710411012616	1.556e-321	2.643e-321
UNG_boot.51	8.4e-322	2.134e-321	0.008167335107230424	0.22853639941349857	1.285e-321	0.763296265479271	2.376e-321	1.947e-321
UNG_boot.52	8.55e-322	6.3e-322	6.8e-322	0.18749671094045278	1.042e-321	0.8125032890595472	9.44e-322	1.383e-321
UNG_boot.53	7.6e-322	1.81e-321	0.021591928172475884	0.30206160196324894	1.225e-321	0.676346469864275	1.383e-321	1.863e-321
UNG_boot.54	8.1e-322	8e-322	3.177e-321	0.17252323618174917	1.14e-321	0.8274767638182509	1.507e-321	1.176e-321
UNG_boot.55	9.93e-322	1.26e-321	7.479527981533422e-300	0.3511057076156433	1.56e-321	0.6488942923843568	1.887e-321	2.095e-321
UNG_boot.56	6.4e-322	8.3e-322	2.907776877056963e-14	0.12325254734363603	1.23e-321	0.876747452656335	1.8e-321	1.245e-321
UNG_boot.57	5.63e-322	1.68e-321	0.07198761150371562	1.4222485355261312e-08	1.01e-321	0.9280123742737991	1.294e-321	1.47e-321
UNG_boot.58	5.8e-322	1.364e-321	0.0800267974233781	0.004475419487071651	1.03e-321	0.9154977830895502	1.176e-321	1.51e-321
UNG_boot.59	8.74e-322	1.136e-321	0.04077368825137695	0.20075147714958283	1.43e-321	0.7584748345990403	2.49e-321	1.383e-321
UNG_boot.60	9.8e-322	1.225e-321	0.06049007775524019	0.1621022957982071	2.134e-321	0.7774076264465527	2.683e-321	1.64e-321
UNG_boot.61	7.8e-322	1.556e-321	0.03845709360186316	0.09430937048030912	1.33e-321	0.8672335359178277	1.793e-321	1.537e-321
UNG_boot.62	5.4e-322	1.042e-321	2.288e-321	0.1046167339121344	9.2e-322	0.8953832660878654	9.8e-322	1.453e-321
UNG_boot.63	5.9e-322	9.44e-322	0.024939920868623424	0.046022957963142874	1.11e-321	0.9290371211682336	1.61e-321	1.28e-321
UNG_boot.64	1.013e-321	6.27e-322	1.38e-321	0.29381912694367585	1.22e-321	0.7061808730563243	1.126e-321	1.433e-321
UNG_boot.65	5.73e-322	1.55e-321	0.0900579389296321	2.2584074072626636e-122	8.74e-322	0.909942061070368	1.14e-321	1.215e-321
UNG_boot.66	5.63e-322	1.15e-321	0.0965249367043613	2.264938380396955e-07	9.73e-322	0.9034748368018005	1.606e-321	1.19e-321
UNG_boot.67	8.74e-322	1.37e-321	0.038946799125816195	0.22599131251440346	1.55e-321	0.7350618883597803	2.17e-321	1.68e-321
UNG_boot.68	6.23e-322	1.833e-321	0.05848194915648896	4.488555995374606e-167	9.93e-322	0.941518050843511	1.625e-321	1.487e-321
UNG_boot.69	1.067e-321	1.304e-321	2.895e-321	0.25516291236691874	1.31e-321	0.7448370876330812	2.28e-321	1.83e-321
UNG_boot.70	1.393e-321	6.27e-322	8.35e-322	0.34595080353754654	1.3e-321	0.6540491964624535	9.44e-322	1.393e-321
UNG_boot.71	8.4e-322	1.1e-321	0.07050428168601147	0.13711620144155287	1.344e-321	0.7923795168724357	2.045e-321	1.467e-321
UNG_boot.72	1.28e-321	8.35e-322	2.09e-321	0.15912502709400464	1.66e-321	0.8408749729059952	2.23e-321	1.39e-321
UNG_boot.73	5.63e-322	7.48301736001111e-263	0.08029976191987978	9.75668860014099e-213	9.93e-322	0.9197002380801202	1.4e-321	1.73e-321
UNG_boot.74	8.35e-322	2.465e-321	0.05680009751443183	1.3883904873778594e-73	1.15e-321	0.9431999024855682	1.793e-321	1.81e-321
UNG_boot.75	7.9e-322	1.16e-321	0.049487396596509484	0.03181167655489344	1.22e-321	0.9187009268485969	2.253e-321	1.413e-321
UNG_boot.76	5.83e-322	1.15e-321	0.06427441503399874	7.862306985634575e-17	1.186e-321	0.9357255849660013	1.63e-321	1.25e-321
UNG_boot.77	7.6e-322	1.176e-321	0.07810271108768597	0.06767833727915903	1.235e-321	0.8542189516331549	1.754e-321	1.606e-321
UNG_boot.78	1.033e-321	1.067e-321	0.0035459592201993683	0.2967287055776463	1.917e-321	0.6997253352021544	2.416e-321	1.75e-321
UNG_boot.79	7.3e-322	1.186e-321	0.05382893999443018	0.26221058641028144	1.49e-321	0.6839604735952884	1.507e-321	1.52e-321
UNG_boot.80	7.36e-322	1.46e-321	2.475e-321	0.17898648947527743	1.294e-321	0.8210135105247226	1.23e-321	1.87e-321
UNG_boot.81	8.2e-322	4.654e-321	0.06576785575863432	1.007004818767571e-254	1.25e-321	0.9342321442413657	1.863e-321	1.46e-321
UNG_boot.82	6.4e-322	1.48e-321	0.06663463192810952	6.660420239309608e-216	1.02e-321	0.9333653680718906	1.65e-321	1.23e-321
UNG_boot.83	1.2e-321	8.15e-322	2.5e-321	0.257513976034984	1.49e-321	0.742486023965016	1.705e-321	1.566e-321
UNG_boot.84	7.46e-322	9.24e-322	0.01614881189855169	0.1537193874802565	1.54e-321	0.830131800621192	1.61e-321	1.334e-321
UNG_boot.85	8.4e-322	1.08e-321	0.10459708046088305	1.8798896569547136e-62	1.344e-321	0.8954029195391169	1.89e-321	1.467e-321
UNG_boot.86	7.56e-322	7.66e-322	0.04391571564228079	0.12511603726467782	1.14e-321	0.8309682470930414	1.83e-321	1.215e-321
UNG_boot.87	7.56e-322	1.403e-321	0.03635487342283066	0.2703461655596535	1.45e-321	0.693298961017516	1.85e-321	1.71e-321
UNG_boot.88	5.1e-322	1.176e-321	0.07257989937316672	1.1458804527628637e-82	1.13e-321	0.9274201006268332	1.285e-321	1.206e-321
UNG_boot.89	8.05e-322	9.7e-322	0.03949531361475159	2.539032472246398e-19	1.14e-321	0.9605046863852483	1.94e-321	1.314e-321
UNG_boot.90	9.3e-322	9.24e-322	2.564e-321	0.19078771747353032	1.556e-321	0.8092122825264698	1.364e-321	1.34e-321
UNG_boot.91	7.6e-322	1.126e-321	0.0456646172385401	0.05561917722595016	1.176e-321	0.8987162055355098	1.76e-321	1.5e-321
UNG_boot.92	7.7e-322	9.3e-322	0.015652079523627863	0.08054907866154308	1.235e-321	0.9037988418148291	1.453e-321	1.26e-321
UNG_boot.93	7.26e-322	9.63e-322	0.028485420590626653	0.2836970199030755	1.403e-321	0.6878175595062979	2.154e-321	1.265e-321
UNG_boot.94	1.057e-321	1.087e-321	0.03183021024318986	0.21211067300799286	1.803e-321	0.7560591167488173	2.57e-321	1.487e-321
UNG_boot.95	7.7e-322	9.7e-322	0.05018569717658878	0.0827019555233399	1.556e-321	0.8671123473000713	1.47e-321	1.507e-321
UNG_boot.96	8.65e-322	1.07e-321	0.07045408541695931	9.003530783012346e-222	1.166e-321	0.9295459145830408	2.1e-321	1.08e-321
UNG_boot.97	6.13e-322	1.35e-321	0.008364760126633081	0.03923966054289282	1.196e-321	0.9523955793304741	1.28e-321	1.497e-321
UNG_boot.98	8.05e-322	8.35e-322	0.009281193962564951	0.2898290948374476	1.33e-321	0.7008897111999874	1.784e-321	1.13e-321
UNG_boot.99	1.013e-321	8.74e-322	0.0020671568884570186	0.4196255982829638	1.803e-321	0.5783072448285791	2.38e-321	1.265e-321
UNG_boot.100	6.57e-322	1.83e-321	0.002831127194045218	5.440686281875898e-169	9.93e-322	0.9971688728059548	1.79e-321	1.467e-321
UNG_boot.101	8.1e-322	1.023e-321	9.275122350699262e-296	0.22250569980847348	1.26e-321	0.7774943001915265	1.47e-321	1.31e-321
UNG_boot.102	7.5e-322	1.32e-321	1.75e-321	0.21938800831660418	1.43e-321	0.7806119916833957	1.364e-321	1.887e-321
UNG_boot.103	6.77e-322	1.13e-321	1.461649735481894e-122	0.49372953971735256	1.477e-321	0.5062704602826474	1.507e-321	1.517e-321
UNG_boot.104	5.3e-322	1.96e-321	0.008443353270539009	0.22790006553409542	1.314e-321	0.7636565811953655	1.37e-321	1.63e-321
UNG_boot.105	7.5e-322	1.81e-321	6.850591120884365e-19	0.10583491342127811	1.36e-321	0.8941650865787218	1.45e-321	1.784e-321
UNG_boot.106	1.097e-321	1.245e-321	0.12619878493472633	0.19698200168290125	1.527e-321	0.6768192133823724	2.88e-321	1.77e-321
UNG_boot.107	5.63e-322	7.46e-322	0.07061110200660389	2.726307633344076e-130	8.84e-322	0.9293888979933961	1.695e-321	9.4e-322
UNG_boot.108	1.433e-321	8.84e-322	1.0288898923310363e-13	0.4166220598706736	1.7e-321	0.5833779401292234	2.82e-321	1.423e-321
UNG_boot.109	1.06e-321	1.64e-321	0.13445375882328195	0.10316761684579841	1.887e-321	0.7623786243309195	2.856e-321	2.016e-321
UNG_boot.110	5.73e-322	5.7e-322	1.324e-321	0.1861053745462293	8e-322	0.8138946254537707	8.45e-322	9.63e-322
UNG_boot.111	9.83e-322	6.47e-322	1.8238802540487372e-159	0.45538230148983794	1.616e-321	0.5446176985101622	2.036e-321	1.225e-321
UNG_boot.112	7.07e-322	8.94e-322	0.04517923201278375	0.1271546867690518	1.057e-321	0.8276660812181644	1.457e-321	1.13e-321
UNG_boot.113	8.3e-322	1.245e-321	0.06230771705896123	0.024435031654467337	1.126e-321	0.9132572512865714	1.74e-321	1.487e-321
UNG_boot.114	5.8e-322	1.457e-321	0.1608968171048203	9.526067020986365e-293	7.9e-322	0.8391031828951797	1.665e-321	9.1e-322
UNG_boot.115	9.04e-322	1.21e-321	0.08338102077986209	0.2811599082346881	1.4e-321	0.63545907098545	1.606e-321	1.714e-321
UNG_boot.116	5.83e-322	8.4e-322	0.11659143982830683	0.10358584927897109	9.4e-322	0.779822710892722	1.754e-321	1.196e-321
UNG_boot.117	5.7e-322	9.9e-322	0.1068339359369987	0.01807372283851159	9.63e-322	0.8750923412244898	1.576e-321	1.19e-321
UNG_boot.118	7.66e-322	1.26e-321	0.01269469970076264	0.41081592203487255	1.45e-321	0.5764893782643647	1.73e-321	1.596e-321
UNG_boot.119	6.8e-322	2.204e-321	0.1447552673063426	4.336966778029486e-152	1.24e-321	0.8552447326936574	1.225e-321	1.29e-321
UNG_boot.120	7.95e-322	1.275e-321	0.14447063845784622	3.0006313722269596e-181	9.6e-322	0.8555293615421538	1.897e-321	1.09e-321
UNG_boot.121	5.5e-322	1.18e-321	0.0513434290979008	0.26166721414779975	6.87e-322	0.6869893567542993	1.16e-321	1.14e-321
UNG_boot.122	6.97e-322	1.27e-321	0.026373343491103752	0.24484746917629638	1.255e-321	0.7287791873325999	1.41e-321	1.35e-321
UNG_boot.123	5.3e-322	5.6e-322	0.10094061561996914	0.08183148747889427	9.9e-322	0.8172278969011367	1.324e-321	9.73e-322
UNG_boot.124	6.47e-322	1.097e-321	0.04528799777597398	0.12869989098679888	1.01e-321	0.8260121112372271	1.63e-321	1.38e-321
UNG_boot.125	6.87e-322	7.4e-322	7.3439e-319	0.4205964839188137	1.2e-321	0.5794035160811863	1.01e-321	1.19e-321
UNG_boot.126	8.84e-322	1.546e-321	7.957948920952185e-141	0.4516178671266935	1.56e-321	0.5483821328733066	1.37e-321	2.2e-321
UNG_boot.127	5.83e-322	3.127e-321	0.14184604951366905	4.782922775642187e-191	1.06e-321	0.8581539504863309	1.403e-321	1.334e-321
UNG_boot.128	9.83e-322	1.69e-321	0.15272430930766231	3.293969286886881e-116	1.403e-321	0.8472756906923377	2.535e-321	1.6e-321
UNG_boot.129	4.9e-322	9.7e-322	6.5756317445014795e-139	0.17725200250814208	1.033e-321	0.8227479974918579	9.7e-322	1.3e-321
UNG_boot.130	7.56e-322	1.057e-321	0.0797418145374663	0.2918025245621495	1.24e-321	0.6284556609003843	1.8e-321	1.41e-321
UNG_boot.131	1.91e-321	1.374e-321	0.07738432268148805	0.18778534380429046	2.25e-321	0.7348303335142214	3.99e-321	2.06e-321
UNG_boot.132	7.26e-322	9.4e-322	0.08437279182596569	0.06907143122720924	1.285e-321	0.8465557769468249	1.774e-321	1.275e-321
UNG_boot.133	7.3e-322	1.16e-321	0.1300528175633226	1.3833547274890828e-74	1.467e-321	0.8699471824366773	1.576e-321	1.27e-321
UNG_boot.134	5.83e-322	1.477e-321	0.0656307724230236	0.2652429495992332	1.186e-321	0.6691262779777432	1.793e-321	1.59e-321
UNG_boot.135	7.56e-322	1.042e-321	0.04244647402332658	0.3650719397701392	1.156e-321	0.5924815862065342	1.4e-321	1.42e-321
UNG_boot.136	6.87e-322	9.44e-322	3.7027081751654914e-68	0.45909138616959616	1.19e-321	0.5409086138304038	1.107e-321	1.31e-321
UNG_boot.137	6.2e-322	1.9e-321	0.03373841408935316	0.18835927672552416	9.54e-322	0.7779023091851226	1.265e-321	1.596e-321
UNG_boot.138	5.63e-322	1.374e-321	0.1235857048020795	2.491598785485325e-11	1.16e-321	0.8764142951730045	1.16e-321	1.423e-321
UNG_boot.139	1.11e-321	8.2e-322	0.02785587971630653	0.40701776558433966	2.17e-321	0.5651263546993538	2.66e-321	1.527e-321
UNG_boot.140	8.4e-322	1.344e-321	0.13827354278931914	4.645219078807174e-38	1.28e-321	0.8617264572106809	1.907e-321	1.45e-321
UNG_boot.141	5.5e-322	7.4e-322	0.05843854623970677	0.0842622664826231	8.5e-322	0.8572991872776701	1.37e-321	1.04e-321
UNG_boot.142	7.07e-322	7.8e-322	0.1280742761008193	0.11169911049990873	1.265e-321	0.7602266133992719	1.774e-321	1.087e-321
UNG_boot.143	9.5e-322	1.03e-321	0.09154738786989669	0.16396620148968097	1.635e-321	0.7444864106404222	2.105e-321	1.57e-321
UNG_boot.144	7.4e-322	1.05e-321	0.14896524064505703	0.14035479454900254	1.166e-321	0.7106799648059404	1.56e-321	1.364e-321
UNG_boot.145	7.4e-322	1.18e-321	0.07021283532441401	0.16832755099456226	1.176e-321	0.7614596136810237	1.546e-321	1.55e-321
UNG_boot.146	7.07e-322	9.73e-322	1.0325281755347631e-39	0.4763010886954064	1.1e-321	0.5236989113045936	1.46e-321	1.457e-321
