Samples	SBS96A	SBS96B	SBS96C	SBS96D	SBS96E
ATP2B4_real_train_fold1	0.3348917653734463	0.10839940599151844	0.4900048920408274	0.04646781445955747	0.020236122134650463
ATP2B4_real_train_fold1.1	0.30740395878483345	0.1323865576406165	0.4244166895390533	1.72e-321	0.1357927940354968
MLH1_real_train_fold1	4.22543478477063e-84	0.06793565121848696	0.04512084775530447	0.7193451068680209	0.16759839415818756
MSH6_real_train_fold1	0.03582701588911975	0.02832477727925666	8.076716409512947e-154	0.8299781527300274	0.10587005410159613
MSH6_real_train_fold1.1	0.023544441244952207	0.03682105935204628	0.009968285790318143	0.8169987018791487	0.11266751173353481
OGG1_real_train_fold1	0.8136772234007582	0.05032168625533533	0.12467260773884377	0.0010921375634982324	0.01023634504156436
PMS1_real_train_fold1	0.2031344964516877	0.0020170745708158445	0.4470927943402295	0.17910131108113525	0.16865432355613158
PMS2_real_train_fold1	0.0371767486677041	0.5266674833276487	0.011385218635742262	0.4247705493689049	1.186e-321
RNF168_real_train_fold1	0.06233977564101322	0.6594108042969579	0.08674392193150013	0.07031131484968678	0.12119418328084186
UNG_real_train_fold1	0.07943138011585579	0.11626298701863265	0.3007530548045059	6.349002792976465e-106	0.5035525780610056
ATP2B4_multinomial_train_fold1	0.32013152963605584	0.111421866844349	0.4784058908837734	0.04752591842431796	0.04251479421150389
ATP2B4_multinomial_train_fold1.1	0.29603418284712774	0.14951554532836742	0.4265746565381272	1.9043956048311245e-246	0.12787561528637753
ATP2B4_multinomial_train_fold1.2	0.3127857919223214	0.09430674237573015	0.43577342401388575	6.77e-322	0.15713404168806278
ATP2B4_multinomial_train_fold1.3	0.3248923211003681	0.1057878263638359	0.4652831368088969	2.6001545708931747e-08	0.10403668972535353
ATP2B4_multinomial_train_fold1.4	0.23058193014276882	0.14485161665351756	0.4335700354674339	1.34e-321	0.19099641773627987
ATP2B4_multinomial_train_fold1.5	0.41870578076340315	0.024435434108683155	0.3739544997312658	3.49e-321	0.18290428539664783
ATP2B4_multinomial_train_fold1.6	0.3802863856267853	0.15619129399568912	0.3362140993864914	2.095e-321	0.12730822099103437
ATP2B4_multinomial_train_fold1.7	0.29772760179479946	0.1667217112654994	0.4073123440085562	4.4887971124e-313	0.12823834293114478
ATP2B4_multinomial_train_fold1.8	0.3460294894037945	0.19138065089810702	0.3757395015700059	0.021125950751200776	0.06572440737689174
ATP2B4_multinomial_train_fold1.9	0.4477492742898471	0.1437636232578049	0.26162474832117216	1.07e-321	0.14686235413117593
ATP2B4_multinomial_train_fold1.10	0.39389338270963115	0.07747280861539857	0.3963023646108208	1.403e-321	0.13233144406414957
ATP2B4_multinomial_train_fold1.11	0.40645595790180145	0.059733378471096464	0.4452389256508056	0.08857173797629654	1.3237604673509592e-148
ATP2B4_multinomial_train_fold1.12	0.3748728090138502	0.11522438027506818	0.4354011655362925	0.07401330602556425	0.0004883391492249452
ATP2B4_multinomial_train_fold1.13	0.3423625181318992	0.11627098476121757	0.4062130478326409	3.64e-321	0.13515344927424222
ATP2B4_multinomial_train_fold1.14	0.32329157998365443	0.07130763846010199	0.4900400946570015	0.11536068689924205	1.9912416701442635e-207
ATP2B4_multinomial_train_fold1.15	0.2836443766639	0.10820852799741879	0.5684040582561187	0.002742257348301619	0.03700077973426095
ATP2B4_multinomial_train_fold1.16	0.3440533230347228	0.09277359805090006	0.545658246755415	0.01751483215896214	1.695e-321
ATP2B4_multinomial_train_fold1.17	0.3658592107667492	0.08630066068431404	0.46671591728673045	0.06285588828578617	0.018268322976420247
ATP2B4_multinomial_train_fold1.18	0.4336242550222795	0.04765111086263244	0.35405944598117806	0.06823753706459754	0.09642765106931232
ATP2B4_multinomial_train_fold1.19	0.276870370085633	0.214130871563616	0.38046248377343783	1.01e-321	0.12853627457731312
ATP2B4_multinomial_train_fold1.20	0.31605531104684864	0.05229600777843514	0.5110457589412472	0.06539326486852873	0.055209657364940296
ATP2B4_multinomial_train_fold1.21	0.19246594173302614	0.09477282893311197	0.5732283085895453	9.34e-322	0.13953292074431659
ATP2B4_multinomial_train_fold1.22	0.2682026681725946	0.16477047113068077	0.4654697925171405	1.02e-321	0.10155706817958421
ATP2B4_multinomial_train_fold1.23	0.3630996100607511	0.1134927095829985	0.45188661264809415	0.04529666366125151	0.026224404046904657
ATP2B4_multinomial_train_fold1.24	0.19463582979996322	0.17040166664735112	0.6349625035526858	2.6612231073151994e-234	7.136189325111046e-190
ATP2B4_multinomial_train_fold1.25	0.3091551140545629	0.18900688695574835	0.3716552036169616	1.8422867317480983e-296	0.13018279537272714
ATP2B4_multinomial_train_fold1.26	0.311155207773924	0.08509261368892292	0.4064777333502294	0.06261898748261968	0.13465545770430393
ATP2B4_multinomial_train_fold1.27	0.271395323666059	0.12614383173063395	0.42882501832854936	1.39e-321	0.1736358262747577
ATP2B4_multinomial_train_fold1.28	0.29067351614574677	0.11066041772417806	0.48942461031546136	1.596e-321	0.10924145581461395
ATP2B4_multinomial_train_fold1.29	0.32090195965283524	0.13052838714066278	0.5292281868683042	0.0006963415947762271	0.018645124743421525
ATP2B4_multinomial_train_fold1.30	0.33057395623637004	0.11057471560557695	0.38037473028572966	9.8e-322	0.1784765978723235
ATP2B4_multinomial_train_fold1.31	0.2249026763205668	0.20403384065244776	0.5710634830269854	3.547e-321	1.042e-321
ATP2B4_multinomial_train_fold1.32	0.24597647573452966	0.15685554144785072	0.48380521421715117	8.250205043613488e-141	0.11336276860046834
ATP2B4_multinomial_train_fold1.33	0.46188311648433045	0.02212302725344336	0.41644743445762267	0.03610033181615838	0.0634460899884453
ATP2B4_multinomial_train_fold1.34	0.3643971541043789	0.11317967546972972	0.3342846154391172	3.1e-322	0.1881385549867741
ATP2B4_multinomial_train_fold1.35	0.3389308277233386	0.17952593057409502	0.3562716815312317	0.028269981315075333	0.09700157885625935
ATP2B4_multinomial_train_fold1.36	0.3101542988652677	0.18850298258835485	0.4048894893145476	0.039276477777208975	0.05717675145462089
ATP2B4_multinomial_train_fold1.37	0.35589998736106576	0.13788691268411502	0.36861026123662	3.5259804007567665e-184	0.13760283871819937
ATP2B4_multinomial_train_fold1.38	0.38476361934755676	0.137075781333328	0.35059362953945955	1.4e-321	0.1275669697796556
ATP2B4_multinomial_train_fold1.39	0.380881821499953	0.0943862185198206	0.44654125836918623	0.06297315435416628	0.015217547256873912
ATP2B4_multinomial_train_fold1.40	0.373513993370502	0.1386175685774505	0.4518223456846241	0.03604609236742338	2.06e-321
ATP2B4_multinomial_train_fold1.41	0.299931430913626	0.19341698492495701	0.35792383306002606	1.467e-321	0.14872775110139086
ATP2B4_multinomial_train_fold1.42	0.2801261347273062	0.14568102218244777	0.4830487409823482	2.283e-321	0.0911441021078977
ATP2B4_multinomial_train_fold1.43	0.2872355363166255	0.14774801946851088	0.46127136717592676	8.256013129461095e-303	0.10374507703893694
ATP2B4_multinomial_train_fold1.44	0.33202544029828635	0.19511982154447666	0.35481806674490257	1.16e-321	0.11803667141233454
ATP2B4_multinomial_train_fold1.45	0.32304726671586226	0.09493467045831942	0.36211796237740546	1.364e-321	0.21990010044841285
ATP2B4_multinomial_train_fold1.46	0.22904275137609648	0.12085933198619944	0.5182168644014613	1.4e-321	0.1318810522362429
ATP2B4_multinomial_train_fold1.47	0.2664645669629553	0.11705415046824431	0.4522234270271761	1.28e-321	0.16425785554162425
ATP2B4_multinomial_train_fold1.48	0.28602338132137883	0.11083940179689383	0.5109699183175335	0.09216729856419408	2.9587316211589003e-227
ATP2B4_multinomial_train_fold1.49	0.2995520052635687	0.13207347025138874	0.43049173509962935	2.8e-321	0.1378827893854133
ATP2B4_multinomial_train_fold1.50	0.4283372533395826	0.10780269457975397	0.37038056225281535	0.035573885040329045	0.05790560478751891
ATP2B4_multinomial_train_fold1.51	0.3673967857846797	0.10962560970474161	0.3909503938832707	6.97e-322	0.13202721062730782
ATP2B4_multinomial_train_fold1.52	0.3339452043974652	0.13361023938047922	0.3604644926298939	1.34e-321	0.1719800635921616
ATP2B4_multinomial_train_fold1.53	0.3150413700790991	0.08675158663507339	0.44042412800211594	1.294e-321	0.15778291528371166
ATP2B4_multinomial_train_fold1.54	0.33157563817524505	0.2232805198047592	0.2733668972304046	1.05e-321	0.17177694478959116
ATP2B4_multinomial_train_fold1.55	0.32050409163750565	0.12946458679384093	0.49894492339961904	0.03765596084185433	0.013430437327179927
ATP2B4_multinomial_train_fold1.56	0.3433166213230723	0.10742232041255596	0.45042465523022235	1.03e-321	0.09883640303414928
ATP2B4_multinomial_train_fold1.57	0.3581123122413235	0.053644157045376915	0.5008781945682058	0.053542420831891424	0.03382291531320211
ATP2B4_multinomial_train_fold1.58	0.2713597576539044	0.10203685042118082	0.6266033919249147	7.23444958103367e-48	2.6246787254546827e-219
ATP2B4_multinomial_train_fold1.59	0.3103004466811334	0.08538084827752247	0.4744889320090673	4.13820897735683e-305	0.12982977303227697
ATP2B4_multinomial_train_fold1.60	0.26755226188038783	0.1029352812746433	0.5427561668471199	1.5530680146347986e-130	0.08675628999784907
ATP2B4_multinomial_train_fold1.61	0.2802410485054557	0.09000158320926731	0.5252867113167514	0.06113284046806169	0.04333781650046388
ATP2B4_multinomial_train_fold1.62	0.3055637641703707	0.11741740403238576	0.4356325900800575	6.57e-322	0.141386241717186
ATP2B4_multinomial_train_fold1.63	0.3039515378207143	0.09050372715515609	0.5160487701654322	0.08949596485869754	1.1322699968376539e-131
ATP2B4_multinomial_train_fold1.64	0.27742971477699013	0.2143365222250929	0.4048073348011525	1.487e-321	0.10342642819676452
ATP2B4_multinomial_train_fold1.65	0.2922014376536914	0.09156385854586371	0.616234703800445	2.2280442161806064e-33	4.0762068728005186e-20
ATP2B4_multinomial_train_fold1.66	0.32929522701312414	0.08559927184226672	0.5246103634433514	0.060495137701257695	1.294574982631088e-156
ATP2B4_multinomial_train_fold1.67	0.3090163063639297	0.10268555482388489	0.5659989945123605	1.4388454493938262e-112	0.022299144299824887
ATP2B4_multinomial_train_fold1.68	0.3206854900214317	0.1568791247041749	0.4841401161386556	0.03829526913573794	8.202665038697742e-133
ATP2B4_multinomial_train_fold1.69	0.2837548804883885	0.1371035157612469	0.5069245494684578	0.07221705428190689	2.223e-321
ATP2B4_multinomial_train_fold1.70	0.31681733401868745	0.14886660110053224	0.36064586011512767	6.47e-322	0.17367020476565267
ATP2B4_multinomial_train_fold1.71	0.2718091805194769	0.08757595768076525	0.41623565114790717	9.8e-322	0.22437921065185074
ATP2B4_multinomial_train_fold1.72	0.3007175312147632	0.03930288563737677	0.5765312103815571	0.07323205316634807	0.010216319599954775
ATP2B4_multinomial_train_fold1.73	0.34028040888373806	0.1418905891984399	0.42812531367356865	0.0378810515609386	0.05182263668331474
ATP2B4_multinomial_train_fold1.74	0.319792249194921	0.06613631527429661	0.5470439107705507	0.06702752476023151	1.81e-321
ATP2B4_multinomial_train_fold1.75	0.26594204127856214	0.1277374529625711	0.43918373734392147	9.34e-322	0.16713676841494537
ATP2B4_multinomial_train_fold1.76	0.23540556729146203	0.11914533757477273	0.582107250320838	2.08e-321	0.0633418448129271
ATP2B4_multinomial_train_fold1.77	0.46129286715710704	0.08261654977174977	0.4253878611999779	0.030702721871165264	3.402191563589718e-79
ATP2B4_multinomial_train_fold1.78	0.24989654718728813	0.07278593375493883	0.5371305248938036	9.9e-322	0.1401869941639693
ATP2B4_multinomial_train_fold1.79	0.2635096700176546	0.16338944061880126	0.48285946804583313	0.029631220054970892	0.060610201262740096
ATP2B4_multinomial_train_fold1.80	0.34680019274238527	0.12991923571140257	0.454050531758208	0.056474385413444024	0.01275565437456023
ATP2B4_multinomial_train_fold1.81	0.3064035306177027	0.162219215417469	0.41256942551849396	6.77e-322	0.11880782844633422
ATP2B4_multinomial_train_fold1.82	0.2880937870288807	0.09495151677920946	0.5376959765644626	0.07925871962744738	1.1326411490661017e-210
ATP2B4_multinomial_train_fold1.83	0.2646502920413304	0.16559812357453177	0.4672502215033645	6.37e-322	0.10250136288077324
ATP2B4_multinomial_train_fold1.84	0.29640685156841035	0.11796766987230042	0.38098708388916624	6.57e-322	0.20463839467012304
ATP2B4_multinomial_train_fold1.85	0.21848137103119067	0.13004971281226918	0.4995224477679989	0.01649087541599624	0.1354555929725451
ATP2B4_multinomial_train_fold1.86	0.30467375471674585	0.16179661931300313	0.3847295530519802	6.37e-322	0.1488000729182709
ATP2B4_multinomial_train_fold1.87	0.27792218993521245	0.14275134836379416	0.4690174958839106	1.86e-321	0.11030896581708276
ATP2B4_multinomial_train_fold1.88	0.33278778732443776	0.08234936064215623	0.4833586410611781	4.1404211003780574e-267	0.10150421097222792
ATP2B4_multinomial_train_fold1.89	0.2862242106268907	0.06416362053445387	0.5284348150561526	0.023153672895051696	0.09802368088745117
ATP2B4_multinomial_train_fold1.90	0.2702720791797384	0.19461458190839231	0.4455947652232711	1.986e-321	0.0895185736885982
ATP2B4_multinomial_train_fold1.91	0.3234645685781151	0.12965287408150944	0.3626653019624161	1.73e-321	0.18421725537795933
ATP2B4_multinomial_train_fold1.92	0.2854547571429358	0.13740248499295268	0.5041691491542618	0.0661405129201206	0.006833095789729127
ATP2B4_multinomial_train_fold1.93	0.2614999611154201	0.13575098564446633	0.5280923893256532	0.0746566639144605	3.129331621074227e-169
ATP2B4_multinomial_train_fold1.94	0.1763785011687037	0.19790186743571525	0.49151083660931405	5.93e-322	0.13420879478626704
ATP2B4_multinomial_train_fold1.95	0.36406334989353434	0.009861020121029532	0.557267056239492	0.04116543037018306	0.027643143375761188
ATP2B4_multinomial_train_fold1.96	0.37889584556994754	0.08658143375476174	0.44803026393700685	0.04884225203954279	0.03765020469874107
ATP2B4_multinomial_train_fold1.97	0.22109582984872123	0.16468176953524316	0.5305205885868235	1.01e-321	0.08370181202921212
PMS1_multinomial_train_fold1	0.10507067459554781	2.584e-321	0.5232425448170136	0.18000295011165193	0.1916838304757865
MSH6_multinomial_train_fold1	0.020806995106555565	0.03259880190841756	1.64e-321	0.8173722551082581	0.12922194787676888
MSH6_multinomial_train_fold1.1	0.026585435467859703	0.009910158111149314	0.004268526877635129	0.8138241357664471	0.14541174377690871
MLH1_multinomial_train_fold1	1.3461508311186271e-121	0.040315310985084264	0.04973280154970772	0.7339675403220478	0.1759843471431601
MLH1_multinomial_train_fold1.1	8.320848697667191e-80	0.061234388382496695	0.03742814879805736	0.7547773813971974	0.1465600814222485
PMS2_multinomial_train_fold1	0.030290747406419218	0.5243258444984105	0.0271320198633376	0.41825138823183267	7.8e-322
MLH1_multinomial_train_fold1.2	0.010943551988038609	0.04301625442742613	0.03888741044094774	0.7649404790828328	0.14221230406075475
MSH6_multinomial_train_fold1.2	0.032800111106314075	0.04895368560944941	1.1543765417458234e-87	0.8003360522339333	0.11791015105030324
PMS1_multinomial_train_fold1.1	0.22074270514586952	0.09408692789022288	0.3909184920480989	0.10190226028343331	0.19234961463237538
MSH6_multinomial_train_fold1.3	0.025677723085611878	0.04625082869667921	0.016851614785959913	0.8270549478848317	0.08416488554691738
PMS1_multinomial_train_fold1.2	0.20910542798124285	3.67e-321	0.4852809225303999	0.19621684830423988	0.10939680118411738
PMS2_multinomial_train_fold1.1	0.04177362405265147	0.5347025317253753	0.003594145181498217	0.4199296990404749	8e-322
PMS1_multinomial_train_fold1.3	0.11736853940239544	3.52e-321	0.5195382446434851	0.22262880505291519	0.14046441090120437
MLH1_multinomial_train_fold1.3	1.705e-321	0.06262217963362317	0.045620852119463276	0.7263378479080967	0.1654191203388168
MSH6_multinomial_train_fold1.4	0.01816672941885696	0.028360313398920277	0.022245688115227633	0.8309772914183432	0.10024997764865204
MSH6_multinomial_train_fold1.5	0.018911930204918916	0.05243134144940157	1.659697465575893e-05	0.7959781576632394	0.1326619737077844
MSH6_multinomial_train_fold1.6	0.018891663556248717	9.766726640418286e-89	0.016833406640350816	0.8441093701144544	0.12016555968894599
MSH6_multinomial_train_fold1.7	0.02583183261224049	0.025775662640180844	5.318771950971072e-19	0.8363616640825053	0.11203084066507328
MSH6_multinomial_train_fold1.8	0.045448721565612166	0.0159441263376456	0.0014214902473078524	0.8395491455244066	0.09763651632502762
MSH6_multinomial_train_fold1.9	0.04500767016144059	0.005336958394931844	0.004952596125406104	0.8426995769953107	0.1020031983229108
MSH6_multinomial_train_fold1.10	0.044587524129749485	2.613044635316165e-131	1.793e-321	0.8534113054935929	0.1020011703766576
MSH6_multinomial_train_fold1.11	0.010668029472081609	0.020715603353148537	0.021306388852774492	0.80944237410239	0.13786760421960545
PMS2_multinomial_train_fold1.2	0.025222404427734157	0.552777610416301	0.021599888436764032	0.40040009671920085	1.15e-321
PMS2_multinomial_train_fold1.3	0.04713423072576376	0.5536727749151559	1.74e-321	0.3991929943590803	1.265e-321
MSH6_multinomial_train_fold1.12	0.029192034791545578	0.03794489253299938	2.0716255715527573e-295	0.8316250960690355	0.10123797660641962
PMS1_multinomial_train_fold1.4	0.2504619602592882	5.79606e-318	0.3839308705646367	0.17550783686222807	0.19009933231384724
MLH1_multinomial_train_fold1.4	0.003821789587492725	0.09210811027113476	0.04979078708311269	0.7037628574130632	0.15051645564519667
PMS1_multinomial_train_fold1.5	0.2217639819964551	0.016286381494778762	0.4234069830134576	0.1704508318744439	0.1680918216208646
PMS2_multinomial_train_fold1.4	0.023240806148543788	0.5339489276902425	0.0369729469452168	0.40583731921599686	1.635e-321
PMS1_multinomial_train_fold1.6	0.27879018358761976	1.8782616424437404e-19	0.3470465892782062	0.17807296747994203	0.19609025965423205
MLH1_multinomial_train_fold1.5	2.134e-321	0.04587692212650214	0.04891017558421875	0.7205506185507258	0.18466228373855315
MSH6_multinomial_train_fold1.13	0.026120254377304763	0.04049616345751015	1.700113056023324e-61	0.8197682606183474	0.11361532154683757
PMS2_multinomial_train_fold1.5	0.03143306057254591	0.5088863228563074	0.044833898056429906	0.41484671851471694	1.616e-321
PMS1_multinomial_train_fold1.7	0.24001232616295048	0.014530018341381784	0.4675988735612836	0.14560408522356819	0.132254696710816
MLH1_multinomial_train_fold1.6	1.28e-321	0.05614517828322037	0.06564521746932471	0.7086137051788077	0.16959589906864714
MSH6_multinomial_train_fold1.14	0.026750009407875284	0.019071453378994973	0.012338503444243277	0.8495463858607775	0.09229364790810894
MSH6_multinomial_train_fold1.15	0.021178037539032232	0.015943738558388924	5.388433530234457e-91	0.8536329334474375	0.10924529045514131
PMS1_multinomial_train_fold1.8	0.2847785995387014	8.472106301209927e-83	0.3654807931053011	0.1917886762836275	0.1579519310723699
PMS2_multinomial_train_fold1.6	0.023772335577375566	0.4873967222979211	0.021619982278206634	0.46721095984649663	1.13e-321
PMS1_multinomial_train_fold1.9	0.13734436481375742	9.271788301819244e-56	0.5128566642638279	0.20250985389236364	0.147289117030051
MLH1_multinomial_train_fold1.7	0.0034987184201043433	0.033375771124643544	0.03997980398686756	0.7430441908199159	0.1801015156484686
MLH1_multinomial_train_fold1.8	1.3420285832263063e-199	0.057838527946497256	0.020519489500246447	0.7651938972400053	0.15644808531325086
MSH6_multinomial_train_fold1.16	0.017474942090829306	0.03632070648825608	5.0314523980082895e-116	0.8115836414762616	0.13462070994465306
PMS1_multinomial_train_fold1.10	0.13963506062768066	4.125e-321	0.5475945789813961	0.20292740729442385	0.10984295309649945
MSH6_multinomial_train_fold1.17	0.016175055335341325	0.04571736401872909	0.026884499802897078	0.7879874316160389	0.12323564922699357
PMS2_multinomial_train_fold1.7	0.04752635135237137	0.5240046494426076	2.1041636163471333e-243	0.42846899920502113	7.8e-322
PMS2_multinomial_train_fold1.8	0.054130953839725854	0.49492325833322803	0.007368217307082749	0.4435775705199634	7.95e-322
MLH1_multinomial_train_fold1.9	0.009083728460693644	0.08278125278230884	0.01638321580497827	0.7117397581705549	0.18001204478146415
PMS1_multinomial_train_fold1.11	0.20100056731716318	2.617584274631397e-136	0.356750944911161	0.19314564052924899	0.24910284724242673
PMS1_multinomial_train_fold1.12	0.24736735455243944	5.1346726520205755e-248	0.34800190707770673	0.17258335286889304	0.23204738550096088
MSH6_multinomial_train_fold1.18	0.0282636884599476	0.0005090011065449313	0.015224019368381067	0.8424320106874693	0.11357128037765699
PMS1_multinomial_train_fold1.13	0.23414668793789145	0.01239497046431449	0.4187765333504657	0.16641550933978108	0.16826629890754727
PMS2_multinomial_train_fold1.9	0.018583376056881377	0.5122502195242897	0.04667777180984443	0.42248863260898445	7.8e-322
MSH6_multinomial_train_fold1.19	0.02398433401205418	0.05104533737487387	4.0450464961479427e-66	0.8198932737063779	0.10507705490669395
PMS1_multinomial_train_fold1.14	0.22623033156428882	5.318791205189296e-190	0.4091566383365792	0.20739771238886245	0.15721531771026956
MLH1_multinomial_train_fold1.10	8.0975273614936335e-25	0.0563636962293339	0.05108521918230265	0.742344265297175	0.15020681929118834
PMS1_multinomial_train_fold1.15	0.18879536074005007	0.011759523079772901	0.3633598284731472	0.2063523989263886	0.2297328887806413
MSH6_multinomial_train_fold1.20	0.014643593838193235	0.01834394338337024	0.008306886529323834	0.8360036469043095	0.12270192934480333
PMS1_multinomial_train_fold1.16	0.15329230807461547	4.94e-321	0.5317144955919565	0.1410053203423999	0.17398787599102816
PMS2_multinomial_train_fold1.10	0.05456802738884266	0.5448121081224231	0.01004428540929997	0.39057557907943424	3.014e-321
MSH6_multinomial_train_fold1.21	0.045419692543985236	0.011428472730221486	0.027395621312614905	0.8078931391775808	0.10786307423559761
MSH6_multinomial_train_fold1.22	0.04346566616380187	0.05036828924588501	1.937e-321	0.8330807101485692	0.07308533444174393
MLH1_multinomial_train_fold1.11	2.9812719935267418e-288	0.08306840599947228	0.062272242051435875	0.7019382665425362	0.15272108540655566
MLH1_multinomial_train_fold1.12	9.63e-322	0.047045554759092924	0.05712751161884528	0.7319052339143411	0.16392169970772066
MLH1_multinomial_train_fold1.13	0.0034550048742207308	0.08956778423223291	0.05248110064349545	0.7012478721310722	0.1532482381189786
MLH1_multinomial_train_fold1.14	1.91e-321	0.07490637477375184	0.06480508244493857	0.6877890681262602	0.17249947465504925
MSH6_multinomial_train_fold1.23	0.03103655563630403	0.0478285625922137	2.174e-321	0.7983626491408021	0.12277223263068023
PMS1_multinomial_train_fold1.17	0.20549931891257148	0.01419774451166132	0.4808381357690963	0.1600444866487023	0.13942031415796874
PMS1_multinomial_train_fold1.18	0.20565434212324799	1.4e-321	0.4868933498175082	0.2082365311207989	0.09921577693844505
PMS2_multinomial_train_fold1.11	0.03361155194298897	0.5061512272326316	0.024508838287390627	0.4357283825369889	7.76e-322
MSH6_multinomial_train_fold1.24	0.033616984213539584	0.056248698354918664	8.442502055585743e-74	0.8073176263019541	0.10281669112958748
PMS1_multinomial_train_fold1.19	0.1946320470402133	0.035195560603599275	0.4666971554260614	0.1773408815966763	0.12613435533344972
MSH6_multinomial_train_fold1.25	0.013923386707080642	0.03983662180015378	0.019453662552627142	0.844036546281987	0.08274978265815132
MLH1_multinomial_train_fold1.15	1.672548822524226e-191	0.04625209724843	0.04805357582158932	0.7499336157245198	0.15576071120546103
PMS2_multinomial_train_fold1.12	0.029246205532728716	0.505044497300501	0.03082259054579225	0.434886706620978	1.2e-321
MLH1_multinomial_train_fold1.16	2.21e-321	0.06827909081365298	0.030337119289440533	0.7253471439299934	0.17603664596691324
MLH1_multinomial_train_fold1.17	7.9461799011835e-225	0.003031550706708043	0.03112007289891476	0.7698968463702915	0.1959515300240856
MSH6_multinomial_train_fold1.26	0.022406971013855834	0.02645765546209702	0.010673434835405872	0.8018648975268265	0.13859704116181476
MSH6_multinomial_train_fold1.27	0.02326317463240007	0.01861764209681044	0.038446957053510804	0.8301892071249503	0.08948301909232839
MSH6_multinomial_train_fold1.28	0.03894031054272036	0.033805267764883115	1.9e-321	0.8521151834144183	0.07513923827797821
MLH1_multinomial_train_fold1.18	6.3e-322	0.07828886331908262	0.07234824550551816	0.6922131512855874	0.157149739889812
PMS2_multinomial_train_fold1.13	0.026571308793550047	0.5409624949755567	0.02707538912740544	0.40539080710348757	8.15e-322
MSH6_multinomial_train_fold1.29	0.023556273872889683	0.07802487957288644	1.976e-321	0.7880223183805738	0.11039652817364998
MLH1_multinomial_train_fold1.19	3.765021164316375e-260	0.012742932260228103	0.07592390625533624	0.757003935809984	0.15432922567445162
MSH6_multinomial_train_fold1.30	0.02686829117283538	0.041820386470498835	0.004716645362632454	0.8495945289930071	0.07700014800102617
MSH6_multinomial_train_fold1.31	0.02945405032906606	0.011286630920051688	0.021041730269811917	0.8346762268204797	0.10354136166059058
MSH6_multinomial_train_fold1.32	0.042115080620612116	0.04991626596803195	5.3621225084148825e-33	0.809284373817519	0.09868427959383688
MSH6_multinomial_train_fold1.33	0.028453337450690674	0.05711411898686151	0.0006135407071338696	0.7953552744393002	0.11846372841601356
PMS2_multinomial_train_fold1.14	0.033582615284397224	0.5259650298915206	0.027225632685802272	0.4132267221382801	1.15e-321
PMS2_multinomial_train_fold1.15	0.030800515234818783	0.5658053363428441	1.2607675161669032e-221	0.4033941484223372	1.6e-321
MLH1_multinomial_train_fold1.20	1.1281802384133016e-149	0.06489799238079068	0.03553103151290359	0.7274988733026372	0.17207210280366855
PMS1_multinomial_train_fold1.20	0.1875027105593057	4.79e-321	0.4436363254275162	0.23065611190259092	0.1382048521105872
PMS1_multinomial_train_fold1.21	0.26268758795602953	4.427e-321	0.32730259284338536	0.19193544280759747	0.21807437639298763
MSH6_multinomial_train_fold1.34	0.0318022564549054	0.028694366745460602	7.613657287413133e-251	0.8578784857537856	0.08162489104584848
MLH1_multinomial_train_fold1.21	0.009480107224369812	0.1079716446525193	0.03987185779872589	0.6827644259340762	0.15991196439030889
UNG_multinomial_train_fold1	0.11359647023408605	0.11117588817072108	0.26384781068384205	0.023010863684221016	0.48836896722712986
UNG_multinomial_train_fold1.1	0.09222497062631836	0.11926140485031717	0.23794270246502558	9.455119342113779e-19	0.5505709220583389
UNG_multinomial_train_fold1.2	0.014001007824626169	0.09303222318825072	0.404154415727277	0.006970786977677128	0.4818415662821689
UNG_multinomial_train_fold1.3	0.05613813663353582	0.12280600926416473	0.33456688922227307	0.019554756480545245	0.4669342083994811
OGG1_multinomial_train_fold1	0.8282958542148087	0.05677484491218147	0.08341056357407575	0.0153951292903452	0.016123608008588943
OGG1_multinomial_train_fold1.1	0.7504252883424074	0.03514457006388977	0.21164375075709435	0.002786390836608433	4.3604690118432954e-170
UNG_multinomial_train_fold1.4	0.08781798830585649	0.19065091905001869	0.3202622087231311	0.03465723380651833	0.3666116501144754
OGG1_multinomial_train_fold1.2	0.7930491282086678	0.033273560337690335	0.16714943886759362	3.26e-321	0.006527872586048433
OGG1_multinomial_train_fold1.3	0.7916426487904829	0.012078165394674224	0.19379293305315487	1.1911022626450074e-36	0.0024862527616878907
OGG1_multinomial_train_fold1.4	0.7630605695850267	0.05011085186256829	0.17849239897857355	0.0028690439515281084	0.0054671356223033474
OGG1_multinomial_train_fold1.5	0.7710805344093526	0.052722542718475825	0.1617339470775066	1.9050064745413397e-157	0.014462975794664809
UNG_multinomial_train_fold1.5	0.1261858961078097	0.09412677705484918	0.2469527121736625	5.43e-322	0.5327346146636786
OGG1_multinomial_train_fold1.6	0.8340225489973263	0.06780229494262113	0.07262383439905713	2.090222489297325e-248	0.025551321660995555
UNG_multinomial_train_fold1.6	0.14328658461133695	0.0896178523239125	0.22966080136740466	0.026865061004953776	0.5105697006923922
UNG_multinomial_train_fold1.7	0.08927208397531008	0.15962866324736558	0.21492407873457903	0.014889413909418435	0.5212857601333267
OGG1_multinomial_train_fold1.7	0.789515133346593	0.053422618519966006	0.13923374107731384	0.017828507056127197	1.685e-321
UNG_multinomial_train_fold1.8	0.10810964881360505	0.001050576655246733	0.3715840377440918	5.34e-322	0.5192557367870564
OGG1_multinomial_train_fold1.8	0.7874875004737574	0.04711033725648344	0.13737032317371384	0.017977291370120673	0.010054547725924526
UNG_multinomial_train_fold1.9	0.11637206050172622	0.11591802530559579	0.23420774727431737	1.85e-321	0.5335021669183606
OGG1_multinomial_train_fold1.9	0.8360716397424433	0.062385759144306455	0.09435194993644173	2.456e-321	0.007190651176808416
OGG1_multinomial_train_fold1.10	0.8601749414709551	0.0518869948297736	0.048125399819185545	0.008109289325510428	0.031703374554575225
UNG_multinomial_train_fold1.10	0.04136276261799592	0.04393071560274573	0.40005047502516133	8.05e-322	0.514656046754097
OGG1_multinomial_train_fold1.11	0.7929855833137727	0.059053913194094976	0.14155629359438554	3.365e-321	0.00640420989774692
OGG1_multinomial_train_fold1.12	0.822207378330241	0.03993942466063526	0.12129862963023662	0.015939030793493746	0.0006155365853932999
OGG1_multinomial_train_fold1.13	0.8451415896504917	0.04481842613828657	0.04144642853621094	0.053961916926921816	0.014631638748088894
UNG_multinomial_train_fold1.11	0.21127033509390808	0.0982871230751661	0.22788645214982967	2.174e-321	0.4625560896810963
OGG1_multinomial_train_fold1.14	0.8704778134851954	0.0498451758147423	0.038114901680903285	0.006558773080750475	0.035003335938408466
UNG_multinomial_train_fold1.12	0.06867434616196137	0.07696635912549661	0.29805917320587316	0.013232438704051807	0.5430676828026171
UNG_multinomial_train_fold1.13	0.0653015205104392	0.04840073161149923	0.38057249486287126	4.01414e-319	0.5057252530151901
OGG1_multinomial_train_fold1.15	0.8806899618460546	0.05220433233702536	0.004304599993820498	0.011647174347562433	0.05115393147553712
OGG1_multinomial_train_fold1.16	0.8068781304925908	0.017865545250969023	0.1719775716975573	3.246e-321	0.0032787525588828183
UNG_multinomial_train_fold1.14	0.04343540503292201	0.10725463601681097	0.3466679427064216	7.871924448204223e-280	0.5026420162438454
OGG1_multinomial_train_fold1.17	0.8616670103751285	0.04160394190186895	0.09672218352527538	3.277994416586054e-252	6.864197727205422e-06
UNG_multinomial_train_fold1.15	0.13219963514925845	0.10362419755894142	0.12290346723664183	1.43e-321	0.6412727000551584
OGG1_multinomial_train_fold1.18	0.7711463969063663	0.0774979761874476	0.14262135560141365	0.00873427130477254	2.3714849978719956e-80
UNG_multinomial_train_fold1.16	0.07239614202898535	0.05289593064448466	0.25031987728100014	0.012466627951390934	0.6119214220941389
OGG1_multinomial_train_fold1.19	0.8713896481444803	1.0613551213690704e-16	0.08245188256089561	0.02294261035830116	0.023215858936322775
OGG1_multinomial_train_fold1.20	0.8185057252711238	0.056369671583878865	0.06292962671558004	0.04582067756930821	0.016374298860109167
UNG_multinomial_train_fold1.17	0.025391320176684273	0.1802033691703469	0.33956714271637883	0.015568380801408354	0.4392697871351817
UNG_multinomial_train_fold1.18	0.08229999237984403	0.07895215992636229	0.2970620110468795	0.06900535809755506	0.47268047854935935
OGG1_multinomial_train_fold1.21	0.8081234494210916	0.033998958624304874	0.14687481973106326	2.0243502408759975e-268	0.011002772223540383
UNG_multinomial_train_fold1.19	0.026770613777817594	0.14920385927437008	0.39423564391298505	0.02574047137361698	0.4040494116612102
UNG_multinomial_train_fold1.20	0.10964986792777424	0.10290742166322374	0.27144237827716716	0.05809978167267905	0.4579005504591559
OGG1_multinomial_train_fold1.22	0.7828762265280058	0.04611395095132888	0.15659234997709118	1.207618410997004e-129	0.014417472543573978
UNG_multinomial_train_fold1.21	0.07820446505148025	0.09160709194594006	0.3200132107329702	5.470445101953002e-09	0.5101752267991645
UNG_multinomial_train_fold1.22	0.08363127235413197	0.0812848773575364	0.37770420092592	0.021181146416306515	0.4361985029461052
OGG1_multinomial_train_fold1.23	0.7455034005173315	0.04811436692847969	0.20638223255418878	3.686e-321	5.1331719601008054e-231
UNG_multinomial_train_fold1.23	0.003946998508159621	0.0076928077440197844	0.3437331092871338	0.061776243862133054	0.5828508405985539
UNG_multinomial_train_fold1.24	0.00943129417967226	0.11861387961462361	0.370288680819105	1.87e-321	0.501666145386599
OGG1_multinomial_train_fold1.24	0.8152586411819008	0.000563145670204432	0.11984230342839666	0.03386230616661142	0.0304736035528867
OGG1_multinomial_train_fold1.25	0.7627717318299383	0.09328838389295661	0.14099005660006522	0.002949827677040026	3.487720651172267e-241
OGG1_multinomial_train_fold1.26	0.834938065878935	0.06832411398925632	0.08060017151809695	0.013087250656989308	0.003050397956722373
UNG_multinomial_train_fold1.25	0.1451613194818138	0.07355889844294938	0.335156214397801	2.2976272747402617e-78	0.4461235676774359
OGG1_multinomial_train_fold1.27	0.8663212848001624	0.053699526077510974	0.0667402018047156	7.966422212053776e-174	0.013238987317610982
UNG_multinomial_train_fold1.26	1.604546450664696e-68	0.10620002509372045	0.3240962691809167	8.55e-322	0.5697037057253627
OGG1_multinomial_train_fold1.28	0.8603896975030267	0.0392157167368547	0.06246070062334871	0.012583594206076939	0.02535029093069298
UNG_multinomial_train_fold1.27	0.10888654061132638	0.1111196379133361	0.41556628282757735	1.477e-321	0.3644275386477602
UNG_multinomial_train_fold1.28	0.14787154300414596	0.09727783099748391	0.22822335392269985	5.83e-322	0.5266272720756704
OGG1_multinomial_train_fold1.29	0.7978442465189748	0.03920635014692605	0.13437649581769928	9.345793523444026e-219	0.02857290751639972
UNG_multinomial_train_fold1.29	0.15247766913514194	0.14812974769567036	0.22046036420759024	1.15e-321	0.47893221896159754
OGG1_multinomial_train_fold1.30	0.7604901853910406	0.04416118750002862	0.14325439830213874	0.0316664001160917	0.020427828690700218
UNG_multinomial_train_fold1.30	0.06359954633298093	0.07859779033395792	0.30963462623821497	0.01357677292698241	0.5345912641678637
OGG1_multinomial_train_fold1.31	0.7068019831997989	0.0594330375250267	0.23376497927517423	1.824001432678523e-79	1.5521912610023906e-122
OGG1_multinomial_train_fold1.32	0.8566714176521469	0.00870961740231319	0.10237955638780383	0.007127131101291785	0.025112277456444215
UNG_multinomial_train_fold1.31	0.13471687130550825	0.08555858637536881	0.27613274763498263	0.06800347672313979	0.4355883179610005
UNG_multinomial_train_fold1.32	0.04916502737912943	0.17004070185025144	0.335657494951833	0.04291655964641398	0.40222021617237225
OGG1_multinomial_train_fold1.33	0.78172220677842	0.041328672395280305	0.17694912082629954	4.664e-321	9.854111062144311e-64
OGG1_multinomial_train_fold1.34	0.8094931645025627	0.03355598223676987	0.14111959138929087	0.015831261871376533	9.877424017867073e-82
UNG_multinomial_train_fold1.33	0.05539023993976332	0.11274587900743235	0.29372116247251884	7.46e-322	0.5381427185802856
UNG_multinomial_train_fold1.34	0.1181916537165913	0.06231149595252195	0.3641956829553838	1.206e-321	0.45530116737550297
UNG_multinomial_train_fold1.35	0.08764901180657117	0.10145332359772613	0.2141642403132472	0.06252614185561797	0.5342072824268376
UNG_multinomial_train_fold1.36	0.07722337897657933	0.15019445825766212	0.31039616885640403	2.79e-321	0.46218599390935444
OGG1_multinomial_train_fold1.35	0.8565508313363936	0.05791059409850086	0.07678281916105303	6.695721702927367e-17	0.008755755404052334
UNG_multinomial_train_fold1.37	0.06371580548976495	0.22754235228061773	0.27208506975577407	0.010213879554588348	0.42644289291925486
UNG_multinomial_train_fold1.38	0.060403197373320894	0.1137192121325805	0.2856053283564904	0.021382584122905515	0.5188896780147025
UNG_multinomial_train_fold1.39	0.030022755661698045	0.14033469794751566	0.3550169162801465	2.1182165570545087e-288	0.47462563011063985
OGG1_multinomial_train_fold1.36	0.8600908109431479	0.016270217137424603	0.10101332524967666	0.004679484919649102	0.01794616175010181
UNG_multinomial_train_fold1.40	0.14034980527580995	0.09665060394962297	0.18300697254746368	0.03820441727725353	0.5417882009498498
UNG_multinomial_train_fold1.41	0.13464122461253678	0.13558919762398994	0.21690556343024317	0.02240307317937596	0.4904609411538543
UNG_multinomial_train_fold1.42	0.09816495317505318	0.029055895672022262	0.366668262234816	0.023768526154178193	0.4823423627639304
UNG_multinomial_train_fold1.43	0.05302771801337181	0.027112053560739806	0.3914128660389734	0.038546543493965225	0.4899008188929498
OGG1_multinomial_train_fold1.37	0.800021176229176	0.04343317895486789	0.09920099635666076	0.024050870099041586	0.03329377836025356
UNG_multinomial_train_fold1.44	0.04023310013811808	0.0394792618977417	0.40572714399916726	1.057e-321	0.5145604939649729
OGG1_multinomial_train_fold1.38	0.8177780106374545	0.0474494389171926	0.11577707340194268	4.694e-321	0.018995477043410314
OGG1_multinomial_train_fold1.39	0.862855969700443	0.0504567925267348	0.04929820872694335	0.012051904787876882	0.025337124258002098
OGG1_multinomial_train_fold1.40	0.8497192015581598	0.01772813874323463	0.13034851916633983	0.0022041405322654486	6.072282001111156e-17
UNG_multinomial_train_fold1.45	0.012120956712445329	0.16425406495238615	0.37324023707843934	1.08e-321	0.4503847412567292
OGG1_multinomial_train_fold1.41	0.8338047203320181	0.04376794470399335	0.08233754597142358	0.0013213990368796317	0.03876838995568529
OGG1_multinomial_train_fold1.42	0.7413317302053526	0.02570112856200524	0.232967141232642	2.154e-321	3.74760863469208e-167
OGG1_multinomial_train_fold1.43	0.9263769048354903	0.0013151397365242083	0.03646285500886251	0.00444719516100107	0.031397905258121736
UNG_multinomial_train_fold1.46	0.0800805620752363	0.221939163847756	0.27002156921989934	8.000690552860315e-300	0.4279587048571083
OGG1_multinomial_train_fold1.44	0.8462697348516007	0.054669809596522775	0.07722918156586682	0.004383751098463469	0.0174475228875462
UNG_multinomial_train_fold1.47	0.06110687773962702	0.053961179065554005	0.3328642549077803	0.0008576810748095336	0.5512100072122292
OGG1_multinomial_train_fold1.45	0.8512046333742541	3.8426042784920084e-112	0.11105170094332129	0.033193100167169746	0.004550565515255009
OGG1_multinomial_train_fold1.46	0.811120634049455	0.041659918586802534	0.13788798838299632	2.3533411215754132e-303	0.00933145898074608
OGG1_multinomial_train_fold1.47	0.8352592136871303	0.062350168656267066	0.04017454032008783	1.9010717066249007e-239	0.06221607733651493
OGG1_multinomial_train_fold1.48	0.7895038397356571	0.07962174987602995	0.10951407184613977	0.017391970101989396	0.003968368440183732
UNG_multinomial_train_fold1.48	0.0934122224333562	0.07992550911324714	0.2431499203790765	3.4833026238413806e-146	0.5835123480743201
RNF168_multinomial_train_fold1	0.056414799038790535	0.6171034301607758	0.08447129567099103	0.08876194201441356	0.15324853311502898
RNF168_multinomial_train_fold1.1	0.06189667377724566	0.6049361908071377	1.6311293206875367e-188	0.1332162050659644	0.1999509303496521
RNF168_multinomial_train_fold1.2	0.09638288800825204	0.6383667536331576	0.07272143952932393	0.08547986100658149	0.107049057822685
RNF168_multinomial_train_fold1.3	0.0615229609930451	0.6418010570758552	0.040968189499819875	0.13015560783935498	0.12555218459192485
RNF168_multinomial_train_fold1.4	0.08890335598520989	0.6450425604054751	0.049436995290691725	0.13686924988410396	0.07974783843451932
RNF168_multinomial_train_fold1.5	0.04010484696649713	0.574079128104807	0.08524579125177373	0.13033060536073776	0.17023962831618428
RNF168_multinomial_train_fold1.6	0.04243555314192196	0.6252959128336437	0.02218955799048104	0.11269431313812285	0.19738466289583034
RNF168_multinomial_train_fold1.7	0.09380607225151281	0.6600145588602921	0.024927912102842086	0.1100894533868856	0.11116200339846734
RNF168_multinomial_train_fold1.8	0.022143400412010718	0.6910227649736769	0.14601174942330547	0.01915614005839025	0.12166594513261669
RNF168_multinomial_train_fold1.9	0.10847168156361649	0.6449524313809626	0.08396072949657757	0.06479808234584984	0.09781707521299356
