Samples	SBS96A	SBS96B	SBS96C	SBS96D	SBS96E	SBS96F	SBS96G
EXO1_0_real_train1	0.9233746285829448	2.27e-321	1.682236024586138e-205	5.981344376961135e-304	0.00011212631891863342	0.07651324509813646	6.401198109569776e-222
OGG1_0_real_train1	0.015249111696952217	0.048999718829692084	0.034553918238178515	0.015078958077714638	0.8709043119193735	0.015213981238089194	5.0060528054576175e-18
RNF168_0_real_train1	0.8815709707305719	9.6e-322	3.1684191908522033e-187	3.093e-321	0.049227984235722645	0.06920104503370537	6.460868355749707e-138
UNG_0_real_train1	0.09983164206639276	2.115e-321	0.8340127795822451	0.06615557835136218	2.3652884984789305e-195	8.55e-322	4.011689937013755e-193
ATP2B4_0_real_train1	0.10557150939549945	5.8e-322	0.3696648230527312	0.06428658773957473	0.22971231939235676	0.1929436352193709	0.03782112520046689
ATP2B4_1_real_train1	2.6938007152783756e-242	5.04e-322	0.10313755737458062	5.7539382608746575e-58	0.26712012882445635	0.3250603120660518	0.3046820017349113
MLH1_0_real_train1	0.13448615620006157	0.6765214074785144	0.08651194877441237	0.07156528364261096	1.705e-321	0.03091520390440074	6.916920480438742e-81
MSH2_0_real_train1	0.10555756315467585	0.6154213346108502	0.12402709643982075	0.0712822945889471	1.042e-321	5.554814593080406e-05	0.08365616305977532
MSH6_0_real_train1	0.04203692440811605	0.5826033572974461	0.06753020858879934	0.181257921683843	4.304539535706542e-298	2.2124567456285353e-16	0.1265715880217954
MSH6_1_real_train1	0.0629824284047944	0.5900330171089727	0.03850212536061567	0.18481681414841342	0.013170246151546368	2.525e-321	0.11049536882565739
PMS1_0_real_train1	1.887e-321	0.008059292523853302	0.15551704224642807	2.07e-321	2.6198186353716183e-87	0.8364236652297187	7.330220225119915e-135
PMS2_0_real_train1	1.4127755884756797e-199	0.00552800285246571	0.06830489465973844	0.8541638994663573	0.01944227433940099	0.05256092868203763	9.735058992853613e-21
EXO1_0_multinomial_train1	0.9649347552710752	2.347e-321	1.7413759464222504e-250	3.8350794309419403e-169	0.029348232133609882	0.005717012595314923	4.68570036828258e-246
EXO1_0_multinomial_train1.1	0.9178889870235668	2.204295377889741e-217	1.0945372751647552e-43	1.0616647162504778e-163	1.33e-321	0.08211101297643328	5.26804872947324e-119
EXO1_0_multinomial_train1.2	0.9352521054246612	1.89e-321	4.8897966129075364e-287	6.487903462042215e-100	2.9568264299522194e-266	0.06474789457533867	2.633e-321
EXO1_0_multinomial_train1.3	0.9307627906090172	2.144e-321	0.00803514411650475	1.92e-321	0.013465900183764297	0.04773616509071388	3.1624857964134903e-127
EXO1_0_multinomial_train1.4	0.9597591050465241	7.66e-322	1.007206426309322e-251	1.635e-321	6.108356381167918e-17	0.0402408949534757	2.12e-321
EXO1_0_multinomial_train1.5	0.9043303218273505	1.47e-321	4.657257360562404e-71	2e-321	8.2e-322	0.09566967817264936	7.31915709251838e-211
EXO1_0_multinomial_train1.6	0.9610446989200863	0.001450047423904492	1.966e-321	5.715714339368792e-83	0.037505253656009235	4.6784972490676274e-65	1.4221200003222117e-229
EXO1_0_multinomial_train1.7	0.9337631889404512	2.826e-321	1.9541915225540084e-230	2.174e-321	8.436871722055336e-255	0.06623681105954883	5.92341843628399e-287
EXO1_0_multinomial_train1.8	0.9270636848481862	2.554e-321	7.730860680599353e-273	0.0112685684449885	7.597222572544259e-131	0.061667746706825254	1.693908180619373e-274
EXO1_0_multinomial_train1.9	0.9635640476806522	1.44e-321	6.434224840464704e-231	1.53e-321	9.512952111497004e-285	0.03643595231934778	2.002334176031235e-280
EXO1_0_multinomial_train1.10	0.9152188185184926	2.184e-321	4.970737739274221e-39	3.55e-321	1.0295263120598421e-17	0.08478118148150743	1.2670940940055033e-213
EXO1_0_multinomial_train1.11	0.8592236590174224	2.35e-321	9.797748216264179e-127	2.6e-321	6.0127546292828656e-170	0.14077634098257763	8.719406653113173e-209
EXO1_0_multinomial_train1.12	0.8751360529579505	3.607e-321	3.6944936594e-314	3.9467878376969073e-249	0.011184290071645162	0.11367965697040444	3.4230293512446853e-230
EXO1_0_multinomial_train1.13	0.9088952731431645	1.556e-321	5.171249133945267e-13	0.02083270392534667	9.957878102432762e-224	0.07027202293097172	4.573216963293955e-200
EXO1_0_multinomial_train1.14	0.9279499214086303	1.94e-321	6.354103544896463e-262	4.1772060885897077e-252	1.7774059822337335e-271	0.07205007859136983	2.994e-321
EXO1_0_multinomial_train1.15	0.9474829580954799	3.363455512460396e-120	1.6798380486363018e-71	7.018553567247783e-144	5.504e-321	0.052517041904519994	8.56788616280749e-140
EXO1_0_multinomial_train1.16	0.9580838931472325	2.653e-321	2.3501565427033294e-295	2.1376752255766607e-120	0.007154052336881073	0.03476205451588649	1.0323402172277386e-234
EXO1_0_multinomial_train1.17	0.9503181223092713	0.003441753181168896	3.700958527060277e-128	2.8020172739351492e-96	1.374e-321	0.04624012450955981	4.170486663120419e-177
EXO1_0_multinomial_train1.18	0.8929661832262838	1.61e-321	2.703e-321	1.4948974674804148e-200	0.02257478815701036	0.08445902861670589	1.0287305995881987e-295
EXO1_0_multinomial_train1.19	0.9624347940386627	2.94e-321	2.7034610418599936e-271	2.337e-321	0.010472328827768574	0.02709287713356862	4.704742339867216e-230
EXO1_0_multinomial_train1.20	0.9387165549914751	3.09e-321	1.007006656253398e-201	2.475e-321	0.013732331916639102	0.04755111309188574	9.516007797345489e-226
EXO1_0_multinomial_train1.21	0.9459845332484147	0.0037964869929519554	2.92e-321	2.994e-321	0.0012425721866483011	0.048976407571985	5.640613075475231e-232
EXO1_0_multinomial_train1.22	0.8761085459450956	3.597e-321	7.114964728987058e-92	3.157e-321	2.715633358884233e-189	0.12389145405490445	8.32314511919424e-181
EXO1_0_multinomial_train1.23	0.8927031473095378	1.616e-321	0.03710105230470222	3.12e-321	1.35e-321	0.07019580038575983	3.981603775314657e-295
EXO1_0_multinomial_train1.24	0.9705804128731175	2.0395827430708442e-280	1.2396636188108959e-95	3.86e-321	0.011360849366471951	0.018058737760410472	4.053745983329722e-182
EXO1_0_multinomial_train1.25	0.9159840752136403	2.31501249336e-313	3.693092360167857e-169	9.397266799866453e-72	1.087e-321	0.0840159247863597	1.8027490749061853e-202
EXO1_0_multinomial_train1.26	0.9256066823647465	2.554e-321	4.150766929687882e-131	6.138694181381701e-87	1.695e-321	0.07439331763525338	3.1034269404823324e-166
EXO1_0_multinomial_train1.27	0.9641832763428042	2.393447343988621e-160	0.005789065313154066	2.515e-321	5.709480833454485e-76	0.030027658344041724	1.1275361042251694e-133
EXO1_0_multinomial_train1.28	0.8944277422200452	0.010071008246332036	1.0498815419986328e-52	2.1589152611052783e-115	7.95e-322	0.09550124953362268	1.4234509062994228e-105
EXO1_0_multinomial_train1.29	0.945651298620144	2.22e-321	2.154e-321	1.144651140731752e-180	8.9e-322	0.05434870137985618	2.6e-321
EXO1_0_multinomial_train1.30	0.953685879614038	1.8008158601635895e-76	2.55e-321	5.708829121000008e-234	0.019778259202118585	0.026535861183843566	1.7436988486653582e-202
EXO1_0_multinomial_train1.31	0.9571488977337548	1.92e-321	4.836954472599846e-231	8.2392641675278e-229	4.008199724813665e-95	0.04285110226624521	1.9888155668479256e-294
EXO1_0_multinomial_train1.32	0.9877716011056109	1.08e-321	2.2021083845054906e-116	2.643e-321	0.012228398894389075	2.0485526240079827e-74	2.0606599466e-313
EXO1_0_multinomial_train1.33	0.9232786569931282	3.78037590148e-312	1.97e-321	1.0119975650585561e-230	0.009218413734975837	0.0675029292718962	6.944890673483496e-266
EXO1_0_multinomial_train1.34	0.908653805246519	2.24e-321	4.584287063786481e-19	2.026e-321	5.796596431942982e-70	0.091346194753481	8.991792414523178e-203
EXO1_0_multinomial_train1.35	0.8976218073092964	3.0166721736390135e-188	3.3670695682075046e-73	8.411192826734853e-227	0.00410608053949016	0.09827211215121356	2.896885040615486e-102
EXO1_0_multinomial_train1.36	0.9145530747306952	1.986e-321	2.54e-321	1.8061997552223665e-295	2.3838407114842074e-107	0.08544692526930474	2.76316e-319
EXO1_0_multinomial_train1.37	0.8858605997683408	1.0320242387588279e-219	5.579431122191121e-167	1.4446187135463622e-236	0.014378980891467639	0.09976041934019164	1.1130540637886042e-145
EXO1_0_multinomial_train1.38	0.9518406453327187	1.45e-321	2.376e-321	6.881903926689328e-71	1.8300260479082818e-88	0.048159354667281384	5.781699426774642e-275
EXO1_0_multinomial_train1.39	0.956009000091579	1.12e-321	9.335770169790676e-307	5.578120901701381e-236	0.0053223952233416	0.03866860468507957	2.915e-321
EXO1_0_multinomial_train1.40	0.8996446912884488	7.26e-322	3.065629244717789e-121	3.957e-321	6.636768063477773e-134	0.10035530871155134	2.456e-321
EXO1_0_multinomial_train1.41	0.9139181181422452	1.19e-321	0.00510876802638071	3.45e-321	1.2876688537443854e-23	0.08097311383137398	9.120679515523289e-224
EXO1_0_multinomial_train1.42	0.909607193854037	1.067e-321	2.383151772452392e-196	2.32e-321	4.640626791361868e-133	0.09039280614596301	1.0679483276880689e-283
EXO1_0_multinomial_train1.43	0.9891036282588833	2.0919830234197e-310	2.055e-321	5.955019349452143e-111	2.0062552761085985e-10	0.010896371540491308	4.323162656e-315
EXO1_0_multinomial_train1.44	0.9242321747091093	6.915882055318576e-251	3.4355520507084564e-114	1.0277187310469418e-112	1.952639558511988e-243	0.07576782529089077	5.491656839698074e-161
EXO1_0_multinomial_train1.45	0.929026959942656	5.503844002789698e-55	2.396e-321	3.0475003724955836e-158	0.019405372749956903	0.05156766730738716	2.483483084604219e-211
EXO1_0_multinomial_train1.46	0.9441389741116917	8.201982889252988e-179	2.14e-321	6.868412017147721e-131	0.021621113585549953	0.03423991230275838	3.674370794390516e-247
EXO1_0_multinomial_train1.47	0.9254715474237445	7.36e-322	2.376e-321	1.2131399073531579e-225	1.6736918912732975e-17	0.07452845257625546	2.554e-321
EXO1_0_multinomial_train1.48	0.9655843138393777	0.017640031878749452	6.55003695217785e-159	6.68779769253091e-187	0.014318101765467217	0.002457552516405552	6.927430685705334e-145
EXO1_0_multinomial_train1.49	0.873853673504962	7.7e-322	2.4787957352349573e-160	1.685e-321	0.019201293167660442	0.10694503332737759	3.8593454057345893e-292
EXO1_0_multinomial_train1.50	0.9438691556161456	1.92e-321	2.0677378073703405e-113	2.47e-321	0.004277396895870681	0.05185344748798365	2.8956019184812547e-232
EXO1_0_multinomial_train1.51	0.9703197164942007	1.53e-321	2.6518434406006405e-159	5.513501800536787e-309	0.012259749690472492	0.017420533815326766	2.5463182301899e-279
EXO1_0_multinomial_train1.52	0.9379033980566996	1.156e-321	2.767e-321	1.3027820918499e-05	0.0029361211505266947	0.05914745297185536	1.925686526368988e-296
EXO1_0_multinomial_train1.53	0.9159679250237127	7.16e-322	2.554e-321	2.337e-321	1.2245931449306766e-283	0.08403207497628726	2.46e-321
EXO1_0_multinomial_train1.54	0.9364003739280362	1.56e-321	6.212119212469884e-230	3.32e-321	0.032998661560131815	0.030600964511831783	3.784320543303046e-273
EXO1_0_multinomial_train1.55	0.9252499057246899	5.022874005792032e-79	7.89096953248764e-245	8.942226990954348e-306	0.00034832965211762046	0.07440176462319233	9.091481073945734e-155
EXO1_0_multinomial_train1.56	0.9740757286577048	1.0406848264265534e-20	3.2409405165387406e-208	3.236e-321	2.184e-321	0.0259242713422954	2.97660860457019e-163
EXO1_0_multinomial_train1.57	0.8980819826157407	3.99e-321	1.4068430090848998e-140	3.48e-321	0.0026214961928982526	0.09929652119136108	5.404629851052005e-162
EXO1_0_multinomial_train1.58	0.934332129925339	1.1204519474896145e-143	7.733886251343594e-154	3.327126342509083e-07	8.4e-322	0.06566753736202675	2.4216405758213664e-134
EXO1_0_multinomial_train1.59	0.9143772477749644	1.097e-321	5.4095741168298065e-185	1.602030466963888e-263	1.04e-321	0.08562275222503561	9.898937453904107e-256
EXO1_0_multinomial_train1.60	0.9126391122894608	2.673e-321	9.512793513066454e-219	5.453353050711664e-195	0.014217633138448633	0.0731432545720906	1.1607037275049395e-216
EXO1_0_multinomial_train1.61	0.9342376806357289	1.93e-321	6.779746118481108e-132	1.7984464530757482e-199	0.0051916567484846686	0.060570662615786426	1.7535857897281557e-205
EXO1_0_multinomial_train1.62	0.9264824022469899	2.34e-321	2.515e-321	3.5977170485932264e-89	8.060304675984726e-239	0.07351759775301012	2.1256156883026593e-227
EXO1_0_multinomial_train1.63	0.9340579912931473	1.146e-321	3.577800516296403e-179	1.64e-321	0.013423477010840412	0.05251853169601217	1.3718974054335045e-249
EXO1_0_multinomial_train1.64	0.9392330136310332	1.5e-321	5.480024169214046e-113	2.3417741600992972e-226	0.014290104129444614	0.04647688223952221	7.97648746881958e-201
EXO1_0_multinomial_train1.65	0.9123847582104814	2.74e-321	8.541312189803833e-266	2.419059029125217e-263	0.022625063187958927	0.06499017860155958	9.717848016597078e-222
EXO1_0_multinomial_train1.66	0.9348774217537442	2.21e-321	8.379682324061524e-30	3.567e-321	6.306733113319137e-268	0.06512257824625581	1.0909870039393112e-176
EXO1_0_multinomial_train1.67	0.9210655162658318	1.215e-321	4.5576391380819553e-88	2.19e-321	0.009767176925089908	0.0691673068090784	2.216519344485051e-303
EXO1_0_multinomial_train1.68	0.8978740642774278	4.8653615912693245e-59	0.0003538616188849605	2e-321	0.010070195661641357	0.09170187844204596	4.011154859487349e-54
EXO1_0_multinomial_train1.69	0.937107611238085	0.017608292908592872	1.0602557845518986e-143	2.905e-321	9.73e-322	0.045284095853322257	9.457583413210164e-202
EXO1_0_multinomial_train1.70	0.9533555696772504	1.24e-321	4.6776915238835803e-275	2.61e-321	0.03790931560327597	0.008735114719473613	2.71e-321
EXO1_0_multinomial_train1.71	0.9406299435038805	4.259906085493315e-279	2.204631e-317	3.063e-321	0.001627326129851833	0.05774273036626762	3.828607581812305e-198
EXO1_0_multinomial_train1.72	0.9227912867795637	1.93e-321	3.370797796263364e-199	3.725e-321	0.019505292602065797	0.057703420618370416	2.020741025164496e-235
EXO1_0_multinomial_train1.73	0.8901608068741367	0.0043391367768817425	8.953639015681232e-136	4.15e-321	1.5640432725706735e-104	0.10550005634898157	9.961953153727261e-142
EXO1_0_multinomial_train1.74	0.9749215962428639	1.84e-321	6.769486930781811e-222	2.145066031443233e-306	5.2738502812609734e-263	0.02507840375713612	2.94e-321
EXO1_0_multinomial_train1.75	0.8971761479435348	2.28e-321	0.01916532286683412	1.7429279312946188e-293	1.057e-321	0.08365852918963115	2.420669640044451e-207
EXO1_0_multinomial_train1.76	0.9163407632893886	7.7e-322	2.613103223568482e-278	2.91e-321	2.2914282149385413e-192	0.08365923671061133	2.337e-321
EXO1_0_multinomial_train1.77	0.9265196897241754	1.42e-321	6.832477273504803e-273	2.348008285977364e-23	0.013557867302114156	0.0599224429737104	1.2911797153392977e-239
EXO1_0_multinomial_train1.78	0.928435664647807	1.09e-321	9.384131007960772e-236	1.956e-321	0.007306120103130571	0.06425821524906242	1.5113684518564086e-305
EXO1_0_multinomial_train1.79	0.9103841076684809	1.12e-321	1.7081755328436163e-137	2.323899138195695e-124	0.005228513938786833	0.08438737839273228	9.790436677310528e-221
EXO1_0_multinomial_train1.80	0.975480260148447	1.823e-321	1.5076241536316755e-29	1.1040554353140804e-255	1.2200814283804371e-17	0.02451973985155298	6.732109966468592e-158
EXO1_0_multinomial_train1.81	0.9237185288024938	1.765046808317576e-210	2.727e-321	1.1556929373440571e-173	0.03076823441020412	0.04551323678730217	2.566909600883355e-217
EXO1_0_multinomial_train1.82	0.9487771976182873	1.507e-321	7.37646835311997e-293	4.017e-321	0.017298246756602676	0.03392455562510997	5.75948944e-316
EXO1_0_multinomial_train1.83	0.8864675983644172	1.12e-321	1.4370057098396982e-209	2.456e-321	1.018037678779252e-170	0.11353240163558276	8.638075528745197e-296
EXO1_0_multinomial_train1.84	0.9293214229248328	2.283e-321	3.29580369e-315	1.3461328710838168e-202	0.013930512875788902	0.05674806419937814	4.3965150464548995e-202
EXO1_0_multinomial_train1.85	0.927323669873955	1.596e-321	2.574e-321	4.414943892748539e-153	6.97e-322	0.07267633012604506	2.456e-321
EXO1_0_multinomial_train1.86	0.9145502971397089	1.45e-321	2.57e-321	1.0686923760000417e-206	7.790654837956608e-242	0.08544970286029112	1.0581051004007952e-259
EXO1_0_multinomial_train1.87	0.9440722681070782	1.507e-321	2.0401617156059747e-65	2.01e-321	0.0065718220851078485	0.0493559098078138	7.049739461487851e-258
EXO1_0_multinomial_train1.88	0.9302235541632301	5.348390347257679e-299	1.7629567e-317	3.91e-321	0.0299208773903352	0.03985556844643476	1.3585197586736847e-230
EXO1_0_multinomial_train1.89	0.9463999876161652	1.956e-321	1.0305549375024919e-219	4.3190708790057716e-266	0.023701807812998823	0.029898204570835966	8.956916002806088e-227
EXO1_0_multinomial_train1.90	0.9128731469677479	3.8505436566656165e-77	4.925906770814473e-55	1.3534585095937105e-05	8.4e-322	0.0871133184471562	2.6851936195470395e-130
EXO1_0_multinomial_train1.91	0.9429520681447963	2.118657800635425e-258	2.283e-321	0.009206553388057724	0.0035347381314582925	0.04430664033568785	1.3273674663153652e-295
EXO1_0_multinomial_train1.92	0.874525610020028	2.94e-321	3.0091142650407704e-200	5.837683560638782e-73	1.0552637241907718e-224	0.12547438997997212	1.2240212002925736e-164
EXO1_0_multinomial_train1.93	0.9817012212650549	1.25e-321	4.0179639272497587e-209	2.194e-321	0.00746699626657826	0.010831782468366906	2.97e-321
EXO1_0_multinomial_train1.94	0.9018282799724554	1.566e-321	1.5425531860690657e-96	2.13e-321	6.401913987891456e-281	0.09817172002754461	2.5089637824090923e-296
EXO1_0_multinomial_train1.95	0.908043754305193	1.15e-321	2.164e-321	8.36375984154302e-271	1.29e-321	0.09195624569480686	2.32e-321
EXO1_0_multinomial_train1.96	0.9638098404774529	4.921611176060154e-192	1.265e-321	0.015788879825669854	6.6077789949665715e-233	0.02040127969687741	1.017590057198997e-292
EXO1_0_multinomial_train1.97	0.884407664050696	7.9e-322	7.993102053052635e-119	1.73e-321	0.006409240358489096	0.10918309559081496	2.8174585613209566e-302
EXO1_0_multinomial_train1.98	0.8659491461119556	6.205215865793494e-166	6.966762921995398e-160	3.053e-321	0.004658363541506731	0.12939249034653755	3.4839170690714984e-176
OGG1_0_multinomial_train1	3.01394883999774e-103	1.7781468978568387e-190	0.11604299804657008	0.012681023364857845	0.8256575530440468	0.04561842554452477	5.724403997334519e-16
OGG1_0_multinomial_train1.1	1.914154837756334e-36	0.07169587141012419	0.035085503486662076	0.01696802059255434	0.8762506045106593	2.756228663465806e-93	4.684620529290048e-55
OGG1_0_multinomial_train1.2	0.06493539513497032	0.025967618160285758	0.0048279823966975504	0.0030191952317201905	0.7853182239433372	0.11593158513296258	2.632167593374476e-14
OGG1_0_multinomial_train1.3	0.006813688739101244	0.0415308618174182	3.4506887105008396e-59	3.4509229162865887e-126	0.9516554494434806	4.0108609086669285e-125	8.102536408833745e-78
OGG1_0_multinomial_train1.4	6.588772124731305e-305	0.05970990339687585	1.1661850747726964e-284	3.646e-321	0.9402900966031242	1.779722869036256e-294	1.8172067343225436e-291
OGG1_0_multinomial_train1.5	4.113457112282369e-126	0.04633167486600122	0.036510747244739	7.884206373089673e-75	0.8548295243531407	2.4037718105386868e-26	0.062328053536119074
OGG1_0_multinomial_train1.6	3.6513170278663334e-35	5.08e-321	0.0748852594614656	1.6958635168911187e-36	0.7559987167403832	0.16898833508462796	0.00012768871352322983
OGG1_0_multinomial_train1.7	0.08410065639149412	0.04255669887738172	1.1879517531430604e-101	7.604167043632672e-23	0.8733426447311243	1.3980185633963383e-79	1.621528949316766e-104
OGG1_0_multinomial_train1.8	2.2615080400034315e-308	0.0545200850182342	7.16e-322	0.018217711982835547	0.9272622029989301	4.2785510663322884e-297	3.1494282671690627e-245
OGG1_0_multinomial_train1.9	3.3375751776727766e-81	0.0573427742584944	2.724811515016691e-280	1.5637097392872185e-151	0.9426572257415057	9.659658441028657e-277	1.290905137375436e-261
OGG1_0_multinomial_train1.10	4.0314383167084134e-76	0.05579172732758415	0.012015001370524454	0.031098614339514687	0.9010946569623766	1.6830036576723235e-96	1.4955846758226676e-74
OGG1_0_multinomial_train1.11	1.9995956568138617e-151	0.07438927087446305	2.8696113753920523e-217	8.551609600720935e-17	0.9256107291255369	2.9651368476943956e-182	9.252574929522951e-166
OGG1_0_multinomial_train1.12	0.059876216675112504	0.06327422126494389	0.03728542875652743	9.314357412258957e-41	0.809870461899072	0.02969367140434415	2.3468621331120433e-27
OGG1_0_multinomial_train1.13	0.013488964062985477	0.03954407050482812	0.05370992307352783	7.7959734952774715e-22	0.8932570423586584	1.43916809872109e-45	5.178442496835074e-55
OGG1_0_multinomial_train1.14	0.03627850356039139	0.0033884686933802386	0.0616886000374536	5.24e-321	0.8146722815705696	0.08397214613820515	5.890107509469636e-25
OGG1_0_multinomial_train1.15	3.2178280152515097e-66	0.08560654981380621	0.002467723336433307	0.013898582115888198	0.8980271447338724	2.4051342106645513e-33	1.9018431104595862e-54
OGG1_0_multinomial_train1.16	0.0340632990746065	0.04934103287025321	8.212705922229918e-88	0.01187577400722468	0.9047198940479155	5.537796851352864e-59	2.1631429873787753e-110
OGG1_0_multinomial_train1.17	0.03393989059748685	0.04609537267778799	0.05177452483403403	0.002938860224758515	0.8652513516659328	8.074847161469437e-24	1.3622129541448675e-42
OGG1_0_multinomial_train1.18	3.0134773485712826e-41	0.03733464827190221	0.013705176772981007	0.00018707502871318665	0.8879335548970944	0.06083954502930917	2.810118788937038e-71
OGG1_0_multinomial_train1.19	0.009176849088037571	0.06096223328329257	0.02603793632220725	0.029471475719872263	0.8743515055865905	3.493442022110588e-79	3.8353731130098987e-22
OGG1_0_multinomial_train1.20	0.012008324082681066	0.07620411328829449	3.496586661640645e-71	5.4519700315636876e-49	0.9117875626290245	8.066225155471321e-139	1.2892345653863918e-102
OGG1_0_multinomial_train1.21	0.0024585677061911347	0.025281600112145752	0.04724172393097171	0.015960829766298416	0.8306597002522224	0.07839757823217063	1.2821354051098397e-18
OGG1_0_multinomial_train1.22	1.7030635244480597e-21	0.09745794336544004	0.0026460565310326397	4.694e-321	0.8998960001035273	7.105411178522086e-22	5.290513336019817e-25
OGG1_0_multinomial_train1.23	1.6009051841948936e-128	0.010283528200143183	0.08297551837855839	0.003159699046836544	0.8260187725503016	0.059104679243605865	0.018457802580554447
OGG1_0_multinomial_train1.24	1.1758849670469305e-29	4.372e-321	0.018608419988235845	1.5912832535436288e-203	0.7076967548570475	0.14248414027628295	0.13121068487843376
OGG1_0_multinomial_train1.25	2.2182230267539827e-102	0.0025986772998860576	0.0885707353392592	0.016159678717038637	0.8926709086438162	2.667567620054896e-102	1.7456335095015204e-25
OGG1_0_multinomial_train1.26	0.042494786242587616	0.0440742043491856	0.0017773774081396609	7.290797854262563e-159	0.8573328204960816	0.054320811504005535	2.3678519953312514e-18
OGG1_0_multinomial_train1.27	7.245312808393303e-05	0.07728628294418673	8.181986475100636e-19	1.0523979799282185e-211	0.9226412639277294	9.2455836546086e-131	4.4999021718336385e-101
OGG1_0_multinomial_train1.28	2.1734868112563374e-27	0.03007543020498502	0.009487897412809565	0.018959654685482327	0.8805732241236562	0.06090379357306691	9.182399735121286e-21
OGG1_0_multinomial_train1.29	0.030434856944285375	0.08025097473313834	4.947053519945987e-66	0.0028201088148262867	0.88649405950775	1.8733819418976376e-72	6.402299899836932e-72
OGG1_0_multinomial_train1.30	0.024103753243442133	0.06891493770789338	7.072532465819504e-64	0.012755873188244542	0.8942254358604198	6.646444034648776e-28	8.168726859676465e-64
OGG1_0_multinomial_train1.31	9.695256026200239e-74	0.02946772125467058	3.401251856400092e-11	3.1749197611298015e-216	0.7811480943180316	0.16505239702025973	0.02433178737302559
OGG1_0_multinomial_train1.32	0.03782490280197513	0.03848329582013121	0.00513565266969181	0.01809763489183785	0.8282343798291165	0.07222413398169543	5.552101869931713e-12
OGG1_0_multinomial_train1.33	4.724338351698855e-274	0.05856990144650909	7.26e-322	0.0126895393021638	0.9287405592513273	4.3010676055965487e-277	2.419369511852515e-249
OGG1_0_multinomial_train1.34	3.1719799878679992e-12	0.07149915450395672	0.020729912386877606	0.010109780289188996	0.857539355181868	6.284393702644672e-36	0.040121797634936604
OGG1_0_multinomial_train1.35	0.060644664718494785	0.03302328689049283	1.0813455058931895e-62	0.0015982711635291677	0.9047337772274834	6.492925397584464e-122	9.583313731652683e-94
OGG1_0_multinomial_train1.36	1.0399078212506044e-14	0.052999886068480974	0.04163611245320009	2.091354350957202e-91	0.9053564477945326	5.096946287318408e-63	7.553683775790673e-06
OGG1_0_multinomial_train1.37	0.004534729858610249	0.06125686074722125	0.02822950027387622	0.03936567630239476	0.866613232817893	4.3291168321821764e-15	5.4499669562948224e-21
OGG1_0_multinomial_train1.38	0.10140856128685523	6.974734728018855e-20	7.557202995879944e-09	2.637624282296862e-66	0.7576371934982462	0.06165868321191829	0.07929555444577734
OGG1_0_multinomial_train1.39	0.06841695132829735	0.04560651264244305	5.59070948045717e-17	0.013651637339980474	0.872324898689279	2.7659375897806875e-30	1.4885087591708966e-24
OGG1_0_multinomial_train1.40	6.441981077466625e-245	0.10545982807036842	7.16e-322	3.583047297372358e-63	0.8945401719296314	1.154428347368544e-270	1.3916002200619493e-261
OGG1_0_multinomial_train1.41	1.46780505111998e-120	0.03353344441186689	3.497772266415857e-175	0.025323590556504672	0.9411429650316284	6.761956504830237e-202	8.3583713967903e-180
OGG1_0_multinomial_train1.42	7.011953512901612e-78	9.404796138672672e-06	9.401003206956477e-26	3.5410842593592285e-119	0.6990250060353407	0.18383244539359134	0.11713314377492923
OGG1_0_multinomial_train1.43	0.035147073718559727	0.08711585142443727	5.42768119796702e-22	5.39e-321	0.877737074857003	1.71125176754383e-111	1.2178404991104662e-65
OGG1_0_multinomial_train1.44	0.020210212691182866	0.015270979283213125	3.77135555013191e-23	0.04075235358957848	0.9237664544360256	1.080082742794803e-77	7.7073868322754235e-56
OGG1_0_multinomial_train1.45	1.298016991070409e-70	0.03736102857984372	0.07064497101487976	0.0053727273118271334	0.8291996259658052	0.05742164712764419	1.5718289538110088e-37
OGG1_0_multinomial_train1.46	0.05915772713134489	0.059098869880865046	8.47774947429176e-158	2.956818822360797e-230	0.88174340298779	3.1217052922794923e-45	2.403636256288598e-125
OGG1_0_multinomial_train1.47	1.0467121456822988e-48	0.02653238256058813	0.07053042433441632	0.0165433160227994	0.8217627224310532	0.06463115465114312	1.3757377495676316e-21
OGG1_0_multinomial_train1.48	8.863047803761795e-41	0.031987714151130824	0.08147102342458445	0.014189522668958282	0.8402777302962303	0.03207400945909613	3.139795962575504e-28
OGG1_0_multinomial_train1.49	4.320333677398667e-114	0.005535621969694782	2.385988488328491e-14	0.003289639788826677	0.785764124335279	4.788930433954908e-22	0.20541061390617563
OGG1_0_multinomial_train1.50	0.03161820417791292	0.030087620810594774	6.338199487704887e-89	0.023549535336742436	0.7893220007249369	0.12542263894981284	2.9451827389969103e-60
OGG1_0_multinomial_train1.51	1.873983327070281e-74	0.08628428553990385	0.05334732263815833	5.257e-321	0.8383515322121481	0.022016859609766126	2.3515459206855805e-14
OGG1_0_multinomial_train1.52	5.735939781928613e-10	0.06782778322330221	5.399979817953794e-35	0.0046242874080770794	0.9275479287950269	6.142765598949104e-20	1.3441086404573543e-66
OGG1_0_multinomial_train1.53	0.02174089773668795	0.05890931949672084	2.9783651541128885e-79	2.3384607311233816e-14	0.9193497827665679	3.997103429740841e-165	3.0434572057303453e-106
OGG1_0_multinomial_train1.54	1.5617972904127435e-208	0.03582673748921218	2.3984342397493e-310	0.02613402025748808	0.9380392422532996	2.6368345190307202e-261	2.2354799956828293e-246
OGG1_0_multinomial_train1.55	0.03893236267788837	0.03134682277554147	4.2669573246603766e-39	4.1973299756458265e-92	0.7143315380108722	0.21538927653569787	1.0588368682906318e-23
OGG1_0_multinomial_train1.56	1.1143253235030959e-67	2.747e-321	0.05383298261076341	1.1416920913388163e-17	0.7064592435106068	0.08883097571739236	0.1508767981612372
OGG1_0_multinomial_train1.57	0.07022573670809118	0.06248022577974989	1.7288879815984062e-38	3.547e-321	0.8672940375121589	1.8443721874106895e-21	3.541071886773959e-86
OGG1_0_multinomial_train1.58	5.9683301094825105e-148	9.433899516229582e-299	0.004465468218807725	0.00577694407040727	0.7579809210222759	0.10273002219604074	0.1290466444924685
OGG1_0_multinomial_train1.59	5.887480803128319e-27	1.0155416909647065e-130	0.03176665963649788	0.021530210894343267	0.7509197593074917	0.1150214908890171	0.08076187927265006
OGG1_0_multinomial_train1.60	0.1137009534468075	0.026109843063499807	0.036445019946187165	9.611123633042358e-44	0.7413470646784791	0.08239711880042055	6.460581930842575e-11
OGG1_0_multinomial_train1.61	7.266214186669156e-111	0.03652222649175686	0.05832660859713568	0.023132506566479152	0.7902213164178196	0.01510251966716968	0.07669482225963921
OGG1_0_multinomial_train1.62	3.400134161567577e-34	0.049353172229382396	8.370375094820505e-46	0.01671455852888351	0.8991202437483187	0.034812025493415374	6.958216081281651e-31
OGG1_0_multinomial_train1.63	3.168046076376316e-32	0.06024823492475594	9.731883053388822e-101	0.03966881238686392	0.8864821342739463	0.013600818414433828	2.038384518443911e-75
OGG1_0_multinomial_train1.64	0.058264485043328394	0.04081699483083102	0.008180101144636104	0.006504539554180533	0.8623552699533155	0.023878609470464777	3.243784979087452e-12
OGG1_0_multinomial_train1.65	0.07442045467315528	0.012158082911058847	0.09520710103876356	9.453505803470962e-258	0.7656814015500579	0.05253295982696457	1.5522739424874216e-20
OGG1_0_multinomial_train1.66	0.09590698090377144	0.030793392089718905	5.2503962236613575e-25	6.166e-321	0.8251651716334176	0.04813445537309207	6.584536778835183e-49
OGG1_0_multinomial_train1.67	1.6345301122707727e-15	0.015239877336113926	0.13895573083831037	0.034409258114311066	0.7597585393809153	0.05161199808167907	2.4596248668811724e-05
OGG1_0_multinomial_train1.68	3.155025179403773e-17	0.03551735050968161	0.06578800119097963	2.2726461163303043e-271	0.8986946482993386	6.7590784669916095e-25	5.088804245324572e-24
OGG1_0_multinomial_train1.69	6.879028010718578e-57	0.05302119781706674	0.03571042087707277	7.327743726089478e-91	0.8331389717526877	0.077968539641178	0.00016086991199492037
OGG1_0_multinomial_train1.70	5.011726596067338e-19	0.047402741943574155	0.051206563820324597	5.95e-321	0.9013906942361012	2.1586496085735396e-98	7.087923459508885e-76
OGG1_0_multinomial_train1.71	1.0372377851915208e-39	5.290398703904148e-245	0.029466659619558747	0.03772421319745098	0.9328091271829902	8.789207589917955e-46	7.162030589906275e-67
OGG1_0_multinomial_train1.72	0.032665041580481245	0.06310899452005192	3.1248732302405563e-23	0.00785626372275591	0.8901144888050182	0.006255211371692602	2.098757223445981e-39
OGG1_0_multinomial_train1.73	0.01175793350401145	0.05764920939646177	1.699406185074404e-39	0.029673877963667057	0.8913236540333392	0.009595325102520497	1.2791354378236465e-39
OGG1_0_multinomial_train1.74	0.09982492603913899	6.378958802650148e-08	1.887353408229756e-42	7.604e-321	0.8586240641825045	0.04155094598876849	5.363507496464026e-48
OGG1_0_multinomial_train1.75	6.023544908686786e-73	0.06650524362878744	1.6013730491528777e-256	0.003352189738240832	0.9301425666329718	6.704503579163507e-274	3.2589164543513185e-226
OGG1_0_multinomial_train1.76	2.7754316121042624e-217	0.04467059757560711	0.06502885766083644	0.0031942699988762482	0.8562487516785459	0.030340313517816034	0.0005172095683183479
OGG1_0_multinomial_train1.77	2.4636112561046804e-13	0.04187342591468338	3.3855648727828534e-46	0.026924061959612996	0.9312025121254572	5.764688419756766e-35	4.652145964443e-81
OGG1_0_multinomial_train1.78	0.12223894536252103	7.900280089953623e-147	0.04461606585787345	0.002052958277829647	0.8310920305017755	4.934570009309396e-16	2.0099579926793976e-18
OGG1_0_multinomial_train1.79	1.5404797130377522e-170	0.02404148572895245	4.631339307287288e-40	0.00034194058342516224	0.9756165736876223	2.8093124410461755e-153	1.3356761864112243e-94
OGG1_0_multinomial_train1.80	1.8173546047593342e-05	0.07343257810567114	5.986209711486377e-07	0.0224889248898348	0.9040597248374753	6.83544232902078e-145	6.323543760510225e-75
OGG1_0_multinomial_train1.81	2.615404099664421e-186	0.048075784119473684	3.267606155860482e-176	4.774731892095123e-56	0.9519242158805262	7.956043395616758e-196	2.0225231443087962e-168
OGG1_0_multinomial_train1.82	0.06159472625105326	0.02674582524809332	0.017239609745677148	4.5e-321	0.8944198387551685	7.749240844787519e-15	7.505289312123758e-29
OGG1_0_multinomial_train1.83	3.1998362029466034e-145	0.05082833134021735	0.026590837016302358	4.165e-321	0.8600317920322784	0.021613458325012394	0.04093558128618958
OGG1_0_multinomial_train1.84	0.023626757350507233	0.007764655954772625	0.08691891041582424	0.03060545435639554	0.8268411821592876	0.02424303976168267	1.5301615218696282e-12
OGG1_0_multinomial_train1.85	4.214739532790541e-162	0.03861050180408388	0.1081046452392969	0.024233249048033145	0.828991813252683	2.7461348872406713e-68	5.979065590303115e-05
OGG1_0_multinomial_train1.86	6.944528135213984e-06	0.02258887967299404	0.09426449936111725	0.022561395903582086	0.860568441295799	9.839238372507051e-06	6.30608107414114e-25
OGG1_0_multinomial_train1.87	0.040518641825637386	0.05363209921915862	0.007050550261487568	0.027943766231792264	0.8708549424619243	5.265058182802778e-29	2.7186309612185907e-30
OGG1_0_multinomial_train1.88	5.668369306438141e-120	0.019566376197751378	1.8335745694213847e-69	8.993473491198336e-25	0.7496720481890677	0.10550218709249334	0.12525938852068755
OGG1_0_multinomial_train1.89	6.225342779294124e-90	5.939826539161889e-39	0.06716736305536271	0.03466870660286677	0.8085347573753364	0.02961644519286669	0.06001272777356745
OGG1_0_multinomial_train1.90	0.09658177601722844	0.06579333528417636	4.004318160211448e-11	5.48e-321	0.8376248886585522	5.132778174946327e-63	1.2852059007947135e-29
OGG1_0_multinomial_train1.91	1.3021086987130596e-81	0.011659365321276082	0.000408328016962113	0.019480349530783283	0.788301343229806	0.07356708004294885	0.10658353385822378
OGG1_0_multinomial_train1.92	1.1341112013650107e-28	0.009688559523388833	0.03239806755936921	0.010333945257833942	0.7581765534602278	0.10624747609077734	0.08315539810840289
OGG1_0_multinomial_train1.93	0.06093666175394802	0.038978597890513195	1.2932515470243359e-107	9.483537400439106e-84	0.9000847403555386	1.5836700598458566e-41	1.487640635655597e-95
OGG1_0_multinomial_train1.94	0.01888963440299239	0.08391200328248802	0.01391677186152453	1.063260327516304e-257	0.883281590452995	2.0261362550085045e-29	3.598238336032568e-52
OGG1_0_multinomial_train1.95	0.12341586733009427	0.0010804222613505364	0.004915383376866853	2.27e-321	0.8705883270316883	3.5748088568264547e-81	3.3584088740275977e-124
OGG1_0_multinomial_train1.96	0.056960525466809714	0.037764139114205286	2.281903622865701e-112	0.010197018539161431	0.8950783168798234	1.8464434624474275e-86	2.8755434330312153e-106
OGG1_0_multinomial_train1.97	0.025183293507135343	0.03609520930336791	2.4477475271769443e-101	0.03554227049023667	0.90317922669926	5.377419799482551e-68	2.87601582131355e-95
OGG1_0_multinomial_train1.98	5.0294933131976395e-171	0.01681707842536303	0.07513161522194976	0.011967874936453253	0.8313039445866747	0.0647794868295591	8.701332550982873e-21
RNF168_0_multinomial_train1	0.83690844574742	1.45e-321	1.754e-321	1.6971698341392766e-25	0.06163692374990342	0.1014546305026767	1.291531825595575e-109
RNF168_0_multinomial_train1.1	0.8697169354553593	7.2e-322	1.156892977116525e-124	3.473e-321	0.08127246327385539	0.04901060127078524	5.625236309913583e-170
RNF168_0_multinomial_train1.2	0.8975622226776518	0.02438880990061978	8.4e-322	2.09e-321	0.07804896742172839	6.541845600845992e-267	5.4571485738831015e-275
RNF168_0_multinomial_train1.3	0.9427151500977687	5.93e-322	3.7093897e-316	0.0030309117618541733	0.0542539381403772	5.356456301384365e-99	1.877e-321
RNF168_0_multinomial_train1.4	0.8122629377609971	6.5e-322	0.09060468229566605	2.96e-321	0.036565957576727016	0.060566422366609855	8.124118561070453e-147
RNF168_0_multinomial_train1.5	0.9568137436465174	8.7e-322	8.50353309648689e-203	1.215e-321	0.041823719954087256	0.0013625363993953305	1.9657636515334637e-196
RNF168_0_multinomial_train1.6	0.8144476617312342	3.05e-321	3.31923296816185e-241	0.06000667782956604	0.0823318280329442	0.04321383240625559	4.012063109014935e-55
RNF168_0_multinomial_train1.7	0.9243837053458018	1.334e-321	1.85e-321	0.018002192902998662	0.03751446473188005	0.02009963701931956	1.634680641240907e-176
RNF168_0_multinomial_train1.8	0.8914838333192024	2.96e-322	7.86e-322	1.917e-321	0.027458512946775836	0.08105765373402164	1.467e-321
RNF168_0_multinomial_train1.9	0.944767019607053	4.726873509220015e-122	1.586e-321	1.087e-321	0.05523298039294689	2.9748646794532296e-24	2.9532298136090143e-145
RNF168_0_multinomial_train1.10	0.8926128637581668	1.527e-321	1.439455107696531e-75	9.368171606647317e-285	0.05781937823168805	0.049567758010145124	1.9563218413376554e-50
RNF168_0_multinomial_train1.11	0.9075794611543601	6.6e-322	1.59e-321	0.02372690097251799	0.03872720780337404	0.029966430069748078	2.40622814640528e-293
RNF168_0_multinomial_train1.12	0.8477758867012054	6.27e-322	0.012485659153474906	1.03e-321	0.05389035030629532	0.08584810383902441	1.5644870295032935e-117
RNF168_0_multinomial_train1.13	0.9204625938231967	6.37e-322	1.77162086061754e-26	1.724e-321	1.285e-321	0.07953740617680327	2.44e-321
RNF168_0_multinomial_train1.14	0.9193289780879418	6.37e-322	6.240249704341861e-244	2.69e-321	0.08067102191205819	1.0734110313890704e-19	1.897e-321
RNF168_0_multinomial_train1.15	0.797823598729715	6.3e-322	1.5692553873574813e-47	2.4496109572815267e-94	2.7969393785297785e-244	0.2021764012702849	9.583301148177669e-119
RNF168_0_multinomial_train1.16	0.766816486681544	9.3e-322	4.1530106518193234e-253	0.03426187026728535	0.1168657857465761	0.08205585730459444	1.8985681839772412e-98
RNF168_0_multinomial_train1.17	0.87094458940225	5.1e-322	1.4806253304106365e-141	1.1e-321	0.022546833454149793	0.10650857714360021	1.1715665095013486e-276
RNF168_0_multinomial_train1.18	0.8603742975397523	1.275e-321	0.025115876021035804	2.83e-321	1.5e-321	0.11450982643921208	2.4653676277047463e-114
RNF168_0_multinomial_train1.19	0.8731348689906653	1.32e-321	0.04195011224752578	3.216e-321	0.08491501876180894	4.091236465494693e-221	7.60562801941324e-100
RNF168_0_multinomial_train1.20	0.860518446454732	9.1e-322	2.1364469740880318e-134	2.32e-321	0.030558270123618045	0.10892328342165007	2.6525753954960436e-187
RNF168_0_multinomial_train1.21	0.7814425911569676	6e-322	0.13562831104744552	7.1e-322	1.18e-321	0.0829290977955869	9.284740102372518e-135
RNF168_0_multinomial_train1.22	0.9219886219203496	6.1e-322	1.343671694958716e-115	7.537578487019823e-234	0.05453757223369937	0.02347380584595109	2.862751033992766e-191
RNF168_0_multinomial_train1.23	0.8496300344923937	8.4e-322	1.3752116274976099e-252	0.002315062599384097	0.0433435055224765	0.10471139738574588	2.5776435863007238e-108
RNF168_0_multinomial_train1.24	0.8917309403512934	7e-322	1.83e-321	1.84e-321	0.10826905964870658	1.1650942734902995e-119	2.59480516111848e-299
RNF168_0_multinomial_train1.25	0.9406660734913699	5.7e-322	0.01141896873684005	1.82e-321	0.02938834815831942	0.018526609613470482	4.47087873978183e-155
RNF168_0_multinomial_train1.26	0.8762186797405599	6.6e-322	0.0297533737379627	2.49e-321	0.09402794652147729	1.284543234847458e-36	1.8807378694706978e-193
RNF168_0_multinomial_train1.27	0.8155049971286057	9.6e-322	0.07360593881990588	3.9980229815e-313	0.08561253145702903	0.025276532594459264	1.8236231733140103e-65
RNF168_0_multinomial_train1.28	0.7901767329681219	1.86e-321	0.040437216230929746	1.393e-321	0.05083259601072841	0.11855345479021985	1.8052279605302772e-31
RNF168_0_multinomial_train1.29	0.7888762329076648	6.87e-322	9.026706795399274e-130	1.537e-321	0.029634828834144485	0.18148893825819057	8.272505912865004e-64
RNF168_0_multinomial_train1.30	0.9485019894090673	1.17e-321	1.17e-321	1.2306852115255534e-209	0.05149801059093273	9.946600327289131e-52	8.688600085657995e-284
RNF168_0_multinomial_train1.31	0.8594845275020301	9.1e-322	7.872307290796051e-175	1.01e-321	1.9339561979822894e-136	0.14051547249796992	6.2694941760805045e-170
