Samples	SBS96A	SBS96B	SBS96C	SBS96D	SBS96E
EXO1_0_real_train1	0.10995056548427004	0.5743105476893989	0.04509882612077548	0.12062824206580637	0.15001181863974905
OGG1_0_real_train1	2.273e-321	1.8848216448615555e-259	0.6637884045011434	0.09378212091100932	0.2424294745878472
RNF168_0_real_train1	0.06306236035230049	0.5532944951207766	0.07154919783991517	0.14068115001667802	0.17141279667032963
UNG_0_real_train1	0.12827061252864713	0.0764054056125866	0.08727326261410946	0.2984983536672958	0.40955236557736086
ATP2B4_0_real_train1	0.030684364432316574	0.15316383097942154	0.27394891266562604	0.3452043808290344	0.19699851109360156
ATP2B4_1_real_train1	0.10918010302633974	0.09454962159640946	0.40160884796303575	0.3946614274142149	2.2061121612167353e-26
MLH1_0_real_train1	0.8607254076261499	0.0149958283347158	0.0045411039573859885	0.05145790324351893	0.06827975683822941
MSH2_0_real_train1	0.8107512931385448	1.1332515781125511e-102	0.005174497763788916	0.10394154573582544	0.08013266336184083
MSH6_0_real_train1	0.829632671309578	0.03618058669862077	0.014509483708004416	0.06617088179713808	0.05350637648665881
MSH6_1_real_train1	0.8463556649947557	0.05073185290992848	0.030602088579475578	0.04667300805570227	0.025637385460137895
PMS1_0_real_train1	0.19214732200012394	0.03110461170527443	0.22722284907137769	0.38509088756665366	0.16443432965657026
PMS2_0_real_train1	0.4258789825521058	0.49621404477156683	0.03485267250681903	0.04305430016950832	7.3e-322
EXO1_0_dirichlet_train1	0.08048618897419867	0.6076635587100566	0.19562550241509027	0.026103168628244806	0.09012158127240953
RNF168_0_dirichlet_train1	0.06160489166452882	0.5594317805630046	0.023458461319232266	0.21273750926011104	0.14276735719312328
RNF168_0_dirichlet_train1.1	0.0458200498733283	0.6485139212016146	0.15392639523816998	0.04966841550205236	0.10207121818483472
EXO1_0_dirichlet_train1.1	0.12831375208140022	0.4734063089131948	0.06114073535970413	0.2251233205339956	0.11201588311170518
RNF168_0_dirichlet_train1.2	1.784e-321	0.7358331649845862	0.11239034473347592	0.08265763114067431	0.0691188591412635
RNF168_0_dirichlet_train1.3	0.059808756778333284	0.5977048128790633	0.09629499584457482	0.03871427603276261	0.20747715846526604
RNF168_0_dirichlet_train1.4	0.04451416713226019	0.6167975565571294	0.0630868316642346	0.1252663903150909	0.15033505433128494
RNF168_0_dirichlet_train1.5	0.08057564074198709	0.5288834235704349	1.314e-321	0.058985577085417774	0.3315553586021603
RNF168_0_dirichlet_train1.6	8.15e-322	0.4742164335183051	0.029325853462650753	0.11801920532623707	0.3784385076928071
RNF168_0_dirichlet_train1.7	0.131333048366842	0.6151582744705298	0.12108236202185697	0.09882304959944034	0.03360326554133087
RNF168_0_dirichlet_train1.8	0.03268908750824507	0.5513838822004707	0.08184140298487952	0.026298209113819776	0.3077874181925848
EXO1_0_dirichlet_train1.2	0.14669268992632478	0.3865712956711518	1.136e-321	0.0952738168666367	0.3714621975358867
EXO1_0_dirichlet_train1.3	0.12705051972184261	0.661958342296598	0.04887579678168726	0.05470967104979101	0.10740567015008122
RNF168_0_dirichlet_train1.9	3.9396184388179945e-252	0.4840379250223319	0.129646671609852	0.09453178426900792	0.2917836190988083
EXO1_0_dirichlet_train1.4	0.12894343001179068	0.4664845413835025	6.526349293261469e-175	0.16863721527930217	0.23593481332540453
EXO1_0_dirichlet_train1.5	0.07217275894604165	0.6929417155333012	0.031069770889075775	0.025748456024084116	0.17806729860749726
EXO1_0_dirichlet_train1.6	4.15624035921502e-186	0.6600476998653022	0.009399603671637747	0.09135464731314519	0.23919804914991502
EXO1_0_dirichlet_train1.7	0.2495407641666903	0.5550687786937993	1.758403345408803e-146	0.0679542772741218	0.12743617986538855
EXO1_0_dirichlet_train1.8	0.1918912408123046	0.575423101125968	8.05e-322	0.12945793443869888	0.10322772362302848
RNF168_0_dirichlet_train1.10	0.16017195347197086	0.46382772813613893	0.044767231628475616	0.16300897610387027	0.16822411065954432
EXO1_0_dirichlet_train1.9	0.2532857771605901	0.5090520168020377	0.15750509639523658	0.028736757074720027	0.051420352567415645
RNF168_0_dirichlet_train1.11	0.14148859518127896	0.5432298444956369	0.0653094953921359	0.1311704277399905	0.11880163719095777
RNF168_0_dirichlet_train1.12	2.7536816116683544e-163	0.5609264702220281	0.07800366785005734	0.1798980444875301	0.1811718174403846
EXO1_0_dirichlet_train1.10	0.12080928511532107	0.6369044181298662	0.0653164835143953	0.10138346334567383	0.07558634989474353
EXO1_0_dirichlet_train1.11	0.0007699150806692077	0.5528784125600491	0.02438728806192019	0.17469902650135402	0.2472653577960075
RNF168_0_dirichlet_train1.13	0.16905499495124415	0.530514176748187	0.0003108294409682676	0.0853561068174908	0.21476389204210958
RNF168_0_dirichlet_train1.14	0.13509927599851987	0.6095343616137531	0.04739468278425998	0.20797167960346705	5.73e-322
RNF168_0_dirichlet_train1.15	0.003122653104284119	0.5851848026233816	0.02374684501054405	0.2614837780334536	0.12646192122833666
RNF168_0_dirichlet_train1.16	0.13366545102324573	0.4271502378974794	0.062272358950489624	0.28001219675829986	0.09689975537048551
EXO1_0_dirichlet_train1.12	0.06337911527480622	0.6492535020744078	0.1270999213952604	0.08436107388869499	0.07590638736683056
RNF168_0_dirichlet_train1.17	0.19126502077546081	0.4527815948825499	0.09932962915199521	0.0700668264903866	0.18655692869960744
EXO1_0_dirichlet_train1.13	0.07599768129610693	0.6643355358424213	0.030366929620506987	0.10042339321528329	0.12887646002568148
RNF168_0_dirichlet_train1.18	0.011012463474297553	0.6190073480582741	0.11495027594276844	0.09340630492652721	0.16162360759813266
EXO1_0_dirichlet_train1.14	0.20802841997029464	0.49460301986893607	0.16225837786621594	0.13511018229455338	6.587435185040461e-199
RNF168_0_dirichlet_train1.19	0.14723674621430535	0.4812712199092821	0.10379350236928075	0.11463753848316242	0.15306099302396928
RNF168_0_dirichlet_train1.20	0.060996188179451696	0.3331099456367983	0.14023133166278245	0.14910245418826418	0.3165600803327034
EXO1_0_dirichlet_train1.15	0.19708367238688812	0.4667477932328179	0.015086094066599616	0.2122599104765192	0.10882252983717519
RNF168_0_dirichlet_train1.21	0.05447589048022315	0.6926744148471358	0.03991208494151797	0.07402697615684889	0.1389106335742743
RNF168_0_dirichlet_train1.22	0.04934300940075643	0.6118982549741833	0.08300685381008052	0.16889374764765783	0.08685813416732192
EXO1_0_dirichlet_train1.16	0.11548515916569216	0.6773800266913754	0.07253216574164452	0.05391692126143243	0.08068572713985549
EXO1_0_dirichlet_train1.17	0.13539967581813653	0.5224670041974068	3.66e-322	0.15524630748573368	0.186887012498723
RNF168_0_dirichlet_train1.23	2.426e-321	0.5491528198787894	0.04201001112871479	0.0932517627937672	0.31558540619872855
EXO1_0_dirichlet_train1.18	0.08344356766351853	0.5269861127596706	0.06688198640895394	0.11832474572715286	0.20436358744070424
RNF168_0_dirichlet_train1.24	0.09821661028794898	0.5475543339669113	0.07589530692195415	0.1539423468270607	0.12439140199612475
RNF168_0_dirichlet_train1.25	0.013264913509702552	0.6576841099339644	0.12278375982124694	0.20626721673508605	6.062267329520144e-200
RNF168_0_dirichlet_train1.26	0.15104918497430517	0.47126247682639677	0.03826867360492864	0.08011779857479472	0.2593018660195748
RNF168_0_dirichlet_train1.27	0.10433353559018024	0.4797724007390942	0.013701221353298413	0.23534699940870507	0.1668458429087221
RNF168_0_dirichlet_train1.28	0.00019232133030395348	0.5458330912022844	0.0835086736455008	0.30602780742460123	0.06443810639730979
EXO1_0_dirichlet_train1.19	0.11241251124675194	0.457817211556126	8.05e-322	0.18299677239075499	0.24677350480636714
RNF168_0_dirichlet_train1.29	4.037e-321	0.6759113955192622	0.052403632558871364	0.09517485165815123	0.17651012026371526
EXO1_0_dirichlet_train1.20	0.2796868504619644	0.4610905707410534	9.158866538049117e-179	0.14196386620019905	0.11725871259678301
RNF168_0_dirichlet_train1.30	0.1268384153259089	0.5280009799868923	0.05861605159923093	0.2865445530879678	6.15898868602577e-235
RNF168_0_dirichlet_train1.31	0.005165894927966158	0.7408809522039898	0.027721440310265986	0.07681877677041614	0.14941293578736178
RNF168_0_dirichlet_train1.32	0.0863845649534732	0.4645378687220204	0.09492495422586099	0.2553748212103263	0.0987777908883191
RNF168_0_dirichlet_train1.33	0.10992554111112875	0.5377862273062367	0.09029309768538887	0.1400276960702873	0.12196743782695846
EXO1_0_dirichlet_train1.21	0.10174360285902996	0.4615338107550806	0.1756916599292552	0.22422053726976562	0.03681038918686855
RNF168_0_dirichlet_train1.34	0.14286079612575903	0.6161965369344927	0.057270541184945574	0.15123453409182783	0.03243759166297479
EXO1_0_dirichlet_train1.22	0.2236431668314978	0.4946088662643321	0.014716006529138409	0.07789455712325269	0.18913740325177897
EXO1_0_dirichlet_train1.23	0.17039153042102836	0.5523059200616381	0.010727563104245594	0.14400840376685084	0.12256658264623706
RNF168_0_dirichlet_train1.35	0.1019982758924425	0.27636088886477617	0.0976359686096579	0.2505970946015428	0.2734077720315807
RNF168_0_dirichlet_train1.36	0.14052725988854836	0.5890397616322725	0.14895211130619446	0.06916085479650795	0.05232001237647688
EXO1_0_dirichlet_train1.24	2.28e-321	0.7415083260466578	0.02319279629659602	0.09728085878519772	0.13801801887154846
RNF168_0_dirichlet_train1.37	0.10576802515311373	0.631826249613934	0.06360531734792324	0.07812666612166458	0.12067374176336462
EXO1_0_dirichlet_train1.25	0.04051893147614007	0.7048281645163352	0.019484690839366256	0.025845510270175866	0.20932270289798255
RNF168_0_dirichlet_train1.38	0.08332911391637272	0.507036946324384	0.1294555797174236	0.11075320586624932	0.16942515417557039
EXO1_0_dirichlet_train1.26	0.013309969897019455	0.7615159877144347	0.06354192168371235	0.02508846979228884	0.1365436509125446
EXO1_0_dirichlet_train1.27	0.05930443057919889	0.6019128008742229	0.019643058071223858	0.2528538219614113	0.06628588851394285
EXO1_0_dirichlet_train1.28	0.13130461009215694	0.6904452457921109	0.0791139808691758	0.09913616324655641	1.3141024702115453e-79
EXO1_0_dirichlet_train1.29	0.048474818012066115	0.6129539651420257	0.07398258070147183	0.14500241552915336	0.11958622061528298
EXO1_0_dirichlet_train1.30	0.09441506553015266	0.6804115450860169	0.014207195190161006	0.07268201272157349	0.13828418147209592
RNF168_0_dirichlet_train1.39	0.3256010320676582	0.29913752367402063	0.013827548939757146	0.08331611105128442	0.2781177842672795
RNF168_0_dirichlet_train1.40	0.1377871721760044	0.5667551209382972	0.08037526527001859	0.13147932259704265	0.08360311901863725
EXO1_0_dirichlet_train1.31	0.055706509997923585	0.5294607863656735	0.12254306425426095	0.09408658943102358	0.1982030499511184
EXO1_0_dirichlet_train1.32	0.2420023437568292	0.5051016184056896	0.040113361040677385	0.10242702944575006	0.11035564735105373
EXO1_0_dirichlet_train1.33	0.052914086834736015	0.6480041214468569	0.1486018172972661	0.09212825446043431	0.058351719960706566
RNF168_0_dirichlet_train1.41	0.15663925817597388	0.5316822504297525	0.05664724380859024	0.08407660053931851	0.1709546470463649
RNF168_0_dirichlet_train1.42	0.049949446207669196	0.5409453448205069	0.05065454584208314	0.08468652739744857	0.2737641357322924
EXO1_0_dirichlet_train1.34	0.20354260699817367	0.6000934493593478	0.005816332520159245	0.1371097628871157	0.05343784823520342
RNF168_0_dirichlet_train1.43	2.84e-321	0.6411345324167708	0.0521452901524625	0.04120180811193114	0.26551836931883555
EXO1_0_dirichlet_train1.35	0.12432973700483584	0.5744361240438117	0.007050698498298002	0.11324951737569008	0.1809339230773643
EXO1_0_dirichlet_train1.36	0.06394822597037757	0.4817971670459207	0.13688130254084138	0.19485698570938398	0.12251631873347629
RNF168_0_dirichlet_train1.44	0.036716155783193316	0.5744701213982897	0.07413487574391046	0.19603352635895618	0.11864532071565044
EXO1_0_dirichlet_train1.37	0.029902261730228717	0.5911311033064832	0.053665311643541186	0.09658998825039222	0.22871133506935476
RNF168_0_dirichlet_train1.45	0.06470835656162836	0.624350526509359	0.02666647161174643	0.06461789468375022	0.21965675063351586
RNF168_0_dirichlet_train1.46	0.061845035748455304	0.48948737994344893	0.021002057685766403	0.2593094018008176	0.1683561248215119
RNF168_0_dirichlet_train1.47	0.11056698691550304	0.5855764345928891	0.17304852349284125	0.003343950824966279	0.12746410417380033
RNF168_0_dirichlet_train1.48	0.023278231462521292	0.5858230747174488	0.16988870694329747	0.18422455394616455	0.036785432930567775
RNF168_0_dirichlet_train1.49	0.030950680951994318	0.6942135575020125	0.010119357711154253	0.09364700066517305	0.1710694031696658
RNF168_0_dirichlet_train1.50	0.14759745983775333	0.5185510734429142	0.023439927787610892	0.2601505098370838	0.0502610290946376
EXO1_0_dirichlet_train1.38	3.7725803951914365e-09	0.4553708122624477	0.12845889164718124	0.15297799667229964	0.26319229564549107
RNF168_0_dirichlet_train1.51	0.18430526013752596	0.46845121663882616	0.12407288201245252	0.0690579939926135	0.15411264721858195
RNF168_0_dirichlet_train1.52	0.2813055479624519	0.23388974366898457	0.19257588011382204	0.10399055701500316	0.18823827123973827
EXO1_0_dirichlet_train1.39	0.06953145562314866	0.6812607341935668	9.6e-322	0.08734865607951016	0.1618591541037744
EXO1_0_dirichlet_train1.40	0.07090413224515016	0.7027948213734636	0.0455871171600448	0.02797554379776885	0.15273838542357235
RNF168_0_dirichlet_train1.53	7.95e-322	0.6317897098194238	0.05119327283521049	0.07348541562136446	0.2435316017240011
EXO1_0_dirichlet_train1.41	0.06337884674169533	0.6345323186486465	0.10707585798010652	0.102654019015996	0.09235895761355564
EXO1_0_dirichlet_train1.42	0.16963430881298955	0.641826016327644	0.11144361271966809	0.04249892890761272	0.03459713323208569
RNF168_0_dirichlet_train1.54	3.7e-322	0.292361463479486	0.06235993717984132	0.3877832992802077	0.25749530006046495
OGG1_0_dirichlet_train1	1.344e-321	0.00970245931975391	0.6740266667407111	0.13182521240879733	0.1844456615307377
UNG_0_dirichlet_train1	0.15151693857756782	0.09879141459491511	0.041354436552767264	0.3246061827789276	0.3837310274958221
UNG_0_dirichlet_train1.1	0.13431110691157713	0.08628085597794691	0.11823055186412701	0.25143795802356533	0.40973952722278373
UNG_0_dirichlet_train1.2	0.08163620030071146	0.055847906552967265	0.11362512003865789	0.39873316882713494	0.3501576042805284
OGG1_0_dirichlet_train1.1	8.35e-322	0.10584210589522446	0.5365494022076888	0.2713268816725939	0.08628161022449295
UNG_0_dirichlet_train1.3	0.16558399912681074	0.09954576355451007	0.09887481137723152	0.3182329781282507	0.317762447813197
OGG1_0_dirichlet_train1.2	8.35e-322	0.04919542446996647	0.6531318322706299	0.08502354957152077	0.21264919368788296
OGG1_0_dirichlet_train1.3	6.7e-322	1.2061075332099293e-24	0.5220071619804071	0.14150820375407128	0.3364846342655215
UNG_0_dirichlet_train1.4	0.020399677431387694	0.07672337328255938	0.12227543142679509	0.36092772496934455	0.41967379288991313
UNG_0_dirichlet_train1.5	1.823e-321	0.028245275448025804	0.1693748888330179	0.44492079793818795	0.3574590377807684
OGG1_0_dirichlet_train1.4	1.186e-321	6.4e-322	0.832904455120471	0.10268131583699511	0.06441422904253402
OGG1_0_dirichlet_train1.5	3.315e-321	5.336e-321	0.7212113054602257	0.16428365131948833	0.11450504322028583
UNG_0_dirichlet_train1.6	0.1890587913884319	0.1961246103136211	0.10068826977539674	0.15226414762088486	0.3618641809016654
UNG_0_dirichlet_train1.7	0.17274187674747013	1.5865694489103095e-215	0.09662409038131206	0.36451342717567786	0.36612060569554017
UNG_0_dirichlet_train1.8	0.22083162777478485	0.0015273047005819821	0.2116518350254432	0.2103165031658717	0.3556727293333183
OGG1_0_dirichlet_train1.6	9.24e-322	4.516e-321	0.82571128142677	0.07020457752749514	0.10408414104573481
UNG_0_dirichlet_train1.9	0.09288209012708938	2.528495e-317	0.023780509737388454	0.26201747965944566	0.6213199204760765
OGG1_0_dirichlet_train1.7	1.136e-321	0.006040640797846033	0.597108580681914	0.2462075147701953	0.1506432637500447
UNG_0_dirichlet_train1.10	0.15896005299755905	0.06654715930162305	0.08032437313672826	0.2502583571862885	0.4439100573778012
OGG1_0_dirichlet_train1.8	0.07295139381045665	3.814e-321	0.7690568325366367	0.077469651571806	0.08052212208110078
UNG_0_dirichlet_train1.11	0.11635002532211068	3.4847771618276905e-170	0.0920313897840176	0.2810577323479762	0.5105608525458956
OGG1_0_dirichlet_train1.9	0.054232921005512476	0.11987102766962207	0.6810763782671495	0.025569428063376514	0.11925024499433932
OGG1_0_dirichlet_train1.10	1.66e-321	0.03918421663994457	0.7247376519154598	1.43e-322	0.23607813144459572
OGG1_0_dirichlet_train1.11	0.10165766855092997	0.08531476191964447	0.5680119462812316	0.16629842701003966	0.0787171962381542
UNG_0_dirichlet_train1.12	0.1087301861849021	0.224106663388779	0.16800248532524378	0.18581395281598592	0.31334671228508926
UNG_0_dirichlet_train1.13	0.12199524107730234	0.1419212943644339	0.08287064814740586	0.2997532923651303	0.35345952404572745
UNG_0_dirichlet_train1.14	0.07585022382577539	0.07749652722334954	0.07880327682855356	0.3094164377487034	0.458433534373618
OGG1_0_dirichlet_train1.12	3.5e-322	0.09053378526049209	0.5841475086299309	0.014095782915217398	0.3112229231943596
OGG1_0_dirichlet_train1.13	1.0933012018613882e-154	0.011582653093527503	0.7521688975958564	0.02918201348615508	0.20706643582446113
UNG_0_dirichlet_train1.15	0.07533980952767975	1.86e-321	0.05447073247595829	0.4126484327663993	0.45754102522996287
UNG_0_dirichlet_train1.16	0.2818477995909247	0.00395595514487838	0.03383007792921486	0.34917626451693107	0.33118990281805105
UNG_0_dirichlet_train1.17	0.22953806223106418	0.031013193958233005	0.274329826924021	0.17474674569688603	0.29037217118979575
OGG1_0_dirichlet_train1.14	0.07990937775050756	2.406e-321	0.48297979916251343	0.10867337959920574	0.3284374434877733
UNG_0_dirichlet_train1.18	0.06583305289885576	0.07952097461086535	0.07210023008906127	0.4454936919298038	0.33705205047141373
OGG1_0_dirichlet_train1.15	8.3e-322	0.015164874439851083	0.6375967670445158	0.23481833470022576	0.11242002381540728
UNG_0_dirichlet_train1.19	0.32501919465724705	9.17015561728114e-137	0.018747191380058204	0.2227016475779573	0.43353196638473745
OGG1_0_dirichlet_train1.16	3.56e-322	0.044089431301714624	0.5244413408789061	0.18429620937343327	0.24717301844594597
UNG_0_dirichlet_train1.20	0.20736427663960935	0.07236368662167628	0.12471403436351482	0.20044033101938255	0.3951176713558171
UNG_0_dirichlet_train1.21	0.25282543878899183	0.010799741927774494	0.16685786828022947	0.31778744966047223	0.25172950134253197
OGG1_0_dirichlet_train1.17	0.022168346382553245	1.68e-321	0.4440035956975178	0.29279630981244764	0.24103174810748132
UNG_0_dirichlet_train1.22	0.17350120508911526	1.517e-321	7.76e-322	0.4498720559039997	0.376626739006885
UNG_0_dirichlet_train1.23	0.45853558117121773	4.45e-322	0.06617500712835195	0.19297328454909773	0.28231612715133275
UNG_0_dirichlet_train1.24	0.142753107643285	0.05306280107285463	0.11520867145704865	0.26276939512488784	0.4262060247019239
OGG1_0_dirichlet_train1.18	4e-322	0.025730900123609297	0.6075015083901576	7.074402059807636e-196	0.36676759148623306
UNG_0_dirichlet_train1.25	0.23837185546409334	0.1304117178266609	0.0008859843144978981	0.3874524975564908	0.24287794483825717
OGG1_0_dirichlet_train1.19	0.04676046964062585	3.083658027064888e-231	0.6647044507463813	0.09111774668102536	0.1974173329319674
UNG_0_dirichlet_train1.26	0.17189096917037677	0.13711575571626103	0.08497601135371598	0.29211913858027466	0.31389812517937155
OGG1_0_dirichlet_train1.20	3.06e-322	2.036e-321	0.5700503894269286	0.007702686973777266	0.4222469235992941
UNG_0_dirichlet_train1.27	0.2411710080802934	1.77e-321	0.04500189513621609	0.22583922139027662	0.48798787539321387
OGG1_0_dirichlet_train1.21	0.0010108236169944953	0.06732739036136372	0.5762839197969778	1.65715e-319	0.355377866224664
OGG1_0_dirichlet_train1.22	0.003448340604179786	0.1314362716802232	0.6572847985520496	0.038061183849613	0.16976940531393442
UNG_0_dirichlet_train1.28	0.23618201104958325	0.11409885833482468	0.14502359988099564	0.22759082341071502	0.27710470732388126
UNG_0_dirichlet_train1.29	0.059452427680880805	0.06257692078216412	0.249138953622095	0.31205055469344367	0.3167811432214164
OGG1_0_dirichlet_train1.23	1.28e-321	0.05126890786292166	0.6823110941677655	0.06828566494117178	0.19813433302814096
OGG1_0_dirichlet_train1.24	0.05706888527952763	0.10344638414253943	0.6482672915941996	0.19121743898373328	9.44e-322
OGG1_0_dirichlet_train1.25	3.1e-322	1.047e-321	0.5876313780681356	4.9e-322	0.4123686219318643
OGG1_0_dirichlet_train1.26	0.07141758427927543	0.006671002325115009	0.5868389299292549	0.010455514230790592	0.32461696923556405
UNG_0_dirichlet_train1.30	0.01903445748349919	0.043528877251559656	0.0047316274821639775	0.4246806638551958	0.5080243739275816
OGG1_0_dirichlet_train1.27	5.223421183559694e-236	0.057274476310245626	0.8562808008282616	0.06592515639894848	0.02051956646254414
OGG1_0_dirichlet_train1.28	1.07e-321	0.12468038343363413	0.49784520391911	0.05380763893443029	0.3236667737128255
UNG_0_dirichlet_train1.31	0.22094601550309864	0.11533514365137916	0.04035401592475265	0.5233592044767243	0.10000562044404525
UNG_0_dirichlet_train1.32	0.04707694144564407	0.07011194737319854	0.03753990475913144	0.2872435133570153	0.5580276930650105
UNG_0_dirichlet_train1.33	0.04775568221623093	0.045590599157168524	0.11796657454531877	0.3319484155930994	0.4567387284881822
OGG1_0_dirichlet_train1.29	0.09912945567621	0.19135302675146576	0.5139867671140765	0.052908709289171296	0.1426220411690764
OGG1_0_dirichlet_train1.30	8.1e-322	3.948839809611649e-200	0.6465057214391652	0.26132758082039514	0.09216669774043945
UNG_0_dirichlet_train1.34	0.2235083848251548	0.11327977039703985	0.1046199870382558	0.2400831655125792	0.3185086922269704
OGG1_0_dirichlet_train1.31	1.09e-321	4.15e-321	0.4212792243819248	0.20562915850787838	0.37309161711019684
UNG_0_dirichlet_train1.35	0.1511863799890415	2.68e-321	0.15558782751523803	0.15539601313887944	0.537829779356841
UNG_0_dirichlet_train1.36	0.122609410960149	0.11492157946201223	0.042918021338864354	0.3262016390002219	0.39334934923875253
UNG_0_dirichlet_train1.37	0.17925344086230233	0.06174452459627627	0.06021525102008108	0.3349257074410715	0.36386107608026896
OGG1_0_dirichlet_train1.32	0.08896833800361695	0.020122312574544166	0.5915598618474671	0.1958475055043723	0.10350198206999943
UNG_0_dirichlet_train1.38	0.08901344282760922	0.11128241234540673	0.04950773216659066	0.15477043602901164	0.5954259766313819
OGG1_0_dirichlet_train1.33	1.25e-321	4.173823660735033e-167	0.6168054761237669	0.2687270485850474	0.11446747529118552
OGG1_0_dirichlet_train1.34	0.027764855378867036	0.0798158509359968	0.5720341005012067	0.04826551549324469	0.272119677690685
OGG1_0_dirichlet_train1.35	7.16e-322	0.05900221654150033	0.5991097015703757	0.007216091508316737	0.3346719903798073
OGG1_0_dirichlet_train1.36	8.7e-322	0.011406960262004771	0.7812631815966398	0.05431118995583493	0.1530186681855206
OGG1_0_dirichlet_train1.37	0.0008959201308422434	0.059641588790615534	0.5790171537735619	0.1279921634053323	0.23245317389964823
OGG1_0_dirichlet_train1.38	3e-322	1.02e-321	0.5908016452916156	5.93e-322	0.4091983547083845
UNG_0_dirichlet_train1.39	0.19233786057136995	0.037193637593047224	0.09339352524977328	0.08773592279334472	0.5893390537924648
OGG1_0_dirichlet_train1.39	3.36e-322	2.84e-321	0.5957992245826702	9.211811223932844e-271	0.4042007754173298
UNG_0_dirichlet_train1.40	0.10338040567063911	4.78e-321	0.11317561157655542	0.1953171546558831	0.5881268280969225
OGG1_0_dirichlet_train1.40	3.95e-322	0.02330164443070927	0.7297621736419011	1.37e-321	0.24693618192738948
OGG1_0_dirichlet_train1.41	4.5056820636375375e-71	0.0032852563631668072	0.7322147099979044	0.0021625206782734793	0.2623375129606554
UNG_0_dirichlet_train1.41	0.278627363767561	0.045997169447784404	0.0036532603766779434	0.20034787902013945	0.47137432738783724
OGG1_0_dirichlet_train1.42	0.06467432511887411	2.584e-321	0.5404843935006729	0.10600367593014587	0.28883760545030723
UNG_0_dirichlet_train1.42	0.10575187136262602	0.09767168496348591	0.18303906906932	0.3397142303147337	0.2738231442898345
OGG1_0_dirichlet_train1.43	3.286e-321	0.046751191474784376	0.8505476191860255	0.035948895500486	0.06675229383870421
OGG1_0_dirichlet_train1.44	9.600515375168795e-143	0.03373085767252838	0.5830883890067432	0.24392998800739452	0.13925076531333397
OGG1_0_dirichlet_train1.45	2.6827407385380226e-143	0.05344916974445367	0.6057380093527526	0.30263912661081205	0.03817369429198154
OGG1_0_dirichlet_train1.46	1.047e-321	0.06808960562607266	0.44454262999532873	0.005576632194354345	0.4817911321842442
UNG_0_dirichlet_train1.43	0.28017981018658283	0.013329174619469782	0.2516889904581931	0.11594620433589714	0.33885582039985707
OGG1_0_dirichlet_train1.47	7.76e-322	3.12e-321	0.5980983949739154	0.21621077564776478	0.1856908293783198
OGG1_0_dirichlet_train1.48	0.05061568691018355	1.2e-321	0.6246861739574681	0.2469886659736789	0.07770947315866947
OGG1_0_dirichlet_train1.49	1.117e-321	0.10397802941059259	0.5052790991958748	0.15267759091290556	0.2380652804806271
OGG1_0_dirichlet_train1.50	2.61e-321	0.016773314314946206	0.6704087082644307	0.04381281760104179	0.2690051598195813
UNG_0_dirichlet_train1.44	0.2360857405847657	0.04359195470361091	0.15314309159338943	0.26297008232805613	0.30420913079017775
OGG1_0_dirichlet_train1.51	1.403e-321	0.07983485789012944	0.7228961544130172	1.1527130567599939e-295	0.19726898769685328
OGG1_0_dirichlet_train1.52	0.1284081611408234	5.445e-321	0.7376330679173243	0.09989657676570708	0.0340621941761453
ATP2B4_0_dirichlet_train1	0.12678337662940178	0.23004758927173363	0.2269253914189175	0.20788849471003487	0.2083551479699122
ATP2B4_1_dirichlet_train1	0.14119787810001724	0.1478548831109514	0.53894010942889	0.12916890832789765	0.04283822103224369
ATP2B4_0_dirichlet_train1.1	2.2379988937169485e-227	0.07601776556382023	0.2082857685229657	0.4489779061590595	0.2667185597541544
ATP2B4_1_dirichlet_train1.1	0.09003331453719139	0.09987473911488588	0.35970990893969085	0.3647377511098	0.08564428629843181
ATP2B4_1_dirichlet_train1.2	0.16257160952696287	0.20755631446827866	0.26406659171989766	0.3658054842848608	2.2430934106198105e-194
ATP2B4_1_dirichlet_train1.3	0.05497615713557121	1.88e-321	0.3781157862956806	0.4883682034769279	0.07853985309182018
ATP2B4_0_dirichlet_train1.2	0.028319196930828103	0.35114203147438894	0.18658988717007383	0.34869786578710565	0.08525101863760358
ATP2B4_1_dirichlet_train1.4	0.28066625422689734	0.08145477762822313	0.3097639469110315	0.3057831062660732	0.022331914967774983
ATP2B4_0_dirichlet_train1.3	0.048259933380984804	0.22575354222216037	0.20593757596496134	0.5200489484318935	1.06e-321
ATP2B4_0_dirichlet_train1.4	0.12038461750208199	0.11254961020504473	0.25320701682758034	0.27523133062334293	0.23862742484195007
ATP2B4_0_dirichlet_train1.5	0.0440875632467632	0.16701937616344595	0.26227843138507984	0.2709634774486477	0.2556511517560633
ATP2B4_0_dirichlet_train1.6	0.07985441034593593	0.14433824922799066	0.30492873872456416	0.34750962019112686	0.12336898151038245
ATP2B4_1_dirichlet_train1.5	1.023e-321	0.10386024830922906	0.2773589141702294	0.4462556888778004	0.17252514864274107
ATP2B4_0_dirichlet_train1.7	0.23720988051154127	0.08719595514449316	0.10996786448015324	0.3283819965354673	0.2372443033283449
ATP2B4_1_dirichlet_train1.6	0.2768007782300557	0.020154102936770585	0.33953924255382345	0.3635058762793504	3.06e-322
ATP2B4_1_dirichlet_train1.7	0.0822681316036595	0.15974482214634286	0.27785474737572696	0.48013229887427067	3.16e-322
ATP2B4_1_dirichlet_train1.8	0.0026338985956921844	0.1946710347498257	0.5076640873877176	0.2950309792667644	7.7e-322
ATP2B4_1_dirichlet_train1.9	0.12557312736337567	5.19242888128794e-245	0.2034286694199496	0.37920348701676354	0.2917947161999112
ATP2B4_1_dirichlet_train1.10	0.17553462765095687	0.05715457210400691	0.4093542892956886	0.3123222949726956	0.04563421597665207
ATP2B4_1_dirichlet_train1.11	0.09918660042308616	0.11838031606540617	0.39318835074600744	0.3268104668270975	0.06243426593840258
ATP2B4_1_dirichlet_train1.12	0.020886605156185425	3.597e-321	0.5169608826659453	0.4621525121778692	7.2e-322
ATP2B4_1_dirichlet_train1.13	0.007089583650687958	0.32407470991679427	0.29130635277563244	0.37752935365688534	5.3e-322
ATP2B4_0_dirichlet_train1.8	0.07221750774144761	0.11400982980803989	0.21657230515423914	0.2710737244642056	0.3261266328320678
ATP2B4_1_dirichlet_train1.14	0.022953897699257167	0.07863259781420602	0.41944661746565615	0.39269167808437805	0.08627520893650267
ATP2B4_1_dirichlet_train1.15	0.1603594639416867	0.16110783221891442	0.3026705980785105	0.36402605136510635	0.011836054395782102
ATP2B4_0_dirichlet_train1.9	0.1247640353651469	0.2436785975705167	0.2872307166115935	0.22110910426013616	0.12321754619260673
ATP2B4_0_dirichlet_train1.10	2.13e-321	0.14066482854811235	0.3160051352041911	0.3586179603822084	0.18471207586548818
ATP2B4_0_dirichlet_train1.11	0.08403831788993811	0.18759418241890402	0.2815142551308505	0.23924469776807847	0.20760854679222898
ATP2B4_1_dirichlet_train1.16	0.200497091795023	0.19603878994835888	0.19357277207771706	0.4098913461789011	1.235e-321
ATP2B4_0_dirichlet_train1.12	1.01e-321	0.26089896569359283	0.25847625052251394	0.260328039508371	0.22029674427552212
ATP2B4_0_dirichlet_train1.13	0.0651851515633732	0.2321369754685379	0.20123471592096542	0.3076548407255988	0.19378831632152457
ATP2B4_0_dirichlet_train1.14	1.724e-321	0.26243458932295505	0.12749748353027862	0.31320855364690825	0.29685937349985814
ATP2B4_0_dirichlet_train1.15	2.45e-321	0.26572576047464447	0.22845996324978263	0.3462305091703516	0.15958376710522149
ATP2B4_1_dirichlet_train1.17	0.1024370452862945	0.1695884545198095	0.3916091070986183	0.24609415022361866	0.09027124287165887
ATP2B4_1_dirichlet_train1.18	3.785e-321	0.010666630212620628	0.4776918794832314	0.5116414903041479	4e-322
ATP2B4_1_dirichlet_train1.19	0.03621357254650017	0.03655216342131297	0.32854387997140677	0.59869038406078	4.15e-322
ATP2B4_1_dirichlet_train1.20	0.12927841629278586	0.20582922266829526	0.1728023542389199	0.35766811816445854	0.13442188863554028
ATP2B4_0_dirichlet_train1.16	0.004538332172619583	0.17030679262306245	0.2772665174048842	0.4386374081724129	0.10925094962702077
ATP2B4_1_dirichlet_train1.21	0.06585568756621514	0.060570025133371154	0.2755865892302663	0.5979876980701475	1.4802770048855302e-216
ATP2B4_1_dirichlet_train1.22	0.020764204202229262	0.1695972948094977	0.26833745345667664	0.38911454710577775	0.1521865004258186
ATP2B4_0_dirichlet_train1.17	1.89e-321	0.09843490088492163	0.24436132213106035	0.3883939253456956	0.26880985163832244
ATP2B4_0_dirichlet_train1.18	0.0454929790232503	0.09236470847740415	0.09110636251555025	0.4987497413463353	0.27228620863746
ATP2B4_1_dirichlet_train1.23	0.16368725685703692	0.03782415330565322	0.31181859205897283	0.48666999777833686	1.047e-321
ATP2B4_1_dirichlet_train1.24	0.11386503836074925	0.14091037029405215	0.5197454113544784	0.21109524938280838	0.014383930607911653
ATP2B4_0_dirichlet_train1.19	1.645e-321	0.2658215274467014	0.1917057765894307	0.2633546444657996	0.27911805149806823
ATP2B4_1_dirichlet_train1.25	3.7e-321	0.1675803366128553	0.34607651746986023	0.3192849411587342	0.16705820475855035
ATP2B4_0_dirichlet_train1.20	0.027929267327926995	0.20557371978424926	0.18029194703648088	0.2858003260446074	0.3004047398067353
ATP2B4_0_dirichlet_train1.21	0.12007921734487328	0.05120097873517832	0.30128279132365	0.30116212541936965	0.22627488717692873
ATP2B4_0_dirichlet_train1.22	0.002943447845948431	0.2811305724415676	0.2758672421115315	0.2985399012580874	0.14151883634286516
ATP2B4_0_dirichlet_train1.23	0.17438531236572294	0.21234052308817708	0.18255865788639988	0.28928088927491	0.1414346173847901
ATP2B4_0_dirichlet_train1.24	0.0016992670736849507	0.26754034308562474	0.36609433280559567	0.2335229223000168	0.13114313473507785
ATP2B4_1_dirichlet_train1.26	0.22243469821832387	1.9403875038080897e-291	0.24471346769226762	0.5328518340894086	7.1e-322
ATP2B4_0_dirichlet_train1.25	0.010934518540258953	0.12443159881080827	0.17266297238028333	0.25982988773259025	0.43214102253605935
ATP2B4_1_dirichlet_train1.27	0.0014230979284189258	0.1437969471138783	0.39493190826502056	0.4598480466926821	5.5e-322
ATP2B4_0_dirichlet_train1.26	0.07667909880555117	0.16023091767764455	0.2284892873443195	0.3633876747730235	0.17121302139946115
ATP2B4_1_dirichlet_train1.28	0.03392735276657672	0.2103552108036011	0.32427813741729844	0.43143929901252376	5.4e-322
ATP2B4_0_dirichlet_train1.27	0.05364712359884653	0.018617910788466932	0.13646030368986486	0.5376394757193026	0.2536351862035189
ATP2B4_1_dirichlet_train1.29	0.08566238922856911	0.13395609270799244	0.4115767109462012	0.36305730396349917	0.00574750315373823
ATP2B4_0_dirichlet_train1.28	2.767e-321	0.07435312183728006	0.4442620995574908	0.4813847786052292	2.6e-322
ATP2B4_0_dirichlet_train1.29	7.36e-322	0.1374542261849001	0.3998754071900568	0.46267036662504313	4.189390642814329e-248
ATP2B4_0_dirichlet_train1.30	7.393874582278852e-17	0.2274170651091368	0.20439801872510072	0.32725441341549266	0.24093050275026956
ATP2B4_0_dirichlet_train1.31	0.039391622589292206	0.19863880146479124	0.17970423490295243	0.21813851290792552	0.3641268281350388
ATP2B4_1_dirichlet_train1.30	0.09553823371220033	0.14268806412306081	0.28834919190839375	0.4252171625088905	0.04820734774745464
ATP2B4_1_dirichlet_train1.31	0.09911800106424935	0.2367832407046411	0.3411398129328851	0.25660943287882254	0.06634951241940208
ATP2B4_1_dirichlet_train1.32	0.02429811661904403	0.052800353084900074	0.503033769982105	0.4198677603139509	6.821259972097029e-66
ATP2B4_0_dirichlet_train1.32	0.12269186447200763	0.14870868164595	0.270556552270354	0.45074012431194344	0.007302777299744963
ATP2B4_0_dirichlet_train1.33	0.041887253889690376	0.055384871111742257	0.2970165580071371	0.394375360373177	0.21133595661825305
ATP2B4_0_dirichlet_train1.34	0.1459197388640878	0.20648159801369093	0.15190195277166801	0.39186394936517566	0.10383276098537758
ATP2B4_0_dirichlet_train1.35	0.09561583361282047	0.013832691118662487	0.43267659541752945	0.45787487985098774	1.067e-321
ATP2B4_1_dirichlet_train1.33	0.06893651394384533	0.18588101554511507	0.2708591235023543	0.4743233470086854	1.83e-322
ATP2B4_1_dirichlet_train1.34	0.09170900604650475	0.06391196842651423	0.47523471967520736	0.3691443058517735	7e-322
ATP2B4_1_dirichlet_train1.35	0.13581887856235753	0.1006702872682182	0.28661533738141853	0.4768954967880057	3.3e-322
ATP2B4_1_dirichlet_train1.36	0.04612007409411721	0.003085958419217319	0.46365039115817513	0.48714357632849037	2.47e-322
ATP2B4_0_dirichlet_train1.36	0.0966629793280189	0.24932259252130148	0.20048242283616804	0.42257557870494933	0.030956426609562198
ATP2B4_0_dirichlet_train1.37	1.0127368063312064e-80	0.09434597618056184	0.20190235728649153	0.4789286858758207	0.22482298065712605
ATP2B4_1_dirichlet_train1.37	0.16703313328730982	0.12331357100123419	0.3920593135314572	0.3175939821799988	8.49792977434096e-21
ATP2B4_1_dirichlet_train1.38	0.11169773945127776	0.02813042729833567	0.43344346244964016	0.42672837080074644	1.17e-321
ATP2B4_1_dirichlet_train1.39	0.15567728476750695	0.04053200799775291	0.31977051415680896	0.44685510076326673	0.03716509231466456
ATP2B4_1_dirichlet_train1.40	0.27365759819350094	1.413e-321	0.2975734762404699	0.4287689255660292	6.8e-322
ATP2B4_1_dirichlet_train1.41	0.14856770173550238	0.1147754320149621	0.3897254062436042	0.3469314600059314	4.8e-322
ATP2B4_1_dirichlet_train1.42	0.07220868587807198	0.13384745409950474	0.48769099464389387	0.3062528653785294	4.522549723466983e-26
ATP2B4_0_dirichlet_train1.38	0.006888344872821352	0.24010827926429543	0.2878129530778959	0.4077146963058551	0.0574757264791322
ATP2B4_0_dirichlet_train1.39	9.6e-322	0.2554303468937847	0.35524383813348415	0.25675229167420704	0.13257352329852393
ATP2B4_0_dirichlet_train1.40	0.04732625533135922	0.20241800380434627	0.19482415895435998	0.36981120286625957	0.18562037904367512
ATP2B4_1_dirichlet_train1.43	0.08114222242834654	0.02008169486706561	0.29187101962626716	0.6023046523444369	0.004600410733883678
ATP2B4_0_dirichlet_train1.41	0.04656592782810409	0.0912506481535595	0.46170701366597355	0.2832569780660657	0.1172194322862973
ATP2B4_0_dirichlet_train1.42	8.8e-322	0.1186804503017434	0.1731435554113857	0.33227749567878057	0.37589849860809044
ATP2B4_0_dirichlet_train1.43	0.051738413722936936	0.2278322408930085	0.3028174139528188	0.2787917474623342	0.13882018396890158
ATP2B4_0_dirichlet_train1.44	0.12728180334806186	2.6154512400245232e-276	0.27795674221406313	0.44060938249439663	0.15415207194347835
ATP2B4_1_dirichlet_train1.44	5.562826463375734e-265	0.25060201050373176	0.3323513444096469	0.3825510856850488	0.034495559401572486
ATP2B4_0_dirichlet_train1.45	0.03375953117529035	0.2654595828668534	0.32534470286869177	0.23539679642843397	0.14003938666073043
ATP2B4_1_dirichlet_train1.45	0.12141570337225183	0.2123455366409353	0.42906278662031183	0.1837680322651283	0.053407941101372945
ATP2B4_0_dirichlet_train1.46	7.6e-322	0.24521488241775113	0.13098694683742962	0.35275698473881634	0.2710411860060029
ATP2B4_0_dirichlet_train1.47	0.09999585219673156	0.02990330245341623	0.23622053479746977	0.2774586498683965	0.35642166068398584
ATP2B4_0_dirichlet_train1.48	6.97e-322	0.21301783163505061	0.21964184541542364	0.4442282607630328	0.12311206218649287
ATP2B4_1_dirichlet_train1.46	0.23331717404832364	0.11915526060825264	0.3408631235403463	0.2900915653193028	0.016572876483774698
ATP2B4_1_dirichlet_train1.47	0.06367508536662858	0.07732732914548293	0.23398801118404697	0.6250095743038416	1.6e-322
ATP2B4_1_dirichlet_train1.48	1.08e-321	0.27967542466698414	0.33790327392438785	0.38242130140862796	5.0436458117861564e-127
PMS1_0_dirichlet_train1	0.29419680491309597	4.6e-321	0.32061893068726793	0.34266021584980955	0.042524048549826575
MSH6_1_dirichlet_train1	0.7473235729666465	0.15723975797265088	0.03582642278831452	6.7e-322	0.059610246272388166
MSH6_0_dirichlet_train1	0.8135560596086698	3.587e-321	2.35e-321	0.12022449383575685	0.06621944655557341
MSH2_0_dirichlet_train1	0.7469599772991543	4.4e-322	0.012402696564305834	0.1450700883122811	0.09556723782425884
MSH6_0_dirichlet_train1.1	0.7588446353672323	0.029603598352500062	9.24e-322	0.03831361149851363	0.1732381547817541
MLH1_0_dirichlet_train1	0.8494805360620767	1.117e-321	0.023221672865257264	0.018819733755637412	0.10847805731702875
MSH6_1_dirichlet_train1.1	0.8799338909397835	1.350966337742208e-155	0.036790051739008255	0.05178745089951981	0.03148860642168836
MLH1_0_dirichlet_train1.1	0.7518811653969909	0.23706848737656824	4.55e-322	1.65e-321	0.011050347226440752
PMS1_0_dirichlet_train1.1	0.17075416723277345	2.45e-321	0.24534951864090357	0.5438040434980204	0.040092270628302694
PMS1_0_dirichlet_train1.2	0.021908735626869878	0.09844910143315598	0.17813071550310056	0.34060034403550127	0.36091110340137234
MSH6_1_dirichlet_train1.2	0.9547237545041781	3.1307407114541136e-218	0.037872461482567364	0.005957553250718787	0.0014462307625357953
MSH6_1_dirichlet_train1.3	0.7377063877554435	0.0676319717464012	2.925e-321	0.1425951190315366	0.05206652146661864
PMS1_0_dirichlet_train1.3	0.22154964247951203	0.048341931060555496	0.170657935126914	0.30094209698105356	0.2585083943519648
PMS1_0_dirichlet_train1.4	0.15902983947887103	0.1027044788416885	0.17148316831861385	0.21081072078539376	0.3559717925754329
PMS2_0_dirichlet_train1	0.4142911765101027	0.5157504500100344	0.02861759562650971	0.041340777853353335	1.013e-321
MSH6_1_dirichlet_train1.4	0.6622593854430083	0.20209815578003595	0.044673936019248656	0.08176873640504032	0.009199786352666675
MSH6_0_dirichlet_train1.2	0.8149705400700075	0.07336673500409485	0.0028662734518731907	0.10879645147402464	2.4821861626176337e-146
PMS1_0_dirichlet_train1.5	0.09205282350431462	1.16e-321	0.2576640782220799	0.5228007298648712	0.12748236840873436
PMS1_0_dirichlet_train1.6	0.12385796334009327	1.714e-321	0.13851066235978227	0.5586746808974198	0.1789566934027047
PMS1_0_dirichlet_train1.7	0.15422558334140404	0.13971556726414092	0.16792090034903026	0.3859550394470346	0.1521829095983901
