Samples	SBS96A	SBS96B	SBS96C	SBS96D	SBS96E
OGG1_boot	3.448396064670855e-122	0.04420058611980127	1.737647635244994e-240	8.073289384718108e-137	0.9557994138801987
OGG1_boot.1	5.01668739686178e-134	0.08599356645702491	4.990885530185593e-49	0.021055816243516153	0.892950617299459
OGG1_boot.2	3.11026085880809e-110	0.005768176857156617	2.264028121090761e-64	0.11635863440075205	0.8778731887420912
OGG1_boot.3	9.70565725664562e-165	0.049892255111336374	0.0019602410346103816	0.09819050499704608	0.849956998857007
OGG1_boot.4	6.791011015723244e-07	0.02365366626226521	0.07360167823714367	0.15411399336066609	0.7486299830388234
OGG1_boot.5	1.420094846367763e-19	0.07206785140728643	7.872630696759508e-116	1.7500828975191292e-187	0.9279321485927134
OGG1_boot.6	1.345301279860404e-05	0.05407851043562829	7.068394639002276e-98	0.07023391972773302	0.87567411682384
OGG1_boot.7	3.237971330688218e-36	0.058303858318679555	1.764977503718008e-60	0.05132597447495766	0.8903701672063628
OGG1_boot.8	1.2846471615189949e-132	0.04698990422173363	6.099308522286705e-47	0.10976315177882677	0.8432469439994397
OGG1_boot.9	1.1359241945473477e-39	0.0530330661559534	0.03634031067945613	0.1233595138509324	0.7872671093136582
OGG1_boot.10	2.492800183472761e-23	0.004074915287640121	0.04250277470273468	0.060032038958834716	0.8933902710507905
OGG1_boot.11	1.1684146482035384e-72	3.4198344085053545e-264	0.1329801661037477	0.1100203040452292	0.7569995298510231
OGG1_boot.12	6.050216002329674e-49	0.046932525999475595	1.2287143317509672e-60	0.05605361874897478	0.8970138552515495
OGG1_boot.13	2.6185724368084946e-98	0.04408491579710263	3.9714210855516785e-80	0.07510904666651969	0.8808060375363777
OGG1_boot.14	0.00993614932154059	0.0436622406906966	0.10021932455991724	0.07028923873277979	0.7758930466950658
OGG1_boot.15	5.961609245242252e-68	0.0220893230783104	0.11420226762885154	0.12866430499008782	0.7350441043027502
OGG1_boot.16	2.782124603416866e-72	0.059478159409025254	2.7530485484339974e-159	2.061192381737485e-261	0.9405218405909748
OGG1_boot.17	6.32959281683872e-148	0.06994372429617392	0.0008831821527869654	0.1202811820698512	0.808891911481188
OGG1_boot.18	9.934428296029482e-145	0.059317247481114235	0.22767855822143135	2.1638912512828737e-39	0.7130041942974544
OGG1_boot.19	0.00352071905493474	0.04003533499979336	0.1614793261427979	0.059737213925351126	0.7352274058771228
OGG1_boot.20	0.03839560392434591	0.01451678298798843	0.0015918331131058686	0.11683780146602706	0.8286579785085327
OGG1_boot.21	6.464456770680029e-87	0.01163448228922882	1.3026085712121092e-115	0.061087866108510615	0.9272776516022606
OGG1_boot.22	0.03112752523061387	0.05335877635594564	0.04993214059465076	0.12487733427775116	0.7407042235410385
OGG1_boot.23	5.759413807075364e-88	0.05356086194627103	1.6402822008618645e-57	0.08321319809835435	0.8632259399553746
OGG1_boot.24	0.086576807856518	0.09392340669796151	3.016241435273336e-45	0.02880012340612536	0.790699662039395
OGG1_boot.25	5.502125934956421e-109	0.07563821354609268	1.3181262611692708e-25	0.10821787167695833	0.8161439147769489
OGG1_boot.26	4.417966968929244e-98	0.05736247717196387	1.2749389440098634e-06	0.13137516376091074	0.8112610841281814
OGG1_boot.27	6.374276424630081e-144	0.02492604811491196	0.10727172302348216	0.037074673025214604	0.8307275558363912
OGG1_boot.28	0.0833006310765986	0.00499709391350436	1.0587607792987438e-103	0.07170904224934334	0.8399932327605537
OGG1_boot.29	1.0519148110434733e-137	0.05083308607811761	3.6230510408190106e-89	0.07294329791498279	0.8762236160068997
OGG1_boot.30	1.7379767618950383e-306	0.04470978487193479	5.867857232081806e-117	0.04767474477150467	0.9076154703565605
OGG1_boot.31	6.71319147592195e-62	0.018668491332436383	1.2345195875533719e-26	0.0912086226740225	0.8901228859935412
OGG1_boot.32	2.3582066879622392e-78	0.0304487776400265	0.11321161595189792	0.06485945496772426	0.7914801514403512
OGG1_boot.33	5.929790786783179e-86	0.024757524734226214	2.938474585499088e-18	0.11891170079932509	0.8563307744664487
OGG1_boot.34	6.734228577015101e-38	0.013870807336422339	7.734860102674688e-11	0.14395669679886355	0.8421724957873655
OGG1_boot.35	0.03311163662980933	0.03587287273607657	0.017447594036485818	0.067966782997476	0.8456011136001523
OGG1_boot.36	0.024409238378772114	2.167027534259057e-38	2.548945346372912e-37	0.09059608671698616	0.8849946749042417
OGG1_boot.37	6.56204511102799e-200	0.03009229100362686	0.059732107314234145	0.09330149831391678	0.8168741033682222
OGG1_boot.38	4.699560343425052e-148	0.005387237001942318	2.756671240494995e-43	0.074015101291745	0.9205976617063125
OGG1_boot.39	8.003093e-318	0.04688942786870597	0.20475476184731592	0.02951964387801309	0.7188361664059649
OGG1_boot.40	9.638599643293885e-178	0.07951576888099235	1.4013035476378874e-44	0.04593827846850853	0.8745459526504993
OGG1_boot.41	6.000489628008633e-82	0.08125138871771771	4.5507342454888645e-76	0.0482282894770147	0.8705203218052676
OGG1_boot.42	4.8847467881090445e-15	0.022550224281597538	0.07584919046125331	0.07835669327238429	0.82324389198476
OGG1_boot.43	1.5363771535970412e-99	0.0077937857371858914	0.019184062129924753	0.11996835981404876	0.8530537923188406
OGG1_boot.44	1.6211203996881978e-106	0.016448280232673883	0.097875883524558	0.06185543336993805	0.8238204028728301
OGG1_boot.45	7.878327782041507e-117	0.054849540869331075	9.722920658508778e-24	0.06205196635916827	0.8830984927715008
OGG1_boot.46	0.00022821292229671005	0.009069431214139296	3.943321964293952e-28	0.1746793912452307	0.8160229646183333
OGG1_boot.47	0.017185635547871482	4.740766328403243e-200	7.816268163705927e-14	0.1409068185971455	0.841907545854905
OGG1_boot.48	0.04230214282756005	3.776705707230974e-80	7.428345541967394e-71	0.11750796472987793	0.840189892442562
OGG1_boot.49	0.06148006501123157	2.623e-321	0.04694575416160451	0.11421884226975151	0.7773553385574123
OGG1_boot.50	0.04396268261853643	8.899367806543673e-07	2.3718022056732215e-83	0.03687724301661048	0.9191591844280724
OGG1_boot.51	0.04180924615982078	1.65e-321	6.413144342701872e-68	0.07227111334280466	0.8859196404973747
OGG1_boot.52	0.01682695274210106	0.0035958742392803184	6.454240700672375e-107	0.044441902498269556	0.935135270520349
OGG1_boot.53	0.031887762740998055	2.885e-321	0.03004017859656808	0.14940355170037375	0.7886685069620603
OGG1_boot.54	2.2168704925090853e-86	5.509447351347368e-37	0.11696463141833685	0.07052819578696867	0.8125071727946944
OGG1_boot.55	0.05127901542679092	9.125927011467787e-171	1.9373262528912913e-76	0.11871693140626936	0.8300040531669397
OGG1_boot.56	0.03198172355198084	3.1606123336326863e-87	2.0201453673202126e-68	0.11814672986203434	0.8498715465859847
OGG1_boot.57	0.015534148850093795	1.4089162896636935e-120	4.975642381330705e-22	0.1092750857630046	0.8751907653869018
OGG1_boot.58	0.025443535423631095	1.744e-321	1.9793396521062496e-22	0.08473269911947046	0.8898237654568985
OGG1_boot.59	0.027104983796818194	1.91e-321	0.10113405082738301	0.09019833016151907	0.7815626352142797
OGG1_boot.60	0.053124612313460794	2.359146196729714e-213	0.08650302748290854	0.10052325176884794	0.7598491084347829
OGG1_boot.61	0.06880768542686234	3.5897316946843166e-238	0.027322276656831155	0.07205454419947252	0.8318154937168342
OGG1_boot.62	0.04908086199499743	2.337e-321	8.744652540489208e-08	0.14634871245114384	0.8045703381073332
OGG1_boot.63	0.03997631611057255	0.027460656035026763	6.738927203963125e-46	0.0441790983693167	0.888383929485084
OGG1_boot.64	0.07116989850526054	9.938251423320223e-163	9.847076664091822e-41	0.050512639519367866	0.8783174619753714
OGG1_boot.65	0.0489093229294368	3.19e-321	2.3387304322697024e-38	0.15980067971264372	0.7912899973579195
OGG1_boot.66	0.011980164500234643	9.111056247696273e-293	3.7159320713162127e-82	0.09905851730991963	0.8889613181898457
OGG1_boot.67	0.055608080788307014	2.4741464262528365e-257	9.257921093531436e-100	0.058954602401331255	0.8854373168103619
OGG1_boot.68	0.10406521178082445	1.1413133434061904e-123	1.4638652803094062e-126	0.0672332907205881	0.8287014974985873
OGG1_boot.69	0.026979052752820264	2.12017593219185e-188	2.668484939342378e-13	0.08548340310817601	0.887537544138737
OGG1_boot.70	0.03034307771196007	0.004874806411843887	4.563729297954944e-32	0.07760300537042979	0.8871791105057663
OGG1_boot.71	0.01201465264783994	3.43e-321	3.730544451662024e-13	0.12357640873675027	0.8644089386150366
OGG1_boot.72	0.07668292918557046	2.446e-321	2.603135491490671e-06	0.07953644209989633	0.8437780255790417
OGG1_boot.73	0.061491957101875556	0.0025121782148576975	3.039854440776624e-46	0.05860528899006964	0.877390575693197
OGG1_boot.74	0.06135560942874715	2.746320906262548e-228	2.1120046053305375e-63	0.10523165931657336	0.8334127312546794
OGG1_boot.75	0.018231448311803896	0.002859674709201201	2.76292788620269e-11	0.09916907495748473	0.8797398019938808
OGG1_boot.76	3.185239647086605e-45	8.574273482874396e-290	2.3111899637817334e-29	0.09307075239646874	0.9069292476035312
OGG1_boot.77	0.04903483113894352	3.7749853236297476e-212	0.11622984242904012	0.04509735039879494	0.7896379760332215
OGG1_boot.78	0.013587486121712724	1.505308452574362e-227	0.018298914546109386	0.07592420005786572	0.8921893992743122
OGG1_boot.79	0.07656983867323108	3.053e-321	2.290537752866525e-101	0.0767923592543474	0.8466378020724216
OGG1_boot.80	0.02874709152055154	5.099423083040288e-80	9.160412839005809e-45	0.11424568250634431	0.8570072259731042
OGG1_boot.81	7.467193523453817e-19	2.28e-321	1.5862259502691356e-23	0.127441678244539	0.872558321755461
OGG1_boot.82	0.033464594071240326	2.574e-321	0.007859539575601286	0.11613523656690306	0.8425406297862554
OGG1_boot.83	0.05085663695719111	1.1387888513281227e-267	2.49028345365873e-34	0.08288825133529071	0.8662551117075182
OGG1_boot.84	0.0013205544730539567	0.017574546293447804	0.10820996052890415	0.035638829285348714	0.8372561094192454
OGG1_boot.85	6.576896191335021e-31	0.0016727521534237902	0.004915097929971203	0.11544609719114557	0.8779660527254596
OGG1_boot.86	0.024322015390718623	1.2047751572948559e-87	0.020535507723437027	0.12571905368452282	0.8294234232013216
OGG1_boot.87	0.06579318043110388	5.978210992442844e-94	3.5756981825510435e-06	0.0847387009099117	0.8494645429608019
OGG1_boot.88	0.06173803779609502	3.10082344490476e-310	1.0736654153607495e-17	0.09931032210781213	0.8389516400960928
OGG1_boot.89	0.06512644960323127	2.297e-321	1.2652872063296575e-28	0.0952651631720337	0.8396083872247349
OGG1_boot.90	4.23490404297665e-262	2.263e-321	0.41368662768535625	1.971378342760249e-41	0.5863133723146439
OGG1_boot.91	0.014585209938453386	1.5964369655102717e-59	0.05702073042358463	0.06495705222994715	0.8634370074080149
OGG1_boot.92	0.012778401304719793	1.863616176634022e-96	0.1697551289523433	0.03651455639369485	0.780951913349242
OGG1_boot.93	1.2550092295182373e-43	1.1720311398469762e-162	0.2401098948999878	0.07145270116862386	0.6884374039313885
OGG1_boot.94	1.8035746886801192e-200	2.213e-321	0.48588016162864966	1.2170134281552122e-131	0.5141198383713502
OGG1_boot.95	7.962051010668626e-06	2.391742521963475e-298	0.3019430749489745	0.02292199055695144	0.6751269724430635
OGG1_boot.96	1.744e-321	2.105e-321	0.5228463670405696	1.0076908382501043e-59	0.4771536329594302
OGG1_boot.97	0.014137719198518679	0.02465676192510348	0.13308866002137	0.04493674383542213	0.7831801150195857
OGG1_boot.98	3.224283114944201e-202	1.6973564502135516e-52	0.328165088101563	9.524646685001883e-68	0.6718349118984371
OGG1_boot.99	4.097929344225988e-206	1.126e-321	0.49491621152835696	1.7795946461769647e-61	0.505083788471643
OGG1_boot.100	0.010338053896855758	0.0011475383123189563	0.12490530000352183	0.07444949636123713	0.7891596114260663
OGG1_boot.101	0.05561482700160651	0.026243687547488143	0.048286700684202405	0.03309564709008181	0.836759137676621
OGG1_boot.102	2.0232705124443535e-07	9.264795797333731e-76	0.19295642532734777	0.07354187445945075	0.7335014978861502
OGG1_boot.103	0.028151432802370487	0.01298175702218099	0.12219332295583744	0.10219805952984605	0.734475427689765
OGG1_boot.104	3.7061361848912963e-118	1.66e-321	0.026535226731526074	0.09989341387649997	0.8735713593919741
OGG1_boot.105	1.3044501426452994e-39	1.6746669438438514e-164	0.4301706287523123	0.01910213944414539	0.5507272318035423
OGG1_boot.106	4.5847142987146455e-105	0.006474502116318442	0.4311510612357849	6.036103544037079e-07	0.5623738330375421
OGG1_boot.107	4.08855188113982e-205	2.134e-321	0.29726643160016347	0.03542585451300307	0.6673077138868335
OGG1_boot.108	0.008704545665161404	7.666341760875637e-268	0.284823020748832	8.820675423229498e-13	0.7064724335851243
OGG1_boot.109	3.2460204682576474e-125	8.418094751466429e-160	0.23821855012578877	0.037784985250634236	0.723996464623577
OGG1_boot.110	1.8354842687262558e-60	3.4541410444672703e-148	0.3619406960472897	2.680280756908717e-99	0.6380593039527103
OGG1_boot.111	5.715893410908009e-83	0.07467736143341652	0.28588253103465044	0.012939227288190814	0.6265008802437424
OGG1_boot.112	0.005718294842701441	2.99e-321	0.13848324512211657	0.13388448485955276	0.7219139751756292
OGG1_boot.113	3.011780104651084e-05	0.00439304031806192	0.28040950774442736	0.01282569339614869	0.7023416407403155
OGG1_boot.114	1.7984219600265553e-40	0.013197335622243988	0.17538011880387222	0.043956038204054186	0.7674665073698297
OGG1_boot.115	3.0436634548710174e-36	2.27e-321	0.26989672792820885	0.028440982528558607	0.7016622895432325
OGG1_boot.116	0.0351693317634815	2.88e-321	0.4383572093897033	0.0006904795825938034	0.5257829792642214
OGG1_boot.117	4.633182015362304e-140	0.007826739987301582	0.15419147868901184	0.08611494871447227	0.7518668326092142
OGG1_boot.118	7.72146141398602e-60	1.9638870655698006e-213	0.22365961152796265	0.037536682429716264	0.7388037060423209
OGG1_boot.119	3.5094596013758604e-56	0.0016895141310630073	0.0949641903376067	0.11838824010567402	0.7849580554256563
OGG1_boot.120	2.2067105243185138e-24	2.083722421534992e-72	0.1313477095976013	0.10275700410046505	0.7658952863019337
OGG1_boot.121	1.0565500987152601e-255	0.03057503760839825	0.3214578181929535	1.6381897471896485e-23	0.6479671441986483
OGG1_boot.122	4.168280577764092e-43	3.122e-321	0.26751103630417694	1.3468936964271302e-26	0.732488963695823
OGG1_boot.123	4.595546349741059e-31	0.024434544135638493	3.938738006112926e-24	0.07042633793254839	0.9051391179318132
OGG1_boot.124	1.364e-321	1.973562412227042e-126	0.42842182378726645	1.9086788998388306e-178	0.5715781762127335
OGG1_boot.125	0.028923880292307507	0.028173627567693482	0.18702342168968167	0.06411756436511827	0.691761506085199
OGG1_boot.126	1.17898020359552e-85	4.7156631478653866e-05	0.310254817258008	3.2704179872077134e-26	0.6896980261105133
OGG1_boot.127	0.010693936353371238	0.016407906601012906	0.11944587615355136	0.09405297370274616	0.7593993071893185
OGG1_boot.128	4.638691479236389e-46	5.453087478649274e-225	0.40248327445529763	1.5389419202734243e-84	0.5975167255447025
OGG1_boot.129	1.0392690406335228e-265	0.01144353651722087	0.4622411912634096	5.226584032070394e-05	0.526263006379049
OGG1_boot.130	1.4784040879230526e-78	0.028913021367920434	0.2534826046645523	0.0015359447737861149	0.716068429193741
OGG1_boot.131	1.1510853591420933e-170	1.477e-321	0.49075370449299055	7.185326466608438e-112	0.5092462955070096
OGG1_boot.132	7.899577107615238e-229	1.15e-321	0.457462701863984	0.012804063803957195	0.5297332343320587
OGG1_boot.133	5.106854174340914e-55	2.164e-321	0.3544081987051266	2.105388633647116e-18	0.6455918012948734
OGG1_boot.134	0.028195253402660256	5.69472848131e-312	0.28044539900699167	0.004246299538389889	0.6871130480519582
OGG1_boot.135	1.328945434397888e-60	3.08e-321	0.14006608867326498	0.07895685469504048	0.7809770566316947
OGG1_boot.136	1.6133973548637004e-108	4.6269404209657803e-122	0.19469223994194979	0.05411943112890373	0.7511883289291466
OGG1_boot.137	7.7853678912581925e-258	1.556e-321	0.19777214651636196	7.281927996438105e-163	0.802227853483638
OGG1_boot.138	2.759580856949515e-72	1.6590144545338976e-71	0.17396683626379067	0.04138218687164283	0.7846509768645666
OGG1_real	2.2959044667349873e-53	0.04203889202877004	3.1162778194867614e-18	0.08718736008656014	0.8707737478846698
OGG1_real.1	0.036882281565460175	4.813931452370624e-177	6.276622408603712e-25	0.10372004336366028	0.8593976750708796
OGG1_real.2	5.85998089829917e-47	8.572983284280857e-30	0.25932046640654466	0.039511149620153875	0.7011683839733014
UNG_boot	0.0831826146142367	1.9694253812355629e-109	0.013549742423246804	0.9032676429625165	8.952471217180437e-51
UNG_boot.1	0.08690043344899216	0.04729401877319145	5.4264591416495573e-278	0.8289435504732199	0.03686199730459664
UNG_boot.2	2.33586997772441e-201	0.005170933382535152	0.1419231610391254	0.835053758716984	0.01785214686135553
UNG_boot.3	0.07878590062178298	1.294e-321	0.06968327555143179	0.8196909281739884	0.03183989565279693
UNG_boot.4	0.03882307493491389	0.03422525603350569	0.10708920685569528	0.8198624621758852	8e-322
UNG_boot.5	0.09569724379283953	0.0002834570145844254	0.13712225093751376	0.7579174180694015	0.008979630185660855
UNG_boot.6	0.06814263745134892	6.8e-322	0.14461418061275028	0.7872431819359007	7e-322
UNG_boot.7	3.26111713726395e-30	1.3357976549625826e-126	6.191102490802852e-208	1.0	4.7e-322
UNG_boot.8	5.9916835526557445e-28	0.09542788050832296	2.4411518697968303e-262	0.8220522448845721	0.08251987460710508
UNG_boot.9	2.2614397353431245e-117	0.018719606940026078	0.14323065416897227	0.7946787013880483	0.04337103750295326
UNG_boot.10	8.27900694438607e-219	5.987351013757536e-170	7.21667266111776e-215	0.8925599274741455	0.10744007252585451
UNG_boot.11	0.0010598055432013956	0.019931375909787823	5.081600946840997e-25	0.8949259585796224	0.08408285996738842
UNG_boot.12	0.0047583101461778085	3.301913463189488e-42	0.07080072770447997	0.9209809481188768	0.003460014030465574
UNG_boot.13	0.09030884980391607	0.05664843165201885	0.07579339670945087	0.7772493218346141	2.4236555115905475e-107
UNG_boot.14	2.787e-321	1.413e-321	1.245e-321	1.0	3.36e-322
UNG_boot.15	0.016931821734439897	0.021010030542762126	8.6e-322	0.9620581477227981	6.47e-322
UNG_boot.16	2.217423397143145e-85	5.53587433463436e-125	0.09519746734395657	0.9048025326560434	7.338764737541543e-73
UNG_boot.17	0.056424451790000704	0.00858021562654392	0.11926666015848791	0.8127197302597281	0.0030089421652394577
UNG_boot.18	0.020157245926124646	1.5179408201708058e-78	4.923508108728534e-232	0.9099023161370017	0.06994043793687364
UNG_boot.19	4.667160064533777e-208	0.08172178801673366	0.05843139067356064	0.8598468213097056	1.5735573950554263e-99
UNG_boot.20	0.06319452378116905	1.21e-321	9.994212903680023e-24	0.8410491723940954	0.09575630382473545
UNG_boot.21	0.07007635350273213	1.537e-321	0.09494671780085058	0.8349769286964173	9.290217058185657e-261
UNG_boot.22	0.06886621426002319	1.63e-321	1.12e-321	0.931133785739977	4.476e-321
UNG_boot.23	2.1727395874638653e-133	2.379464278509936e-212	0.13639239650067023	0.8563015741590793	0.007306029340250641
UNG_boot.24	5.838301128645074e-126	7.26e-322	1.146e-321	1.0	6.9e-322
UNG_boot.25	4.4660789438163186e-114	1.793e-321	1.5612299818979545e-76	0.8881450501591166	0.11185494984088357
UNG_boot.26	0.06852381790401563	2.134e-321	0.20875426415384252	0.7227219179421417	1.7116309093099463e-88
UNG_boot.27	0.16432592714663194	2.347e-321	0.008691947612706617	0.8269821252406615	1.3615316510179886e-92
UNG_boot.28	0.0377493333323564	2.35e-321	0.01338939045795605	0.8280574827857369	0.1208037934239508
UNG_boot.29	0.07489811803245529	2.218612527498341e-226	3.700161048687652e-216	0.9251018819675446	2.27800407405975e-85
UNG_boot.30	0.00030689484938732165	5.357097207979627e-23	3.975232883019703e-113	0.9362189624214184	0.0634741427291941
UNG_boot.31	0.03606213255766481	1.927e-321	0.004488276149529316	0.9594495912928058	1.3244008548409605e-186
UNG_boot.32	4.132336088278013e-72	3.883567364259562e-246	0.20611404715858114	0.7938859528414187	7.5e-322
UNG_boot.33	0.08588659114732583	0.011938396477050466	0.09196186883943068	0.810213143536193	7.3e-322
UNG_boot.34	5.229842508339368e-54	2e-321	2.7180568149022153e-152	0.9234438919423854	0.07655610805761447
UNG_boot.35	2.61201380804194e-28	9.214950165782651e-76	0.033861862722102	0.966138137277898	2.3359701689692342e-166
UNG_boot.36	8.887769680192343e-28	7.3e-322	0.0329763423289486	0.9190853854955405	0.047938272175510895
UNG_boot.37	0.011088690685532072	0.08518573953726989	0.014126118891143702	0.772925330290307	0.11667412059574722
UNG_boot.38	7.580734586395513e-190	8.55e-322	0.06753236562773601	0.932467634372264	1.258334138617373e-309
UNG_boot.39	8.904743036030273e-175	1.58e-321	0.1169387458047497	0.8830612541952503	2.5813081359625217e-49
UNG_boot.40	0.08954203478664292	2.385475690509082e-169	6.436785385e-314	0.8157764913754574	0.0946814738378997
UNG_boot.41	6.265820702538036e-273	0.012004690941306384	5.23307512587528e-33	0.98677796597816	0.0012173430805337184
UNG_boot.42	0.06890051184598772	1.013e-321	0.03375325608980013	0.897346232064212	1.076030527512969e-230
UNG_boot.43	0.061929898218110124	8.477218608263367e-224	4.4685013557982133e-184	0.8486648670060981	0.08940523477579185
UNG_boot.44	0.004405797943978974	2.077816564758251e-122	0.114482912684519	0.8397741867498779	0.04133710262162414
UNG_boot.45	0.002555560966291197	0.021515355950028205	2.5310596966928575e-129	0.9562007880889919	0.019728294994688915
UNG_boot.46	6.935576149673714e-252	1.877e-321	8.805589882377373e-252	0.9541671372014594	0.04583286279854053
UNG_boot.47	1.2401407929369672e-158	1.14e-321	0.10743955140334913	0.892560448596651	2.322825680446701e-44
UNG_boot.48	0.0672624355925994	5.520102685867175e-207	2.6301004898931785e-160	0.8934381481224525	0.039299416284948055
UNG_boot.49	3.1866688262498954e-17	7.955744283105033e-22	0.24715755744677131	0.7528424425532287	1.1236418179309609e-217
UNG_boot.50	0.08309312282311324	0.021095642906474178	2.9906604988639745e-276	0.8958112342704128	5.022444479924869e-135
UNG_boot.51	0.008782124822546497	0.0984234654964691	1.7619518968185918e-171	0.8681182576527887	0.02467615202819589
UNG_boot.52	0.0006680794116973113	1.4137715487985475e-42	7.617263058251259e-201	0.9993319205883028	5.24e-322
UNG_boot.53	9.007650183465564e-203	0.08346346344953441	0.0032167628915503008	0.8601757302021049	0.05314404345681053
UNG_boot.54	0.006666294652453425	0.03032432094534648	8.216512098951043e-218	0.9630093844022003	1.117e-321
UNG_boot.55	9.122551127793142e-40	0.06641889230038901	0.061054543011695585	0.8560852013617336	0.016441363326181728
UNG_boot.56	7.381971816969472e-77	0.0723542570780885	9.949503316731319e-307	0.9276457429219116	1.06e-321
UNG_boot.57	2.11e-321	0.1302084614377974	2.3518030208731066e-234	0.8307451214410335	0.03904641712116905
UNG_boot.58	2.19e-321	0.11684090415559047	2.521576358803786e-166	0.8365406961114649	0.04661839973294471
UNG_boot.59	0.034547802414982065	0.026750751675434774	7.657682433248667e-96	0.893842739922289	0.04485870598729426
UNG_boot.60	0.030508932724644243	0.07980648118654188	0.07175918466885536	0.7829578065374999	0.03496759488245871
UNG_boot.61	1.9321319040035775e-245	0.12413833086491281	7.879316980410751e-137	0.8499511257713727	0.02591054336371456
UNG_boot.62	2.1e-321	0.11612954407245618	2.2080813767585198e-265	0.8838704559275439	5.63e-322
UNG_boot.63	4.9563511355893726e-288	0.0841023629642667	1.047e-321	0.9158976370357333	1.0323186867430838e-205
UNG_boot.64	0.015643369865892338	3.6160048970878744e-25	0.027530280464209057	0.9568263496698987	1.814991479218949e-27
UNG_boot.65	1.87e-321	0.09946769684483063	1.257785071271067e-293	0.8492382460420288	0.05129405711314062
UNG_boot.66	6.664817875678123e-188	0.0673773463762917	8.806921273463154e-251	0.8751411925434226	0.05748146108028574
UNG_boot.67	3.786139404825894e-49	0.07231230419073115	2.252843980809316e-65	0.8719590986109307	0.05572859719833806
UNG_boot.68	1.7709302658989134e-68	0.1265396782108809	1.6961000581451735e-284	0.8495310805262056	0.023929241262913396
UNG_boot.69	0.039157552258608765	0.05097047102246111	5.843760488364592e-160	0.8990017143751904	0.01087026234373977
UNG_boot.70	0.031378130391631086	4.14310199184528e-290	0.0627119125693749	0.9059099570389941	9.650010849637988e-266
UNG_boot.71	2.326747192240232e-20	0.036578315278245434	6.68489420690381e-143	0.9007685155494489	0.06265316917230558
UNG_boot.72	0.12551050620909093	0.0168934064493279	5.511809288581259e-242	0.8575960873415811	8.7e-322
UNG_boot.73	2.04e-321	0.17187621610446102	7.665673766503313e-235	0.7771591239005221	0.05096465999501685
UNG_boot.74	8.24264322880942e-225	0.15897074906133662	6.3094599787971636e-288	0.8149373438423746	0.02609190709628886
UNG_boot.75	0.0387510042646937	0.0775680643448273	7.401117525623431e-225	0.8664518953847958	0.01722903600568313
UNG_boot.76	1.1802559776462102e-201	0.10440429624114447	2.593673131776184e-109	0.8681093173681848	0.027486386390670928
UNG_boot.77	7.061453486950335e-114	0.0936627061820636	5.817548761727183e-139	0.8461718820131905	0.06016541180474586
UNG_boot.78	0.08550640648712123	0.03526380996043707	0.04435439200207064	0.8232045105535976	0.011670880996773337
UNG_boot.79	1.353606980411323e-197	0.06500927365305714	0.027216622991925656	0.8407207930235095	0.0670533103315076
UNG_boot.80	3.782423414987753e-227	0.12319459515359282	0.021975301618105743	0.8548301032283013	6.007413508128899e-227
UNG_boot.81	3.229083002635832e-122	0.18526342812808222	4.251226948374178e-146	0.7749494490267944	0.03978712284512327
UNG_boot.82	1.4263985447355503e-129	0.09923526693678114	1.389432664378343e-308	0.8718417913800697	0.02892294168314927
UNG_boot.83	0.0594807640702782	0.03126608717659415	1.4024696522097957e-34	0.8997709399311299	0.009482208821997625
UNG_boot.84	2.3036833941025166e-183	0.09651882956696183	0.02925114954198753	0.8727162871590921	0.0015137337319587774
UNG_boot.85	3.0726650758071458e-12	0.08542684966854107	3.9301912878419724e-142	0.8434422469402659	0.07113090338812046
UNG_boot.86	1.7657071066402125e-06	0.040148694401440865	2.046540010876791e-225	0.9286773165377494	0.031172223353703062
UNG_boot.87	2.300239279062317e-113	0.07470907063089313	1.3435577430540777e-18	0.8626027472623747	0.06268818210673223
UNG_boot.88	1.927e-321	0.1229926058628632	2.856751509368097e-92	0.8396560524804078	0.03735134165672899
UNG_boot.89	1.3077662801931926e-14	0.09243016062423333	4.042126652240376e-298	0.9075698393757535	3.305674460603518e-61
UNG_boot.90	0.006090751856215706	0.07654742746205256	0.01943714739891934	0.8979246732828124	2.661040375980462e-219
UNG_boot.91	1.429417045872599e-168	0.09434894349902025	1.5922285861218104e-205	0.8859759050124809	0.0196751514884989
UNG_boot.92	2.2931837275303923e-30	0.09948014341240709	6.874560156082473e-159	0.9005198565875929	2.3404019709401114e-141
UNG_boot.93	0.02392138079682634	0.0313366639507828	8.554684352960271e-16	0.8914070239703333	0.05333493128205656
UNG_boot.94	0.028632893592192468	0.0675007022726874	1.346014091206802e-15	0.8608765771919445	0.04298982694317421
UNG_boot.95	4.9948381931302225e-113	0.09850612396447007	1.095229781336065e-37	0.8671323229594544	0.034361553076075475
UNG_boot.96	0.04198872121742808	0.07263402188762301	2.5163021678763917e-281	0.8548271706922903	0.0305500862026584
UNG_boot.97	2.12322e-318	0.1426169685911465	1.4e-321	0.8573830314088535	6.37e-322
UNG_boot.98	0.01601295672992785	5.09265441638798e-126	2.2053236352853484e-139	0.9574502552662335	0.026536788003838716
UNG_boot.99	0.005827338595963506	0.007707240741865389	0.10447367159786093	0.8673106150332869	0.014681134031023366
UNG_boot.100	0.007143639434241437	0.16363653631495576	7.6e-322	0.8292198242508029	4.2e-322
UNG_boot.101	8.70811783988203e-62	0.0470856428593049	1.3439549615844283e-49	0.950092367371445	0.002821989769250172
UNG_boot.102	3.9658011160185017e-175	0.10165420695474359	0.03003185863746178	0.8683139344077946	9.860903188508215e-150
UNG_boot.103	1.877e-321	0.0383296066049394	0.13691146676960186	0.8074797019950807	0.017279224630378093
UNG_boot.104	1.97e-321	0.12755444581692216	0.00748190297162834	0.84152466561672	0.023438985594729404
UNG_boot.105	1.0620485168429994e-272	0.16227645573878427	1.7264761799871645e-63	0.8377235442612158	1.2872167016639782e-242
UNG_boot.106	0.0751702840660953	0.0203466529262889	7.757142246864297e-77	0.7700798661227548	0.13440319688486096
UNG_boot.107	8.728123665916718e-15	0.033543848032192534	1.09e-321	0.9418395689477905	0.02461658302000811
UNG_boot.108	0.15186524635623228	2.1135869540832487e-276	0.010633661546861156	0.7941808964325094	0.04332019566439703
UNG_boot.109	0.07929655982144326	0.08017056088799683	0.01304376794692144	0.7042676980054802	0.12322141333815831
UNG_boot.110	6.157176822037255e-104	1.0597550545572583e-138	1.023e-321	1.0	8.05e-322
UNG_boot.111	0.0332795279188734	2.1785848155567418e-293	0.08975439763487451	0.8555034585934198	0.021462615852832233
UNG_boot.112	5.7085252197784564e-83	0.06913220130405089	3.086860157553487e-123	0.8954526620603785	0.03541513663557061
UNG_boot.113	0.017986241580178388	0.08824045871159951	2.088276701477284e-245	0.8626209242176028	0.0311523754906193
UNG_boot.114	3.4556304713153133e-74	0.0541129820057171	9.44e-322	0.8192092862694753	0.1266777317248075
UNG_boot.115	8.171092525806012e-73	0.05439412656285133	0.04739443819817148	0.8013545744983896	0.09685686074058748
UNG_boot.116	0.016234187424535772	0.0029365205246555193	2.7389108932009305e-175	0.8811292365381153	0.09970005551269334
UNG_boot.117	2.2616982965549204e-57	0.05580595943277027	1.6887397870827132e-234	0.8699322778682238	0.07426176269900583
UNG_boot.118	2.6439642642460554e-131	0.05453299786841884	0.08135773652676202	0.8260906512368903	0.038018614367928895
UNG_boot.119	6.427469694133627e-169	0.1427798675558634	0.016563464971048672	0.7257160945485601	0.11494057292452783
UNG_boot.120	0.010126544539849059	0.04966377758767965	1.003e-321	0.8306939853031771	0.10951569256929432
UNG_boot.121	9.63278800603567e-258	0.004082396963272544	4.27793296476176e-308	0.9302606542574277	0.0656569487792997
UNG_boot.122	4.53953761944436e-173	0.09963970253124038	0.01727446147246096	0.8407087731941021	0.04237706280219661
UNG_boot.123	2.5236800740286215e-183	0.01687474348635572	3.8745635854309704e-130	0.9038911117462645	0.07923414476737982
UNG_boot.124	1.257412703670224e-06	0.05182169780091971	8.302779012881412e-288	0.9148438098786418	0.033333234907734724
UNG_boot.125	2.795216948747995e-173	0.0017521320914970313	0.12484207443484906	0.8734057934736538	9.453105945805463e-44
UNG_boot.126	2.363675148511415e-208	0.08710203909484417	0.16683688475145217	0.7424636626349018	0.003597413518801856
UNG_boot.127	2.017649288908481e-169	0.13337464784495473	9.148199372367297e-155	0.7509258909692013	0.11569946118584405
UNG_boot.128	0.04867314603918542	0.0985922552593774	1.8196889465256985e-146	0.7281768805799583	0.12455771812147873
UNG_boot.129	4.0536e-319	0.09515918523878333	0.0022892797210458658	0.9025515350401707	7.041441547719514e-66
UNG_boot.130	0.01921070212091711	0.029343815884787097	1.9037797519997204e-37	0.8405956963086817	0.11084978568561413
UNG_boot.131	0.18339432232944602	0.024153756822735108	4.1653071289260786e-18	0.7140225605084936	0.07842936033932518
UNG_boot.132	0.03353903940036625	0.06560138379538198	3.044385875542984e-101	0.836197674245701	0.0646619025585509
UNG_boot.133	2.6163662941156447e-62	0.10474399923749346	1.303510637524096e-23	0.7930734769748814	0.1021825237876252
UNG_boot.134	1.776045661556625e-107	0.07331704121382736	6.90879192237425e-34	0.8311285592777244	0.0955543995084484
UNG_boot.135	3.474075696229033e-88	0.02115658799975524	2.5678104284671736e-09	0.8907504607106733	0.08809294872176093
UNG_boot.136	2.43e-321	0.01956113424769738	0.09167314343940992	0.8643230573301545	0.024442664982738404
UNG_boot.137	2.712932512985165e-244	0.09203172999425767	4.258310656949359e-246	0.8673472431903554	0.04062102681538696
UNG_boot.138	2.189770286910503e-214	0.11116929395000617	3.797561350794283e-26	0.7936176217233252	0.09521308432666868
UNG_boot.139	0.051726713932620946	0.01459371785932682	0.1722663765597683	0.7489402695814825	0.012472922066801407
UNG_boot.140	1.244826433808165e-21	0.09114688772894108	4.3985590580240567e-187	0.797910139184964	0.11094297308609491
UNG_boot.141	7.531075006421445e-78	0.03384026430136495	1.8502068244107373e-273	0.9328739210246076	0.03328581467402734
UNG_boot.142	0.030505420977852755	0.011775118993300342	5.291953803771248e-66	0.840675411435123	0.11704404859372383
UNG_boot.143	0.011653522314272465	0.05484191909389194	9.24622129220637e-40	0.8371297262807753	0.09637483231106038
UNG_boot.144	4.623773679274866e-21	0.025757601928172048	1.5131854062483952e-77	0.8247309547423374	0.1495114433294906
UNG_boot.145	4.402786467573851e-77	0.06593996796773324	2.0616317554861442e-108	0.8609414292034133	0.07311860282885342
UNG_boot.146	1.2471295830432341e-104	0.01442199915444126	0.0011450540671994567	0.9171385920532319	0.06729435472512721
UNG_boot.147	1.3151582158371874e-282	0.0622594614218441	2.48114036038997e-196	0.8878660958804413	0.049874442697714655
UNG_boot.148	1.1619098221185803e-150	0.07741097182425151	4.371877094655885e-109	0.850065290566176	0.0725237376095726
UNG_boot.149	1.966e-321	0.04339861686638287	2.0393104983290617e-293	0.8845026983013622	0.07209868483225486
UNG_boot.150	3.674483724183221e-145	0.141728714522804	0.030863733303450862	0.7874821547718543	0.03992539740189083
UNG_boot.151	0.028229562926012294	2.919483328234186e-06	0.07446415825748476	0.8973033593331746	6.9e-322
UNG_boot.152	1.5243602103286713e-114	0.04787167362504376	4.304195216385213e-90	0.849148463476692	0.10297986289826418
UNG_boot.153	5.0512260809631706e-64	0.11282375369987897	1.7333028664642392e-85	0.7882821716716009	0.09889407462852015
UNG_boot.154	2.8913463313923663e-177	0.02335506867444784	2.1572965819432454e-77	0.9596278661646104	0.017017065160941883
UNG_real	0.040552766084653594	7.889069960133987e-224	0.03946979756512391	0.8839790126413081	0.03599842370891433
UNG_real.1	2.755222794834708e-37	0.08712474889773865	2.5083289845250209e-82	0.8863645689020851	0.026510682200176237
UNG_real.2	2.717764352450237e-64	0.0575863453232046	3.6585274016882555e-85	0.856927330459705	0.08548632421709024
ATP2B4_boot	0.19551025906384698	1.324e-321	0.7640233347756062	0.040466406160546815	4.0533809720996805e-201
ATP2B4_boot.1	0.018904471858493182	0.058513033923952136	0.6896512929533976	1.07e-321	0.23293120126415714
ATP2B4_boot.2	0.11543386939135832	0.1757154938548418	0.4651902111831572	0.054387902233582856	0.18927252333705996
ATP2B4_boot.3	1.057e-321	0.15634614207858796	0.7431773581262038	2.0924791071454142e-304	0.10047649979520837
ATP2B4_boot.4	0.1679424043420768	0.02630646565320733	0.593271275698324	0.2124798543063919	2.643176105107253e-210
ATP2B4_boot.5	1.625e-321	0.12484914648152809	0.873050946711008	6.4312091141005674e-226	0.0020999068074638275
ATP2B4_boot.6	1.086626217057566e-139	0.11555381143317686	0.7500933513157914	1.402686520378304e-234	0.13435283725103184
ATP2B4_boot.7	0.14779831129924495	1.294e-321	0.8132294097598066	0.03897227894094861	1.0237411384880366e-103
ATP2B4_boot.8	0.07458461774792638	0.007429899831682695	0.7618642467378998	1.923166584272713e-285	0.1561212356824911
ATP2B4_boot.9	0.1480857087739182	1.754e-321	0.623828094046996	0.12127126302050623	0.10681493415857969
ATP2B4_boot.10	2.3409239059902884e-214	0.002380716814619034	0.9106425879602587	6.365344661931736e-215	0.08697669522512226
ATP2B4_boot.11	1.90137296110174e-54	0.06862790899759881	0.8047315612942985	0.08532632068763313	0.041314209020469485
ATP2B4_boot.12	1.45e-321	0.06944153828562745	0.9164375996854062	0.014120862028966338	2.7e-322
ATP2B4_boot.13	3.850207617288966e-188	0.028559820378997798	0.8401214635363667	8.45e-322	0.13131871608463547
ATP2B4_boot.14	1.73e-321	0.14812218110988634	0.7012907452661913	2.9034981863814996e-269	0.15058707362392243
ATP2B4_boot.15	0.13807677752640088	4.746809693937616e-187	0.8445549061943006	0.01736831627929856	3.959684922493429e-225
ATP2B4_boot.16	0.03950793502319191	0.029103517287534512	0.8661216403019726	2.606753353312059e-297	0.065266907387301
ATP2B4_boot.17	0.11014819440895651	0.06546165263609868	0.43887185303973797	0.21593501671735119	0.16958328319785554
ATP2B4_boot.18	2.5636715849765704e-205	0.10909773202536005	0.7022262461741974	1.2133145497214685e-242	0.18867602180044252
ATP2B4_boot.19	0.051684416995255195	0.05385200026680066	0.5126763436365008	0.18093937905983487	0.2008478600416085
ATP2B4_boot.20	0.03732211011356093	0.08318874203651998	0.8256962867763534	0.05379286107356568	3.3709784294314084e-300
ATP2B4_boot.21	0.031845244479144524	0.04784262405938913	0.8597642336179089	0.060547897843557526	2.493380678708773e-165
ATP2B4_boot.22	0.1019709556313042	0.007776434786112497	0.5384825810070882	0.215647170090488	0.13612285848500708
ATP2B4_boot.23	0.03208003153188199	0.03297402279146305	0.9349459456766551	2.1215272021758116e-184	3.1116174407044056e-106
ATP2B4_boot.24	0.20949646956181114	0.019782540372995063	0.6695209174496803	0.10120007261551348	1.6237991306386656e-204
ATP2B4_boot.25	0.00018874645473000037	2.7669250468716735e-84	0.99981125354527	4.36858900614451e-33	1.335878336192404e-34
ATP2B4_boot.26	1.0952669464703695e-138	0.0332332989128886	0.8772944928987538	7.420966949032933e-303	0.08947220818835756
ATP2B4_boot.27	6.319333609484526e-217	0.1404715674049259	0.7451414692863277	4.4440175498875184e-256	0.1143869633087463
ATP2B4_boot.28	1.655e-321	1.1256926032730637e-139	0.9628111886256977	8.631672486241257e-253	0.03718881137430222
ATP2B4_boot.29	0.23132565611900271	1.013e-321	0.5228979447374724	0.24577639914352487	1.510724139547697e-45
ATP2B4_boot.30	0.2095942546481044	0.00015970425027485703	0.5074718198168979	0.23587039676815688	0.04690382451656605
ATP2B4_boot.31	5.113285080179238e-173	0.08214298539322498	0.9178567522857976	3.635565150691301e-162	2.6232097749542e-07
ATP2B4_boot.32	0.04284936681370092	0.06137054471830172	0.7644130367556086	0.13136705171238885	7.60131391338913e-21
ATP2B4_boot.33	0.10790214591404325	1.8862879971595652e-25	0.6173545071801001	0.2175298826995852	0.05721346420627149
ATP2B4_boot.34	0.008300254174803526	8.378428199511594e-58	0.9213328549329406	0.07036689089225584	4.141069877306138e-170
ATP2B4_boot.35	5.419935856006728e-34	0.01574604835946541	0.952338770904472	9.54e-322	0.031915180736062504
ATP2B4_boot.36	0.12186271216996195	0.0038735442278996415	0.6785049117106174	0.11311698393159504	0.08264184795992595
ATP2B4_boot.37	0.0068609005489696645	0.0975398390792174	0.6748838958590895	1.2113330493275048e-32	0.2207153645127234
ATP2B4_boot.38	0.24621772813932094	0.01354783881956537	0.16548246189627133	0.33130123500034625	0.24345073614449597
ATP2B4_boot.39	0.0006287110899497464	0.1367027558594355	0.7732241475187993	6.238472400678265e-290	0.08944438553181543
ATP2B4_boot.40	1.0724438331152294e-55	3.0560623485558223e-168	0.906283014600327	0.08216716082013031	0.011549824579542836
ATP2B4_boot.41	2.4900151511962725e-75	0.0505440941434633	0.9494559058565366	9.14e-322	1.106754069366228e-38
ATP2B4_boot.42	4.62566630389406e-134	0.07070726394542179	0.8629301936778537	4.044632438199873e-168	0.0663625423767244
ATP2B4_boot.43	2.382394037753442e-57	0.05648418975686783	0.7807616609531599	4.000863668762094e-27	0.16275414928997223
ATP2B4_boot.44	2.2795153497661175e-296	0.08865310390440895	0.7780719960763001	1.9960822963906148e-52	0.13327490001929096
ATP2B4_boot.45	0.14054314884097988	1.1813074356906718e-213	0.509587614010637	0.24848122907406328	0.10138800807431973
ATP2B4_boot.46	0.24696620880194914	0.01056615489678513	0.46409604343526123	0.1402431551902049	0.1381284376757995
ATP2B4_boot.47	7.76370734560335e-254	0.0676351617022159	0.8534661606051983	0.07889867769258581	2.77e-322
ATP2B4_boot.48	6.07909858653001e-284	0.08869535937057912	0.8600453080301983	6.23e-322	0.05125933259922249
ATP2B4_boot.49	6.181964211575491e-54	0.19765415754488436	0.6325861758947847	7.86e-322	0.16975966656033084
ATP2B4_boot.50	0.024046353315805905	0.09910953982524641	0.8516726734950959	1.4159030342062285e-201	0.02517143336385174
ATP2B4_boot.51	1.6383232799656826e-99	0.14878154598080232	0.6636041355774491	4.7392753701782526e-204	0.18761431844174845
ATP2B4_boot.52	0.06582089953282191	0.09248487653669515	0.575792445119262	0.14255500797149043	0.12334677083973071
