Samples	SBS96A	SBS96B	SBS96C	SBS96D	SBS96E
ATP2B4_real_train_fold1	8.759493788214258e-192	0.08734294429522109	0.8218754841223906	8.048836701343645e-221	0.09078157158238834
ATP2B4_real_train_fold1.1	0.04780966045044364	0.03169787213809144	0.6984254471046405	0.07449409337504015	0.14757292693178442
EXO1_real_train_fold1	0.7683712824048097	0.05650815859820801	0.0029583389250129885	0.11804450619480664	0.05411771387716269
MLH1_real_train_fold1	2.2334439043777976e-211	0.8662522202855769	1.877e-321	0.13374777971442314	1.8455671243032302e-126
MSH6_real_train_fold1	3.365e-321	0.9677931505148847	2.59e-321	0.026883443672661635	0.005323405812453708
MSH6_real_train_fold1.1	3.266e-321	0.9546220823774187	0.007445073856427278	0.028581088244328465	0.009351755521825515
MSH6_real_train_fold1.2	1.937e-321	0.9438827438530507	3.6204306992177274e-240	0.04103501564637257	0.015082240500576712
OGG1_real_train_fold1	0.011823229377330725	8.833120738098321e-208	0.1548839457701123	0.08221425570631129	0.7510785691462456
PMS1_real_train_fold1	2.263e-321	0.19284645687596902	0.46355578496321936	0.30249664127307946	0.04110111688773213
PMS2_real_train_fold1	0.42099543890662416	0.5631886697968835	1.53e-321	2.96e-322	0.01581589129649235
RNF168_real_train_fold1	0.7362394710944365	2.9012286006016565e-285	0.079417930613771	0.1416425961989067	0.04270000209288572
UNG_real_train_fold1	1.0759995949093639e-55	0.026307536461573737	0.06933017689357288	0.7964033617998639	0.10795892484498938
ATP2B4_dirichlet_train_fold1	1.956e-321	0.06864972457499788	0.4878892309731667	0.18500253479395865	0.25845850965787676
ATP2B4_dirichlet_train_fold1.1	0.09686969959763676	1.8119961432982666e-187	0.6194489122711261	0.07936578287096964	0.20431560526026765
ATP2B4_dirichlet_train_fold1.2	1.071486137760635e-246	0.06625586052282191	0.6967477215239176	0.14081610890359228	0.0961803090496681
ATP2B4_dirichlet_train_fold1.3	1.82e-321	8.095293100586876e-269	0.5298349112738712	0.10100100449528217	0.3691640842308467
ATP2B4_dirichlet_train_fold1.4	9.93e-322	0.059046065476340434	0.7473582333668355	1.0999078238201382e-215	0.19359570115682417
ATP2B4_dirichlet_train_fold1.5	0.055319208452697693	0.10339623353336133	0.3377647272705631	1.206e-321	0.5035198307433779
ATP2B4_dirichlet_train_fold1.6	7.000591126102228e-212	0.04213288269561769	0.7593572576449962	0.017589678988826803	0.18092018067055937
ATP2B4_dirichlet_train_fold1.7	1.32e-321	0.04426924367935055	0.9055307473231975	0.04196390800092884	0.008236100996523022
ATP2B4_dirichlet_train_fold1.8	0.019383637182983245	8.23996318738157e-284	0.8365774254312774	8.214519752337558e-297	0.1440389373857393
ATP2B4_dirichlet_train_fold1.9	5.974599127346396e-81	2.35e-321	0.4941768105753921	0.29426603816448876	0.21155715126011926
ATP2B4_dirichlet_train_fold1.10	1.13374475309063e-162	0.07432900886181291	0.22778461536014394	0.2939764293031324	0.40390994647491085
ATP2B4_dirichlet_train_fold1.11	0.0294993125205889	0.11623985401583214	0.8179851817099664	0.03627565175361274	4.764508017226299e-299
ATP2B4_dirichlet_train_fold1.12	0.31459853252993253	0.028336026962434414	0.5965099639436751	1.8009596310996778e-75	0.06055547656395791
ATP2B4_dirichlet_train_fold1.13	0.11052009874035151	0.12165919203189773	0.16602217473127118	1.1240401917578861e-28	0.6017985344964796
ATP2B4_dirichlet_train_fold1.14	0.01992518805550269	0.09842374355113025	0.6364969528260882	0.056442841718259223	0.18871127384901965
ATP2B4_dirichlet_train_fold1.15	2.6408266345950944e-25	0.2518695105296785	0.6315237033326226	7.7e-322	0.11660678613769877
ATP2B4_dirichlet_train_fold1.16	0.20550832546919381	0.06269481970643308	0.46426595562205664	0.13937050664958503	0.12816039255273137
ATP2B4_dirichlet_train_fold1.17	0.1401474895842091	0.027809446681446956	0.8320430637343439	1.493056063360313e-233	1.0537193260763115e-97
ATP2B4_dirichlet_train_fold1.18	4.161550193529296e-60	0.03011834500509334	0.868728666900557	6e-322	0.10115298809434971
ATP2B4_dirichlet_train_fold1.19	1.42e-321	0.00643272560580153	0.23128141926151494	0.4212084581108465	0.341077397021837
ATP2B4_dirichlet_train_fold1.20	1.6199437144905015e-214	0.06049712978422267	0.8766691339457422	7.979751842648151e-154	0.06283373627003512
ATP2B4_dirichlet_train_fold1.21	0.04075148404853079	0.10567934016982153	0.4911524281306394	0.028920975491556623	0.33349577215945164
ATP2B4_dirichlet_train_fold1.22	0.14119483948508613	0.1530426356838111	0.2633774490452219	0.1396720643150417	0.3027130114708394
ATP2B4_dirichlet_train_fold1.23	6.03e-322	0.08773506853966462	0.5988062527634544	8.4e-322	0.3134586786968811
ATP2B4_dirichlet_train_fold1.24	0.07301044486146525	0.2033462222794405	0.5751258850667216	1.527e-321	0.1485174477923725
ATP2B4_dirichlet_train_fold1.25	2.824842721360528e-55	0.0732476077103088	0.6964862634144537	1.467e-321	0.23026612887523737
ATP2B4_dirichlet_train_fold1.26	5.808444075950905e-147	0.10512062629116786	0.37826898361132777	0.008085576329484511	0.5085248137680198
ATP2B4_dirichlet_train_fold1.27	0.08807785789394665	0.0787678750888493	0.7471273783748679	0.08200968321736368	0.004017205424972444
ATP2B4_dirichlet_train_fold1.28	2.0928850956888511e-109	2.025563686006182e-306	0.5211708848291474	0.1460030351905429	0.33282607998030966
ATP2B4_dirichlet_train_fold1.29	1.3616146762670222e-269	0.14813389059510013	0.5957497387603683	9.1e-322	0.25611637064453163
ATP2B4_dirichlet_train_fold1.30	0.13688527159207903	0.11840453900818881	0.5010610936691212	3.8812230907388592e-28	0.24364909573061103
ATP2B4_dirichlet_train_fold1.31	0.512849402431298	0.0638761366953678	0.36198439872892385	1.32e-321	0.06129006214441035
ATP2B4_dirichlet_train_fold1.32	0.1000785370494896	3.6447580275609763e-159	0.20753383753135543	0.5168191698495715	0.17556845556958323
ATP2B4_dirichlet_train_fold1.33	0.05679713237059141	0.02608440930916034	0.913803257594158	1.225e-321	0.0033152007260902937
ATP2B4_dirichlet_train_fold1.34	0.18372427182047615	0.03864574334364882	0.6481005270206289	0.05094466734289085	0.07858479047235513
ATP2B4_dirichlet_train_fold1.35	0.12649141541214787	1.364e-321	0.8735085845878521	3.615058319883564e-228	3.9e-322
ATP2B4_dirichlet_train_fold1.36	2.456e-321	8.851522078124169e-272	0.955256480772799	1.04e-321	0.044743519227201066
ATP2B4_dirichlet_train_fold1.37	6.66425115167266e-155	0.023969841418504577	0.8862602468490322	0.08976991173246318	1e-322
ATP2B4_dirichlet_train_fold1.38	0.15476837217989184	2.955e-321	0.37905785584707186	0.19898507171673563	0.2671887002563007
ATP2B4_dirichlet_train_fold1.39	2.470094720357707e-56	0.011927433473244304	0.7138434927913554	0.08047900007071748	0.19375007366468294
ATP2B4_dirichlet_train_fold1.40	2.765883699505391e-85	0.11334994496247384	0.7221482425957232	0.0561552836009234	0.10834652884087966
ATP2B4_dirichlet_train_fold1.41	0.24533972312251548	2.67e-321	0.28599452358503913	0.13146510277688359	0.3372006505155618
ATP2B4_dirichlet_train_fold1.42	0.03148529599410894	0.17448044479139058	0.2510167921274631	0.15554654197106943	0.38747092511596803
ATP2B4_dirichlet_train_fold1.43	0.15537540659542498	0.036726993643548575	0.1748527061661089	0.19182891435466848	0.441215979240249
ATP2B4_dirichlet_train_fold1.44	1.655e-321	3.357439261808362e-241	0.8730041812048083	0.07124467355740174	0.05575114523778998
ATP2B4_dirichlet_train_fold1.45	0.4202169377291691	9.54e-322	0.4488250653903625	8.8e-322	0.1309579968804685
ATP2B4_dirichlet_train_fold1.46	0.16020499411441086	1.06e-321	0.46165022227265884	0.017301646755773475	0.3608431368571569
ATP2B4_dirichlet_train_fold1.47	0.22300587186173465	0.06302721824860219	0.36629961089388163	0.14690896021991742	0.2007583387758639
ATP2B4_dirichlet_train_fold1.48	2.04954985230827e-169	0.15258568517667145	0.6466786753289318	1.575556248376329e-271	0.20073563949439685
ATP2B4_dirichlet_train_fold1.49	0.08078557806069558	1.67e-321	0.49961636941085596	0.16424555782766972	0.25535249470077875
ATP2B4_dirichlet_train_fold1.50	8.55e-322	0.1644509955630589	0.5719229978810693	0.11177249190197733	0.15185351465389446
ATP2B4_dirichlet_train_fold1.51	0.35904604175041777	2.18e-321	0.3462940264000718	0.05872638866613453	0.23593354318337592
ATP2B4_dirichlet_train_fold1.52	0.04757940549354726	0.06359887531889935	0.7919404451129668	1.2260099502324315e-79	0.09688127407458666
ATP2B4_dirichlet_train_fold1.53	0.06483700256883901	1.36e-321	0.8468299995115123	0.01757105162877996	0.07076194629086872
ATP2B4_dirichlet_train_fold1.54	0.10515948410880088	1.32e-321	0.6254859573250293	0.10168601954828081	0.1676685390178888
ATP2B4_dirichlet_train_fold1.55	2.554e-321	0.24630117739964524	0.7536988226003547	2.2521703357739745e-115	1.24e-322
ATP2B4_dirichlet_train_fold1.56	0.1897461741282428	4.6981505383880575e-262	0.4016209729477993	0.12695654222848685	0.281676310695471
ATP2B4_dirichlet_train_fold1.57	1.14e-321	0.00580128805869472	0.8811189382520122	1.176e-321	0.11307977368929327
ATP2B4_dirichlet_train_fold1.58	1.897e-321	1.1921014616571689e-96	1.0	7.1e-322	4.7395874243152265e-250
ATP2B4_dirichlet_train_fold1.59	5.510619121100666e-186	0.00043409407857912345	0.7915606154832221	0.20800529043819888	1.6e-322
ATP2B4_dirichlet_train_fold1.60	1.724e-321	1.4623082789627225e-293	0.9999999999999999	7.965246713990331e-172	3.5e-322
ATP2B4_dirichlet_train_fold1.61	8.9e-322	0.0314025317240454	0.9416180276029215	6.552106173567128e-101	0.026979440673033192
ATP2B4_dirichlet_train_fold1.62	0.49154194526372497	2.7395728305519185e-102	0.16856118786294627	0.0880713925077897	0.2518254743655389
ATP2B4_dirichlet_train_fold1.63	8.25e-322	0.09706752950259427	0.9029324704974058	2.42015885885875e-310	2.5087192938177612e-148
ATP2B4_dirichlet_train_fold1.64	5.6725181011522454e-108	0.0914370044185888	0.3699329708342578	0.20490503113545971	0.3337249936116936
ATP2B4_dirichlet_train_fold1.65	3.447458184830195e-195	0.166100744696434	0.8246222025177444	0.009277052785821523	1e-322
ATP2B4_dirichlet_train_fold1.66	0.0862106089229917	0.05405910083661841	0.8597302902403898	9.8e-322	2.4370159735231077e-172
ATP2B4_dirichlet_train_fold1.67	0.21224024941069464	0.002103272207048808	0.5619393709577527	8.982410053313078e-32	0.22371710742450404
ATP2B4_dirichlet_train_fold1.68	0.12170250853267531	1.067e-321	0.5228789241602073	1.28e-321	0.35541856730711735
ATP2B4_dirichlet_train_fold1.69	1.907255778262785e-253	1.7913843951975078e-182	1.0	1.176e-321	3.963132164647205e-111
ATP2B4_dirichlet_train_fold1.70	0.1197399387124133	0.002707257946977034	0.6187079774044026	0.19797949096214443	0.06086533497406259
ATP2B4_dirichlet_train_fold1.71	1.1619975290723652e-55	1.1988223513970818e-60	0.9381790459102476	0.05143847169911657	0.010382482390635734
ATP2B4_dirichlet_train_fold1.72	2.045e-321	0.16492163179220537	0.6514115067215913	0.026437776070024618	0.15722908541617855
ATP2B4_dirichlet_train_fold1.73	0.014321133341284192	2.085122137472062e-243	0.6173336780973656	0.05665173248623398	0.3116934560751162
ATP2B4_dirichlet_train_fold1.74	6.981535899695313e-278	0.17600101193244075	0.32431305625218754	0.2931791312700402	0.20650680054533146
ATP2B4_dirichlet_train_fold1.75	0.0035206371071970386	0.13331718426046427	0.7899414583270219	0.0732207203053168	1.8e-322
ATP2B4_dirichlet_train_fold1.76	0.0999458248374471	1.7918539832731412e-247	0.5782743922105756	0.06873684982234449	0.2530429331296328
ATP2B4_dirichlet_train_fold1.77	0.04262794311111247	2.6074810579282136e-66	0.8508501900024596	0.10652186688642801	8.46878534049058e-67
ATP2B4_dirichlet_train_fold1.78	0.06487004459691147	0.060136313857954836	0.3150412400998858	0.22314729433293878	0.33680510711230915
ATP2B4_dirichlet_train_fold1.79	1.36e-321	0.25902783027619725	0.4795793072176312	2.9353573427772464e-289	0.2613928625061715
ATP2B4_dirichlet_train_fold1.80	9.122238859115084e-43	0.15263137451589745	0.5835102182056794	1.625e-321	0.26385840727842325
ATP2B4_dirichlet_train_fold1.81	0.08866571719873775	0.09838034625919151	0.6998056800059089	5.654480351000164e-168	0.11314825653616188
ATP2B4_dirichlet_train_fold1.82	1.6729327086976427e-261	0.34700446748119634	0.6529955325188037	4.74e-322	7.349190310863966e-269
ATP2B4_dirichlet_train_fold1.83	2.055e-321	0.1939201085358193	5.190780562869744e-188	0.29422842000082106	0.5118514714633597
ATP2B4_dirichlet_train_fold1.84	1.9163772684737373e-266	0.10718206807728434	0.1475239833353008	0.37601183118261183	0.36928211740480293
ATP2B4_dirichlet_train_fold1.85	0.4791283679670191	0.056685291561802235	0.1524965629210345	2.5683094760597452e-120	0.3116897775501442
ATP2B4_dirichlet_train_fold1.86	0.23350011476194746	8.549070863338786e-184	0.6806836985802125	5.792819270405027e-231	0.08581618665784012
ATP2B4_dirichlet_train_fold1.87	0.070302122186377	0.07732513187974764	0.6221769820833389	0.037133086862601826	0.19306267698793458
ATP2B4_dirichlet_train_fold1.88	0.38466775471450304	9.04e-322	0.4782364714569456	8.2e-322	0.1370957738285515
ATP2B4_dirichlet_train_fold1.89	2.27e-321	0.10313373938548565	0.8751669259907948	0.021699334623719518	2e-322
ATP2B4_dirichlet_train_fold1.90	0.4684005753107715	2.347e-321	0.16987082999105085	0.06682622701069613	0.29490236768748157
ATP2B4_dirichlet_train_fold1.91	0.0002440033787916215	1.38e-321	0.9012970813245312	0.07463564755169193	0.023823267744985235
ATP2B4_dirichlet_train_fold1.92	0.23450913541707513	0.04446469631416024	0.7210261682687648	1.603045560891224e-26	1.83e-322
ATP2B4_dirichlet_train_fold1.93	4.014492832440779e-216	1.087e-321	0.9466073877366658	6.23e-322	0.05339261226333431
ATP2B4_dirichlet_train_fold1.94	0.18965302866941194	1.517e-321	0.3718101719269219	0.14292378942418374	0.2956130099794824
ATP2B4_dirichlet_train_fold1.95	0.05240748720261581	1.391461603644829e-05	0.8398092138346681	0.10776938434667946	2.1e-322
ATP2B4_dirichlet_train_fold1.96	0.022663643903417154	0.09977853179114889	0.8775578243054339	1.107e-321	3.75e-322
ATP2B4_dirichlet_train_fold1.97	1.58e-321	0.03996840337877679	0.7255521559889244	0.18668167659293647	0.047797764039362346
RNF168_dirichlet_train_fold1	0.8468099687368379	6.97e-322	4.081359668133041e-113	0.03553990316782856	0.11765012809533361
RNF168_dirichlet_train_fold1.1	0.7647278432068884	7.7e-322	0.04790438340585377	0.1663836151942552	0.02098415819300286
RNF168_dirichlet_train_fold1.2	0.8891000364364392	0.03794706223882174	6.2777403689655295e-307	0.012250644085427835	0.0607022572393113
RNF168_dirichlet_train_fold1.3	0.49080916092378923	1.93e-321	0.23069598879193157	0.27120866035974495	0.007286189924534315
RNF168_dirichlet_train_fold1.4	0.9255083166611954	1.467e-321	0.0744916833388046	1.206e-321	3.85e-322
RNF168_dirichlet_train_fold1.5	0.5627455096468243	1.413e-321	0.12332846061001188	0.22666112298845506	0.08726490675470862
RNF168_dirichlet_train_fold1.6	0.61293021859308	2.91e-321	1.01e-321	0.32466563826041417	0.062404143146506046
EXO1_dirichlet_train_fold1	0.7832757582436773	2.1418551747217104e-150	1.44e-321	0.21672424175632268	2.77e-322
EXO1_dirichlet_train_fold1.1	0.6641826322473225	0.23605382275922224	2.175836150462273e-168	0.0542090250051324	0.04555451998832283
EXO1_dirichlet_train_fold1.2	0.8860973143874334	7.76e-322	3.67356358750545e-310	0.03926414561664709	0.07463853999591952
RNF168_dirichlet_train_fold1.7	0.7558519230518698	0.02087640798070276	0.009156732641524319	0.2141149363259032	1.4888962290970809e-127
EXO1_dirichlet_train_fold1.3	0.8100348302704619	4.979845060479567e-160	2.7016901669848143e-226	0.09333480327096724	0.09663036645857095
RNF168_dirichlet_train_fold1.8	0.6080815588059653	0.04966182754031664	0.0641594856607053	0.15460403144079038	0.12349309655222242
EXO1_dirichlet_train_fold1.4	0.8041798841058354	9.04e-322	6.247573363673005e-144	0.17948567597092085	0.016334439923243724
EXO1_dirichlet_train_fold1.5	0.6806223435274749	0.031359694884485985	0.1093378581308357	0.1786801034572034	9.44e-322
EXO1_dirichlet_train_fold1.6	0.8312062076269614	0.10459377906142517	0.028957669408781483	1.7896219406450827e-182	0.035242343902831805
EXO1_dirichlet_train_fold1.7	0.711057791295538	0.10453435705428155	1.294e-321	0.14319051511618447	0.04121733653399611
RNF168_dirichlet_train_fold1.9	0.799108496173389	6.332826696747793e-194	0.11767070375820188	0.083220800068409	4.749244637096268e-163
RNF168_dirichlet_train_fold1.10	0.5511337132424509	2.4e-321	0.22640625617584242	0.1945406734680305	0.02791935711367635
EXO1_dirichlet_train_fold1.8	0.7520982168333888	0.009621700551919996	0.0441975207989375	0.18318305296011614	0.010899508855637658
EXO1_dirichlet_train_fold1.9	0.6536375084994515	0.04932902906215993	2.7633794469214608e-192	0.27540620264631577	0.021627259792072685
RNF168_dirichlet_train_fold1.11	0.6023655235523682	2.788049862784796e-258	0.12390959410101998	0.17493966589073914	0.09878521645587267
EXO1_dirichlet_train_fold1.10	0.7779580831239561	0.03523570882964647	0.05708895597654415	0.11559975823869598	0.014117493831157218
EXO1_dirichlet_train_fold1.11	0.9419161032893164	1.66e-321	2.416e-321	3.083e-321	0.05808389671068363
EXO1_dirichlet_train_fold1.12	0.7895841958974293	0.06746021870817374	0.04196888369113101	0.1009867017032658	5.34e-322
RNF168_dirichlet_train_fold1.12	0.6478293968023163	6.965893376227505e-75	1.98e-321	0.29897647399047605	0.05319412920720769
RNF168_dirichlet_train_fold1.13	0.7094417743780773	0.1032870022805997	0.07362003347186265	0.023699395781897493	0.08995179408756289
EXO1_dirichlet_train_fold1.13	0.7078387734739843	0.15445354370820286	7.56e-322	0.08404458849786324	0.0536630943199496
EXO1_dirichlet_train_fold1.14	0.8216161678564678	4.047170672880353e-161	2.016097718590547e-225	0.1234178805839222	0.05496595155960979
EXO1_dirichlet_train_fold1.15	0.6197676102716042	0.1083991819960435	1.27e-321	0.09505609989841336	0.176777107833939
EXO1_dirichlet_train_fold1.16	0.6188308632058889	0.06988471321178569	0.18434764810755574	0.12693677547476961	1.616e-321
RNF168_dirichlet_train_fold1.14	0.7477542831000611	0.009249641947956223	0.01316537922629843	0.22983069572568426	2.515e-321
RNF168_dirichlet_train_fold1.15	0.9154478493291114	6.87e-322	3.1830850834217756e-258	0.02860836578536717	0.055943784885521416
RNF168_dirichlet_train_fold1.16	0.8282034837683798	4.363e-321	0.02530566928763605	0.09017980376076844	0.05631104318321574
RNF168_dirichlet_train_fold1.17	0.4624724214252267	1.14e-321	0.32753983397229747	0.17712402182533732	0.032863722777138435
RNF168_dirichlet_train_fold1.18	0.43235817452326564	0.24498827629287978	0.031170945501243042	0.1738484948786172	0.1176341088039944
EXO1_dirichlet_train_fold1.17	0.7750590504322253	0.024114104229544395	0.140352775540843	0.06047406979738732	1.73e-322
EXO1_dirichlet_train_fold1.18	0.7333589359240232	0.04375107582369813	0.009270284011906247	0.11298424713537791	0.10063545710499441
RNF168_dirichlet_train_fold1.19	0.8985121309556442	3.75e-322	0.0914286629598149	1.497e-321	0.01005920608454096
EXO1_dirichlet_train_fold1.19	0.8069658384205484	0.08064231891300153	6.77e-322	1.7407649426402346e-91	0.11239184266645019
EXO1_dirichlet_train_fold1.20	0.7046021638908113	0.03853364627511238	0.006846247928525511	0.25001794190555066	2.2046092815461962e-70
EXO1_dirichlet_train_fold1.21	0.4689801997602163	0.2509678380495252	2.2106498111511586e-85	0.13816156698965598	0.14189039520060248
RNF168_dirichlet_train_fold1.20	0.6506971535255103	0.044167675928949476	0.14471588596565027	0.1604192845798899	4.25e-322
EXO1_dirichlet_train_fold1.22	0.8318587756228291	4.195997437544062e-281	1.764e-321	0.13139798824855	0.03674323612862105
EXO1_dirichlet_train_fold1.23	0.5778687053577239	0.19601327117973924	0.118289213780341	6.553587255719601e-115	0.10782880968219595
RNF168_dirichlet_train_fold1.21	0.6836493613935487	7.95e-322	1.66e-321	0.1558484791123885	0.1605021594940627
RNF168_dirichlet_train_fold1.22	0.7459812290400867	1.927e-321	0.11496081541598038	0.08009005749809199	0.05896789804584104
RNF168_dirichlet_train_fold1.23	0.5985170386238984	0.16595247279153977	0.19775664091601045	0.01781179473211431	0.01996205293643706
EXO1_dirichlet_train_fold1.24	0.8863250458796271	1.1290309109229968e-113	0.06370753080651889	6.736750361255732e-108	0.049967423313853974
RNF168_dirichlet_train_fold1.24	0.6487603458185003	0.06859523962177838	1.1519768711644513e-87	0.1325673987258442	0.15007701583387714
EXO1_dirichlet_train_fold1.25	0.6971810014110242	0.06100430490344652	1.86e-321	0.18297412969721635	0.058840563988312874
RNF168_dirichlet_train_fold1.25	0.6475737125934518	1.46e-321	0.13234927540220717	0.17515850156640322	0.04491851043793778
EXO1_dirichlet_train_fold1.26	0.7353243062252818	2.13e-321	0.006588684260939546	0.24464774353201266	0.013439265981765982
RNF168_dirichlet_train_fold1.26	0.917599352287142	1.986e-321	0.04804796974988297	0.0027617319277799587	0.031590946035195105
EXO1_dirichlet_train_fold1.27	0.7560558765365069	0.20436589325969615	1.5087306090765256e-85	3.565500191013297e-296	0.03957823020379703
RNF168_dirichlet_train_fold1.27	0.7166279829291377	2.7512257383381277e-179	0.09321769778718868	0.1901543192836736	4.9e-322
RNF168_dirichlet_train_fold1.28	0.7056636533981985	0.04023459951204133	1.645e-321	0.22313969837439146	0.030962048715368572
RNF168_dirichlet_train_fold1.29	0.759813425878639	3.503e-321	1.4447458804253011e-263	0.2073760615891788	0.032810512532182395
EXO1_dirichlet_train_fold1.28	0.8055379744127396	2.65e-321	0.09182040961803163	0.10264161596922894	8.587882180976997e-27
RNF168_dirichlet_train_fold1.30	0.8525238597950477	1.067e-321	0.13168063131029217	0.013349320873858473	0.002446188020801658
RNF168_dirichlet_train_fold1.31	0.6788346047685804	0.08228708078069445	1.041382337694281e-55	0.10008947305640264	0.13878884139432238
EXO1_dirichlet_train_fold1.29	0.5819420718558782	0.030460470371914832	0.2575228316705933	0.13007462610161374	6.9100224645408225e-199
EXO1_dirichlet_train_fold1.30	0.6599682710524489	0.10520159473099931	1.78e-321	0.09237520235305147	0.1424549318635002
RNF168_dirichlet_train_fold1.32	0.9445232568707086	2.836e-321	0.00553016270248759	3.967297168841362e-289	0.04994658042680363
RNF168_dirichlet_train_fold1.33	0.49985209360034166	3.8658863473057535e-300	0.12620346501885504	0.37394444138080324	5.5e-322
RNF168_dirichlet_train_fold1.34	0.8916316119384811	1.05e-321	0.10304824224578633	0.005320145815732448	1.53e-321
RNF168_dirichlet_train_fold1.35	0.7779099757633028	7.95e-322	1.240694612260835e-196	0.13746411738074613	0.0846259068559511
EXO1_dirichlet_train_fold1.31	0.6264819704821886	0.12924224978555035	2.873218692973583e-95	0.16254594834525626	0.08172983138700471
RNF168_dirichlet_train_fold1.36	0.7356798725420339	0.013197115290259671	0.04624152816499445	0.14756787591632722	0.057313608086384665
RNF168_dirichlet_train_fold1.37	0.789007261821471	3.5e-321	4.271757448716941e-171	0.08246520250710915	0.1285275356714201
RNF168_dirichlet_train_fold1.38	0.47747800996432466	0.024312177998840754	0.14583622055288276	0.31614215799583445	0.03623143348811726
RNF168_dirichlet_train_fold1.39	0.7628141616350788	3.063e-321	7.523587801771187e-166	0.1513054729206764	0.0858803654442449
EXO1_dirichlet_train_fold1.32	0.6620219650542848	0.08465340784815945	2.8399804376306005e-204	0.15769676826260792	0.09562785883494797
RNF168_dirichlet_train_fold1.40	0.6544086433248961	0.05817227915318476	0.2071568776418601	0.08026219988005905	5.83e-322
RNF168_dirichlet_train_fold1.41	0.8140754562422117	1.403e-321	1.4770235878173294e-52	0.18592454375778822	1.43e-321
RNF168_dirichlet_train_fold1.42	0.8174737046434748	2.0818951432653416e-150	1.07e-321	0.1603727002149763	0.022153595141548806
EXO1_dirichlet_train_fold1.33	0.47096246256128227	0.2716445322589531	9.738296353449428e-125	0.18586394185449298	0.0715290633252718
EXO1_dirichlet_train_fold1.34	0.9705086599577629	1.956e-321	1.92e-321	1.764525708701757e-139	0.029491340042237014
RNF168_dirichlet_train_fold1.43	0.6270606001902463	0.006052092937644213	0.15913012726922554	0.11861469752691811	0.08914248207596573
RNF168_dirichlet_train_fold1.44	0.8968153132919903	0.04160386399328963	4.270900077418298e-272	0.028823284147505308	0.03275753856721483
RNF168_dirichlet_train_fold1.45	0.5108865686650326	0.08328413301355868	0.1564767931632882	0.06797904756301372	0.18137345759510692
EXO1_dirichlet_train_fold1.35	0.9496392585423815	0.05036074145761847	1.517e-321	1.0623675329816496e-182	6.589620537783725e-189
EXO1_dirichlet_train_fold1.36	0.8266770550316405	6.414910835807062e-16	1.19e-321	0.10001222731113815	0.07331071765722069
RNF168_dirichlet_train_fold1.46	0.7475137143953507	8.65e-322	0.12588408034766846	0.126602205256981	6e-322
RNF168_dirichlet_train_fold1.47	0.8878526132720674	2.535e-321	0.03422084148970947	0.05494923170908222	0.022977313529141057
RNF168_dirichlet_train_fold1.48	0.5975056969107562	0.05764653489189209	0.09663883804740714	0.23424871468554107	0.01396021546440366
EXO1_dirichlet_train_fold1.37	0.8020684650086541	0.13441723184032592	1.1375717266566258e-33	0.06351430315102002	2.84523485885e-313
EXO1_dirichlet_train_fold1.38	0.7068586500243816	0.1831442377286306	5.14e-322	0.014293344479590596	0.09570376776739713
RNF168_dirichlet_train_fold1.49	0.5801795690562916	1.453e-321	0.2570613712276227	0.16275905971608573	1.0952197492090157e-145
RNF168_dirichlet_train_fold1.50	0.5974001534885387	2.0127041266716053e-82	1.3423666800734916e-274	0.21646729574207085	0.18613255076939036
RNF168_dirichlet_train_fold1.51	0.7424948116875809	1.4e-321	1.91371140839185e-308	0.22936869407849822	0.02813649423392098
RNF168_dirichlet_train_fold1.52	0.7740566011341314	1.6546035087745654e-184	0.04157738835139669	0.18436601051447196	1.453e-321
EXO1_dirichlet_train_fold1.39	0.7281940693560874	0.08420900600915504	0.08996130293241239	4.349935427732327e-161	0.09763562170234519
EXO1_dirichlet_train_fold1.40	0.6719493742069044	0.25095282850949585	1.608642869562693e-63	0.03062560521895814	0.04647219206464157
EXO1_dirichlet_train_fold1.41	0.868009882892633	0.0432299405371609	0.05925262574141198	0.029507550828794072	5.3696008493831774e-204
RNF168_dirichlet_train_fold1.53	0.5954598872464021	0.12221499330111522	0.0028037612837610673	0.19798464484022454	0.08153671332849698
EXO1_dirichlet_train_fold1.42	0.7219035631174219	0.11275626858257547	1.06e-321	0.06579066112725751	0.09954950717274524
EXO1_dirichlet_train_fold1.43	0.7525337417599007	0.2281241089182682	3.886703673362456e-39	9.402125413571942e-196	0.019342149321831165
MSH6_dirichlet_train_fold1	0.07000685354171239	0.9060135108360664	2.337e-321	7.66e-322	0.023979635622221208
MLH1_dirichlet_train_fold1	1.324e-321	0.9075915937673331	2.7e-322	0.09240840623266673	3.66e-322
PMS1_dirichlet_train_fold1	2.9e-321	0.39697464692983714	0.4368704591439503	0.11306930443188055	0.05308558949433196
MLH1_dirichlet_train_fold1.1	0.13009655523699432	0.7307549708713189	0.01838247440630614	0.12076599948538072	7.804220608936366e-214
MSH6_dirichlet_train_fold1.1	1.507e-321	0.9875606164389336	1.784e-321	5.530378690830581e-208	0.012439383561066518
PMS1_dirichlet_train_fold1.1	5.015181043931687e-44	0.07243096723835303	0.457185598355618	0.4703834344060289	6.87e-322
MSH6_dirichlet_train_fold1.2	1.057e-321	0.996338598148552	2.18e-321	1.433e-321	0.0036614018514480574
MSH6_dirichlet_train_fold1.3	0.04451943978739131	0.9257216509900119	0.01917221187216342	1.473365720323197e-308	0.01058669735043338
PMS2_dirichlet_train_fold1	0.39863087312311624	0.5877988320473042	3e-322	2.87e-322	0.013570294829579633
MSH6_dirichlet_train_fold1.4	0.0499701434984135	0.8698775714206984	8.833342088514902e-189	0.04692738237338626	0.03322490270750182
MSH6_dirichlet_train_fold1.5	1.606e-321	0.9954564317784473	1.73e-321	0.004543568221552607	8.1e-322
MSH6_dirichlet_train_fold1.6	9.485088334914214e-58	1.0	6.3e-322	4.74e-322	1.78e-321
MSH6_dirichlet_train_fold1.7	1.576e-321	0.8592516316643048	1e-321	0.14074836833569504	9.7e-322
PMS1_dirichlet_train_fold1.2	1.596e-321	0.1748088261714984	0.19159684863811835	0.4214294626807292	0.2121648625096541
MSH6_dirichlet_train_fold1.8	0.24413352570006414	0.7558664742999359	2.253e-321	6.414558780155332e-30	7.86e-322
MLH1_dirichlet_train_fold1.2	0.09257144639245762	0.8848216430692716	1.146e-321	7.5e-322	0.022606910538270828
MSH6_dirichlet_train_fold1.9	2.3711022158444515e-27	0.9970452532290973	6e-322	1.606e-321	0.0029547467709027195
MSH6_dirichlet_train_fold1.10	0.1335798864659278	0.8664201135340723	2.96e-322	9.34e-322	3.75e-322
MLH1_dirichlet_train_fold1.3	0.08252134439178317	0.7881673699946228	5.34e-322	0.1293112856135939	3.3e-322
MSH6_dirichlet_train_fold1.11	1.443e-321	0.9977663170427066	2.253e-321	1.714e-321	0.002233682957293385
PMS1_dirichlet_train_fold1.3	0.18916662458493266	0.1602562075230039	0.4301201038201439	0.20140919154718756	0.01904787252473214
MLH1_dirichlet_train_fold1.4	1.87e-321	0.6623103920213134	4.25e-322	0.3376896079786866	5.1e-322
MSH6_dirichlet_train_fold1.12	0.04014307524204343	0.9510834800165008	9.4e-322	5.04e-322	0.008773444741455756
PMS2_dirichlet_train_fold1.1	0.4530399549793581	0.4981777328286676	0.04878231219197434	5.53e-322	1.06e-321
MSH6_dirichlet_train_fold1.13	1.7e-321	0.9686121290635127	6e-322	0.03138787093648735	4.1e-322
MSH6_dirichlet_train_fold1.14	2.223e-321	0.9518772885003952	1.34e-321	2.505e-321	0.048122711499604724
MSH6_dirichlet_train_fold1.15	1.344e-321	0.896152205209957	5.5e-322	0.10384779479004298	1.09e-321
PMS1_dirichlet_train_fold1.4	0.01594842517651028	0.27277442695918364	0.06309825590533524	0.4855352725160367	0.1626436194429342
MSH6_dirichlet_train_fold1.16	2.58e-321	0.7975623945830976	0.026028373679265897	0.17640923173763653	6.23e-322
MSH6_dirichlet_train_fold1.17	0.11130660536857327	0.8886933946314267	2.9411375578064446e-133	9.73e-322	1.62e-321
MSH6_dirichlet_train_fold1.18	2.703e-321	0.8953565356015778	2.0894359094804055e-271	0.1046434643984222	1.255e-321
MSH6_dirichlet_train_fold1.19	1.0020426494288389e-274	0.7309262793550465	0.07592010516659985	0.19315361547835377	1.05e-321
PMS2_dirichlet_train_fold1.2	0.6095786328307925	0.3904213671692075	3.26e-322	3.2e-322	0.0
PMS2_dirichlet_train_fold1.3	0.3987709944357828	0.5362742094319128	0.06495479613230452	5.4e-322	5.04e-322
PMS1_dirichlet_train_fold1.5	3.06852370846e-313	0.1343316344164583	0.4821700241200788	0.3834983414634629	5.7e-322
MSH6_dirichlet_train_fold1.20	0.05476268313475315	0.9452373168652469	2.994e-321	8.7e-322	2.1606741759583435e-307
MLH1_dirichlet_train_fold1.5	0.0773903771889312	0.7889284494381935	5e-322	0.13368117337287527	0.0
PMS1_dirichlet_train_fold1.6	0.07213116748186302	0.07643949749135913	0.6485565466226935	0.20287278840408454	6.87487480777771e-142
MSH6_dirichlet_train_fold1.21	1.228100015256115e-292	0.9926905264667105	1.616e-321	1.1156783765612834e-63	0.007309473533289602
MLH1_dirichlet_train_fold1.6	1.294e-321	0.8009490757053049	4.84e-322	0.19905092429469515	2.77e-321
MSH6_dirichlet_train_fold1.22	2.14e-321	0.9450539167483467	6.13e-322	0.05494608325165329	4.15e-322
MSH6_dirichlet_train_fold1.23	1.18e-321	0.9248279943734194	1.156e-321	6e-322	0.0751720056265806
MSH6_dirichlet_train_fold1.24	1.18e-321	0.9977535341279776	8.286852480387838e-192	1.7778248789979316e-187	0.0022464658720222335
PMS1_dirichlet_train_fold1.7	2.451618066455891e-295	0.0848222412439003	0.5659387270550659	0.3492390317010339	4.94846e-319
PMS2_dirichlet_train_fold1.4	0.5431219765664161	0.4568780234335839	3.66e-322	3.46e-322	3.9e-322
MLH1_dirichlet_train_fold1.7	1.166e-321	0.7045336701528498	9.83e-322	0.28396774318672513	0.011498586660425164
MSH6_dirichlet_train_fold1.25	3.08e-321	0.8501049852309848	5.4e-322	0.1498950147690154	3.5e-322
MSH6_dirichlet_train_fold1.26	3.014e-321	0.8728819365083595	5.34e-322	0.1271180634916403	7e-322
PMS2_dirichlet_train_fold1.5	0.5099786760401119	0.4711391216383107	1.85e-321	1.136e-321	0.018882202321577446
MLH1_dirichlet_train_fold1.8	0.1646951886244389	0.6334401492384056	6.23e-322	0.2018646621371555	7.4e-322
PMS1_dirichlet_train_fold1.8	1.285e-321	0.11407884100760927	3.144919671850843e-241	0.6453792980501873	0.2405418609422034
MSH6_dirichlet_train_fold1.27	0.020638516147335598	0.9747095750855287	3.014e-321	7.8e-322	0.004651908767135743
MSH6_dirichlet_train_fold1.28	5.5029276610856e-154	0.9702535312144462	0.0008319013482073321	0.028914567437346446	1.324e-321
MSH6_dirichlet_train_fold1.29	4.74e-322	0.7399295524495834	1.7e-322	0.26007044755041664	2.08e-322
MSH6_dirichlet_train_fold1.30	1.057e-321	0.9920534120727104	2.44e-321	1.91e-321	0.007946587927289491
MSH6_dirichlet_train_fold1.31	1.275e-321	0.8749904221292139	1.719365473526915e-235	0.12035151274140016	0.004658065129385978
MSH6_dirichlet_train_fold1.32	2.8645221973624934e-287	0.8692105746001052	0.05457391897748968	0.07621550642240515	1.4629721844508247e-260
MLH1_dirichlet_train_fold1.9	9.7e-322	0.771743310459317	2.37e-322	0.22825668954068296	0.0
PMS2_dirichlet_train_fold1.6	0.5256896092603486	0.4743103907396514	6.27e-322	2.96e-322	6.7e-322
MSH6_dirichlet_train_fold1.33	2.78e-321	0.8259461302764535	0.0772715222891664	0.09678234743437998	2.2e-322
PMS2_dirichlet_train_fold1.7	0.6324702591035796	0.3675297408964203	6.443069431840333e-92	9.83e-322	1.7e-321
MSH6_dirichlet_train_fold1.34	4.376110869166669e-105	0.8602075081257996	7.756083316174538e-188	0.11206318327176158	0.027729308602438885
MLH1_dirichlet_train_fold1.10	2.1314181664563886e-89	0.8310991282969684	2.065e-321	0.15145693807002955	0.017443933633001885
MSH6_dirichlet_train_fold1.35	0.06153753567715691	0.900009732050363	2.59e-321	0.00015343325848560723	0.0382992990139944
PMS2_dirichlet_train_fold1.8	0.5041747934388089	0.4943062789398578	7.56e-322	7.1e-322	0.0015189276213332958
PMS1_dirichlet_train_fold1.9	6.13916803738903e-49	0.37698474076909105	0.4329279320741499	0.15281657705784799	0.03727075009891107
PMS1_dirichlet_train_fold1.10	0.0669450150311143	0.2164692350298791	0.5563823278574462	0.16020342208156033	3.56e-322
PMS1_dirichlet_train_fold1.11	1.182133456860204e-112	0.19535820118351696	0.4520574174622253	0.3525843813542578	2.67e-322
MSH6_dirichlet_train_fold1.36	0.14652318279519133	0.8437839542333571	0.009692862971451572	4.9780765104557695e-147	6.6e-322
PMS2_dirichlet_train_fold1.9	0.4721558461317953	0.5221704883058135	1.364e-321	1.4544641451178025e-162	0.005673665562391223
MLH1_dirichlet_train_fold1.11	6.1e-322	0.8565695785472265	2.37e-322	0.1434304214527736	3.1e-322
MSH6_dirichlet_train_fold1.37	0.22097825522045006	0.77902174477955	6.03e-322	1.986e-321	1.11e-321
MSH6_dirichlet_train_fold1.38	0.014679515389955829	0.9853204846100441	1.0554093704757489e-248	1.947416404826597e-309	1.6201250303019574e-156
MSH6_dirichlet_train_fold1.39	1.294e-321	0.9887311494275045	1.38e-321	4.4e-322	0.011268850572495543
MSH6_dirichlet_train_fold1.40	1.529180576420114e-77	0.8523862512814722	0.05569223412763922	0.09192151459088879	5.73e-322
MSH6_dirichlet_train_fold1.41	3.394e-321	0.7947910340733445	1.275e-321	0.20520896592665558	8.05e-322
MSH6_dirichlet_train_fold1.42	0.09375608609107268	0.8874366455558313	1.07e-321	2.59758036685289e-29	0.018807268353095923
PMS1_dirichlet_train_fold1.12	0.11554962978479097	0.3326399234750702	0.41232310462864363	0.13948734211149508	8.8e-322
PMS2_dirichlet_train_fold1.10	0.5586519347669114	0.4392096174916951	4.6104211884969436e-271	3.26e-322	0.00213844774139335
MSH6_dirichlet_train_fold1.43	0.01795721289163383	0.8198445339575986	5.373395650160342e-277	0.16219825315076752	1.79227e-319
PMS2_dirichlet_train_fold1.11	0.3267713241302189	0.646162028031676	2.288e-321	7.46e-322	0.02706664783810514
PMS2_dirichlet_train_fold1.12	0.38081942403540764	0.6191805759645923	7.76e-322	3.4e-322	3.97e-321
PMS1_dirichlet_train_fold1.13	1.606e-321	0.3608645276774427	0.5359180185056229	0.1032174538169342	3.36e-322
PMS1_dirichlet_train_fold1.14	2.94e-321	0.22996481517429732	0.6162682264161848	0.1426010347042508	0.011165923705266947
PMS2_dirichlet_train_fold1.13	0.28081894870162255	0.6973199636530634	0.021861087645314158	7.26e-322	9.04e-322
PMS1_dirichlet_train_fold1.15	0.07850837992912464	0.09561793300294755	0.429914409595172	0.39595927747275583	1.0906509911659185e-86
MSH6_dirichlet_train_fold1.44	0.016077774599047485	0.9768559121133724	1.413e-321	0.005062220163040149	0.002004093124539792
PMS2_dirichlet_train_fold1.14	0.38595938633273597	0.6101648270785025	8.4e-322	3.8e-322	0.003875786588761525
MSH6_dirichlet_train_fold1.45	1.66e-321	0.9611483668692202	4.987849701169849e-154	8.90343185314481e-222	0.03885163313077986
MSH6_dirichlet_train_fold1.46	9.44e-322	0.8784188087489089	5e-322	0.11773189879187165	0.003849292459219504
MSH6_dirichlet_train_fold1.47	8.190652918407584e-122	0.8679205210984733	0.13108948929661857	2.311469625923115e-101	0.0009899896049080916
PMS1_dirichlet_train_fold1.16	9.7e-322	0.413716651428673	0.18480544580179073	0.35002207353569925	0.05145582923383702
PMS2_dirichlet_train_fold1.15	0.47738700087317165	0.5097173784798521	1.57e-321	3.1e-322	0.012895620646976186
PMS2_dirichlet_train_fold1.16	0.4934605039259119	0.4773249077453357	4.45e-322	2.37e-322	0.029214588328752237
UNG_dirichlet_train_fold1	0.1384565142406892	1.507e-321	4.25680868293311e-244	0.7662939686013442	0.09524951715796669
OGG1_dirichlet_train_fold1	0.22292165775517564	1.156e-321	2.047652627938498e-257	0.15160559413981778	0.6254727481050066
OGG1_dirichlet_train_fold1.1	1.097e-321	1.453e-321	0.013584705939320978	0.10029158903868131	0.8861237050219978
UNG_dirichlet_train_fold1.1	0.17319407444891682	0.08108683530198459	0.15625058637362924	0.5894685038754696	2.7e-322
UNG_dirichlet_train_fold1.2	0.027196826067144034	2.2833946635956835e-268	1.26e-321	0.8333629151753452	0.1394402587575106
UNG_dirichlet_train_fold1.3	1.3268697373276152e-260	1.606e-321	0.10050964516160008	0.8994903548383999	2.2823294297014882e-184
UNG_dirichlet_train_fold1.4	4.180394884754494e-144	0.14546178017697758	8.25e-322	0.7303129375560633	0.12422528226695932
UNG_dirichlet_train_fold1.5	0.10789919715857958	9.16561865869767e-116	0.022363226281208497	0.7836788665529522	0.08605871000725983
OGG1_dirichlet_train_fold1.2	0.23177996997511807	2.6610649029609743e-198	0.2806323537384992	6.646819953479244e-65	0.48758767628638267
OGG1_dirichlet_train_fold1.3	0.1193934673751049	2.893212238695139e-129	0.08798143647864055	0.13848459518096812	0.6541405009652865
UNG_dirichlet_train_fold1.6	3.7471704827782456e-44	0.10122944779320747	0.06169661917509027	0.7342237739668196	0.1028501590648827
OGG1_dirichlet_train_fold1.4	0.03658863604384075	0.0019388261234351742	1.7103545589896966e-234	0.05520213661973264	0.9062704012129914
OGG1_dirichlet_train_fold1.5	0.10207420237261777	2.888020527803589e-91	9.482169899591402e-78	0.20601915562920453	0.6919066419981776
OGG1_dirichlet_train_fold1.6	0.03287358021126974	0.02973388447512312	0.23877628073602739	0.13117395849941346	0.5674422960781662
UNG_dirichlet_train_fold1.7	1.92911704192667e-220	1.07e-321	0.12756016181498667	0.8258609352984783	0.04657890288653526
OGG1_dirichlet_train_fold1.7	2.426e-321	1.09e-321	0.2833568409276748	0.07872457011010318	0.6379185889622221
UNG_dirichlet_train_fold1.8	2.5654544589621297e-23	0.041671885133160676	0.31397199068445153	0.6186741805855273	0.025681943596860605
OGG1_dirichlet_train_fold1.8	0.0762749809403743	1.586e-321	5.2881144486602324e-285	0.08767147194349524	0.8360535471161306
UNG_dirichlet_train_fold1.9	0.13133278680132182	0.0006125583621200287	1.1049089046234519e-130	0.7630850903367172	0.10496956449984093
UNG_dirichlet_train_fold1.10	1.693018867224351e-195	4.4791338537609836e-48	1.117e-321	0.8956930523534985	0.10430694764650156
UNG_dirichlet_train_fold1.11	0.025790176770737597	1.939638877959358e-164	0.24888694778799986	0.7253228754412626	2.9e-322
UNG_dirichlet_train_fold1.12	0.08210705432306126	0.0193619823795771	0.22038594465753258	0.6034562193847754	0.07468879925505366
UNG_dirichlet_train_fold1.13	7.2e-322	0.0621305776422104	0.1675473735592456	0.7289797997756305	0.04134224902291363
UNG_dirichlet_train_fold1.14	1.1088109407734714e-135	0.00540689223950391	7.95e-322	0.8882002034359908	0.10639290432450532
UNG_dirichlet_train_fold1.15	0.06139745908538117	4.4111239416023334e-29	0.24037831317126826	0.583309766880041	0.11491446086330952
UNG_dirichlet_train_fold1.16	1.31e-321	0.040930792245309454	0.09358288908792407	0.7427104769781461	0.12277584168862037
OGG1_dirichlet_train_fold1.9	0.10161802146038641	1.186e-321	3.168086690495499e-107	0.07490444132625558	0.823477537213358
UNG_dirichlet_train_fold1.17	2.2725911133629405e-133	4.298866133868966e-16	0.19973764520356355	0.800262354796436	2.7806435745060905e-68
