Samples	SBS96A	SBS96B	SBS96C	SBS96D	SBS96E
ATP2B4_real_train_fold1	0.07615298719121857	0.3953339747146023	0.12119143530615116	0.06256241356024102	0.34475918922778687
ATP2B4_real_train_fold1.1	0.21707603718423235	0.30562376258901136	0.057153841077440724	0.16180053898748714	0.2583458201618283
MLH1_real_train_fold1	0.003852219213966968	0.0015202878596238577	0.8165458678487794	0.14786534314691896	0.03021628193071085
MSH2_real_train_fold1	1.7689873281412405e-146	0.005213838930872228	0.7641207505435638	0.15510579684672982	0.07555961367883415
MSH6_real_train_fold1	0.03428472009903119	0.011633818678116052	0.7929047519042229	0.11147252145473621	0.04970418786389368
MSH6_real_train_fold1.1	0.06093537545284254	0.006065116879926991	0.7752114455011969	0.09243546889718508	0.0653525932688485
OGG1_real_train_fold1	1.1460079171566185e-56	0.7370034544907016	0.03538722409756138	0.078842459371528	0.14876686204020903
PMS1_real_train_fold1	0.029370636366138427	0.20838850974788586	0.19731129958371926	0.2140684901033989	0.35086106419885743
PMS2_real_train_fold1	0.5876224061061308	0.0044023984479668	0.3738487201812174	3.56e-322	0.03412647526468503
RNF168_real_train_fold1	0.6503030574291845	0.07200158492255766	0.08397424892620782	0.10414587652992058	0.08957523219212922
UNG_real_train_fold1	5.217e-321	0.14145679239231354	0.11007180339701986	0.5386130756137957	0.20985832859687084
ATP2B4_dirichlet_train_fold1	0.011166814148619059	0.4377703366469652	0.11064983243241605	0.17078407997270964	0.26962893679928984
ATP2B4_dirichlet_train_fold1.1	0.17113199099255777	0.2800455532923483	0.11404933191703585	1.344e-321	0.4347731237980581
ATP2B4_dirichlet_train_fold1.2	0.2701571510018048	0.24220567821066052	0.15137976986024898	0.09525967393890529	0.2409977269883803
ATP2B4_dirichlet_train_fold1.3	0.09341739819381961	0.36663299180477554	0.15753513279829984	1.3695128985226976e-296	0.38241447720310484
ATP2B4_dirichlet_train_fold1.4	0.4694823844947187	0.2832839328881422	1.467e-321	0.07753461688259972	0.16969906573453944
ATP2B4_dirichlet_train_fold1.5	0.27557069152475283	0.34986229173266736	0.06075462788678015	0.10240379489539377	0.21140859396040593
ATP2B4_dirichlet_train_fold1.6	0.11924822267658844	0.26124347322750807	0.14851027232246347	0.22066026383286375	0.25033776794057633
ATP2B4_dirichlet_train_fold1.7	0.3993223013542151	0.2872738922002877	0.06281677104863119	0.12042919751459995	0.13015783788226615
ATP2B4_dirichlet_train_fold1.8	0.24110278004900249	0.14028117844498658	0.11711780593723571	0.19491917333832284	0.3065790622304523
ATP2B4_dirichlet_train_fold1.9	0.22695250087431462	0.30722371231199075	2.074564751816112e-182	0.08526001956079021	0.38056376725290453
ATP2B4_dirichlet_train_fold1.10	0.25787636527753344	0.453980487420924	0.0190451071345842	0.19874621800503306	0.07035182216192547
ATP2B4_dirichlet_train_fold1.11	4.94e-322	0.4942586754321059	0.13237452451700896	5.4e-322	0.37336680005088513
ATP2B4_dirichlet_train_fold1.12	4.9062034467369464e-266	0.3116051183390592	0.046500664142913484	0.32616847945403604	0.31572573806399135
ATP2B4_dirichlet_train_fold1.13	0.2647768681372714	0.27374786498237436	2.77e-321	0.19174334498505355	0.2697319218953009
ATP2B4_dirichlet_train_fold1.14	0.20285300178829463	0.32858708095052136	0.12784216520192493	0.04961411256868673	0.2911036394905724
ATP2B4_dirichlet_train_fold1.15	0.12752115360751576	0.4169465509795487	0.13338218121659823	0.18087280209808987	0.14127731209824745
ATP2B4_dirichlet_train_fold1.16	1.9278648155026015e-157	0.4088576911975289	0.2291462092551321	1.294e-321	0.36199609954733913
ATP2B4_dirichlet_train_fold1.17	0.16353727617730368	0.42514407053678915	0.07158704550879488	0.1212031538156605	0.21852845396145185
ATP2B4_dirichlet_train_fold1.18	0.14124778529129198	0.5281204566729759	0.06149775631027065	6.180606644594599e-216	0.26913400172546137
ATP2B4_dirichlet_train_fold1.19	0.3159223172724571	0.35980329617495466	8.926705240238234e-215	0.049617292874917875	0.27465709367767027
ATP2B4_dirichlet_train_fold1.20	0.15610674090424162	0.39639490672201627	0.0423049750440328	0.06384863571721915	0.3413447416124902
ATP2B4_dirichlet_train_fold1.21	0.2987807879637904	0.23937358698360714	1.616e-321	0.21262803638371766	0.2492175886688849
ATP2B4_dirichlet_train_fold1.22	0.617735402317656	0.15270594139689775	5.53e-322	0.13308236783731725	0.09647628844812886
ATP2B4_dirichlet_train_fold1.23	0.08551349778075863	0.314824009644479	0.06165947713278622	0.1432482959905551	0.39475471945142104
ATP2B4_dirichlet_train_fold1.24	0.09869252531471176	0.4063568510003951	0.0173302116765824	0.12240167032142399	0.3552187416868869
ATP2B4_dirichlet_train_fold1.25	0.20631277127557418	0.22828785392589404	0.07176397625742306	0.13157682638575552	0.3620585721553531
ATP2B4_dirichlet_train_fold1.26	0.1924599005108522	0.19495170586845578	0.046543737108199895	0.33132730791627896	0.23471734859621315
ATP2B4_dirichlet_train_fold1.27	0.26756194861668814	0.4762821346537982	0.05948177010661491	0.1727579718626372	0.023916174760261526
ATP2B4_dirichlet_train_fold1.28	0.2740844565488184	0.22514244707376224	0.13824854035461862	0.08901870173120816	0.27350585429159247
ATP2B4_dirichlet_train_fold1.29	0.2245648034301988	0.34754743432088375	0.05427405312189011	0.1123410783265367	0.2612726308004905
ATP2B4_dirichlet_train_fold1.30	0.34378050756350775	0.3114399814709885	0.10815265251995114	0.15606770993114216	0.08055914851441044
ATP2B4_dirichlet_train_fold1.31	1.166e-321	0.591304260911167	0.22248795140420446	6.1e-322	0.1862077876846284
ATP2B4_dirichlet_train_fold1.32	0.23449864886325095	0.48271656923703954	1.2088955265710883e-241	0.24980255211791716	0.03298222978179242
ATP2B4_dirichlet_train_fold1.33	0.12444894434637013	0.41025869594074993	0.007487038796569864	0.11245658610285272	0.3453487348134575
ATP2B4_dirichlet_train_fold1.34	0.18907712418968367	0.34319830484387515	8.45e-322	0.18012764452482707	0.287596926441614
ATP2B4_dirichlet_train_fold1.35	0.11954933413548541	0.3884860822026214	0.16889844014643762	0.04082572598706766	0.2822404175283879
ATP2B4_dirichlet_train_fold1.36	0.1910578428700015	0.31444186484527104	0.0700973636502364	1.4557525782003274e-16	0.42440292863449103
ATP2B4_dirichlet_train_fold1.37	0.24278891551397677	0.3005779346753501	0.11254138515314299	0.0871142175510776	0.2569775471064525
ATP2B4_dirichlet_train_fold1.38	0.3020575572817841	0.21192706383238036	1.08e-321	0.19405792340676506	0.2919574554790704
ATP2B4_dirichlet_train_fold1.39	0.07838870085224339	0.43223457891814565	0.16704241377342682	0.04888418843204785	0.2734501180241364
ATP2B4_dirichlet_train_fold1.40	0.08875109417336192	0.5540208043474816	0.06376900201120635	1.117e-321	0.2934590994679501
ATP2B4_dirichlet_train_fold1.41	0.17512231293616204	0.25218168520169615	0.14320254611009997	0.2227371708692664	0.20675628488277537
ATP2B4_dirichlet_train_fold1.42	0.07881804260334589	0.5655288580780505	0.09586643551516587	0.12609786094722694	0.1336888028562109
ATP2B4_dirichlet_train_fold1.43	0.3075301980010481	0.289491724170417	2.955e-321	0.29547785461053333	0.1075002232180017
ATP2B4_dirichlet_train_fold1.44	0.17059569321380846	0.16890179177592374	1.369186694994491e-121	0.3007113569360273	0.35979115807424056
ATP2B4_dirichlet_train_fold1.45	0.15385649151143574	0.34079000322141906	0.09597395642518336	0.08706782741310207	0.32231172142885983
ATP2B4_dirichlet_train_fold1.46	0.27076172287023886	0.20539890061871632	1.67e-321	0.28246179071819366	0.24137758579285104
ATP2B4_dirichlet_train_fold1.47	0.17925311937843877	0.2910504188189743	0.005529860644494961	0.23438560521448795	0.2897809959436039
ATP2B4_dirichlet_train_fold1.48	0.06551435492293602	0.2631370184432714	0.18561306118429294	0.09776945795457077	0.38796610749492877
ATP2B4_dirichlet_train_fold1.49	0.15055877540092089	0.28089654408590614	0.1345408470454421	5.474801711925743e-268	0.43400383346773075
ATP2B4_dirichlet_train_fold1.50	0.2680210672159997	0.36533711042903827	0.01778689990736502	0.06196701766875496	0.2868879047788421
ATP2B4_dirichlet_train_fold1.51	0.1522520850921831	0.4228190932755048	0.05272798499753873	0.10702919730139401	0.2651716393333792
ATP2B4_dirichlet_train_fold1.52	0.38620804785766605	0.1804996633698967	0.09532058004566767	0.18261093465093348	0.1553607740758361
ATP2B4_dirichlet_train_fold1.53	0.24082087001317667	0.3144673957866986	0.0008372493426985528	0.2619277017263936	0.18194678313103238
ATP2B4_dirichlet_train_fold1.54	0.1805711492029067	0.23337089644040823	0.1755710948164127	0.07155896946484099	0.33892789007543134
ATP2B4_dirichlet_train_fold1.55	0.10220052849670398	0.5111036187853886	0.11262154417664222	2.87e-322	0.27407430854126513
ATP2B4_dirichlet_train_fold1.56	0.45410552314982244	0.1086023326677123	0.07030351814449447	0.15814092471487248	0.20884770132309838
ATP2B4_dirichlet_train_fold1.57	0.10974604833555514	0.3351433794309735	0.12020429350798745	1.887e-321	0.4349062787254838
ATP2B4_dirichlet_train_fold1.58	0.10037521646558158	0.24612121398598832	0.17702705637057423	0.09664687130283874	0.3798296418750172
ATP2B4_dirichlet_train_fold1.59	0.028464089242503512	0.34173984876307684	0.07208458017091994	0.32797257675231795	0.22973890507118205
ATP2B4_dirichlet_train_fold1.60	0.34611907461536134	0.5128632747289075	0.00909933448943117	0.05863565938740022	0.07328265677889971
ATP2B4_dirichlet_train_fold1.61	3.69e-321	0.47108323938594054	0.16670165047446384	0.01285650194942094	0.34935860819017467
ATP2B4_dirichlet_train_fold1.62	0.057152110687770985	0.47697601064107564	0.06925612674312745	0.12331628477052549	0.27329946715750053
ATP2B4_dirichlet_train_fold1.63	0.11975820387376938	0.36604906405356963	0.09980015565023297	1.7291064720271886e-219	0.4143925764224281
ATP2B4_dirichlet_train_fold1.64	0.0159975125695153	0.3775587062222423	0.23295004288366022	1.8024611716333475e-120	0.37349373832458216
ATP2B4_dirichlet_train_fold1.65	3.05e-321	0.336687193832464	0.0693923368657022	0.024117865957654482	0.5698026033441793
ATP2B4_dirichlet_train_fold1.66	0.17677551375937411	0.2986898382135479	0.239472411816511	0.011124850993519082	0.27393738521704797
ATP2B4_dirichlet_train_fold1.67	0.2660775735532544	0.29116608906162245	0.166611728837031	0.02462983774677738	0.2515147708013147
ATP2B4_dirichlet_train_fold1.68	0.013823702824568502	0.46096108728495155	0.09389137221593723	0.033463643755404324	0.3978601939191384
ATP2B4_dirichlet_train_fold1.69	0.052656862595810094	0.3383964083174298	0.08871907888119651	0.12160774494678445	0.3986199052587791
ATP2B4_dirichlet_train_fold1.70	0.20393241581627142	0.3979651257097695	0.059448698847824555	0.11282797605800743	0.22582578356812705
ATP2B4_dirichlet_train_fold1.71	0.27248481331812197	0.39431564725949375	0.0858652284613421	0.13419293042229719	0.11314138053874492
ATP2B4_dirichlet_train_fold1.72	0.24709465561996757	0.3885363048504952	0.03244733671102266	0.034595779448347797	0.2973259233701668
ATP2B4_dirichlet_train_fold1.73	0.20602038887084156	0.2338577005114668	0.2023344152663964	0.02010234248982981	0.3376851528614655
ATP2B4_dirichlet_train_fold1.74	0.03801730913133667	0.4564555539444679	0.2745864776441183	0.11082450243372713	0.1201161568463499
ATP2B4_dirichlet_train_fold1.75	0.1584091772798554	0.22281968054860807	0.11031663521546523	0.06272827109410051	0.4457262358619709
ATP2B4_dirichlet_train_fold1.76	0.2972118943634024	0.1943366121409198	1.136e-321	0.13969895154994977	0.36875254194572804
ATP2B4_dirichlet_train_fold1.77	0.12963515910755682	0.3396310251944521	0.23629422517192158	5.1e-322	0.29443959052606955
ATP2B4_dirichlet_train_fold1.78	0.2847500013436242	0.37206084467260003	0.08905044596341685	0.08652111833531007	0.16761758968504883
ATP2B4_dirichlet_train_fold1.79	0.08894445642359707	0.4693063177429113	0.1774527663108097	2.17e-322	0.26429645952268177
ATP2B4_dirichlet_train_fold1.80	3.444e-321	0.32972385375569213	0.23028006397702297	9.73e-322	0.43999608226728504
ATP2B4_dirichlet_train_fold1.81	0.13437294997105503	0.3638917295447791	0.12705829077939138	0.13702903632776567	0.23764799337700893
ATP2B4_dirichlet_train_fold1.82	0.10856918353045898	0.4158982915287317	0.12819721376440096	0.05664313237885966	0.29069217879754855
ATP2B4_dirichlet_train_fold1.83	0.12821403049204894	0.34323473173424157	0.33868618966468544	0.055252139554748725	0.13461290855427516
ATP2B4_dirichlet_train_fold1.84	0.15182584209134659	0.3217775708601027	0.06659147015745699	0.2785838601871089	0.18122125670398453
ATP2B4_dirichlet_train_fold1.85	0.32749979312402056	0.41286786527403774	0.003935101163135603	0.15664280396191302	0.09905443647689313
ATP2B4_dirichlet_train_fold1.86	0.11099213460838801	0.34042696375616033	0.07463771445157358	0.20026915525230654	0.27367403193157136
ATP2B4_dirichlet_train_fold1.87	0.11709631983604957	0.2975258761707448	0.14410156562211096	0.02724382512775153	0.4140324132433433
ATP2B4_dirichlet_train_fold1.88	0.15443115178306585	0.2997019256390545	1.15e-321	0.2274327820862376	0.318434140491642
ATP2B4_dirichlet_train_fold1.89	0.1409675043643037	0.4143939705788974	2.91e-321	0.19285659228044832	0.2517819327763505
ATP2B4_dirichlet_train_fold1.90	0.25814173586473466	0.2661817676594812	0.06916406747154517	0.21677209612756604	0.18974033287667313
ATP2B4_dirichlet_train_fold1.91	0.2570903491119269	0.2139006875151468	0.1186068600879715	0.11122369304503893	0.29917841023991587
ATP2B4_dirichlet_train_fold1.92	0.0547053947365339	0.25164873882877575	2.154e-321	0.4281892222072792	0.2654566442274111
ATP2B4_dirichlet_train_fold1.93	0.08471948724300854	0.3754544359320132	0.05724829082843098	0.07759566175626453	0.4049821242402827
ATP2B4_dirichlet_train_fold1.94	0.04166464127431673	0.3445067694821688	0.22461713513300446	0.03553451301668892	0.353676941093821
ATP2B4_dirichlet_train_fold1.95	0.040265766245542754	0.4235959490693193	0.15743089167200905	5.5e-322	0.37870739301312895
ATP2B4_dirichlet_train_fold1.96	0.05498306841931904	0.3144426428962315	0.02180412945402554	0.015696272659553735	0.5930738865708703
ATP2B4_dirichlet_train_fold1.97	0.2817548468930672	0.24553650634417112	4.56970313374067e-262	0.20948467079438643	0.2632239759683753
PMS2_dirichlet_train_fold1	0.47927547594314956	0.0	0.3588394992516881	0.08446873048031334	0.07741629432484894
PMS1_dirichlet_train_fold1	0.030346917148047197	0.1606535375658487	0.2993665471014491	0.1369664066903714	0.3726665914942835
MSH6_dirichlet_train_fold1	2.065e-321	0.010528211490850875	0.8043516793458211	0.07049461910484638	0.11462549005848181
MLH1_dirichlet_train_fold1	0.10847292395182173	4.5e-322	0.8228285014724523	0.06869857457572598	1.18e-321
MSH2_dirichlet_train_fold1	2.14e-321	0.022749921870500813	0.6921531933753375	0.19498969757106896	0.09010718718309273
MSH6_dirichlet_train_fold1.1	0.0074033173772696794	0.06283737379556785	0.7479668572613627	0.07717550456788048	0.10461694699791911
MSH6_dirichlet_train_fold1.2	0.06579730934655786	0.012049952134989727	0.8269331219876843	0.02735172880032865	0.06786788773043925
MLH1_dirichlet_train_fold1.1	0.11241424551990993	2.925e-321	0.7106787818713916	0.1639404422024655	0.012966530406233061
MSH6_dirichlet_train_fold1.3	0.00866430615948638	1.25e-321	0.6623319386163995	0.25092683983331476	0.07807691539079945
PMS2_dirichlet_train_fold1.1	0.468047140709523	0.060858865834753924	0.44883781521052	2.485e-321	0.022256178245203047
MLH1_dirichlet_train_fold1.2	0.3732375972863864	0.010821557794148465	0.46402420356370144	0.09914501427780652	0.0527716270779572
PMS1_dirichlet_train_fold1.1	5.52e-321	0.10208080014090601	0.22495533332525153	0.15027656568217038	0.522687300851672
MSH6_dirichlet_train_fold1.4	0.09939697514666405	0.029771736392170105	0.7243590920345169	0.12343222156173714	0.0230399748649118
MSH6_dirichlet_train_fold1.5	0.18750927662764225	4.45e-322	0.6761928757774754	0.11016579650653203	0.02613205108835025
MSH6_dirichlet_train_fold1.6	0.171628217533667	0.05787992131525816	0.6629607804436473	0.0635946901173597	0.04393639059006769
MSH2_dirichlet_train_fold1.1	0.05219054178439494	0.00815276822680364	0.6343692325584034	0.1188714363107818	0.18641602111961617
PMS2_dirichlet_train_fold1.2	0.5145245925079116	7.3e-322	0.48547540749208834	4.55e-322	3.463e-321
PMS1_dirichlet_train_fold1.2	0.015117628931842944	0.17105378440506686	0.2465211249597133	0.22593068609545774	0.3413767756079191
MSH6_dirichlet_train_fold1.7	0.04231591276445361	4.4e-322	0.6828173370362056	0.2653907108794626	0.0094760393198782
MLH1_dirichlet_train_fold1.3	0.017885216617808525	0.04017237034182888	0.8326180300912835	0.08955558330424802	0.019768799644831
MSH6_dirichlet_train_fold1.8	0.13690172824780242	0.015195784124292053	0.645243430701218	0.1305954712146413	0.07206358571204602
PMS1_dirichlet_train_fold1.3	0.03350480730313921	0.26683622504398624	0.18245410606640264	0.011399945347224622	0.5058049162392472
MSH6_dirichlet_train_fold1.9	0.08214643555243982	0.005663312376977773	0.6189250736953664	0.21550369499423944	0.07776148338097656
MSH6_dirichlet_train_fold1.10	0.11903227935557675	0.03399930695246067	0.8031446763082576	0.01209802611009272	0.031725711273612255
MSH2_dirichlet_train_fold1.2	2.2830333136957396e-40	4.4e-322	0.7541134704352713	0.12697561728334938	0.11891091228137937
PMS1_dirichlet_train_fold1.4	0.011735331569866825	0.18950660921161697	0.20421706360807104	0.4103026086324525	0.1842383869779925
MSH6_dirichlet_train_fold1.11	0.0747641125120904	9.012303958674959e-258	0.7060843448761174	0.1656072185178719	0.05354432409392017
MSH6_dirichlet_train_fold1.12	0.2637888843079706	0.012755890746698991	0.7065815140311085	0.0005565846522538916	0.016317126261968004
MLH1_dirichlet_train_fold1.4	0.2972062876641191	0.02721772982774668	0.5541611732107157	0.12087857292347043	0.0005362363739482077
PMS1_dirichlet_train_fold1.5	0.06297733687807662	0.20941647200512956	0.16339776378886584	0.25726857799692765	0.3069398493310004
MLH1_dirichlet_train_fold1.5	0.11660523390881186	3.95e-322	0.753136348322997	0.11122283027373729	0.019035587494453825
MSH6_dirichlet_train_fold1.13	0.21103057080773577	0.02077500030825979	0.6878820630262896	0.05862048186502524	0.02169188399268952
MSH6_dirichlet_train_fold1.14	1.565047734144067e-12	6.8e-322	0.6409074813862141	0.16679514227028164	0.19229737634193902
MSH2_dirichlet_train_fold1.3	0.10804893385664849	0.025635231365499462	0.6122999604263482	0.06868952099840042	0.1853263533531036
MLH1_dirichlet_train_fold1.6	0.025179437705686508	0.04571899075835098	0.7313180545229159	0.1469016685806494	0.05088184843239727
PMS2_dirichlet_train_fold1.3	0.516274470999827	0.01839813057983314	0.4402837333246667	3.56e-322	0.025043665095673042
PMS1_dirichlet_train_fold1.6	7.349835551804115e-300	0.33090172516776567	0.10755942524166548	0.1629711905528909	0.3985676590376779
MSH6_dirichlet_train_fold1.15	0.06880071073996834	0.07563796872618683	0.7837712372991097	0.016265504859803555	0.055524578374931625
MSH2_dirichlet_train_fold1.4	1.344e-321	2.84e-321	0.7975326144641783	0.17652294014135123	0.02594444539447038
PMS1_dirichlet_train_fold1.7	0.017156711704691654	0.18078113799410966	0.13334600393180115	0.2897817864948321	0.3789343598745655
MSH2_dirichlet_train_fold1.5	0.0892203319123132	0.024921648125776644	0.7578447043425994	0.07095880549311363	0.05705451012619713
PMS2_dirichlet_train_fold1.4	0.6358041629935218	1.1565365567331076e-113	0.25266176590609746	0.0	0.11153407110038072
MSH6_dirichlet_train_fold1.16	0.26066217290829236	1.05e-321	0.43554782867990505	0.1980771965988248	0.10571280181297785
MSH2_dirichlet_train_fold1.6	0.2508979252973791	0.009255019131360486	0.5634464776138408	0.13736776082126556	0.03903281713615385
MLH1_dirichlet_train_fold1.7	0.25539559894095437	0.07709511675001303	0.6163639736881543	0.045059770962753674	0.006085539658124553
MSH6_dirichlet_train_fold1.17	0.021733019477985307	0.030276454372608896	0.8162516723520665	0.09304502702103155	0.038693826776307554
MSH2_dirichlet_train_fold1.7	3.56e-321	0.025572078693094396	0.7867221658308235	0.08927486687167165	0.09843088860441042
MSH2_dirichlet_train_fold1.8	0.028457242315176573	0.019253696219066335	0.6568234203077743	0.27135909544536646	0.024106545712616306
MLH1_dirichlet_train_fold1.8	1.3234226436920632e-167	4.7e-322	0.7897092744969815	0.2058806428434364	0.004410082659582154
PMS2_dirichlet_train_fold1.5	0.6939573153582581	5.53e-322	0.306042684641742	1.44e-321	2.174e-321
MSH2_dirichlet_train_fold1.9	2.5963045715909507e-151	3.9e-322	0.7873249526829047	0.12868343777393093	0.08399160954316444
MSH6_dirichlet_train_fold1.18	1.77e-321	0.005707372318422315	0.8877662079894232	0.08313221455376534	0.023394205138389284
MSH6_dirichlet_train_fold1.19	0.16794447511677627	3.2e-322	0.5241440648220492	0.23111740570852904	0.07679405435264551
PMS1_dirichlet_train_fold1.8	0.134536715930654	0.2388908467352661	0.15719927204939324	0.32023605727048265	0.1491371080142041
PMS2_dirichlet_train_fold1.6	0.46920923804762266	4.7e-322	0.5307907619523773	2.87e-322	3.66e-322
MSH6_dirichlet_train_fold1.20	0.10352950344747917	0.01902762186329897	0.7603785095683389	0.007853908362001926	0.10921045675888115
PMS2_dirichlet_train_fold1.7	0.5725188520807307	0.03323403299936345	0.3942471149199058	3.9e-322	4.684e-321
PMS2_dirichlet_train_fold1.8	0.5085622687061766	0.0	0.49143773129382357	0.0	3.95e-322
MSH6_dirichlet_train_fold1.21	4.97647782774136e-128	0.02350416552471616	0.7494918846782853	0.17456747135460168	0.05243647844239674
MLH1_dirichlet_train_fold1.9	2.05e-321	0.043581440885331016	0.7302979825738575	0.11579646141425937	0.11032411512655203
PMS2_dirichlet_train_fold1.9	0.5392196143511327	0.026379216296165353	0.42906816804831516	3.66e-322	0.005333001304386752
MSH6_dirichlet_train_fold1.22	0.015373361639947401	3.5e-322	0.6959351481993535	0.2565171969538485	0.03217429320685055
PMS1_dirichlet_train_fold1.9	0.035949783339140944	0.1311099270970098	0.0902789914304454	0.45681799039882454	0.2858433077345793
MSH6_dirichlet_train_fold1.23	0.24426035141346966	0.010965735859672919	0.6097671949711709	0.05261944536562591	0.08238727239006062
MSH2_dirichlet_train_fold1.10	0.06915750373883499	0.0024388323829931118	0.7387539827177418	0.16232547689677437	0.027324204263655623
MLH1_dirichlet_train_fold1.10	5.035e-321	0.0	0.7411297605762659	0.2173103021159177	0.04155993730781651
MSH6_dirichlet_train_fold1.24	0.19676212998446937	0.020139612368096096	0.6055386343340778	0.11418929034914377	0.06337033296421314
PMS2_dirichlet_train_fold1.10	0.7393029374583195	0.025498009643208593	0.22187277870848326	1.14e-321	0.013326274189988649
PMS1_dirichlet_train_fold1.10	0.09771617069505187	0.2313966109659568	0.23919458897625162	0.06960300674070388	0.3620896226220358
MSH6_dirichlet_train_fold1.25	0.2288488996042072	0.04945661412002399	0.6240646303040877	0.060572718644144485	0.03705713732753669
MSH6_dirichlet_train_fold1.26	0.08973739942228935	3.75e-322	0.7277110667667378	0.10284965310718722	0.07970188070378563
MLH1_dirichlet_train_fold1.11	2.098068377397424e-118	0.007811133548363519	0.8227089045148678	0.11938643060017615	0.050093531336592556
MSH6_dirichlet_train_fold1.27	0.07551936358198953	0.059318133065956805	0.7520814035278078	0.02902471810529513	0.08405638171895065
MSH6_dirichlet_train_fold1.28	0.04263603125205968	0.01092033470801795	0.8704804771994216	0.032687798166168534	0.043275358674332375
MSH2_dirichlet_train_fold1.11	0.114970388688965	0.015429579077214216	0.7407034352523931	0.11144009683952635	0.01745650014190125
MSH6_dirichlet_train_fold1.29	0.17895617159745536	0.0335795994908267	0.6093263025279937	0.1781379263837242	3.600944473963031e-266
MSH2_dirichlet_train_fold1.12	5.306431360019123e-88	0.02115941679382171	0.7294756714018695	0.163450008633782	0.0859149031705266
MSH2_dirichlet_train_fold1.13	0.1346630200784291	0.02438382690068671	0.6731691456676996	0.11514622351112272	0.052637783842062025
MSH2_dirichlet_train_fold1.14	0.07423790954455028	0.02547020805909637	0.6902473254877296	0.13204799837625955	0.07799655853236412
MSH6_dirichlet_train_fold1.30	2.115e-321	6e-322	0.7379020074375049	0.1631355050212275	0.09896248754126777
MSH6_dirichlet_train_fold1.31	0.07754664273349612	0.051476109805208024	0.7035943504758604	0.13904294898719496	0.028339947998240352
PMS2_dirichlet_train_fold1.11	0.6255109919522344	1.685e-321	0.3667819119472357	1.1e-321	0.0077070961005298744
MSH6_dirichlet_train_fold1.32	0.11183841855864506	0.015435126646524681	0.7033036247644533	0.13091616671093867	0.03850666331943841
MSH2_dirichlet_train_fold1.15	0.024620728019090675	0.0024930024794328183	0.6726731996956085	0.21606044888718665	0.08415262091868139
MSH6_dirichlet_train_fold1.33	0.31530968949402344	3.923e-321	0.6275894432473437	0.031962043569891525	0.02513882368874139
MSH2_dirichlet_train_fold1.16	8.65e-322	0.01915483046432513	0.8292856761762621	0.09168561644201338	0.05987387691739944
PMS1_dirichlet_train_fold1.11	1.685e-321	0.14319110231804302	0.35823382311755636	0.18187298698461052	0.31670208757979
MLH1_dirichlet_train_fold1.12	0.1270638861617431	3.3e-322	0.653552376480251	0.1978177737762846	0.021565963581721328
MLH1_dirichlet_train_fold1.13	0.1036349721525258	0.0937739049330846	0.7583743448609093	0.04421677805348022	8.078614082411925e-108
MSH2_dirichlet_train_fold1.17	1.4e-321	0.001221688947725782	0.7963469425511223	0.1579019380368817	0.04452943046427021
MSH2_dirichlet_train_fold1.18	0.1531741961593048	0.138658809583352	0.6692390473457734	2e-321	0.038927946911569596
MSH2_dirichlet_train_fold1.19	0.17557886636131706	6.13e-322	0.4847725935272764	0.0950537080752804	0.24459483203612606
PMS1_dirichlet_train_fold1.12	0.10908955064084422	0.4482976638302252	0.21502872750687058	0.1234006182782624	0.1041834397437975
MSH6_dirichlet_train_fold1.34	1.7309013325730857e-210	0.015140165473835093	0.9815391390788152	1.803e-321	0.003320695447349589
UNG_dirichlet_train_fold1	5.7e-322	0.11376885853539685	0.1670521952456398	0.5320536410296846	0.18712530518927867
OGG1_dirichlet_train_fold1	0.07996626197222734	0.6118054501401556	0.16447560358932353	0.015258320433994275	0.12849436386429913
OGG1_dirichlet_train_fold1.1	1.34e-321	0.7268678724962068	1.2e-321	4.165699026456307e-134	0.2731321275037932
UNG_dirichlet_train_fold1.1	1.84e-321	0.03880307039342404	0.2613389004702185	0.5082155774102464	0.19164245172611116
UNG_dirichlet_train_fold1.2	0.05056763779116886	0.09741227863334698	0.08657759874589765	0.4247515244392772	0.34069096039030916
OGG1_dirichlet_train_fold1.2	0.05255419062493268	0.6839458562673367	0.07493632647260409	0.11913740271921094	0.06942622391591553
UNG_dirichlet_train_fold1.3	0.061264702367146526	0.09917808983095407	0.25246352722884163	0.4947104260514221	0.09238325452163562
UNG_dirichlet_train_fold1.4	0.08058423580667794	0.18322047334876013	0.02974920493736309	0.5615480641411869	0.14489802176601185
OGG1_dirichlet_train_fold1.3	0.0774270333445076	0.756847189179539	2.22e-321	0.15665922058596105	0.009066556889992205
UNG_dirichlet_train_fold1.5	0.0854877668894926	0.29166657629718323	0.10827256362682544	0.3618273203828999	0.1527457728035989
UNG_dirichlet_train_fold1.6	5.99346316602247e-190	0.1330098576899104	0.19001268818019973	0.38141460465028265	0.29556284947960715
OGG1_dirichlet_train_fold1.4	0.1005734563030108	0.7788232896264657	3.95e-322	0.08917641668708536	0.03142683738343818
UNG_dirichlet_train_fold1.7	1.88e-321	0.12067974108520119	0.14358433289305852	0.4472640692246793	0.28847185679706094
OGG1_dirichlet_train_fold1.5	6.326596947873508e-155	0.6311876348733076	0.04231006210360004	2.8035810078620475e-57	0.32650230302309247
OGG1_dirichlet_train_fold1.6	0.04595980130981536	0.6999747610066974	7.95e-322	0.17007879761821476	0.08398664006527255
UNG_dirichlet_train_fold1.8	1.196e-321	0.2298923464686539	0.021874086394447958	0.595714005826262	0.1525195613106361
UNG_dirichlet_train_fold1.9	1.393e-321	0.25121636297338756	0.19871781686210288	0.39110779100587045	0.15895802915863916
OGG1_dirichlet_train_fold1.7	0.08012818111467346	0.5704598452790253	2.4e-321	0.13958237708430593	0.20982959652199543
OGG1_dirichlet_train_fold1.8	0.05767301102314703	0.7116225949706988	0.057722452920672476	0.07039019817362778	0.10259174291185384
OGG1_dirichlet_train_fold1.9	0.11563933343012403	0.6336412084222646	0.005547698747486462	0.06972284960870268	0.17544890979142225
UNG_dirichlet_train_fold1.10	0.012223570314621067	0.16213066100829376	0.04760279620966884	0.5582119995634065	0.21983097290400994
OGG1_dirichlet_train_fold1.10	0.033642032549894105	0.6093344195018064	7.56e-322	0.2425588476342818	0.11446470031401779
OGG1_dirichlet_train_fold1.11	0.035698099727396335	0.5475245030271789	7.56e-322	0.24554284131535287	0.17123455593007178
OGG1_dirichlet_train_fold1.12	0.02315076626376347	0.6173795999331861	4.392134426740553e-29	7.6e-322	0.35946963380305036
UNG_dirichlet_train_fold1.11	0.005478950101988385	0.10608451456395825	0.030736838710693142	0.6871282940610736	0.17057140256228664
OGG1_dirichlet_train_fold1.13	0.00833800205998656	0.5832892761169131	0.10931414994303727	0.24176517480626883	0.05729339707379438
UNG_dirichlet_train_fold1.12	0.025129350488828972	0.09255702554483956	0.07941212589211871	0.6845609606194807	0.11834053745473216
OGG1_dirichlet_train_fold1.14	0.15675546184235195	0.5932983782354893	1.527e-321	0.13899487454478843	0.11095128537737019
UNG_dirichlet_train_fold1.13	0.055269896102379375	0.1602553215040863	0.20985012504469303	0.4138466737491441	0.16077798359969703
OGG1_dirichlet_train_fold1.15	0.01097932852527575	0.6584976972100889	7.6e-322	0.16464323035796471	0.16587974390667057
UNG_dirichlet_train_fold1.14	0.09340963713139623	0.17801292618926423	0.22148584134828728	0.3090322517081283	0.1980593436229239
OGG1_dirichlet_train_fold1.16	0.05611847860560555	0.834836216395492	0.0866817599026246	0.02236354509627784	3.85e-322
OGG1_dirichlet_train_fold1.17	0.018676456037456563	0.5575302199291636	0.14691259551112026	0.06975293354587314	0.2071277949763866
UNG_dirichlet_train_fold1.15	0.06912345833422796	0.13763057904831946	0.14940615794400317	0.4187599996431344	0.2250798050303152
OGG1_dirichlet_train_fold1.18	1.853e-321	0.6965424118279941	0.17259730280752913	3.95e-322	0.13086028536447677
UNG_dirichlet_train_fold1.16	4.4678010345545435e-265	0.1527866712720933	0.3047233180268315	0.4609108861615234	0.0815791245395516
OGG1_dirichlet_train_fold1.19	0.06313364153531142	0.8557324976063462	0.0664393624594078	0.009121070891332227	0.0055734275076024745
OGG1_dirichlet_train_fold1.20	0.04757530722241657	0.6269920308809852	1.73e-321	0.16035499470689232	0.16507766718970593
OGG1_dirichlet_train_fold1.21	0.011639331506211435	0.857283023741064	4.780656585679723e-248	3.1539908913138e-257	0.1310776447527246
UNG_dirichlet_train_fold1.17	0.06895131430373548	0.16332180942322513	1.09e-321	0.5933299798463265	0.17439689642671286
OGG1_dirichlet_train_fold1.22	6.050339284555779e-48	0.5306930447654876	0.0010103362245075195	0.21959207653481758	0.24870454247518725
UNG_dirichlet_train_fold1.18	0.08457565435304032	0.1988843997229585	0.04062627450050103	0.394042953484515	0.2818707179389851
OGG1_dirichlet_train_fold1.23	1.853e-321	0.5521049865864711	0.03485152151284345	2.08e-322	0.41304349190068557
UNG_dirichlet_train_fold1.19	0.009450240960935276	0.08954214155540581	0.0964171812223895	0.5432090672446153	0.26138136901665404
UNG_dirichlet_train_fold1.20	0.1394251055187165	0.24312982424950344	1.433e-321	0.4906080114426985	0.12683705878908158
UNG_dirichlet_train_fold1.21	0.055841980734893895	0.15241391347550073	0.06599063284048044	0.5613639584428676	0.16438951450625733
UNG_dirichlet_train_fold1.22	0.07801972605507625	0.19663015930742792	0.18584221294731648	0.3908407069349208	0.1486671947552586
OGG1_dirichlet_train_fold1.24	0.11747832779473227	0.645546348762873	0.012326326707351485	0.01247287841216329	0.21217611832288008
OGG1_dirichlet_train_fold1.25	1.28e-321	0.6192510185962976	0.05421230545563142	0.1503438906966775	0.17619278525139362
OGG1_dirichlet_train_fold1.26	0.07141846687851351	0.8484869377321803	0.06269097124845531	1.606e-321	0.01740362414085088
UNG_dirichlet_train_fold1.23	1.0868630714486988e-126	0.15589063793014796	0.13461126452822927	0.45163012544589876	0.2578679720957241
OGG1_dirichlet_train_fold1.27	2.0197154035477816e-72	0.7019048059615609	0.023716226282819195	0.129244611364606	0.14513435639101405
OGG1_dirichlet_train_fold1.28	0.07012526172674509	0.7210863360182083	3.122e-321	0.17031347817178616	0.03847492408326052
UNG_dirichlet_train_fold1.24	0.11074975363682654	0.13953264016863326	0.14241009533351212	0.30308828481671274	0.3042192260443153
UNG_dirichlet_train_fold1.25	2.21e-321	0.08146534838050944	0.08005077527348972	0.4797535760159751	0.3587303003300258
UNG_dirichlet_train_fold1.26	1.196e-321	0.19871703729605728	0.006125421900601422	0.42539009082559176	0.3697674499777497
OGG1_dirichlet_train_fold1.29	7.544e-321	0.6977610953610134	0.30223890463898656	2e-321	4.929924924556e-312
OGG1_dirichlet_train_fold1.30	5.110835662236705e-110	0.7398695674728026	0.09384431350191601	0.09843297272683137	0.06785314629844996
UNG_dirichlet_train_fold1.27	4.94e-322	0.16315650512277843	0.09859824311364146	0.388036078951731	0.35020917281184916
UNG_dirichlet_train_fold1.28	1.077e-321	0.14515910829876097	0.17653579877107706	0.5832846138796386	0.09502047905052327
OGG1_dirichlet_train_fold1.31	0.17329227269613115	0.6760086618763347	0.15069906542753422	1.04e-321	3.06e-322
UNG_dirichlet_train_fold1.29	0.008762288572600944	0.08368058370897219	0.15032195027508122	0.5117746464563393	0.24546053098700635
OGG1_dirichlet_train_fold1.32	4.387e-321	0.5742216569512983	0.11368881036276704	0.09300461769871013	0.21908491498722446
UNG_dirichlet_train_fold1.30	1.067e-321	0.2496300840713677	0.0885861803230141	0.507026760079742	0.15475697552587614
OGG1_dirichlet_train_fold1.33	0.058929510296578745	0.575701338200465	0.05589971334422958	0.043792682395266264	0.26567675576346034
OGG1_dirichlet_train_fold1.34	3.666e-321	0.7266398308788491	0.05647212893466188	0.07051576782706295	0.146372272359426
OGG1_dirichlet_train_fold1.35	5.97e-321	0.7606799699530277	0.09352633580809622	0.11248372814587618	0.03330996609300001
UNG_dirichlet_train_fold1.31	1.75e-321	0.050129074935503996	0.04254691180314683	0.6511721637139708	0.25615184954737835
OGG1_dirichlet_train_fold1.36	6.23e-322	0.6871677767299909	0.029020108624997498	5.73e-322	0.2838121146450116
OGG1_dirichlet_train_fold1.37	3.732451826711342e-236	0.7238398824735874	1.294e-321	0.18061804476758045	0.09554207275883204
OGG1_dirichlet_train_fold1.38	3.99e-321	0.7000179547226217	0.06471473885808415	0.23526730641929428	1.077e-321
UNG_dirichlet_train_fold1.32	0.11579671885419161	0.12218058596757228	0.07058953742060443	0.5140780214090449	0.17735513634858677
OGG1_dirichlet_train_fold1.39	0.0374524095288297	0.652415095105869	0.08711535815172158	0.1468472679939281	0.07616986921965167
UNG_dirichlet_train_fold1.33	1.4132800614229963e-69	0.13678213876103978	0.03965664824382125	0.6038336915979796	0.2197275213971595
UNG_dirichlet_train_fold1.34	0.18797275486188542	0.10598225560465961	0.060393877582452876	0.4131386895027829	0.23251242244821924
OGG1_dirichlet_train_fold1.40	0.08614139811168486	0.638110104401355	8e-322	0.22890386256754572	0.046844634919414624
UNG_dirichlet_train_fold1.35	9.83e-322	0.04597452054756146	0.12381411432390652	0.7459408275401853	0.08427053758834666
OGG1_dirichlet_train_fold1.41	7.08e-321	0.8247142672347085	0.08014655977682963	0.05367197027364902	0.041467202714812995
OGG1_dirichlet_train_fold1.42	0.05763424976808472	0.6419678362594032	2.164e-321	0.10490971638724167	0.19548819758527033
OGG1_dirichlet_train_fold1.43	0.07549239540394681	0.6575210550894035	1.71e-321	0.19670323753155378	0.07028331197509581
OGG1_dirichlet_train_fold1.44	1.56e-321	0.8754493755517447	0.05885234359798005	2.1e-321	0.06569828085027525
OGG1_dirichlet_train_fold1.45	0.07165022764275637	0.5541922366743531	0.02349428975238073	0.2648433396067353	0.08581990632377436
UNG_dirichlet_train_fold1.36	5.3e-322	0.20658117803657058	0.080342298856585	0.49345703946029773	0.2196194836465467
UNG_dirichlet_train_fold1.37	8.69914461491634e-236	0.08751109020332615	0.18745844186245295	0.5033483725958207	0.22168209533840014
UNG_dirichlet_train_fold1.38	0.001560093261452871	0.10977407847100874	0.1115985809776873	0.5962774553840123	0.1807897919058388
OGG1_dirichlet_train_fold1.46	0.12415547793880677	0.7789042907638427	3.42e-321	8.21783019215214e-133	0.09694023129735053
OGG1_dirichlet_train_fold1.47	0.09258778077821536	0.6676852775233378	0.03626342799431666	0.10021594073080847	0.10324757297332168
UNG_dirichlet_train_fold1.39	8.696983168098651e-71	0.06994416014339915	0.03657412490180538	0.5889189026407601	0.30456281231403537
UNG_dirichlet_train_fold1.40	3.350509422564448e-149	0.1295801206566268	0.13663567808238927	0.5254637361751021	0.2083204650858816
UNG_dirichlet_train_fold1.41	0.30357351179968606	0.12261143108867306	0.03148529447182591	0.4155850085174828	0.12674475412233224
UNG_dirichlet_train_fold1.42	0.019833412740458616	0.16317779233034618	0.029677402631559612	0.5915288642437859	0.19578252805384994
UNG_dirichlet_train_fold1.43	3.276e-321	0.11220017368876682	0.1340183980635836	0.4878613748617643	0.2659200533858853
UNG_dirichlet_train_fold1.44	5.04e-321	0.044660345528978115	0.12736484754669006	0.5337892122012511	0.2941855947230807
UNG_dirichlet_train_fold1.45	4.733e-321	0.11075539581319227	0.12381219843731879	0.5443098772673827	0.22112252848210637
UNG_dirichlet_train_fold1.46	1.09e-321	0.11961172064594253	0.11361383740305586	0.5743357430784016	0.19243869887260004
UNG_dirichlet_train_fold1.47	2.72e-321	0.12450461900945044	0.21673198607762179	0.4325947876867363	0.2261686072261915
UNG_dirichlet_train_fold1.48	0.11310679914302614	0.13947867414055273	0.12571353785209188	0.45411853978817573	0.16758244907615358
OGG1_dirichlet_train_fold1.48	0.053473619579385345	0.5228175038521605	0.08150204130688789	2.016e-321	0.34220683526156626
RNF168_dirichlet_train_fold1	0.4834056950674276	0.0490274097777217	0.13183227433579822	0.23468252524080493	0.10105209557824767
RNF168_dirichlet_train_fold1.1	0.6234736508457978	0.0755492571775567	0.08545633176475707	0.13767706594280088	0.07784369426908763
RNF168_dirichlet_train_fold1.2	0.5430764884011252	0.05054349366944428	0.03601587383987714	0.26250358061471807	0.10786056347483533
RNF168_dirichlet_train_fold1.3	0.3691682688515462	0.0900584770116791	0.18838666185529937	0.09846351985050258	0.2539230724309728
RNF168_dirichlet_train_fold1.4	0.5891678911522403	0.0834452832793009	0.04542378875394274	0.20985141126746093	0.07211162554705511
RNF168_dirichlet_train_fold1.5	0.8784380058662706	0.03728710605510798	0.020460128703273964	0.05206554166371276	0.011749217711634612
RNF168_dirichlet_train_fold1.6	0.634972304641323	0.0897695872160801	0.0626185765237364	0.11974191711068179	0.09289761450817882
RNF168_dirichlet_train_fold1.7	0.8728219429514735	0.08975949980593691	3.504678404964465e-68	0.02482136881353485	0.01259718842905479
RNF168_dirichlet_train_fold1.8	0.5840439288642043	0.1042368336396191	0.03253272839048088	0.15299436449637388	0.12619214460932182
RNF168_dirichlet_train_fold1.9	0.6341988850074238	0.037117948294285226	0.11644232674347893	1.877e-321	0.21224083995481208
RNF168_dirichlet_train_fold1.10	0.5057901196984318	0.05780791266369262	0.24731107333742391	0.12919990959609956	0.0598909847043522
RNF168_dirichlet_train_fold1.11	0.7401704524976193	0.06471967438198403	0.004613028583807383	0.1141554589780524	0.07634138555853692
RNF168_dirichlet_train_fold1.12	0.6192201492788089	0.04809078693890129	0.19883356012364906	0.06862888440593197	0.06522661925270877
RNF168_dirichlet_train_fold1.13	0.5712863698207994	0.07258878796626973	0.13936268445439162	0.14682967080866668	0.06993248694987252
RNF168_dirichlet_train_fold1.14	0.6444275959250193	0.04448877039002116	0.03598457065845496	0.14180904085671206	0.1332900221697925
RNF168_dirichlet_train_fold1.15	0.7891129026736148	0.10650403342349571	1.115301448331131e-141	0.02879679781597425	0.07558626608691518
RNF168_dirichlet_train_fold1.16	0.693207611380924	0.05557579462331732	0.04994006350804499	0.18447808289216225	0.01679844759555136
RNF168_dirichlet_train_fold1.17	0.4767364849463619	0.10344204907033815	0.1548554992228686	0.2575419522421703	0.007424014518260893
RNF168_dirichlet_train_fold1.18	0.5400132769668653	0.10473023197877587	0.2170728382374733	0.11775795064963307	0.020425702167252743
