Samples	SBS96A	SBS96B	SBS96C	SBS96D	SBS96E	SBS96F	SBS96G	SBS96H	SBS96I	SBS96J	SBS96K
EXO1_0_real_train1	0.0003881208209585132	8.42016453739393e-19	5.65151795749768e-238	1.8612869584279767e-217	9.414801669546376e-27	0.0013491694136253168	0.9921387451839562	0.001967939671052121	2.689394182752406e-27	6.221459698083567e-288	0.004156024910407819
OGG1_0_real_train1	6.922583829624967e-64	0.002349215782657383	0.010348941234216074	0.8404941126093906	8.584734781851762e-47	1.5047541617648944e-49	5.033377656871813e-71	0.031069908937338235	3.7656743161314814e-11	0.07138134767128176	0.04435647372745936
RNF168_0_real_train1	1.0814968988323606e-165	4.462519713958554e-205	5.875132031748255e-38	0.015850061651606604	0.018674625357525666	0.8642547297811602	0.009273163641824976	1.2279826262088399e-222	0.09194741956788266	1.0755322692847147e-141	3.00939507e-315
UNG_0_real_train1	1.94e-321	1.007354229335698e-210	0.08253283787026731	0.03613936568392694	0.8450117596822979	8.56119855463358e-114	1.211332835473776e-175	1.1300844473674427e-190	0.03631603676350798	8.061457653911379e-95	6.8131462512e-313
ATP2B4_0_real_train1	1.403e-321	1.78e-321	0.06321382852171006	0.020350265129067943	0.11289052652749504	0.03774542541035058	1.3665421555710075e-22	9.417774972091935e-86	0.572199600745018	0.14565582561156656	0.04794452805479186
ATP2B4_1_real_train1	9.44e-322	1.077e-321	0.014287581219184017	0.02497176706263241	1.04e-321	5.783009906477487e-229	4.749677556128789e-288	0.08711708295598268	0.503952471559465	0.27541118301749723	0.09425991418523862
MLH1_0_real_train1	0.9519012900174167	1.097248447000156e-20	0.001677763189817401	0.003607417198307778	2.0427092995571504e-107	1.3042354804516129e-40	1.0808598495444306e-47	9.908355902766446e-10	1.3974022995818963e-17	0.025790878600861763	0.01702265000276062
MSH2_0_real_train1	0.32506912867127524	0.46281933601808967	1.3649555985262514e-181	0.013190236821827156	0.030757490239297414	0.009003819129196062	1.4799452598601113e-41	4.8337103796661946e-29	4.382813975411364e-67	7.113710112068297e-55	0.15915998912031448
MSH6_0_real_train1	0.12754354719953884	0.7714383593238165	0.03757036096412028	0.009246486264590667	4.2269568386118055e-79	1.4980172077911601e-46	0.026948294042447477	0.02725295220548622	4.059168060328328e-37	2.1055805183850658e-79	8.031973071478146e-48
MSH6_1_real_train1	6.994836491997174e-06	0.9085953000755658	0.04469774470797447	0.00590102685692046	1.7954991948290963e-154	0.013749429320279026	1.894902947918805e-19	2.31e-321	7.013900396683143e-117	0.027049504202768318	2.283380884473222e-74
PMS1_0_real_train1	1.9759225206704092e-240	2.57656999572552e-247	0.037218766429790266	2.243647117304413e-47	2.1385962250619935e-79	5.6811377967351015e-133	1.83693033995823e-11	0.8278340816628127	1.0178075087240742e-189	0.13494715188902778	3.043758837349128e-277
PMS2_0_real_train1	2.4178884148198072e-48	0.062154996253832175	0.8653311438604001	2.0845395976701164e-50	0.006712890052206777	4.48192643409663e-176	1.0925042953511431e-54	0.009322455698133697	0.0383840627390853	0.018094451396341932	4.18893650403029e-45
EXO1_0_multinomial_train1	1.148935812705362e-69	5.658018581578718e-49	4.668446805082928e-83	0.004595395223990626	2.6795497073902656e-84	0.060494869007772525	0.9331823714348846	1.9475355240295458e-302	8.404404110274278e-108	0.0017273643333523003	1.88e-321
EXO1_0_multinomial_train1.1	2.372851723842996e-197	3.148763568825356e-197	2.396721057914821e-200	8.25e-322	0.00499476784882656	7.940422353863615e-69	0.931252457293796	6.860030746311414e-115	0.005105847926181209	7.86e-322	0.05864692693119622
EXO1_0_multinomial_train1.2	0.0023095702255284895	1.2706627631542065e-101	1.6893817085201287e-08	1.23e-321	6.741407306100113e-61	0.08677048575199692	0.9109199271286574	1.0074934265864371e-31	4.0380973032554444e-234	2.075e-321	1.0475366671059029e-71
EXO1_0_multinomial_train1.3	3.097630775635643e-221	4.237011088010694e-170	2.12e-321	1.0549075535189493e-205	0.021684380541775357	2.581443335150618e-66	0.9479448738292188	5.1147772996960595e-204	0.01356760386343263	1.15e-321	0.01680314176557333
EXO1_0_multinomial_train1.4	2.21e-321	1.833e-321	1.89e-321	1.013e-321	2.947143690493406e-171	2.0240561914764473e-41	1.0	2.69e-321	1.69e-321	1.275e-321	1.25e-321
EXO1_0_multinomial_train1.5	3.05e-321	3.04e-321	1.833e-321	5.83e-322	0.008202073365519156	2.4444237158082838e-17	0.9422366802321366	0.01559089136971363	2.0688290807492105e-58	7.36e-322	0.03397035503263062
EXO1_0_multinomial_train1.6	2.6095514385819568e-58	0.023310742687131503	3.551837132113163e-178	0.012088884506278	1.937e-321	5.238622619777421e-33	0.9646003728065904	1.873e-321	7.423349751658424e-169	8.069572883040191e-163	2.174e-321
EXO1_0_multinomial_train1.7	0.00899306668042349	2.260278922678102e-58	2.37e-321	1.07e-321	2.644928174571464e-35	1.3623692442651735e-78	0.9910069333195766	1.3444395114413428e-49	3.928693880447808e-239	1.344e-321	5.418900087565194e-72
EXO1_0_multinomial_train1.8	0.013443430870928084	5.265145484291406e-61	0.016259110529354807	1.606e-321	1.5972815372610977e-84	0.039249052311527186	0.9310484062881901	2.1444636777179094e-73	2.078685278720607e-291	9.159152311621654e-116	1.0356482070946421e-260
EXO1_0_multinomial_train1.9	2.2297479261641106e-48	3.2559142209616646e-176	1.8e-321	5.8e-322	3.1461039942673863e-161	0.05974142802251205	0.940258571977488	1.4629700002157487e-269	2.07e-321	7.36e-322	3.758803200239478e-176
EXO1_0_multinomial_train1.10	0.004313580659490365	1.215538301456923e-55	1.8404351012802138e-132	5.2947108524079365e-273	0.037773939893491225	2.5948100186202616e-21	0.9522713594287298	0.0056411200182886236	5.456568483679401e-68	1.443e-321	3.092160693724701e-18
EXO1_0_multinomial_train1.11	2.048060097561285e-107	1.1034092566448746e-74	2.73e-321	1.85373813081507e-243	5.6135718786405197e-39	6.8064623826257295e-96	0.9421197484833091	0.05788025151669094	3.9958999743382493e-41	2.4543401613284648e-257	3.939284248674604e-223
EXO1_0_multinomial_train1.12	5.603108806471269e-15	2.0724286709893232e-55	1.2179564934720713e-275	2.2878412834383707e-43	2.972122621028428e-249	1.3561501092344308e-47	0.9593469030326842	0.025907095497634633	2.1947566304181644e-08	0.014745979522109223	9.678608389176774e-45
EXO1_0_multinomial_train1.13	1.4640697558792218e-131	8.155421281091653e-149	0.02995771308235272	1.042e-321	0.017384560950876742	2.8870221128096666e-143	0.9485068678984533	3.0809558666043347e-109	9.106517503864779e-149	2.367e-321	0.004150858068317292
EXO1_0_multinomial_train1.14	1.628854436554815e-31	5.089295106300879e-89	2.51268490341402e-218	1.02e-321	1.0448093863869259e-69	3.670684771364694e-84	0.9987901021412618	0.0012098978587382714	8.19851423343314e-169	7.7e-322	9.63627542707656e-24
EXO1_0_multinomial_train1.15	0.022514443533640092	7.871431387022646e-57	2.0185634443386333e-134	1.04e-321	0.0032847321191371488	7.065004938217344e-31	0.9552262177641988	3.324602669581245e-214	1.78593889e-315	2.33e-321	0.01897460658302389
EXO1_0_multinomial_train1.16	0.0044907484468636695	7.73839724553469e-06	2.321887933133578e-61	1.6e-321	8.918166066306542e-213	2.039419420523618e-11	0.9955015131354964	7.49472328803461e-294	3.416776899642953e-227	1.764e-321	6.701183487331047e-308
EXO1_0_multinomial_train1.17	0.05032864898093696	2.956159979385601e-41	1.6662017669368413e-149	8.2e-322	9.77656403287087e-09	1.6980151005333346e-48	0.9496713412424992	1.2007057883348385e-173	2.43e-321	1.023e-321	3.145800710254866e-32
EXO1_0_multinomial_train1.18	1.191092245527957e-177	9.520346059471565e-144	3.3283473935184287e-180	0.013980946510291364	1.4015341263402705e-170	0.0002713553437039611	0.9714533313847086	0.006868903265413008	0.007425463495882969	5.889898969651011e-248	1.8583268999209528e-80
EXO1_0_multinomial_train1.19	0.004829697154139423	9.369587976315363e-63	2.535e-321	3.0348256711709813e-307	5.134395579878204e-159	0.058209711578046566	0.936960591267814	1.387946717082207e-277	8.455797393514889e-238	2.223e-321	3.3888786980831783e-197
EXO1_0_multinomial_train1.20	0.007055217705066239	4.3860829741040366e-44	2.26e-321	5.354059357319914e-44	5.7990715727854966e-18	5.3015447515385426e-12	0.9891786932612765	4.345956893958273e-56	9.53286690744148e-128	0.0037660890283558435	1.917834016918958e-108
EXO1_0_multinomial_train1.21	0.03648870904121604	2.500144441963377e-138	2.3e-321	1.714e-321	2.8668984943748277e-289	1.1225229707832387e-68	0.963511290958784	3.00101084382609e-309	2.283e-321	2.396e-321	2.48e-321
EXO1_0_multinomial_train1.22	0.011609651102696957	3.641507293809772e-54	8.233856603302429e-269	1.5391341464367938e-274	0.017413443241392462	0.08878164349458756	0.8330244747033952	0.049170787457927786	3.4754001170154242e-105	1.877e-321	2.040365340316011e-76
EXO1_0_multinomial_train1.23	2.1180338040854954e-217	3.3764e-320	2.77e-321	8.05e-322	0.05017708452013462	3.607692360585102e-231	0.9498229154798653	5.92857352989302e-19	2.16e-321	1.265e-321	1.3997690966958836e-270
EXO1_0_multinomial_train1.24	0.021719758495339088	1.7606349657742116e-102	4.671619201741074e-224	5.416367914395878e-301	0.010454721624244837	0.05954675433052113	0.9082787655498947	4.349470885944719e-298	4.3037836640265345e-188	1.986e-321	2.0392860877651228e-255
EXO1_0_multinomial_train1.25	1.0858191822017166e-51	0.010472317917666086	1.0870325986802631e-62	8.15e-322	4.273109490270613e-27	0.017074780916032307	0.9445589825784697	0.011888827932854992	3.4857742447997e-211	1.285e-321	0.016005090654976958
EXO1_0_multinomial_train1.26	3.3496605558993567e-44	4.88733498780977e-31	1.81096563104977e-32	9.73e-322	2.815021192109498e-06	0.0011887232230654123	0.9711389427040327	1.2759522960137754e-56	0.004059018896470154	9.83e-322	0.023610500155239533
EXO1_0_multinomial_train1.27	0.02747973009134179	1.9353186705919212e-66	2.71e-321	8.45e-322	0.012335999705640012	3.907662390933265e-106	0.9601842702030182	2.204e-321	1.5e-321	2.376e-321	3.113e-321
EXO1_0_multinomial_train1.28	2.947012631221079e-146	1.0986207811887385e-215	2.8188603418173924e-239	7.7e-322	1.8752619910191202e-50	1.2310507946891243e-44	0.907508020947721	8.175112973949761e-17	0.00247117763368275	7.2e-322	0.09002080141859618
EXO1_0_multinomial_train1.29	6.058475825123298e-155	3.65217805567798e-154	6.449028374660736e-142	6.1e-322	1.6722963497296255e-243	0.10720047375369719	0.8702538588416924	1.3825073710378846e-171	1.9e-321	5.1e-322	0.022545667404610382
EXO1_0_multinomial_train1.30	0.02092060521736578	3.0906372986723675e-66	3.794e-321	0.0015219866178480513	1.55044922313e-312	5.685969957618477e-51	0.9775574081647861	9.211656507715772e-273	5.922720222829781e-147	9.575959636748971e-24	3.093e-321
EXO1_0_multinomial_train1.31	3.638841826772952e-89	3.4206113728511718e-99	6.835786877623473e-90	1.03e-321	8.533596439504138e-114	0.005255004153709279	0.9947449958462907	2.315786804905984e-259	1.2651755646174959e-200	7.76e-322	8.061757114123844e-187
EXO1_0_multinomial_train1.32	5.110768485141838e-255	3.083e-321	7.359414e-318	9.44e-322	2.0157050517742422e-116	2.2323897868970685e-41	1.0	1.507e-321	1.58e-321	1.67e-321	1.38907e-319
EXO1_0_multinomial_train1.33	0.0155774875392606	1.1645278735316852e-73	4.015740303794033e-266	0.0035060335432139478	7.047365794253013e-199	0.0891514062312638	0.8912028691188898	2.754078957887517e-07	0.0005619281594760638	4.508681250749469e-254	1.651267110773135e-115
EXO1_0_multinomial_train1.34	4.4013606386014915e-25	7.138487744491079e-162	2.623e-321	4.83369035489e-311	0.032863156005905655	7.865812617767054e-49	0.9640267377832217	0.0031101062108727447	1.595896546644954e-138	6.495550089972923e-65	3.533045100777363e-175
EXO1_0_multinomial_train1.35	6.144399302651781e-07	0.009888581617985316	2.8377824906409674e-223	2.86464274511266e-73	0.013903240987784893	4.30625577575509e-67	0.9405063508785656	3.153854042331771e-10	0.015742126870008984	4.86685118874746e-50	0.01995908489033976
EXO1_0_multinomial_train1.36	3.22489739593976e-45	6.819210139097802e-68	2.076728209118618e-247	1.3358984436380433e-263	1.0137104921967473e-192	0.12629011581612443	0.8653604792843201	0.00834940489955533	8.502454037582312e-51	1.61e-321	2.9882688585807817e-59
EXO1_0_multinomial_train1.37	6.818074676271951e-09	1.7651693400652362e-06	3.735e-321	1.135151773625264e-61	5.973899625022659e-132	4.355584192658823e-143	0.9555492946568656	0.0117881266814687	1.5516696276658006e-50	0.019698278573171895	0.012962528101078993
EXO1_0_multinomial_train1.38	4.895310052854397e-172	1.2089973014682315e-186	0.0012209370692587407	9.7e-322	1.580378e-317	0.07637768598226762	0.9224013769484736	2.84836669e-315	3.11332461330833e-275	1.966e-321	1.043894188500183e-156
EXO1_0_multinomial_train1.39	3.59e-321	2.167972753463716e-286	5.154382172999224e-147	1.383e-321	2.7769949051148805e-217	8.393377127483204e-05	0.9999160662287253	9.86580116013306e-310	1.887e-321	3.950800031287568e-284	2.134e-321
EXO1_0_multinomial_train1.40	1.413e-321	1.76e-321	7.351562553464061e-154	1.285e-321	0.008501603128658749	0.015137754778234105	0.951155433335801	0.006669961623254378	0.018535247134051632	9.44e-322	2.06e-321
EXO1_0_multinomial_train1.41	2.417430649782378e-218	1.120398362877457e-186	3.0719208024535523e-215	1.067666e-318	0.044284519122150146	2.588868915669759e-84	0.9557154808778499	3.5878537985855685e-33	3.0582366911829013e-52	2.08e-321	2.554e-321
EXO1_0_multinomial_train1.42	2.75e-321	3.083e-321	2.85e-321	1.665e-321	1.9012325521852396e-34	0.0778527253699544	0.9039466425228083	0.01198573323672575	0.0047588183782325015	1.186e-321	0.0014560804922789535
EXO1_0_multinomial_train1.43	0.015046702846715476	5.139162861985047e-75	9.216219730118418e-50	6.27e-322	1.685e-321	8.729373021674426e-16	0.9849532971532836	1.1e-321	9.93e-322	1.05e-321	2.52e-321
EXO1_0_multinomial_train1.44	1.8438344651922182e-26	3.1814654815953943e-81	2.914580450942413e-70	1.64e-321	0.007504401725826021	0.05811775450334489	0.8988000351974512	3.447031357782438e-52	1.6463280575319438e-118	2.59e-321	0.03557780857337776
EXO1_0_multinomial_train1.45	0.027605049283289187	2.112562967130168e-19	8.401243321810367e-231	0.006648546941767795	2.603371131524401e-235	0.05471204555517155	0.9049991983097693	9.890458394070202e-117	5.154646097382696e-137	0.00603515991000231	1.7929071477427317e-130
EXO1_0_multinomial_train1.46	0.016613555295791567	2.7202195808655076e-11	2.737985530798558e-167	0.006782414238142938	1.1368469368234705e-263	0.06346944617884595	0.9131345842600174	5.351190492035216e-179	2.9438309035385312e-133	4.5017036377503003e-259	6.996305359970839e-69
EXO1_0_multinomial_train1.47	1.77e-321	2.12e-321	2.031979670458633e-151	1.527e-321	8.691692860324733e-269	0.02597939993232198	0.9669338213405441	4.1642417655563415e-149	0.007086778727133841	9.8e-322	2.095e-321
EXO1_0_multinomial_train1.48	0.061614156374115596	2.9778321190813974e-49	5.151740532106086e-191	1.0611697653814085e-241	1.0150159764291483e-70	0.004192192230638065	0.9341936513952463	2.01e-321	2.095e-321	8.216997498752084e-30	7.39735e-319
EXO1_0_multinomial_train1.49	2.19e-321	2.174e-321	1.917e-321	1.7701457219981408e-07	8.940608931560561e-24	0.009513329218413512	0.9313982118049297	0.025396398900414924	0.02151533714068635	0.012176545920983252	2.707e-321
EXO1_0_multinomial_train1.50	1.5522645937664799e-31	6.6445466971402775e-121	3.053e-321	1.61e-321	0.009561411936823016	1.740148163493265e-34	0.9889073021950502	9.909877234827261e-155	0.001531285868126817	1.275e-321	3.2468978791755245e-238
EXO1_0_multinomial_train1.51	4.1157782613616675e-138	3.3545896965874314e-193	1.1735191781976504e-173	1.813e-321	1.3642512657860888e-37	6.16680505416524e-18	1.0	3.42394569553603e-309	1.0862971881693355e-154	1.52e-321	9.026219617622538e-305
EXO1_0_multinomial_train1.52	3.799713943610836e-266	1.7164381389461094e-237	0.004230878951489874	2.02e-321	4.261361843295546e-236	2.0552612848293992e-50	0.99576912104851	2.1540493708713573e-194	3.3983577313802503e-152	2.99340668170209e-248	8.595006675171174e-38
EXO1_0_multinomial_train1.53	2.43e-321	2.075e-321	2.5e-321	1.126e-321	5.150699258973955e-165	0.12835210605535474	0.8620074918505816	0.0027146241766990748	0.006925777917364631	7.2e-322	8.690135288166007e-271
EXO1_0_multinomial_train1.54	2.8e-321	2.79e-321	2.535e-321	0.002719291475037654	7.855488051672614e-228	1.060819641356611e-158	0.9833736233182022	1.9056398595324485e-237	4.168539626133767e-164	0.013907085206760136	2.67e-321
EXO1_0_multinomial_train1.55	5.8628273201876956e-05	0.03313197310050132	3.295e-321	6.976803055635222e-282	2.1165271420982823e-99	3.0311133950133952e-05	0.9556368749600734	2.934373750815915e-55	0.01114221253227308	1e-321	2.1768987837018814e-147
EXO1_0_multinomial_train1.56	0.011779259428627384	0.028311002886940044	3.014e-321	6.3e-322	7.838665731338346e-136	0.03742286793503747	0.9224868697493952	2.46e-321	1.25e-321	1.58e-321	5.859613171188341e-118
EXO1_0_multinomial_train1.57	0.01805060686819892	3.4840706377760684e-21	3.523e-321	1.956e-321	7.10059932902945e-46	5.91675179590101e-113	0.9507543435233629	2.6975411673319173e-52	0.03119504960843811	1.265e-321	7.108458145464119e-75
EXO1_0_multinomial_train1.58	1.7066963732044126e-265	3.0758846822598167e-177	2.0185418672569016e-60	6.03e-322	2.579460566902584e-105	0.11636157903417192	0.8131338996100885	2.3385566252272904e-182	2.1264920063215577e-273	7.56e-322	0.07050452135573942
EXO1_0_multinomial_train1.59	4.4664e-320	3.7862e-319	1.2152600190887958e-182	7.9e-322	0.004075127823013151	0.17459465084856648	0.7903974741526699	0.001956798136512066	0.0074865283232323915	1.01e-321	0.02148942071600605
EXO1_0_multinomial_train1.60	9.449008831486857e-156	1.9095442411354688e-190	2.3582595765571803e-180	7.827322629701494e-47	1.8011101127077558e-147	5.7734063431419805e-22	0.9548656455818344	1.0013855511116326e-140	0.02324344438215772	3.8297109543305327e-264	0.02189091003600789
EXO1_0_multinomial_train1.61	2.017033864784272e-156	2.1653289651526547e-180	9.641821754602962e-192	6.747381329040026e-197	5.925810825370806e-39	1.3229915112866413e-90	0.9834473007835371	4.1961629330463897e-134	3.3615509199866655e-48	4.572497515738446e-145	0.016552699216462848
EXO1_0_multinomial_train1.62	1.081901581015668e-88	7.224444402201176e-09	8.404557406447703e-80	1.24e-321	5.996233066737499e-249	6.230739995247623e-19	0.9888524761788763	1.762653219775316e-90	4.5964545805362165e-05	1.042e-321	0.011101552050874083
EXO1_0_multinomial_train1.63	7.32072e-318	3.666e-321	1.89e-321	6.759338066172366e-79	1.5349677210626198e-10	0.09770743520245774	0.8928250312534318	2.3126347365961953e-110	0.00946753339061368	1.9499215943650623e-40	1.0088041022059055e-172
EXO1_0_multinomial_train1.64	6.70467690563962e-170	1.5821419052370152e-152	8.194990472539851e-189	6.866594370583576e-126	4.565221408113366e-10	6.3817601256249265e-46	0.9876208868329762	1.0184971871317388e-124	4.921176048614028e-145	0.005849515100180922	0.00652959761032067
EXO1_0_multinomial_train1.65	0.003048651900857	2.2592087297859463e-28	4.307062983021056e-212	0.004022487534268153	1.9435871016843462e-153	0.031236841485386097	0.9363493972219415	7.161117137463193e-74	0.025342621857547105	5.253212907745669e-179	1.1451845572753027e-25
EXO1_0_multinomial_train1.66	1.110638949076971e-280	8.241806623724124e-306	1.05496083e-315	1.196e-321	0.0019865844829260264	5.697968580184143e-29	0.9567772435471381	1.8714683296935882e-172	4.15719976833259e-161	1.507e-321	0.041236171969935856
EXO1_0_multinomial_train1.67	2.65e-321	2.643e-321	1.966e-321	2.2072341272895708e-203	0.00818695575327614	1.3392536270408762e-126	0.9839501916268547	1.9068414688722413e-56	5.996728189730835e-155	0.00786285261986904	3.21e-321
EXO1_0_multinomial_train1.68	3.157567423741935e-42	1.793549188923564e-114	1.44e-321	4.073939498227224e-30	0.015110006558742766	4.409575777093391e-56	0.93105080762088	3.301849620694489e-47	0.0059895056115047375	0.01031506008303384	0.0375346201258388
EXO1_0_multinomial_train1.69	1.2227283589361343e-35	4.47889824992016e-107	2.73e-321	4.4e-322	1.3775174465149044e-114	0.022495397159896006	0.8968446413953213	2.44e-321	1.764e-321	5.5e-322	0.0806599614447828
EXO1_0_multinomial_train1.70	2.643e-321	2.63e-321	2.717e-321	0.010536574886584455	5.198519131748326e-165	7.36409533390195e-100	0.9849742180371532	2.942091792096e-311	0.004489207076262476	1.966e-321	9.54e-322
EXO1_0_multinomial_train1.71	7.707375114168234e-35	6.690047146100594e-75	2.83e-321	1.8877947829722618e-282	2.0672353108113683e-213	0.12214861847781003	0.8559734800629859	1.0056152271537784e-190	6.441405383870854e-45	9.83e-322	0.02187790145920412
EXO1_0_multinomial_train1.72	3.0146415745938026e-124	4.754371320915323e-160	7.167e-320	0.0020601272574199392	7.239875799038328e-73	7.288685655241506e-19	0.9868728860880931	1.1058378792765784e-37	0.004180077565927459	0.0068869090885595305	5.91225192646693e-276
EXO1_0_multinomial_train1.73	0.04395195207374452	1.2225669286226827e-100	2.974e-321	1.7949749727638546e-117	0.0013805102295452363	4.2488300973341323e-41	0.9267835827404434	0.026203747652339703	0.0016802073039271059	1.0428082609394939e-135	5.751170242255948e-190
EXO1_0_multinomial_train1.74	0.005216358726400964	5.543431742835168e-176	3.5849514221508985e-161	6.03e-322	7.0322970013146706e-161	0.08945027100926084	0.9053333702643382	2.12e-321	1.196e-321	1.02e-321	4.555576587354518e-137
EXO1_0_multinomial_train1.75	2.0769225603964048e-201	5.9750593496101165e-192	5.8759828582479415e-86	8e-322	0.06350867196443584	0.022617605702798617	0.8827815591757388	0.004320015266378007	3.8085460814775393e-81	7.56e-322	0.026772147890648603
EXO1_0_multinomial_train1.76	1.85e-321	1.843e-321	3.43e-321	1.61e-321	4.855871122909331e-87	0.0605063515529148	0.9320954726700548	0.003980549104408076	0.003417626672622361	1.54e-321	2.81e-321
EXO1_0_multinomial_train1.77	4.1799893472607476e-274	6.644777767983622e-244	1.2461861031387062e-36	0.00022081420447690335	2.641868092296926e-200	0.05987583596073724	0.9259438049887556	4.716871054023178e-92	3.1548376931838483e-30	0.005353291665040126	0.008606253180990042
EXO1_0_multinomial_train1.78	3.523e-321	3.503e-321	2.174e-321	1.3908739645212048e-229	3.620808219032015e-51	0.08936817095747576	0.8978736822891891	1.1226581056775104e-74	0.012758146753335205	1.206e-321	1.212147983e-315
EXO1_0_multinomial_train1.79	4.582000862227003e-206	7.082082701629337e-154	1.9338642102896327e-61	1.136954673425776e-239	6.876832340326719e-56	2.0613494402591407e-54	0.9817852482664412	2.203307699672633e-37	0.01821475173355892	2.17e-321	2.1747641702394616e-156
EXO1_0_multinomial_train1.80	1.3181337742868327e-42	1.0230483253724327e-60	1.7348259701139633e-37	8e-322	0.008064272676966716	0.06829483394681732	0.9152618625396008	1.84e-321	2.13e-321	1.265e-321	0.008379030836615097
EXO1_0_multinomial_train1.81	0.014151590726811847	1.9056003672203818e-10	1.4868175759021778e-200	0.017897333574783413	4.0848296841371926e-199	0.0040892150476406096	0.9638618604602041	8.805295567231592e-142	5.795101572669142e-35	2.8604107984632494e-58	1.7787533466019126e-186
EXO1_0_multinomial_train1.82	8.438722244082305e-209	2.0168530048651837e-261	6.502520903241436e-284	0.00022737506581284835	1.357676363565524e-142	0.03444081837821803	0.9653318065559692	2.7963189910032173e-153	3.236781948014279e-68	7.833997218636895e-204	1.813e-321
EXO1_0_multinomial_train1.83	3.23e-321	2.866e-321	3.01e-321	3.9612999031800136e-277	4.520417629065496e-53	0.08610114561406633	0.8782660912321245	0.035632763153809144	1.8918414577755456e-44	3.0639645590375117e-179	4.612663461395631e-49
EXO1_0_multinomial_train1.84	5.441812732407928e-75	1.3489468950015413e-104	4.854335366380468e-253	3.967403121660759e-49	9.918179101283439e-284	4.071254334355711e-43	0.9951593081771455	1.5228065221754176e-138	0.0048406918228545434	2.3225755267164694e-142	2.907140311842249e-115
EXO1_0_multinomial_train1.85	2.0016925820467736e-175	3.4993702800108854e-245	4.360641845717001e-145	6.27e-322	1.4981252105185931e-245	5.059296630322012e-45	0.9960618625992075	0.0012686364753529964	1.0914418185267445e-306	5.24e-322	0.0026695009254393423
EXO1_0_multinomial_train1.86	5.42432349213672e-153	1.3747187247777843e-137	7.032186872423161e-131	1.13e-321	9.712759953258668e-167	0.11891066022208768	0.867913509196647	9.620505352363896e-40	0.013175830581265327	9.73e-322	4.24275792962651e-30
EXO1_0_multinomial_train1.87	6.051250833754099e-176	3.2534195644606036e-293	2.64e-321	9.8954e-319	0.021117364184450864	0.027515138740196458	0.9513674970753527	2.220238548080683e-148	1.533193300881435e-93	1.75e-321	2.436e-321
EXO1_0_multinomial_train1.88	1.2818048646416197e-07	0.010190227220098207	3.967e-321	0.016282877877255814	6.313806079658995e-102	0.06762617357150222	0.9055498208745392	1.3376737720208277e-112	0.0003507722761180838	2.7698314412949435e-23	1.5721035885526985e-299
EXO1_0_multinomial_train1.89	4.776308175632434e-123	8.579191007625205e-96	8.22938389963393e-217	0.005158299248359208	2.736405890530987e-66	2.8900317630504632e-11	0.9944967303978279	6.561351104293832e-153	2.0688652025151568e-63	0.00034497032491255487	8.726834501203718e-267
EXO1_0_multinomial_train1.90	4.618523699368615e-182	1.8263643501053148e-187	2.4639044540681761e-57	8.15e-322	0.007347898880132747	2.0717516301131706e-16	0.9180160458528721	8.191839381221014e-66	0.001034901872198774	7.66e-322	0.0736011533947962
EXO1_0_multinomial_train1.91	0.019763597180872904	2.8928855811631356e-25	0.008921088233739606	1.897e-321	2.826e-321	0.0025859545607241448	0.9687293600246631	7.285698414327188e-250	2.505e-321	1.586e-321	4.170966342512585e-249
EXO1_0_multinomial_train1.92	2.9118183955803063e-80	4.5376707823615516e-45	1.2889558779605885e-29	1.1389472702200442e-303	5.308883422833669e-89	0.006414367366344349	0.9195497851617451	0.021442236509934022	0.01938216553729173	1.68e-321	0.03321144542468481
EXO1_0_multinomial_train1.93	3.967e-321	3.16e-321	2.446e-321	8.7e-322	6.408280014118611e-182	1.3502716734515222e-75	1.0	1.74e-321	1.56e-321	1.927e-321	2.02e-321
EXO1_0_multinomial_train1.94	7.30040902257494e-254	3.5907511671061674e-292	1.9e-321	1.18e-321	5.4526522222432204e-06	6.785426424924627e-167	0.9799375842328958	0.020056963114881865	4.439404460439624e-200	1.5e-321	8.210644307770016e-25
EXO1_0_multinomial_train1.95	3.286e-321	3.276e-321	6.366367532544317e-222	7.95e-322	1.640233254431373e-251	0.021092596893537464	0.963777384700922	0.015130018405540444	6.002779921790737e-129	7.56e-322	6.4502714199892295e-140
EXO1_0_multinomial_train1.96	0.021646807374211163	2.1434122870851697e-28	0.01695638415233202	5.7e-322	1.26e-321	0.22881414419157217	0.7325826642818847	1.467e-321	1.33e-321	7.16e-322	7.909713011791386e-140
EXO1_0_multinomial_train1.97	2.223e-321	1.85e-321	1.94e-321	7.191586733751422e-47	0.00042092341712635036	1.867024019605474e-61	0.9630360674297751	0.03094949441828473	0.0029942269967036645	0.0025992877381101173	2.16e-321
EXO1_0_multinomial_train1.98	0.01604671603832781	6.879044540569839e-62	3.157e-321	8.053843780221245e-117	1.285856902842302e-54	4.18048207937716e-06	0.9269818108680956	0.04245253212395475	1.299028382450873e-96	0.013733598353055128	0.0007811621344874071
OGG1_0_multinomial_train1	1.96e-321	2.18e-321	2.0768239884643146e-242	0.6924668932933569	1.6915774142023336e-56	1.83880973019688e-190	1.0742567694092792e-158	0.04608940799504685	0.10366481732582833	0.15777888138576793	3.825414709087178e-40
OGG1_0_multinomial_train1.1	3.173905157138928e-29	0.03906240042272754	0.0058920853715627	0.7301879190371549	2.0039066466430435e-64	6.007030262295891e-74	3.96732738784768e-148	0.002431044405679914	8.460716687458828e-15	0.22242655076286644	5.0703625287509726e-77
OGG1_0_multinomial_train1.2	8.461449308845934e-185	2.196520110212093e-135	0.015594113567786316	0.8128322596321116	1.1163232932133845e-65	0.005250100230156541	3.596602936699908e-43	0.05508938936880589	0.059307824850655055	5.1291306524930415e-56	0.051926312350484595
OGG1_0_multinomial_train1.3	2.055e-321	2.564e-321	3.83e-321	0.7564038194065826	2.37797100561611e-269	1.706235722496494e-165	2.1088583511348926e-182	2.4481592469725094e-133	9.118557052670339e-67	0.24359618059341723	1.76e-321
OGG1_0_multinomial_train1.4	6.9393320745273e-226	5.320278929778322e-215	3.29e-321	0.7911650975089575	7.76e-322	1.215e-321	1.423e-321	1.1888776462563424e-294	4.816906266903386e-240	0.20883490249104256	6.3e-322
OGG1_0_multinomial_train1.5	1.28e-321	1.55e-321	2.15e-321	0.7521268452663363	1.7089911681484927e-156	8.409157761955694e-238	1.546e-321	3.3588390141201007e-44	0.0003221996308027	0.15110431937118074	0.09644663573168011
OGG1_0_multinomial_train1.6	1.887e-321	2.105e-321	3.978601563243046e-254	0.7766342980901636	1.2548489815348015e-27	2.7171686517551318e-106	3.73336674929839e-102	0.11467776823553796	0.06910682282377079	1.261487631255371e-14	0.039581110850515036
OGG1_0_multinomial_train1.7	0.04398849876400052	3.962840457877393e-28	0.008268736465973096	0.9073015398682662	6.173381760508601e-27	0.038496908981119335	3.4668303697188585e-34	6.094615684048387e-60	0.0019443159206407215	4.672672405876961e-29	1.45e-321
OGG1_0_multinomial_train1.8	1.793e-321	2.56e-321	7.966210393957535e-51	0.7004107542884657	4.6e-322	1.324e-321	1.35e-321	6.13e-322	8.033323066351616e-216	0.29958924571153417	1.19e-321
OGG1_0_multinomial_train1.9	0.03814570212211484	3.577196016483968e-16	4.541391722031433e-169	0.9618542978775502	2.5129370091651383e-239	4.523089663540894e-195	4.9980675943856836e-192	1.45558054218663e-310	3.8214747565281544e-190	3.345312150483578e-13	6.9e-322
OGG1_0_multinomial_train1.10	1.2095290454810272e-271	4.290088613902839e-150	0.01645463881809399	0.7964123289043045	1.869451272722583e-116	4.013230815625119e-206	1.846334542401264e-297	1.4693306577603547e-91	2.6233569231247998e-73	0.14638993298313005	0.04074309929447165
OGG1_0_multinomial_train1.11	1.284112279789714e-121	0.0417184162717531	1.0538108098660937e-150	0.8529267979467675	1.16951947678e-312	5.974287530885255e-229	1.71021367e-316	4.420269602340582e-195	2.804844114453502e-139	0.10535478578147923	4.1408057558941057e-128
OGG1_0_multinomial_train1.12	0.04860020498991046	2.8999319876466775e-17	0.007683881117391762	0.7563930423121334	2.2451572830292213e-38	0.005681007397878267	6.933030877155594e-27	0.05021131279955176	0.02965897538357956	0.09673577464814417	0.005035801351410698
OGG1_0_multinomial_train1.13	7.373970898975323e-184	1.2520971888325194e-75	7.065221882319045e-109	0.8202744671580463	0.012475311332549307	6.612563503618491e-109	2.9507176887346683e-59	0.017215311879099623	1.2966171261449138e-09	0.12526903333156125	0.02476587500212644
OGG1_0_multinomial_train1.14	1.1478199466487292e-246	1.3160045608904707e-187	4.96791929701943e-270	0.8341015491761995	0.02095652205875908	4.2085618117205146e-26	0.02449417477631789	0.10838738613970225	1.1877430546979422e-10	0.01206036773024704	2.4602892780025756e-276
OGG1_0_multinomial_train1.15	2.7699139876737874e-44	0.04681098211344609	0.003916811492263899	0.7640094144844396	5.374822743170309e-153	1.900731115062703e-186	2.864361868569473e-186	0.007121560235133719	1.0673470686475429e-59	0.17814123167471685	7.833461246077609e-84
OGG1_0_multinomial_train1.16	0.0518197878842739	1.0162055560133219e-33	0.015015666002731302	0.9315514059051818	3.394869878835507e-27	2.479796643405057e-55	2.0782133441427742e-69	2.51141816825078e-17	0.0016131402078130113	3.379777264204881e-140	1.383e-321
OGG1_0_multinomial_train1.17	4.2944809611773213e-78	0.04551188583678201	2.5994062215394993e-09	0.8752195440029371	0.05416569076040579	4.068269377939854e-88	6.86075477365989e-152	0.00787185948761731	0.01723101731285172	3.729876321394077e-71	1.2336347078868662e-98
OGG1_0_multinomial_train1.18	0.010317572005242468	2.1468281946545243e-59	0.0012185916712863364	0.8712482570643413	2.3280559358203602e-54	5.601839409280834e-181	4.658351392388433e-87	0.08138122291718693	5.678275634777981e-89	0.03583435634194312	3.377177485019426e-269
OGG1_0_multinomial_train1.19	2.554e-321	1.652742501620458e-238	0.000667721661992741	0.8424599906643138	5.125469290358498e-133	1.2039171982573193e-140	2.1185666015802534e-195	1.7652374176304864e-175	7.434696116319229e-32	0.057194125870455664	0.09967816180323794
OGG1_0_multinomial_train1.20	1.0937899758110163e-25	0.044457973097912815	6.440648082872599e-120	0.8248100814036105	1.6020036664966192e-152	5.800718382159364e-109	1.375790287698792e-62	5.267342309746943e-117	5.0270472594411935e-95	0.1307319454984767	1.3e-321
OGG1_0_multinomial_train1.21	2.1528995836214077e-128	0.00089517962767749	0.005739251235750491	0.8349132910313732	3.8839893881701806e-27	7.401626916230563e-89	1.4276871947554451e-08	0.0894110456433053	1.232177059494692e-50	0.03677192785259147	0.032269290332430034
OGG1_0_multinomial_train1.22	3.0335377418863136e-122	0.09506751842124973	2.3e-321	0.878490216207749	7.061807452456945e-55	9.339372150396393e-186	2.2430182186809872e-185	0.005901957980491714	2.2291886121425412e-44	0.020540307390509542	7.427563784301459e-17
OGG1_0_multinomial_train1.23	1.04e-321	1.374e-321	2.21e-321	0.7857571545123812	2.2754979490525046e-53	1.8051912119651606e-249	7.48609706793224e-275	0.018015341445228424	0.06521412878388749	0.05627756889035717	0.07473580636814582
OGG1_0_multinomial_train1.24	9.647949100157115e-145	1.1198751144200032e-97	2.1755446085332007e-80	0.6812433323114779	5.3293802346587605e-96	5.3255354292452844e-65	4.579891573253764e-136	0.04663892466214716	0.19710092752774588	0.02832672573968768	0.046690089758941546
OGG1_0_multinomial_train1.25	1.05e-321	1.393e-321	2.61e-321	0.6715005350323277	3.0120608875750773e-156	7.48449455923169e-259	7.772886169052117e-305	1.2849868757101484e-111	0.07311387563282948	0.2553855893348428	3.681694736930829e-17
OGG1_0_multinomial_train1.26	2.098103453958775e-306	7.441627452897141e-176	2.9284549744506835e-80	0.8504637019904944	1.2176924370624354e-83	2.639910800802916e-16	1.67582498455183e-108	0.03300167646463952	3.0700037662878997e-15	0.053840385334530165	0.06269423621033261
OGG1_0_multinomial_train1.27	8.105621832908102e-105	0.022845378629806443	3.298642552372817e-227	0.7533732296083382	4.197911978153077e-137	7.012575256724857e-179	1.233678075901892e-172	5.477061605265683e-85	2.2548830085217785e-113	0.22378139176185524	4.756924632451285e-274
OGG1_0_multinomial_train1.28	8.304068561045261e-246	7.449981044015828e-176	0.01153813693140649	0.859159118216777	1.207806625107469e-94	5.789314924636097e-96	1.853260390865842e-148	0.051027782199314975	3.959249025079106e-07	0.05170540220457067	0.026569164523028318
OGG1_0_multinomial_train1.29	2.4139279553900588e-60	0.0671446813331061	1.8784064741323608e-25	0.8297473731889171	1.1518261032708144e-132	1.4215903080211716e-40	2.4756748641053243e-52	3.9112276546734184e-36	1.5293468176104893e-35	0.10310794547797683	2.5556871931103817e-97
OGG1_0_multinomial_train1.30	0.00693171773052777	0.06696212109091826	0.0045778878991178	0.904651378498515	5.0400060845589126e-76	1.8265404766227326e-33	2.3349292847624552e-67	0.0026156230505115672	2.831045020852415e-29	0.014261271730409577	5.548473938888507e-169
OGG1_0_multinomial_train1.31	3.26e-321	1.0865663355458574e-166	3.616699760770193e-203	0.8098990469649218	4.7028656481091017e-150	8.864892891469642e-150	1.0167826427895441e-131	0.11522323581187437	2.4539831565876545e-45	0.014571980096211362	0.060305737126992415
OGG1_0_multinomial_train1.32	2.75e-321	1.272209169220801e-278	0.007853792906470607	0.8650119032773892	8.017152665811636e-77	3.439951156306152e-21	1.7722980604783579e-121	0.012061887734022392	0.0175407615423943	1.3093814426911732e-67	0.09753165453972364
OGG1_0_multinomial_train1.33	8.248149216592335e-124	0.006593311395131719	0.00414628251403151	0.8010286603718989	5.93e-322	1.576e-321	2.22644238081259e-309	8.21029671e-314	1.7278776277677705e-225	0.18823174571893778	8.5e-322
OGG1_0_multinomial_train1.34	6.520004955596101e-294	8.428773927353531e-32	2.17528364204095e-117	0.7966169323360883	3.0251047182412865e-127	9.152334064090015e-142	9.051855977679934e-151	1.0277776167414077e-71	5.031143991768843e-20	0.10506003821611579	0.09832302944779588
OGG1_0_multinomial_train1.35	0.02234132422763851	2.275945043209691e-19	0.014217159126174989	0.9131311006404896	2.289113255321058e-07	0.00992805787472931	1.7148961711308227e-08	3.2864781220478567e-83	1.1587164410828087e-14	0.040382112070668726	7.011878175443565e-139
OGG1_0_multinomial_train1.36	2.986748598693329e-227	2.675534123766598e-91	1.2779669063079952e-215	0.7091333799085914	4.055298211036166e-177	5.061962589395916e-109	2.200186235964266e-238	5.022228392714147e-77	0.06261236439833393	0.22538986862788227	0.002864387065192281
OGG1_0_multinomial_train1.37	2.5809170588009947e-79	0.012829231220200051	0.03442657893223222	0.771543445955744	3.679474562832597e-104	1.6969026086000507e-42	2.196705901643994e-101	0.011846094069291333	0.012767328911926192	0.1361219756300557	0.02046534528055048
OGG1_0_multinomial_train1.38	0.018869093995603152	1.0544564504397408e-58	0.015545722068143026	0.6907580825778877	7.16054076646953e-166	2.9403815769449377e-75	4.2381611501280076e-198	1.6273340682770394e-147	0.2748271013583661	4.925469125632652e-145	1.46e-321
OGG1_0_multinomial_train1.39	1.4404629426002883e-77	0.04867303630490957	0.01807463378213201	0.8699292216485398	1.527095379865574e-58	1.3949703399193425e-41	1.530537538218422e-88	8.968375203953625e-64	0.06332310826441849	5.524335678608947e-62	6.742128985239776e-17
OGG1_0_multinomial_train1.40	5.144812190381482e-75	0.06149432800973732	3.1871179110370556e-198	0.7876798513186885	5.4e-322	1.71e-321	2.097537975499518e-247	7.86e-322	6.573687909078314e-203	0.15082582067157418	6.57e-322
OGG1_0_multinomial_train1.41	1.95e-321	2.43e-321	9.503663641423725e-41	0.7571470130903932	7.7e-322	9.557244774114086e-273	1.0011253238424114e-222	7.790673436134986e-229	1.8926644323847198e-189	0.24285298690960688	8.35e-322
OGG1_0_multinomial_train1.42	2.53e-321	2.0712727727963096e-276	6.357665153694045e-160	0.7430651231655607	5.5538413208140595e-132	1.8757807691198237e-99	3.523350329859138e-176	0.11009567132538114	0.06223220245071572	5.069765816491335e-35	0.08460700305834233
OGG1_0_multinomial_train1.43	7.199998351233901e-58	0.07977531403875178	3.7e-321	0.8261558546278088	4.710031303883858e-55	5.0628837366360495e-77	6.198162521934638e-80	1.9900579917845296e-72	2.201124569334369e-44	0.09406883133343934	1.947e-321
OGG1_0_multinomial_train1.44	2.738429398801635e-204	2.3068227779231953e-154	0.034835346115566684	0.875111593327442	1.0158759204328388e-75	7.090038705794873e-51	1.1176141463977215e-110	2.5923782280884442e-55	2.3722506413687e-22	0.09005178877427847	1.271782712948906e-06
OGG1_0_multinomial_train1.45	4.876597503975495e-105	1.1419475949463448e-24	0.006755774792278069	0.787454051581462	0.008602747581084267	9.72073836386848e-112	3.373006270914958e-167	0.10232217652303371	6.46425161096719e-16	0.082466021428337	0.012399228093804306
OGG1_0_multinomial_train1.46	0.05876374105380068	2.8471431203510883e-70	1.4825000536533038e-177	0.9029294753566877	5.957344772395136e-147	0.03830678358951159	1.552921031402237e-129	9.041646467074035e-31	8.412780679340408e-79	2.361918015525861e-16	1.8e-321
OGG1_0_multinomial_train1.47	1.647287677234066e-206	3.1490244103711158e-90	0.0059852723405058985	0.8247910826543937	0.011907878264791354	9.399642519604433e-103	1.7814893294745395e-101	0.08192983987172159	2.2523583007814267e-07	0.03733900410274264	0.0380466975300149
OGG1_0_multinomial_train1.48	2.5318664994779133e-37	3.3327444105758227e-29	0.006668229901804203	0.8437773657225054	0.0335513987585855	1.7975354044296698e-106	1.645605197362098e-132	0.04817642628032045	0.01773212604347893	0.018037285230396556	0.032057168062908856
OGG1_0_multinomial_train1.49	9.34e-322	1.53e-321	2.86e-321	0.6477096377524563	2.561664616578982e-240	1.6503778098879833e-219	1.1367172911569395e-262	8.55527668726306e-50	0.0644263860170407	0.19781698881098558	0.09004698741951758
OGG1_0_multinomial_train1.50	4.292089636218101e-48	0.021241705296024815	0.037372106747723025	0.8156735925644639	2.7321386864573e-144	1.638165356721324e-30	6.811056381663363e-56	0.1086522793827334	0.017060316009054628	5.265701847755858e-143	9.806685206418337e-72
OGG1_0_multinomial_train1.51	1.1100288630612727e-140	0.036306831192423054	3.113e-321	0.7729221351316831	3.0172276195554956e-67	2.797981416938471e-158	3.9520684047717106e-195	0.04710376887681729	9.720062344272326e-39	0.10168605494642174	0.04198120985265501
