Samples	SBS96A	SBS96B	SBS96C	SBS96D	SBS96E
ATP2B4_real_train_fold1	0.11278156006510175	1.56e-321	0.5735676675284249	0.21437049217909038	0.09928028022738289
ATP2B4_real_train_fold1.1	0.252462424569684	5.471975750782634e-38	0.6306149397872385	0.08034576899814685	0.036576866644930636
MLH1_real_train_fold1	2.944820988730716e-55	0.9538634993334592	1.32e-321	0.046136500666540806	1.19e-321
MSH2_real_train_fold1	2.51e-321	0.9607730150042013	2.204e-321	0.03246879959203814	0.006758185403760499
MSH6_real_train_fold1	6.57511733547558e-284	0.9976651485540534	2.273e-321	5.574327520473364e-91	0.0023348514459464987
MSH6_real_train_fold1.1	2.817669872501296e-243	0.9526966000155784	2.2075990856506673e-57	0.04730339998441183	9.903665361797808e-15
MSH6_real_train_fold1.2	2.94e-321	1.0	1.344e-321	1.8220891602260046e-244	1.556e-321
OGG1_real_train_fold1	0.06659320450122463	8.784734476070337e-159	5.714537431921078e-32	0.08161991565515017	0.8517868798436253
PMS1_real_train_fold1	5.927804305179437e-264	0.25061097081707884	0.5714700531112502	0.1779189760716709	1.0723884970779273e-296
PMS2_real_train_fold1	0.4514179806484053	0.5485820193515948	5.3e-322	2.7e-322	7.56e-322
RNF168_real_train_fold1	0.9650040798669923	4.025788766449603e-105	0.01931208862411961	7.382718014020499e-07	0.015683093237086717
UNG_real_train_fold1	0.07478736002686523	1.098656103686614e-61	4.0137907367321595e-12	0.8656024464120743	0.05961019355704667
ATP2B4_multinomial_train_fold1	0.17762544918412082	4.118731841948621e-248	0.6266862878996556	0.19568826291622357	6.150069101783217e-55
ATP2B4_multinomial_train_fold1.1	0.18511099182405197	4.484571596920944e-30	0.5092146829261422	0.16677691172783846	0.13889741352196733
ATP2B4_multinomial_train_fold1.2	0.30264113895941097	1.1203026037112054e-154	0.6295664345298521	0.0677924265107369	6.463086121236392e-242
ATP2B4_multinomial_train_fold1.3	0.1056358894333645	1.6573935561736134e-283	0.720692136394952	0.08116433674246422	0.09250763742921933
ATP2B4_multinomial_train_fold1.4	0.18887558126592183	0.036635987736349	0.6896007771498998	0.08488765384782958	2.8865839518640694e-299
ATP2B4_multinomial_train_fold1.5	0.1628248839097877	0.0728105964926658	0.39655830438316	0.22326004423972123	0.1445461709746651
ATP2B4_multinomial_train_fold1.6	0.07503565090882468	1.364e-321	0.6428118952712957	0.1844254169495679	0.09772703687031165
ATP2B4_multinomial_train_fold1.7	0.17953106409136416	1.426406739981157e-127	0.8204569839045449	3.228339951814529e-23	1.19520040909986e-05
ATP2B4_multinomial_train_fold1.8	0.2311535740100618	1.2506839600680548e-99	0.6339418825150992	0.13490454347483893	2.2403096642455106e-59
ATP2B4_multinomial_train_fold1.9	0.2825163617801881	0.029823390232317507	0.6328022917963478	0.054857956191146605	1.1199144429259145e-36
ATP2B4_multinomial_train_fold1.10	0.2696863350676963	1.594733604693165e-180	0.5076296210891216	0.12030714939135873	0.10237689445182342
ATP2B4_multinomial_train_fold1.11	0.10605114588020594	7.6e-322	0.3129981948166692	0.3307412592012793	0.25020940010184556
ATP2B4_multinomial_train_fold1.12	0.1867912452814734	7.36e-322	0.6121210539543339	0.17356075451820618	0.027526946245986474
ATP2B4_multinomial_train_fold1.13	0.13036479041380272	0.13830438506529766	0.5100145219946374	0.09140921504025128	0.12990708748601096
ATP2B4_multinomial_train_fold1.14	0.07355794724167598	2.124e-321	0.8267131588644158	0.09972889389387614	3.203893063114948e-14
ATP2B4_multinomial_train_fold1.15	0.08171553582574179	8.495387153964922e-267	0.568596927590782	0.2326407215797034	0.11704681500377273
ATP2B4_multinomial_train_fold1.16	0.09720457485982281	1.37e-321	0.5945327447248406	0.17564555116057393	0.13261712925476266
ATP2B4_multinomial_train_fold1.17	0.029710123246478023	1.813e-321	0.31626073463513804	0.4225540525151583	0.2314750896032257
ATP2B4_multinomial_train_fold1.18	1.496321244380985e-70	9.73e-322	0.5785144896979917	0.2867311905959546	0.1347543197060539
ATP2B4_multinomial_train_fold1.19	0.3477719604181542	2.06e-321	0.01965783160624228	0.24893201880574295	0.3836381891698606
ATP2B4_multinomial_train_fold1.20	0.1121977427570423	1.033e-321	0.44892352539749103	0.2891120614986511	0.1497666703468157
ATP2B4_multinomial_train_fold1.21	0.28861829780770926	0.03686530029210956	0.5740632723561666	9.057120222661789e-273	0.10045312954401439
ATP2B4_multinomial_train_fold1.22	0.2006733669331195	0.017173574089674567	0.5286004972959446	0.13305306325591337	0.12049949842534817
ATP2B4_multinomial_train_fold1.23	3.972124046890593e-28	1.82e-321	0.3112796525564113	0.4571391148695092	0.2315812325740795
ATP2B4_multinomial_train_fold1.24	0.038851626633243416	2.006e-321	0.5544280722341195	0.22402922853869794	0.1826910725939391
ATP2B4_multinomial_train_fold1.25	0.3459942098662625	6.205106736830623e-238	0.44208588128869786	0.21191990884503958	2.342770730863295e-162
ATP2B4_multinomial_train_fold1.26	0.2533523706280118	3.126706234751004e-227	0.6743632284245891	0.07228440094739906	6.975954169503069e-37
ATP2B4_multinomial_train_fold1.27	0.23127358641489532	0.03757963489165756	0.6414396032512518	3.1200420283854365e-11	0.08970717541099478
ATP2B4_multinomial_train_fold1.28	0.25787150720684754	1.784e-321	0.5125399642858496	0.21649389738078617	0.013094631126516678
ATP2B4_multinomial_train_fold1.29	0.14693520764152385	1.665017689574556e-218	0.7170893620978634	0.13597543026061254	5.667196908204397e-159
ATP2B4_multinomial_train_fold1.30	0.1644448441553317	0.15757061976789652	0.6219348089561129	0.05604972712065892	1.1503458358380067e-236
ATP2B4_multinomial_train_fold1.31	0.19267954306368865	1.2292032241127728e-255	0.400246482974684	0.2189576471347173	0.18811632682690999
ATP2B4_multinomial_train_fold1.32	0.3527348857745452	3.964360916623496e-196	0.49548384805931966	0.09749108207925015	0.054290184086885004
ATP2B4_multinomial_train_fold1.33	0.08119910004782657	1.77e-321	0.6716725867046742	0.1979799060506258	0.04914840719687346
ATP2B4_multinomial_train_fold1.34	0.24323128112671719	1.2e-321	0.6288346207736465	0.12793409809963618	3.231114104258479e-237
ATP2B4_multinomial_train_fold1.35	0.1267841701345468	2.456e-321	0.5568401019428012	0.19762771635705068	0.11874801156560146
ATP2B4_multinomial_train_fold1.36	0.17915993787216952	7.36e-322	0.41651759016295187	0.2887048961491685	0.1156175758157101
ATP2B4_multinomial_train_fold1.37	0.24605112388426345	9.878010437706494e-307	1.7468025705206476e-06	0.44565593977857376	0.3082911895345924
ATP2B4_multinomial_train_fold1.38	0.2717871545499282	7.636458392317059e-71	0.5931600656794075	5.069286554789151e-47	0.1350527797706642
ATP2B4_multinomial_train_fold1.39	0.08988340733970543	1.787281918220244e-123	0.7407099449842276	0.0355720099945516	0.13383463768151524
ATP2B4_multinomial_train_fold1.40	0.18355575363286436	5.04e-322	0.4224616797569005	0.23307659954927698	0.1609059670609583
ATP2B4_multinomial_train_fold1.41	0.45547928260611115	2.04e-321	0.01809801724515282	0.26995149654046807	0.25647120360826786
ATP2B4_multinomial_train_fold1.42	0.2099980567759605	1.69e-321	0.32431057521240314	0.2553980949591302	0.21029327305250617
ATP2B4_multinomial_train_fold1.43	0.09189162289301983	2.25e-321	0.7196168423867391	0.1884915347202412	3.6e-322
ATP2B4_multinomial_train_fold1.44	0.2167505420302265	0.011013328272413117	0.7711922919942236	0.0010438377031370253	7.157213300277581e-114
ATP2B4_multinomial_train_fold1.45	0.20009924160755102	1.0891142450288846e-203	0.6265383138800498	0.12976369575318203	0.04359874875921713
ATP2B4_multinomial_train_fold1.46	0.25067024634642193	0.01675917503837729	0.6578075952237218	0.07476298339147903	4.5e-322
ATP2B4_multinomial_train_fold1.47	0.23588346320089473	4.29467075571257e-236	0.6595690331786265	2.5930330282684017e-31	0.10454750362047868
ATP2B4_multinomial_train_fold1.48	0.05777575251713731	1.32e-321	0.43749257585887036	0.3082199794318501	0.1965116921921423
ATP2B4_multinomial_train_fold1.49	0.22871866692515133	0.03041427902133675	0.7171685256653517	0.023698528388160216	4.909264856859119e-245
ATP2B4_multinomial_train_fold1.50	0.050269139016135105	2.13e-321	0.6143151018909592	0.1834056177508936	0.15201014134201232
ATP2B4_multinomial_train_fold1.51	0.2523507805327105	0.03774952155196422	0.2954901357639218	0.18083616441218753	0.23357339773921576
ATP2B4_multinomial_train_fold1.52	0.28009027976220463	0.0053963351377817395	0.46280717524427795	0.08510788840668296	0.1665983214490527
ATP2B4_multinomial_train_fold1.53	0.2013673612115262	0.08013174612458131	0.57215722900008	0.13826618407019906	0.0080774795936134
ATP2B4_multinomial_train_fold1.54	0.4625828968581708	1.176e-321	0.40805020575538553	0.09220817764544084	0.037158719741002856
ATP2B4_multinomial_train_fold1.55	0.09739077286191387	2.38e-321	0.7306093235484958	0.17193093337062812	6.897021896212351e-05
ATP2B4_multinomial_train_fold1.56	0.39274351080847103	1.937e-321	0.3689284749832198	0.12913004986081714	0.10919796434749213
ATP2B4_multinomial_train_fold1.57	2.813588253766216e-05	9.2e-322	0.7707366623621965	0.22923520175526574	1.2916082298028873e-19
ATP2B4_multinomial_train_fold1.58	0.20994098015237825	7.1e-322	0.4142126231856973	0.2797952612471215	0.09605113541480291
ATP2B4_multinomial_train_fold1.59	0.302767972602194	0.004244131944013356	0.6090830383667638	0.0839048570870289	1.8349606541094338e-62
ATP2B4_multinomial_train_fold1.60	0.2425440841667764	1.58e-321	0.6160994872009989	0.11547488884355818	0.025881539788666426
ATP2B4_multinomial_train_fold1.61	0.13939507446670954	1.55e-321	0.3826465669462882	0.2629827428535731	0.21497561573342913
ATP2B4_multinomial_train_fold1.62	0.18404335521320844	4.0380267162635444e-145	0.6730212459555154	0.11239859897388364	0.030536799857392705
ATP2B4_multinomial_train_fold1.63	0.22803536817387088	9.93e-322	0.5053496728284714	0.17684163458551144	0.08977332441214625
ATP2B4_multinomial_train_fold1.64	0.18635638669527219	0.098418193874759	0.5342289593135502	0.11039360606695806	0.07060285404946078
ATP2B4_multinomial_train_fold1.65	0.08472348190816549	8.25e-322	0.4818123628408789	0.24609498540910293	0.18736916984185265
ATP2B4_multinomial_train_fold1.66	0.14795942182562588	1.5689084811287672e-174	0.4673548348551091	0.19561510767033496	0.18907063564893
ATP2B4_multinomial_train_fold1.67	1.8419747621225447e-76	1.3691327565466056e-220	0.7508754116603534	0.24912458833964657	5.249443854502631e-124
ATP2B4_multinomial_train_fold1.68	0.01842563151477222	1.7928142090640597e-76	0.7330472257688315	0.1319907138121753	0.11653642890422101
ATP2B4_multinomial_train_fold1.69	0.1431371079891282	1.156e-321	0.5193276185162491	0.17412876971959088	0.1634065037750318
ATP2B4_multinomial_train_fold1.70	0.2909841312771555	0.030789699940777362	0.5768383517167659	0.1013878170653013	1.1156610787545113e-225
ATP2B4_multinomial_train_fold1.71	0.17672480641829974	0.09054567208505841	0.6045406830345896	0.1088889382946059	0.019299900167446156
ATP2B4_multinomial_train_fold1.72	0.10814408300369514	7.07e-322	0.5872669858306196	0.26092375077094704	0.04366518039473828
ATP2B4_multinomial_train_fold1.73	0.13179007529370743	7.732951519776106e-74	0.6489525901695306	0.219257334536762	4.848591276760587e-22
ATP2B4_multinomial_train_fold1.74	0.10151185555646725	7.118949962826362e-223	0.6086778217512256	0.18379720464646584	0.10601311804584139
ATP2B4_multinomial_train_fold1.75	0.19401816106015812	2.3e-321	0.5814255186816252	0.12626192601527333	0.09829439424294346
ATP2B4_multinomial_train_fold1.76	0.32714833673758864	1.354e-321	0.5273240126474427	6.709034039416384e-43	0.14552765061496864
ATP2B4_multinomial_train_fold1.77	0.15497582713103603	3.534550960399611e-264	0.7076684848652142	0.0461908725262621	0.09116481547748774
ATP2B4_multinomial_train_fold1.78	0.28897574899644884	1.81e-321	0.5226228122732268	0.18840143873032436	1.3032606508570384e-65
ATP2B4_multinomial_train_fold1.79	0.17231985568822406	1.986e-321	0.46389774484023627	0.2501837075033383	0.11359869196820123
ATP2B4_multinomial_train_fold1.80	0.11075337224903947	1.64e-321	0.45281924383730865	0.27783796950893497	0.15858941440471694
ATP2B4_multinomial_train_fold1.81	4.2386601644474644e-51	7.487057546637711e-95	0.7772017212841852	0.22279777657386557	5.021419492598633e-07
ATP2B4_multinomial_train_fold1.82	0.15194517606171518	1.01e-321	0.4099069298983692	0.22253311869618495	0.21561477534373064
ATP2B4_multinomial_train_fold1.83	0.26548385470304603	3.735561353936632e-248	0.5040891244553702	0.1674935359490657	0.062933484892518
ATP2B4_multinomial_train_fold1.84	0.08689477298803859	0.09072413361129707	0.7391763277116404	0.08320476568902378	4.060611379442298e-230
ATP2B4_multinomial_train_fold1.85	0.27603951196953647	0.04676271806589507	0.5327907416615251	0.10376334580058406	0.04064368250245947
ATP2B4_multinomial_train_fold1.86	0.2451104655689109	5.893133777911853e-232	0.6790338334219627	0.029075941967135765	0.046779759041990526
ATP2B4_multinomial_train_fold1.87	0.3442341386650236	1.996339680705531e-201	0.6500164816240066	0.005749379710969746	3.8117477856408883e-219
ATP2B4_multinomial_train_fold1.88	0.24032343606363668	0.0433629958199037	0.38171377257160444	0.1711697971392182	0.16342999840563702
ATP2B4_multinomial_train_fold1.89	0.04346329006730633	2.31e-321	0.8770981071717184	0.07943860276096959	5.673602270868103e-15
ATP2B4_multinomial_train_fold1.90	0.1817618857171119	0.04580627816063105	0.7318112213421836	0.04062061478007348	4.707872385007662e-31
ATP2B4_multinomial_train_fold1.91	0.10738611236083799	0.0940672985613268	0.7364559154722949	0.0620906736055402	4.45e-322
ATP2B4_multinomial_train_fold1.92	0.19607463042894493	4.477406336349678e-246	0.7023053131906877	0.10162005636961992	1.0747348010833976e-11
ATP2B4_multinomial_train_fold1.93	0.12058838360375433	1.1e-321	0.6100822412280857	0.16948482145539284	0.09984455371276706
ATP2B4_multinomial_train_fold1.94	0.32596356819261924	1.98e-321	0.5327914732885456	0.1412449585188352	9.400980382873454e-220
ATP2B4_multinomial_train_fold1.95	0.23985853072023747	1.354e-321	0.45040134842256185	0.1363413926596135	0.1733987281975872
ATP2B4_multinomial_train_fold1.96	0.010387092060818913	1.24e-321	0.6456677562578319	0.2979113363248949	0.04603381535645436
ATP2B4_multinomial_train_fold1.97	0.3858911133001158	0.006065481709047544	0.4088095149869997	0.027649659921510535	0.17158423008232654
MLH1_multinomial_train_fold1	7.932461999133331e-60	0.9095864580468928	2.436e-321	0.08657907585807335	0.003834466095033919
MSH6_multinomial_train_fold1	3.08e-321	0.9988324604994745	1.77e-321	0.0011675395005255544	1.46e-321
PMS2_multinomial_train_fold1	0.4456058164062332	0.5543941835937668	5.7e-322	2.87e-322	1.077e-321
MLH1_multinomial_train_fold1.1	6.76944384702903e-200	0.9388942053146149	7.7e-322	0.061105794685384976	5.8e-322
MSH6_multinomial_train_fold1.1	3.2e-321	0.999999999958462	1.6603801931800639e-298	4.153797850508574e-11	1.0224375219178751e-35
PMS2_multinomial_train_fold1.1	0.4649883952683632	0.5350116047316368	5.24e-322	2.7e-322	1.24e-321
PMS1_multinomial_train_fold1	4.4152118529028605e-203	0.21959009486165804	0.6411226026033855	0.1392873025349566	4.046304546923322e-227
PMS2_multinomial_train_fold1.2	0.45500070890006633	0.5449992910999335	5.6e-322	2.87e-322	8e-322
MSH2_multinomial_train_fold1	2.21e-321	0.975801008184648	1.89e-321	2.4931972523880923e-40	0.024198991815352056
MSH6_multinomial_train_fold1.2	1.89e-321	0.9999999999999999	1.04e-321	1.117e-321	1.803e-321
MLH1_multinomial_train_fold1.2	0.018542644262084847	0.9499777573398211	1.61e-321	0.03147959839809415	1.21e-321
MSH6_multinomial_train_fold1.3	4.381831224464773e-113	0.9685639284614262	0.01237263031061269	0.019063441227961123	5.698745195519471e-112
MLH1_multinomial_train_fold1.3	0.051452832775469914	0.9012265043785288	2.04e-321	0.047320662846001255	7.838941928212601e-299
PMS1_multinomial_train_fold1.1	2.9393555965544825e-246	0.36342407243310426	0.5002726627675955	0.1363032647993001	8.967563880735617e-223
PMS2_multinomial_train_fold1.3	0.4410293745899625	0.5589706254100375	5.5e-322	2.77e-322	1.9786724696633457e-93
MSH2_multinomial_train_fold1.1	2.89e-321	0.9813865470042529	1.73e-321	0.0018573353595092539	0.016756117636237782
MLH1_multinomial_train_fold1.4	1.5616072283127059e-226	0.9509869053615746	7.6e-322	0.04901309463842536	5.73e-322
MSH6_multinomial_train_fold1.4	2.3102627890100326e-257	1.0	1.937e-321	4.43662247220472e-80	2.243e-321
PMS2_multinomial_train_fold1.4	0.49387954724333993	0.5061204527566601	2.47e-322	2.57e-322	4.64e-322
PMS1_multinomial_train_fold1.2	3.917271605964579e-186	0.32725898840023887	0.38542915561786195	0.28731185598189923	3.2908361432604944e-278
MSH6_multinomial_train_fold1.5	2.2201017399804697e-278	0.9469248741615144	1.0923440068608427e-174	0.05307512583848559	1.927e-321
MSH2_multinomial_train_fold1.2	2.243e-321	0.977991815255979	2.01e-321	0.012654285873467962	0.009353898870553035
MSH6_multinomial_train_fold1.6	2.65e-321	0.9850803201362003	2.055e-321	1.913484556902585e-125	0.014919679863799721
MSH6_multinomial_train_fold1.7	1.793506851299938e-165	0.9566669030338198	2.297e-321	0.04333309696618022	1.734e-321
PMS2_multinomial_train_fold1.5	0.46995131679221797	0.530048683207782	2.67e-322	2.77e-322	5.1e-322
PMS1_multinomial_train_fold1.3	7.392767678e-314	0.22826543296259855	0.6161594059361047	0.15557516110129666	1.9927819119401765e-67
PMS2_multinomial_train_fold1.6	0.4231058538827572	0.576894146117243	2.87e-322	2.87e-322	5.43e-322
MLH1_multinomial_train_fold1.5	4.6780834433496694e-07	0.9698839290297563	2.14e-321	0.03011560316189947	3.282201890213586e-264
PMS2_multinomial_train_fold1.7	0.4561698883167946	0.5438301116832055	5.3e-322	2.7e-322	7.56e-322
PMS2_multinomial_train_fold1.8	0.4313688369112717	0.5686311630887282	5.14e-322	2.6e-322	9.83e-322
MSH6_multinomial_train_fold1.8	2.7917406153332454e-184	0.9389410218394406	4.028741451721974e-107	0.058123198640179785	0.0029357795203795375
MLH1_multinomial_train_fold1.6	4.098365605606053e-126	0.9601463912449621	1.077e-321	0.03985360875503775	6.13e-322
PMS1_multinomial_train_fold1.4	5.583630609446578e-239	0.25918644733761215	0.5651450638973791	0.17566848876500873	9.684993161830273e-173
MSH6_multinomial_train_fold1.9	2.014134652818274e-211	0.9999999999999999	2.21e-321	9.570146148402903e-230	5.532757607708759e-234
MSH6_multinomial_train_fold1.10	5.979123e-317	0.9367540067489113	5.980017205948274e-105	0.06324599325108865	5.149049487372482e-281
MSH6_multinomial_train_fold1.11	2.0673842455821753e-202	0.9999999904315384	1.35e-321	9.568461711016161e-09	9.4e-322
MLH1_multinomial_train_fold1.7	5.123020604872289e-47	0.9842248958944606	1.4e-321	0.015775104105539228	9.63e-322
PMS1_multinomial_train_fold1.5	5.38441477298845e-126	0.2276605704242588	0.5228805254632944	0.24945890411244684	1.286356057371473e-220
MSH6_multinomial_train_fold1.12	2.416e-321	0.9860482480197601	2.21e-321	0.013951751980239775	1.41e-321
PMS1_multinomial_train_fold1.6	5.45392960795241e-182	0.22616536807636556	0.48949186744267414	0.23176084007323816	0.052581924407722115
PMS2_multinomial_train_fold1.9	0.43854087965863103	0.561459120341369	2.67e-322	2.7e-322	5.1e-322
PMS2_multinomial_train_fold1.10	0.48763326213307756	0.5123667378669223	5.04e-322	2.6e-322	1.423e-321
PMS1_multinomial_train_fold1.7	6.201637202736051e-233	0.2754103453780013	0.6341773211900592	0.09041233343193952	4.5e-322
MSH6_multinomial_train_fold1.13	1.8e-321	1.0	9.9e-322	1.7e-321	2.574e-321
PMS2_multinomial_train_fold1.11	0.4473550678573348	0.5526449321426652	2.6e-322	2.7e-322	5.04e-322
PMS2_multinomial_train_fold1.12	0.4409339142249714	0.5590660857750285	2.67e-322	2.7e-322	2.57e-322
MSH6_multinomial_train_fold1.14	1.6524373032161966e-135	0.9139084266565346	1.584618210999975e-66	0.08609157334346543	2.614e-321
MSH6_multinomial_train_fold1.15	2.703e-321	0.9580234030594895	2.201157094689233e-245	0.034377407291451494	0.007599189649059036
MLH1_multinomial_train_fold1.8	5.788441335879163e-253	0.9437608523029006	7.3e-322	0.0562391476970994	5.5e-322
MSH2_multinomial_train_fold1.3	2.15e-321	0.9802921335190672	2.5942723670064138e-284	0.015007185491810997	0.004700680989121917
PMS2_multinomial_train_fold1.13	0.4644042784594198	0.5355957215405802	2.6e-322	2.7e-322	5e-322
MSH6_multinomial_train_fold1.16	2.28e-321	1.0	5.34e-322	2.065e-321	3.1e-322
MSH6_multinomial_train_fold1.17	3.8727253692542104e-190	0.982639306223518	2.213e-321	0.017360693776482104	2.54e-321
MSH2_multinomial_train_fold1.4	2.253e-321	0.9586211370346295	1.235e-321	0.030490831696135107	0.01088803126923548
PMS2_multinomial_train_fold1.14	0.42220405670135897	0.577795943298641	2.87e-322	2.87e-322	8.25e-322
MSH6_multinomial_train_fold1.18	2.416e-321	0.957982624089847	1.675e-321	0.0420173759101531	1.087e-321
MSH6_multinomial_train_fold1.19	2.27e-321	1.0	1.606e-321	1.606e-321	2.2688918135536212e-268
MSH6_multinomial_train_fold1.20	9.152220031054432e-266	0.9998286588482105	9.807745847282709e-275	1.48318755875823e-121	0.00017134115178941864
MSH6_multinomial_train_fold1.21	2.584e-321	1.0	2.13e-321	2.055e-321	6.685153949760901e-196
PMS2_multinomial_train_fold1.15	0.4143126691608202	0.5856873308391798	5.34e-322	2.7e-322	1.54e-321
MSH6_multinomial_train_fold1.22	2.703e-321	0.9809251144281513	3.306548426410824e-83	0.01735275045577959	0.001722135116069111
PMS1_multinomial_train_fold1.8	2.46e-321	0.3042836619153944	0.5193962036983694	0.15112111129165937	0.02519902309457689
MSH6_multinomial_train_fold1.23	2.75e-321	1.0	2.016e-321	2.305580835040845e-155	2.2165344137874577e-29
MSH6_multinomial_train_fold1.24	3.6526829294158076e-280	0.9999999999999999	2.376e-321	1.6734309330846017e-54	2.144e-321
PMS1_multinomial_train_fold1.9	3.3278969149807544e-265	0.35011240650967196	0.523740886129941	0.1261467073603871	2.893971095115941e-218
PMS1_multinomial_train_fold1.10	2.307e-321	0.1949698218896624	0.4319315765449081	0.3730986015654295	3.6e-322
MSH6_multinomial_train_fold1.25	5.158219236326953e-219	0.9885300571959863	2.7073399189997115e-119	1.3268229964037863e-39	0.011469942804013755
PMS1_multinomial_train_fold1.11	1.853e-321	0.24764249354348167	0.6801052328203432	0.07225227363617498	8.68046027045095e-202
MSH6_multinomial_train_fold1.26	3.335e-321	1.0	1.37e-321	2.124e-321	1.59e-321
PMS2_multinomial_train_fold1.16	0.411635967554282	0.5883640324457181	2.87e-322	2.87e-322	5.43e-322
PMS2_multinomial_train_fold1.17	0.48253823434373305	0.5174617656562668	5.14e-322	2.6e-322	7.2e-322
MSH2_multinomial_train_fold1.5	2.464714295e-315	0.941003056715718	2.5485323539417085e-292	0.04516414548314127	0.013832797801140712
MSH6_multinomial_train_fold1.27	6.016184450935027e-219	1.0	2.7272207854887386e-223	6.534787205228812e-143	1.274363671309074e-194
MSH6_multinomial_train_fold1.28	2.446e-321	0.9776819224639316	5.461626196864935e-114	0.013931773046275764	0.008386304489792745
PMS2_multinomial_train_fold1.18	0.4314694544986612	0.5685305455013387	5.53e-322	2.8e-322	1.057e-321
MSH6_multinomial_train_fold1.29	2.2703429416222764e-219	0.9949685898847787	6.005176976938131e-212	1.395037254055479e-82	0.005031410115221379
PMS2_multinomial_train_fold1.19	0.4317667145462694	0.5682332854537306	2.67e-322	2.7e-322	5.1e-322
MSH2_multinomial_train_fold1.6	2.5627384385882145e-169	0.96294405445773	1.8091510103577366e-204	0.03581523507934422	0.0012407104629255754
MSH6_multinomial_train_fold1.30	2.74e-321	0.9927228780445811	1.74e-321	0.007266191157982531	1.0930797436264559e-05
PMS1_multinomial_train_fold1.12	3.584893419432188e-104	0.2508484811158657	0.5772113812400661	0.17194013764406818	2.8832209880071844e-256
MSH6_multinomial_train_fold1.31	2.67e-321	0.9943349508215886	7.88333486286906e-175	1.5021176813314602e-25	0.005665049178411323
PMS2_multinomial_train_fold1.20	0.48286446763642676	0.5171355323635733	5.04e-322	2.6e-322	7.1e-322
PMS1_multinomial_train_fold1.13	1.195351829151969e-90	0.2487357082267211	0.48158029511526723	0.2696839966580118	6.27e-322
PMS1_multinomial_train_fold1.14	1.660709092192435e-258	0.31021670655224504	0.5155380326369301	0.17424526081082486	6.37e-322
MSH6_multinomial_train_fold1.32	1.2781223118742167e-192	0.96012517000002	6.30342468398329e-38	0.03470495548117214	0.005169874518807916
PMS2_multinomial_train_fold1.21	0.4767633441022496	0.5232366558977504	2.5e-322	2.6e-322	4.8e-322
PMS1_multinomial_train_fold1.15	4.492074030078908e-155	0.27378167900527867	0.5510254362861969	0.17519288470852432	1.69100089993746e-33
PMS2_multinomial_train_fold1.22	0.4758430439917077	0.5241569560082924	5.24e-322	2.7e-322	9.83e-322
MSH6_multinomial_train_fold1.33	2.1738243646723114e-253	0.9987989178818812	6.753078927152438e-300	0.0009241882948864453	0.0002768938232322162
PMS1_multinomial_train_fold1.16	3.740872989025568e-209	0.30155933911951316	0.5310114471463092	0.16742921373417755	8.436350003211266e-217
MSH6_multinomial_train_fold1.34	3.286e-321	1.0	8.1e-322	2.3190024195206337e-245	6.27e-322
MSH6_multinomial_train_fold1.35	3.01e-321	0.9862959050753746	2.2e-321	0.013704094924625324	1.613276484763e-311
PMS1_multinomial_train_fold1.17	2.026e-321	0.26572298011196316	0.5470746983452801	0.13757254984806372	0.04962977169469307
OGG1_multinomial_train_fold1	0.1495486648005539	6.1605262047e-314	0.017816427082749057	0.03288761271146251	0.7997472954052345
OGG1_multinomial_train_fold1.1	0.09904802438368018	2.19e-321	9.423961702449836e-60	0.05883345807443025	0.8421185175418894
OGG1_multinomial_train_fold1.2	0.058217578199128185	1.535930893275465e-236	5.0948471918183425e-52	0.08618864032149579	0.855593781479376
OGG1_multinomial_train_fold1.3	0.062451069958045204	5.272272527450935e-301	3.694830232453455e-18	0.09763102953901745	0.8399179005029374
OGG1_multinomial_train_fold1.4	0.0660192833191442	2.2289432542299573e-222	3.177378065119317e-46	0.08226887780419716	0.8517118388766587
UNG_multinomial_train_fold1	2.6075432849226e-28	9.478183618489044e-253	1.71672481712029e-53	0.9587817959239393	0.04121820407606054
UNG_multinomial_train_fold1.1	0.1347428548849784	0.01367675275783374	0.09980527497776547	0.6936083890544478	0.058166728324974507
OGG1_multinomial_train_fold1.5	0.07037713356369216	1.6508260152263643e-197	0.022809290605924536	0.07480399275023814	0.8320095830801453
UNG_multinomial_train_fold1.2	0.027879029664742146	0.04539087903721251	0.026779189501782128	0.8448504450071868	0.05510045678907643
OGG1_multinomial_train_fold1.6	0.08327805359508848	3.9499775795989576e-285	0.08370283874077032	0.05690911677633563	0.7761099908878056
UNG_multinomial_train_fold1.3	0.004651085963423022	1.1395463038410547e-149	3.977837438189241e-182	0.995348914036577	7.4e-322
OGG1_multinomial_train_fold1.7	0.11373753815919195	2.796e-321	0.035953538656953644	0.03356770843823055	0.8167412147456239
UNG_multinomial_train_fold1.4	0.079958161434111	0.02086109672359564	0.006258463133265859	0.7916482903456978	0.10127398836332972
UNG_multinomial_train_fold1.5	0.09626718718767914	3.717672843755476e-221	1.4131980262671286e-94	0.8068089156038574	0.09692389720846356
OGG1_multinomial_train_fold1.8	0.05733366617467392	1.618555265345222e-213	0.04836487936978364	0.0655058644757723	0.82879558997977
OGG1_multinomial_train_fold1.9	0.11782621049401697	4.130345419022378e-124	2.768490944946221e-69	0.038433436911029635	0.8437403525949534
UNG_multinomial_train_fold1.6	0.09348761017734898	0.10051261329695835	4.812164409671261e-204	0.7470003703080257	0.058999406217667055
UNG_multinomial_train_fold1.7	0.032718206363090946	1.2677843033496731e-204	3.016291075293343e-77	0.9359170523789518	0.03136474125795717
OGG1_multinomial_train_fold1.10	0.02797940579733053	3.1419738764503004e-81	0.01790971517791527	0.11747614040625201	0.8366347386185023
UNG_multinomial_train_fold1.8	0.27273681915746606	1.22e-321	0.14452556274755515	0.5827376180949788	6.4e-322
UNG_multinomial_train_fold1.9	6.763487991799046e-98	0.019901900967358565	1.5626665637440815e-23	0.8926507738936841	0.0874473251389572
OGG1_multinomial_train_fold1.11	0.0713909951129527	3.619502276075135e-96	2.096850786121365e-42	0.06979742765236356	0.8588115772346839
OGG1_multinomial_train_fold1.12	0.04523142543937076	3.433371644926895e-193	2.717280239135027e-84	0.08391351430797805	0.8708550602526512
UNG_multinomial_train_fold1.10	0.08845840029584605	0.009948413333710313	2.317852235647867e-265	0.7812264099208441	0.12036677644959967
UNG_multinomial_train_fold1.11	0.06084061155839186	0.0966059124966687	0.11916394699778404	0.7004602553470671	0.02292927360008816
OGG1_multinomial_train_fold1.13	0.015414194065736882	0.015740270798732192	1.1492536046876846e-72	0.05437561956888257	0.9144699155666483
OGG1_multinomial_train_fold1.14	0.02677045632395625	0.04638388428507072	5.27512141202683e-59	0.04876199950877831	0.8780836598821946
UNG_multinomial_train_fold1.12	1.9408851637584031e-56	1.1048226491492897e-302	0.15960084092083116	0.8403991590791687	5.0354452702046544e-51
UNG_multinomial_train_fold1.13	3.003230277786151e-123	1.966e-321	0.06779750999599496	0.932202490004005	2.2726930284043396e-76
UNG_multinomial_train_fold1.14	0.017659226104307483	0.052889875908603015	0.07369365844795389	0.8557572395391357	2.4989426808086674e-184
UNG_multinomial_train_fold1.15	0.06355047321139408	0.0612824845881126	1.1516902462943864e-192	0.7996951338605712	0.07547190833992208
OGG1_multinomial_train_fold1.15	0.05345972357043697	3.6967727315124145e-219	0.1349314883120432	0.08569690045227502	0.7259118876652448
OGG1_multinomial_train_fold1.16	0.08606314031781186	6.573734816949614e-224	1.4940704241803106e-34	0.04592686862392462	0.8680099910582636
OGG1_multinomial_train_fold1.17	0.013550118391561247	5.578742994783869e-176	4.048983235465496e-91	0.008823002657264926	0.9776268789511738
OGG1_multinomial_train_fold1.18	0.11836918849139572	1.2983781401364075e-223	6.998081322214664e-60	0.053553308833721135	0.8280775026748831
UNG_multinomial_train_fold1.16	0.016803090630189522	1.28e-321	0.03090180006873517	0.9395403308281182	0.012754778472957057
UNG_multinomial_train_fold1.17	0.038058398158875496	1.021651072451176e-43	0.037926867695363596	0.91127237301383	0.012742361131930767
OGG1_multinomial_train_fold1.19	0.06513764879683846	2.25e-321	8.426132924754044e-19	0.07027823010669626	0.8645841210964651
UNG_multinomial_train_fold1.18	3.500115712943753e-70	0.04895539822222702	0.1357789334188848	0.815265668358888	7.509648773753283e-22
UNG_multinomial_train_fold1.19	0.12407616629272575	2.23e-321	1.6395273089197699e-71	0.7965420698719224	0.07938176383535181
OGG1_multinomial_train_fold1.20	0.015144979600120047	0.0036622113381904703	0.10368796768933165	0.029880512351605718	0.8476243290207522
OGG1_multinomial_train_fold1.21	0.010069702953039201	0.002909305552251293	5.03478861359844e-19	0.1171189383602058	0.8699020531345035
OGG1_multinomial_train_fold1.22	0.0051537364308024865	0.01128976084471401	9.29867843576501e-15	0.07818373117909092	0.9053727715453832
UNG_multinomial_train_fold1.20	5.612579095944609e-148	9.538010204973024e-178	0.023501486310303597	0.9764985136896964	9.6e-322
UNG_multinomial_train_fold1.21	3.585025502208422e-172	1.714e-321	0.12638969067112105	0.8736103093288788	3.320859076075678e-51
UNG_multinomial_train_fold1.22	2.7852323988030833e-240	2.44059590014377e-59	0.14503677191531344	0.8549632280846866	1.3754335648463155e-270
OGG1_multinomial_train_fold1.23	0.08290469297697074	4.543631401089719e-183	7.70884537481308e-78	0.05503050235666714	0.862064804666362
OGG1_multinomial_train_fold1.24	0.10477975954408424	1.86e-321	5.532201008352093e-39	0.07329963957009812	0.8219206008858176
UNG_multinomial_train_fold1.23	0.10411146614447682	0.005279261995260551	0.01082974680861772	0.8600201176772935	0.019759407374351477
OGG1_multinomial_train_fold1.25	0.08037001915846757	2.3317815699436725e-45	1.9432432349607323e-87	0.09705012660796326	0.8225798542335693
OGG1_multinomial_train_fold1.26	6.532678559845291e-09	2.299613550914027e-23	3.0040798949194683e-29	0.08529488143171668	0.9147051120356048
UNG_multinomial_train_fold1.24	1.2835554708281524e-115	9.54e-322	4.505635936194972e-148	0.9139569444779458	0.08604305552205418
UNG_multinomial_train_fold1.25	0.13644400955084962	1.833e-321	3.5730434514164235e-126	0.8407376983624466	0.022818292086703718
UNG_multinomial_train_fold1.26	0.2258686102483015	0.003383706645758406	1.1071319126259237e-15	0.7295275676195564	0.041220115486382575
UNG_multinomial_train_fold1.27	0.021808965142503908	1.724e-321	0.04791957120219906	0.8728354251357531	0.05743603851954395
OGG1_multinomial_train_fold1.27	0.10442257854675238	1.6259173965506642e-298	2.582243052833036e-30	0.05484502473004613	0.8407323967232014
UNG_multinomial_train_fold1.28	0.08153992911113755	9.742340828619615e-256	7.3949114534795e-30	0.7880044682174262	0.13045560267143627
OGG1_multinomial_train_fold1.28	0.10786579158594077	2.342119597824958e-183	0.08384920960583442	0.06075692296167948	0.7475280758465455
UNG_multinomial_train_fold1.29	0.12516573000819675	2.3750093654776147e-230	1.7097700413516032e-85	0.8057738434126664	0.06906042657913687
UNG_multinomial_train_fold1.30	0.15108536246162896	0.021803021571641965	0.08578321967755348	0.7413283962891755	5.466522972777746e-234
OGG1_multinomial_train_fold1.29	0.09569001718739142	6.485994214643364e-179	1.9966643262481392e-07	0.12495273788036167	0.7793570452658143
OGG1_multinomial_train_fold1.30	0.05732410895120702	0.010294702600800149	6.193494917651447e-27	0.049654367294411146	0.8827268211535817
UNG_multinomial_train_fold1.31	0.13928383539683364	5.452647035471452e-185	4.8831647782329145e-239	0.8607161646031664	9.422001739697088e-218
UNG_multinomial_train_fold1.32	0.057651513116565904	1.057e-321	1.225e-321	0.9423484868834342	7.56e-322
OGG1_multinomial_train_fold1.31	0.07850333994977499	0.007800668736310398	6.968074166391811e-29	0.08278734405360752	0.8309086472603071
UNG_multinomial_train_fold1.33	0.10213913530682527	1.6e-321	0.035477203017577424	0.8623836616755973	6.308736805418863e-17
UNG_multinomial_train_fold1.34	1.919368980979146e-200	4.623920547834205e-307	0.14715147868875486	0.8528485213112452	4.886861993163333e-46
OGG1_multinomial_train_fold1.32	0.01550691394473694	2.517312513954922e-296	0.2077896921501517	0.04915554958772494	0.7275478443173863
OGG1_multinomial_train_fold1.33	0.07833828249072501	5.36488268620883e-226	1.735610684045259e-42	0.09686835529276262	0.8247933622165123
OGG1_multinomial_train_fold1.34	0.024497575108951255	8.347336500991633e-115	1.5827575716972574e-58	0.0602988679730766	0.9152035569179723
UNG_multinomial_train_fold1.35	0.11340573187247523	2.288e-321	7.9472195106112505e-22	0.7718470930392133	0.1147471750883116
OGG1_multinomial_train_fold1.35	0.057766585654214234	0.005451773057925913	3.7716763663757874e-21	0.009466093771697413	0.9273155475161624
OGG1_multinomial_train_fold1.36	0.07448540986047918	6.533724218334765e-183	1.0812162472136477e-64	0.10251556060262637	0.8229990295368945
OGG1_multinomial_train_fold1.37	0.06216726683286079	5.837568079062729e-23	0.12840371477558213	0.06046856373433625	0.7489604546572208
UNG_multinomial_train_fold1.36	0.08368079664724867	0.07191827326307897	0.01403346605906248	0.83036746403061	4.758504760407488e-46
OGG1_multinomial_train_fold1.38	0.012879683219313931	0.01274811947045723	0.09540051443482828	0.03560662439762452	0.8433650584777761
OGG1_multinomial_train_fold1.39	0.04979228579123615	9.92114461241127e-187	1.1644802646563332e-50	0.08776781499858025	0.8624398992101836
UNG_multinomial_train_fold1.37	0.09447701867118281	0.05562474581733267	0.20462334205431745	0.645274893457167	5.0871017268364887e-107
OGG1_multinomial_train_fold1.40	0.03947870074390449	6.513427744453541e-114	3.551293002809284e-59	0.05797195852188108	0.9025493407342143
OGG1_multinomial_train_fold1.41	0.0788167275443196	1.853e-321	1.2010760547159817e-66	0.08825814173856474	0.8329251307171157
OGG1_multinomial_train_fold1.42	0.03049273110293803	1.5162146759558205e-290	0.11935647444291254	0.07118316199203528	0.7789676324621142
UNG_multinomial_train_fold1.38	0.06323044747984788	2.7757677183961384e-180	4.247607100704052e-99	0.8324226764792966	0.10434687604085559
OGG1_multinomial_train_fold1.43	0.0858145965492104	2.987281651791676e-101	4.917275701386977e-67	0.049463276732715555	0.8647221267180741
UNG_multinomial_train_fold1.39	0.2151360492482753	1.7e-321	5.057452829673394e-90	0.7674962183944971	0.017367732357227505
OGG1_multinomial_train_fold1.44	0.09703147977338307	2.369630676780011e-227	5.782741946118084e-35	0.06250993672969055	0.8404585834969265
OGG1_multinomial_train_fold1.45	0.01510685489940907	2.1126322585077217e-143	8.65407197378887e-106	0.06919982435932932	0.9156933207412615
UNG_multinomial_train_fold1.40	0.0326064385356684	1.917e-321	0.08698358146511476	0.8656978719865285	0.014712108012688322
UNG_multinomial_train_fold1.41	0.07153852693920924	2.25e-321	0.11308837467543682	0.815373098385354	7.95e-322
OGG1_multinomial_train_fold1.46	0.03718910690417721	1.517e-321	0.13187952020900964	0.04774515499625857	0.7831862178905546
UNG_multinomial_train_fold1.42	6.7164074182412e-46	1.01e-321	0.18254578988297326	0.8174542101170268	6.4e-322
OGG1_multinomial_train_fold1.47	0.014301255008831415	3.043e-321	0.00010615629904401537	0.09986875820358576	0.8857238304885388
OGG1_multinomial_train_fold1.48	0.10024361618799833	3.0154827669399394e-07	2.2931570351643318e-94	2.1363826488392329e-13	0.8997560822635113
UNG_multinomial_train_fold1.43	0.0855544085657137	2.036e-321	5.678793812641013e-50	0.8357480337660418	0.07869755766824439
OGG1_multinomial_train_fold1.49	0.058611469661193606	0.004112847755374052	1.0991558841356534e-40	0.0858992111652386	0.8513764714181937
OGG1_multinomial_train_fold1.50	0.1230034267052989	2.446e-321	1.4979487104208398e-24	0.058179410504908574	0.8188171627897926
UNG_multinomial_train_fold1.44	2.0155707561246653e-83	4.95640194372874e-255	0.14898685199492978	0.8510131480050702	1.6371188067023734e-116
OGG1_multinomial_train_fold1.51	0.054085886080346965	8.744117389402363e-62	3.0941899883428797e-30	0.10552215553584661	0.8403919583838065
OGG1_multinomial_train_fold1.52	0.02893893310854212	0.0005666409748044176	2.612767557706528e-36	0.06705742380464993	0.9034370021120036
RNF168_multinomial_train_fold1	0.9400665530890405	0.00677222571881801	5.916612901960644e-252	1.54e-321	0.053161221192141644
RNF168_multinomial_train_fold1.1	0.9966289843553884	0.003371015644611645	5.53e-322	2.83970900283584e-108	3e-322
RNF168_multinomial_train_fold1.2	0.8321065776732557	0.03867939195536322	0.11990742987001907	0.009306600501362205	2.0215535183483605e-67
RNF168_multinomial_train_fold1.3	0.8498360776599594	0.07990200200643584	4.91795681453084e-25	2.0235701027581697e-104	0.0702619203336048
RNF168_multinomial_train_fold1.4	0.8874249280019593	0.05664371306116586	0.004242705933229924	0.051688653003644856	5.2e-322
RNF168_multinomial_train_fold1.5	0.9858303561028015	0.0019015753603806498	8.236888038698602e-40	0.012268068536817984	7.200080075863935e-115
RNF168_multinomial_train_fold1.6	0.9627159946516217	1.467e-321	1.546e-321	1.03e-321	0.03728400534837823
RNF168_multinomial_train_fold1.7	1.0	2.317e-321	1.176e-321	9.63e-322	9.63e-322
RNF168_multinomial_train_fold1.8	0.8553506739225434	0.028700746807344708	0.11594857927011187	1.530624037381528e-25	3.3514721116150927e-224
RNF168_multinomial_train_fold1.9	0.8969830962782883	3.674236687088696e-67	0.10301690372171173	2.813202235731799e-39	9.9e-322
RNF168_multinomial_train_fold1.10	0.9514790940018352	1.354493336884187e-256	0.048520905998164866	5.33523929965769e-155	2.7115363305547637e-204
RNF168_multinomial_train_fold1.11	0.9169326507154961	1.275e-321	1.4372912787625392e-154	0.07312483153177761	0.009942517752726242
RNF168_multinomial_train_fold1.12	0.9436618052294456	0.011061466028140225	3.377234729362559e-156	2.599928814340061e-286	0.04527672874241429
RNF168_multinomial_train_fold1.13	0.8721219493495965	0.03254177519418987	3.2884355559168027e-248	0.0953362754562137	8.84e-322
RNF168_multinomial_train_fold1.14	0.9799659816914265	8.5e-322	1.41e-321	8.292460062597021e-261	0.020034018308573574
RNF168_multinomial_train_fold1.15	0.813018240972499	0.023152178293804122	2.795378214378954e-122	0.052622553332050855	0.11120702740164612
RNF168_multinomial_train_fold1.16	0.9095813810862026	0.05467347423133229	9.9e-322	8.55e-322	0.03574514468246528
RNF168_multinomial_train_fold1.17	0.9270187959359031	1.294e-321	1.4833693447368079e-291	1.75e-321	0.07298120406409687
RNF168_multinomial_train_fold1.18	0.9156718251687203	2.582237345073e-312	0.08432817483127979	6.100987044496845e-93	7.76e-322
