Samples	SBS96A	SBS96B	SBS96C
EXO1_0_real_train1	0.8786326589544136	0.12136734104558639	4e-322
OGG1_0_real_train1	1.087e-321	2.39e-321	1.0
RNF168_0_real_train1	0.9807896741271895	0.019210325872810446	8.5e-322
UNG_0_real_train1	0.5986403552707601	0.2829740598580285	0.11838558487121159
ATP2B4_0_real_train1	0.5193505314579878	0.11272181177631758	0.36792765676569444
ATP2B4_1_real_train1	0.2753388811681345	0.20798800432226625	0.5166731145095992
MLH1_0_real_train1	4.9e-322	1.0	2.08e-322
MSH2_0_real_train1	7.2e-322	1.0	4.1e-322
MSH6_0_real_train1	7.6e-322	1.0	4.3e-322
MSH6_1_real_train1	7.6e-322	1.0	4.3e-322
PMS1_0_real_train1	0.30862985431622686	0.3921282807481301	0.29924186493564303
PMS2_0_real_train1	0.21818507131661152	0.7818149286833884	9.73e-322
EXO1_0_multinomial_train1	0.9145383418143108	0.08546165818568914	3.95e-322
RNF168_0_multinomial_train1	1.0	3.602750062666731e-37	1.2461559544641925e-154
RNF168_0_multinomial_train1.1	0.9931977245249507	1.45e-321	0.0068022754750493
EXO1_0_multinomial_train1.1	0.8239394397177001	0.1760605602822999	4e-322
RNF168_0_multinomial_train1.2	0.9901427826128846	0.009857217387115343	6.369112160267389e-17
RNF168_0_multinomial_train1.3	0.9384126644254066	0.061587335574593546	1.3490575850241157e-299
RNF168_0_multinomial_train1.4	0.9515805530045703	0.029940557695240726	0.018478889300188896
RNF168_0_multinomial_train1.5	0.9629358382034965	0.03706416179650346	3.06e-322
RNF168_0_multinomial_train1.6	0.9762379772628249	0.02376202273717514	1.4477455821237466e-300
RNF168_0_multinomial_train1.7	0.8977980819361595	0.10220191806384037	3.3e-322
RNF168_0_multinomial_train1.8	0.9903180558264918	4.8977834976071936e-194	0.00968194417350827
EXO1_0_multinomial_train1.2	0.8769295736310321	0.12307042636896795	1.83e-322
EXO1_0_multinomial_train1.3	0.9058986321336303	0.0941013678663697	4.1e-322
RNF168_0_multinomial_train1.9	1.0	1.4889557820053103e-107	4.6e-322
EXO1_0_multinomial_train1.4	0.8991644282790697	0.10083557172093023	4.1e-322
EXO1_0_multinomial_train1.5	0.8653689831372391	0.13463101686276077	4e-322
EXO1_0_multinomial_train1.6	0.905851211688944	0.09414878831105607	3.85e-322
EXO1_0_multinomial_train1.7	0.8600418302107735	0.13995816978922632	4.25e-322
EXO1_0_multinomial_train1.8	0.8567760812398181	0.14322391876018192	3.95e-322
RNF168_0_multinomial_train1.10	0.9549477643876948	1.1293919711026152e-72	0.04505223561230517
EXO1_0_multinomial_train1.9	0.8394908450015864	0.16050915499841367	2.08e-322
RNF168_0_multinomial_train1.11	0.8970423041684878	0.10295769583151201	3.16e-322
RNF168_0_multinomial_train1.12	0.9442374007164455	0.055762599283554516	9.2e-322
EXO1_0_multinomial_train1.10	0.8341308333060798	0.16586916669392004	2.17e-322
EXO1_0_multinomial_train1.11	0.8415086950635594	0.1584913049364405	3.95e-322
RNF168_0_multinomial_train1.13	0.7820299696910603	0.21797003030893958	7.2e-322
RNF168_0_multinomial_train1.14	0.9687534903189846	0.031246509681015267	2.6144928430058873e-240
RNF168_0_multinomial_train1.15	0.8918007355072874	0.10819926449271254	3.16e-322
RNF168_0_multinomial_train1.16	0.9830205469325525	0.01623525583460718	0.0007441972328405105
EXO1_0_multinomial_train1.12	0.9586279360988921	0.041372063901107814	5.5e-322
RNF168_0_multinomial_train1.17	0.9272638738879685	0.07273612611203138	8.984406e-318
EXO1_0_multinomial_train1.13	0.9419344305580333	0.05806556944196661	5.93e-322
RNF168_0_multinomial_train1.18	0.9766351196626543	3.01e-321	0.023364880337345822
EXO1_0_multinomial_train1.14	0.8822511791322502	0.11774882086774996	4e-322
RNF168_0_multinomial_train1.19	0.9660296995523031	0.03397030044769693	5e-322
RNF168_0_multinomial_train1.20	0.8945632948449653	0.10543670515503462	1.8e-322
EXO1_0_multinomial_train1.15	0.8752080240586926	0.12479197594130759	3.8e-322
RNF168_0_multinomial_train1.21	0.9639188305163813	0.024349347342993932	0.011731822140624725
RNF168_0_multinomial_train1.22	0.8849917705247401	0.09566806869483015	0.019340160780429733
EXO1_0_multinomial_train1.16	0.8391032082349446	0.1608967917650556	4.2e-322
EXO1_0_multinomial_train1.17	0.8587575463520728	0.14124245364792734	4.1e-322
RNF168_0_multinomial_train1.23	0.973034755273762	0.026965244726238007	4.9e-322
EXO1_0_multinomial_train1.18	0.8369066418108857	0.1630933581891143	4.15e-322
RNF168_0_multinomial_train1.24	0.9851435505588044	0.014856449441195518	3.95e-322
RNF168_0_multinomial_train1.25	0.9770306515661361	0.022969348433863942	4.1e-322
RNF168_0_multinomial_train1.26	0.9766121166344287	0.023387883365571363	3.1e-322
RNF168_0_multinomial_train1.27	0.9391014251704721	9.390324162814032e-05	0.06080467158789968
RNF168_0_multinomial_train1.28	0.9297010402038183	0.07029895979618168	4.55e-322
EXO1_0_multinomial_train1.19	0.8215593742398902	0.1784406257601098	4.15e-322
RNF168_0_multinomial_train1.29	0.9001945841515414	0.09980541584845856	3e-322
EXO1_0_multinomial_train1.20	0.8773142656007981	0.12268573439920182	3.8e-322
RNF168_0_multinomial_train1.30	0.9968061445513534	0.0031938554486466045	7.86e-322
RNF168_0_multinomial_train1.31	0.9470701965617428	0.052929803438257164	6.03e-322
RNF168_0_multinomial_train1.32	0.9869733139077879	0.013026686092212034	5.93e-322
RNF168_0_multinomial_train1.33	1.0	2.37e-321	7.66e-322
EXO1_0_multinomial_train1.21	0.90079845758041	0.09920154241958998	4.35e-322
RNF168_0_multinomial_train1.34	0.9999999999999999	1.453e-321	4.7e-322
EXO1_0_multinomial_train1.22	0.8779375106842009	0.12206248931579919	3.6e-322
EXO1_0_multinomial_train1.23	0.9041631077800204	0.0958368922199796	3.85e-322
RNF168_0_multinomial_train1.35	0.9428345093500904	0.057165490649909494	7.8e-322
RNF168_0_multinomial_train1.36	0.9999999999999999	1.347929394213469e-46	1.065245135605355e-300
EXO1_0_multinomial_train1.24	0.9408810125453397	0.059118987454660356	4.15e-322
RNF168_0_multinomial_train1.37	0.9820700991387956	0.017929900861204415	4.45e-322
EXO1_0_multinomial_train1.25	0.875416472255572	0.12458352774442791	5.83e-322
RNF168_0_multinomial_train1.38	1.0	2.124e-321	1.04e-321
EXO1_0_multinomial_train1.26	0.8612630156020551	0.13873698439794493	2.17e-322
EXO1_0_multinomial_train1.27	0.9058604523490397	0.09413954765096039	3.75e-322
EXO1_0_multinomial_train1.28	0.8987793921654841	0.10122060783451596	4.1e-322
EXO1_0_multinomial_train1.29	0.9151433533799557	0.08485664662004443	3.8e-322
EXO1_0_multinomial_train1.30	0.891753714367121	0.108246285632879	1.9e-322
RNF168_0_multinomial_train1.39	0.9415470363308558	0.05845296366914411	5.34e-322
RNF168_0_multinomial_train1.40	0.9509471743572273	2.31e-321	0.049052825642772545
EXO1_0_multinomial_train1.31	0.8238454669390096	0.17615453306099033	4.05e-322
EXO1_0_multinomial_train1.32	0.8752711377359312	0.12472886226406873	4.15e-322
EXO1_0_multinomial_train1.33	0.8879111941126474	0.11208880588735261	3.9e-322
RNF168_0_multinomial_train1.41	0.9999999999999999	2.194e-321	8.05e-322
RNF168_0_multinomial_train1.42	1.0	2.868663998061237e-75	6.3e-322
EXO1_0_multinomial_train1.34	0.8784488932786702	0.12155110672132996	3.8e-322
RNF168_0_multinomial_train1.43	1.0	1.1567231437599638e-248	1.5579564926949128e-275
EXO1_0_multinomial_train1.35	0.9301223867981763	0.06987761320182359	5.83e-322
EXO1_0_multinomial_train1.36	0.8744786888151109	0.1255213111848891	4.15e-322
RNF168_0_multinomial_train1.44	0.9999999999999999	2.757e-321	1.7541294976305746e-74
EXO1_0_multinomial_train1.37	0.8708879032781967	0.12911209672180327	4.15e-322
RNF168_0_multinomial_train1.45	1.0	7.950211211080097e-220	1.413e-321
RNF168_0_multinomial_train1.46	1.0	1.4073477856385376e-93	6.23e-322
RNF168_0_multinomial_train1.47	0.9404179178640889	0.05958208213591105	2.7e-322
RNF168_0_multinomial_train1.48	0.9959167201937867	0.0040832798062132	2.9e-322
RNF168_0_multinomial_train1.49	0.9600447052246692	0.039955294775330684	2.906352612251372e-299
RNF168_0_multinomial_train1.50	0.8931931255658451	0.1068068744341548	4.7e-322
EXO1_0_multinomial_train1.38	0.9611316841669496	0.038868315833050525	5.63e-322
RNF168_0_multinomial_train1.51	0.9520850890325824	0.04791491096741751	4.6e-322
RNF168_0_multinomial_train1.52	0.8758924819784558	0.12410751802154432	9.1e-322
EXO1_0_multinomial_train1.39	0.8462921713414664	0.15370782865853366	5.63e-322
EXO1_0_multinomial_train1.40	0.8622288236244559	0.13777117637554417	6.2e-322
RNF168_0_multinomial_train1.53	0.9977579341424678	1.536552364807517e-131	0.0022420658575321947
EXO1_0_multinomial_train1.41	0.8008560039648002	0.19914399603519983	2e-322
EXO1_0_multinomial_train1.42	0.9016523909117051	0.09834760908829498	3.85e-322
RNF168_0_multinomial_train1.54	0.9629271842483069	2.016e-321	0.03707281575169294
OGG1_0_multinomial_train1	1.166e-321	1.616e-321	1.0
UNG_0_multinomial_train1	0.4505894810026797	0.4351961075106069	0.11421441148671341
UNG_0_multinomial_train1.1	0.4936677094201789	0.3165449286189604	0.18978736196086077
UNG_0_multinomial_train1.2	0.6235910635951508	0.24849227127661758	0.12791666512823163
OGG1_0_multinomial_train1.1	2.144889526561044e-309	5.20935008905551e-15	0.9999999999999948
UNG_0_multinomial_train1.3	0.5827793796944787	0.29270245974350695	0.12451816056201422
OGG1_0_multinomial_train1.2	9.14e-322	2.574e-321	1.0
OGG1_0_multinomial_train1.3	7.6e-322	8.55e-322	1.0
UNG_0_multinomial_train1.4	0.5875396984587138	0.2725824076498334	0.13987789389145286
UNG_0_multinomial_train1.5	0.7214768432099349	0.20534035771136092	0.07318279907870416
OGG1_0_multinomial_train1.4	5.24e-322	6.2e-322	1.0
OGG1_0_multinomial_train1.5	7.36e-322	4.485428e-317	1.0
UNG_0_multinomial_train1.6	0.6042712404625492	0.3362942676546636	0.059434491882787314
UNG_0_multinomial_train1.7	0.37772336541781915	0.35967834439074703	0.2625982901914339
UNG_0_multinomial_train1.8	0.6217020316875131	0.27216222493830144	0.10613574337418556
OGG1_0_multinomial_train1.6	9.63e-322	2.14e-321	1.0
UNG_0_multinomial_train1.9	0.6082563873526305	0.2955821983040027	0.09616141434336663
OGG1_0_multinomial_train1.7	9.1e-322	1.354e-321	1.0
UNG_0_multinomial_train1.10	0.7372117988876514	0.16889926315084208	0.09388893796150648
OGG1_0_multinomial_train1.8	1.067175703190695e-141	2.307e-321	1.0
UNG_0_multinomial_train1.11	0.6281265789323316	0.23834588077609523	0.13352754029157307
OGG1_0_multinomial_train1.9	9.3e-322	1.61e-321	1.0
OGG1_0_multinomial_train1.10	9.1e-322	1.793e-321	1.0
OGG1_0_multinomial_train1.11	6.77e-322	1.11e-321	0.9999999999999999
UNG_0_multinomial_train1.12	0.7761105960828139	0.19657409704672496	0.027315306870461138
UNG_0_multinomial_train1.13	0.6216931329066159	0.2651518968161639	0.11315497027722023
UNG_0_multinomial_train1.14	0.6967866426222803	0.2599456594032209	0.04326769797449877
OGG1_0_multinomial_train1.12	6.87e-322	1.13e-321	0.9999999999999999
OGG1_0_multinomial_train1.13	3.543419107162e-311	6.159820171301363e-213	0.9999999999999999
UNG_0_multinomial_train1.15	0.48884760526701676	0.3438296089232055	0.1673227858097777
UNG_0_multinomial_train1.16	0.5782501782596685	0.24525012542121866	0.17649969631911286
UNG_0_multinomial_train1.17	0.6246192176813954	0.2379581625008244	0.13742261981778023
OGG1_0_multinomial_train1.14	8.45e-322	1.042e-321	1.0
UNG_0_multinomial_train1.18	0.5709895327678836	0.2985069829570142	0.13050348427510228
OGG1_0_multinomial_train1.15	4.241048330583593e-214	5.17931190792171e-87	0.9999999999999999
UNG_0_multinomial_train1.19	0.5305674155071013	0.32434561544527474	0.14508696904762403
OGG1_0_multinomial_train1.16	9.804312895522244e-294	9.039964631059041e-273	1.0
UNG_0_multinomial_train1.20	0.5392811754453934	0.332034856332626	0.1286839682219806
UNG_0_multinomial_train1.21	0.5194537052337493	0.35377492813495565	0.12677136663129515
OGG1_0_multinomial_train1.17	8.1e-322	1.6e-321	1.0
UNG_0_multinomial_train1.22	0.5947365523320718	0.3043189178904485	0.10094452977747961
UNG_0_multinomial_train1.23	0.5912573809197821	0.31296918364028486	0.09577343543993323
UNG_0_multinomial_train1.24	0.5710397310624036	0.29165619052911135	0.1373040784084853
OGG1_0_multinomial_train1.18	6.332768645672327e-212	5.142667886454327e-266	0.9999999999999999
UNG_0_multinomial_train1.25	0.7149781956688845	0.1357757970734433	0.14924600725767215
OGG1_0_multinomial_train1.19	4.33e-321	3.940264150522678e-135	1.0
UNG_0_multinomial_train1.26	0.41482733585887904	0.47251903958478503	0.11265362455633578
OGG1_0_multinomial_train1.20	1.5553329112732158e-201	4.163535327518171e-44	1.0
UNG_0_multinomial_train1.27	0.7027204127579355	0.1776966077123159	0.11958297952974871
OGG1_0_multinomial_train1.21	3.606866847138459e-161	0.043064950367046946	0.956935049632953
OGG1_0_multinomial_train1.22	1.5304287067836e-311	1.13e-321	0.9999999999999999
UNG_0_multinomial_train1.28	0.6796426948142831	0.24713327936028154	0.07322402582543545
UNG_0_multinomial_train1.29	0.5035141464105297	0.3290634108460611	0.16742244274340926
OGG1_0_multinomial_train1.23	6.77e-322	1.11e-321	1.0
OGG1_0_multinomial_train1.24	7.6e-322	6.704411274219489e-256	1.0
OGG1_0_multinomial_train1.25	4.339717834281319e-91	2.635208204724035e-47	0.9999999999999999
OGG1_0_multinomial_train1.26	7.07e-322	1e-321	0.9999999999999999
UNG_0_multinomial_train1.30	0.4851177540027857	0.34683085825084403	0.16805138774637046
OGG1_0_multinomial_train1.27	8e-322	1.803e-321	1.0
OGG1_0_multinomial_train1.28	2.201831856719139e-242	9.718640302497409e-133	1.0
UNG_0_multinomial_train1.31	0.5748941091580559	0.26755771209863444	0.1575481787433096
UNG_0_multinomial_train1.32	0.545575186071815	0.313757014950604	0.14066779897758086
UNG_0_multinomial_train1.33	0.7132903490577075	0.21089535766448797	0.07581429327780459
OGG1_0_multinomial_train1.29	6.450729030037815e-164	1.9484579078133552e-106	1.0
OGG1_0_multinomial_train1.30	1.04e-321	6.767638477444544e-50	1.0
UNG_0_multinomial_train1.34	0.4986729076509182	0.34977189489141153	0.15155519745767027
OGG1_0_multinomial_train1.31	1.166e-321	1.2280622300705912e-137	1.0
UNG_0_multinomial_train1.35	0.5694133340288539	0.3367809469584749	0.09380571901267125
UNG_0_multinomial_train1.36	0.6757101117044447	0.21889159911297632	0.1053982891825789
UNG_0_multinomial_train1.37	0.687615775257483	0.27346547475153254	0.03891874999098453
OGG1_0_multinomial_train1.32	3.5338941262000658e-236	3.176026277842881e-15	0.9999999999999967
UNG_0_multinomial_train1.38	0.6284525873002549	0.26485571066594604	0.10669170203379896
OGG1_0_multinomial_train1.33	7.144296042433534e-153	7.007624041318197e-05	0.9999299237595867
OGG1_0_multinomial_train1.34	2.0613210244177613e-265	1.354022453252627e-258	1.0
OGG1_0_multinomial_train1.35	2.9760729884743085e-283	1.1656383719310035e-114	1.0
OGG1_0_multinomial_train1.36	7.7e-322	8.65e-322	1.0
OGG1_0_multinomial_train1.37	9.93e-322	1.087e-321	1.0
OGG1_0_multinomial_train1.38	7.7e-322	1.517e-321	1.0
UNG_0_multinomial_train1.39	0.5127592671067189	0.376375160554516	0.11086557233876518
OGG1_0_multinomial_train1.39	1.1673347860366006e-268	0.04368657113701994	0.95631342886298
UNG_0_multinomial_train1.40	0.6824506700692243	0.2871809776425658	0.030368352288209832
OGG1_0_multinomial_train1.40	1.23e-321	4.1989459731887365e-181	1.0
OGG1_0_multinomial_train1.41	8.15e-322	9.2e-322	1.0
UNG_0_multinomial_train1.41	0.7181759503199605	0.22264588289170867	0.05917816678833097
OGG1_0_multinomial_train1.42	1.02e-321	1.117e-321	1.0
UNG_0_multinomial_train1.42	0.7334611525436252	0.23204021609993927	0.03449863135643558
OGG1_0_multinomial_train1.43	1.077e-321	1.423e-321	1.0
OGG1_0_multinomial_train1.44	2.810469744290828e-196	3.782556927791677e-251	1.0
OGG1_0_multinomial_train1.45	5.56054564452e-313	1.655e-321	1.0
OGG1_0_multinomial_train1.46	2.443656520578113e-174	2.539375276001721e-98	1.0
UNG_0_multinomial_train1.43	0.4010193092663303	0.40650485143247916	0.1924758393011906
OGG1_0_multinomial_train1.47	6.278193950950989e-248	2.03565e-319	1.0
OGG1_0_multinomial_train1.48	2.1753708611483668e-272	0.002015755920825128	0.997984244079175
OGG1_0_multinomial_train1.49	3.733374803254464e-250	3.8295885498066833e-271	1.0
OGG1_0_multinomial_train1.50	9.44e-322	1.521162521194477e-204	1.0
UNG_0_multinomial_train1.44	0.5173231408978509	0.33399627024639694	0.14868058885575222
OGG1_0_multinomial_train1.51	3.773672476305838e-269	8.282805994943475e-94	1.0
OGG1_0_multinomial_train1.52	8e-322	1.13e-321	1.0
ATP2B4_0_multinomial_train1	0.36492536138714526	0.23229265475326424	0.4027819838595905
ATP2B4_1_multinomial_train1	0.33961792925127643	0.22499218360161108	0.43538988714711246
ATP2B4_0_multinomial_train1.1	0.5910036802988583	0.07928013484658088	0.3297161848545608
ATP2B4_1_multinomial_train1.1	0.34663319617995325	0.11697166810559852	0.5363951357144482
ATP2B4_1_multinomial_train1.2	0.25788622405598677	0.14587553519482832	0.596238240749185
ATP2B4_1_multinomial_train1.3	0.4871222157200883	0.1453751322329991	0.36750265204691246
ATP2B4_0_multinomial_train1.2	0.6739083312088092	4.784839252547581e-06	0.3260868839519382
ATP2B4_1_multinomial_train1.4	0.06878710977318185	0.2620320726512547	0.6691808175755636
ATP2B4_0_multinomial_train1.3	0.6885332081255399	0.029488007640543278	0.281978784233917
ATP2B4_0_multinomial_train1.4	0.504253785245438	0.1586605115330765	0.3370857032214855
ATP2B4_0_multinomial_train1.5	0.4438102951794026	0.17135615614951794	0.3848335486710795
ATP2B4_0_multinomial_train1.6	0.5657114677027113	0.11020585493313993	0.3240826773641489
ATP2B4_1_multinomial_train1.5	0.1352227009900618	0.18627710345543846	0.6785001955544997
ATP2B4_0_multinomial_train1.7	0.32613565759857005	0.19861103607149602	0.4752533063299339
ATP2B4_1_multinomial_train1.6	0.03299359991979689	0.24611605728249883	0.7208903427977043
ATP2B4_1_multinomial_train1.7	0.14078954871807658	0.27262899664768325	0.5865814546342402
ATP2B4_1_multinomial_train1.8	0.2718477142016608	0.3085044426351314	0.4196478431632078
ATP2B4_1_multinomial_train1.9	0.277445394290504	0.15078059435822372	0.5717740113512721
ATP2B4_1_multinomial_train1.10	0.24636366815691635	0.2259412255954496	0.5276951062476342
ATP2B4_1_multinomial_train1.11	0.2611802652191804	0.2380121812480422	0.5008075535327774
ATP2B4_1_multinomial_train1.12	0.27812078663498657	0.21867650346648476	0.5032027098985288
ATP2B4_1_multinomial_train1.13	0.3091696281436654	0.13196909658166978	0.5588612752746649
ATP2B4_0_multinomial_train1.8	0.5736603849566316	0.1040737482467645	0.3222658667966039
ATP2B4_1_multinomial_train1.14	0.10360022139288602	0.2667943427587159	0.629605435848398
ATP2B4_1_multinomial_train1.15	0.2906541911130253	0.1918112905336129	0.517534518353362
ATP2B4_0_multinomial_train1.9	0.42451600721404226	0.18380317789993597	0.39168081488602186
ATP2B4_0_multinomial_train1.10	0.6469669048323042	0.021699717406397274	0.33133337776129845
ATP2B4_0_multinomial_train1.11	0.5141478594063756	0.15792641047189784	0.32792573012172654
ATP2B4_1_multinomial_train1.16	0.046751490374967536	0.31512648617038014	0.6381220234546523
ATP2B4_0_multinomial_train1.12	0.6240714299197185	0.08305511002375884	0.29287346005652265
ATP2B4_0_multinomial_train1.13	0.7101736567946001	0.039189639820156455	0.25063670338524346
ATP2B4_0_multinomial_train1.14	0.3984628092426208	0.1988444656697217	0.4026927250876575
ATP2B4_0_multinomial_train1.15	0.5594050923740012	0.07987714016335659	0.3607177674626422
ATP2B4_1_multinomial_train1.17	0.28742663791455475	0.23774187030939675	0.47483149177604855
ATP2B4_1_multinomial_train1.18	0.17168728830408855	0.1867144008436492	0.6415983108522622
ATP2B4_1_multinomial_train1.19	0.2393115660464924	0.1643849237376437	0.596303510215864
ATP2B4_1_multinomial_train1.20	0.2555602102166427	0.24259677168230254	0.5018430181010549
ATP2B4_0_multinomial_train1.16	0.5619019564317609	0.07298100009833662	0.36511704346990254
ATP2B4_1_multinomial_train1.21	0.310058891994886	0.19015963792408166	0.49978147008103224
ATP2B4_1_multinomial_train1.22	0.4015724975278025	0.10891787209344653	0.48950963037875106
ATP2B4_0_multinomial_train1.17	0.49667748859800975	0.14795829437360086	0.35536421702838933
ATP2B4_0_multinomial_train1.18	0.3824840406338501	0.14448632018449933	0.47302963918165053
ATP2B4_1_multinomial_train1.23	0.04845865122060594	0.26954279631610906	0.681998552463285
ATP2B4_1_multinomial_train1.24	0.38876295360178575	0.1612933957762459	0.4499436506219683
ATP2B4_0_multinomial_train1.19	0.4341025562637423	0.1412219709204635	0.4246754728157941
ATP2B4_1_multinomial_train1.25	0.30673087000447063	0.24969030816774943	0.44357882182777997
ATP2B4_0_multinomial_train1.20	0.43155228821798475	0.1580124185109807	0.4104352932710347
ATP2B4_0_multinomial_train1.21	0.34610773391783506	0.13382067954853435	0.5200715865336305
ATP2B4_0_multinomial_train1.22	0.5069453005833864	0.07865417573557566	0.41440052368103797
ATP2B4_0_multinomial_train1.23	0.5483296240753486	0.1116505590565743	0.34001981686807725
ATP2B4_0_multinomial_train1.24	0.5807587417973424	0.08300500543442367	0.3362362527682337
ATP2B4_1_multinomial_train1.26	0.4908399044388654	0.08927226068132309	0.4198878348798114
ATP2B4_0_multinomial_train1.25	0.41198406122226566	0.12865183154041565	0.4593641072373187
ATP2B4_1_multinomial_train1.27	0.35995556749857355	0.10493702990105667	0.5351074026003698
ATP2B4_0_multinomial_train1.26	0.7419243282083516	2.970259431023288e-113	0.25807567179164836
ATP2B4_1_multinomial_train1.28	0.21719546612760454	0.26198558117694853	0.520818952695447
ATP2B4_0_multinomial_train1.27	0.5147029721538698	0.17617536336935052	0.3091216644767794
ATP2B4_1_multinomial_train1.29	0.3005634747491328	0.2692156673848754	0.43022085786599185
ATP2B4_0_multinomial_train1.28	0.5043487501726769	0.13889741233063546	0.35675383749668765
ATP2B4_0_multinomial_train1.29	0.486151245223827	0.07819301465077225	0.43565574012540076
ATP2B4_0_multinomial_train1.30	0.42577729256801095	0.1099698762171117	0.46425283121487726
ATP2B4_0_multinomial_train1.31	0.5751255378845548	0.1784313082879751	0.2464431538274703
ATP2B4_1_multinomial_train1.30	0.47316475608206654	0.12399471677658251	0.4028405271413509
ATP2B4_1_multinomial_train1.31	0.25045975495651646	0.18877499251051297	0.5607652525329704
ATP2B4_1_multinomial_train1.32	0.4312211189186604	0.10479320932039284	0.4639856717609466
ATP2B4_0_multinomial_train1.32	0.6460984562357177	0.03164927219200027	0.3222522715722819
ATP2B4_0_multinomial_train1.33	0.482191047087548	0.11654306837159258	0.40126588454085943
ATP2B4_0_multinomial_train1.34	0.4957255705676725	0.14072549732261785	0.3635489321097096
ATP2B4_0_multinomial_train1.35	0.6158012254965268	0.11685927118034321	0.26733950332312995
ATP2B4_1_multinomial_train1.33	0.3680307731987808	0.16267016887769775	0.46929905792352145
ATP2B4_1_multinomial_train1.34	0.35756161741094067	0.1787812434280309	0.46365713916102835
ATP2B4_1_multinomial_train1.35	0.1929190497645515	0.268212082555378	0.5388688676800706
ATP2B4_1_multinomial_train1.36	0.18363597892470873	0.3148438257588762	0.501520195316415
ATP2B4_0_multinomial_train1.36	0.5574916060643033	0.029510336442863827	0.4129980574928331
ATP2B4_0_multinomial_train1.37	0.696423347832572	0.043260548037830866	0.2603161041295971
ATP2B4_1_multinomial_train1.37	0.015084277671909238	0.3257641406357214	0.6591515816923694
ATP2B4_1_multinomial_train1.38	0.30952469026241397	0.2716175483349267	0.4188577614026593
ATP2B4_1_multinomial_train1.39	0.2211712317210417	0.26264475045431135	0.5161840178246471
ATP2B4_1_multinomial_train1.40	0.24486335346423227	0.13799399669729162	0.6171426498384761
ATP2B4_1_multinomial_train1.41	0.27754423743213247	0.19668692241620298	0.5257688401516646
ATP2B4_1_multinomial_train1.42	0.18910952410750667	0.17456533668588747	0.6363251392066059
ATP2B4_0_multinomial_train1.38	0.5110451181893336	0.17823725097685864	0.31071763083380793
ATP2B4_0_multinomial_train1.39	0.5276405084506225	0.13677683147644046	0.3355826600729371
ATP2B4_0_multinomial_train1.40	0.4000398885642196	0.1344463792730107	0.4655137321627697
ATP2B4_1_multinomial_train1.43	0.16700461069328673	0.26309717753063205	0.5698982117760814
ATP2B4_0_multinomial_train1.41	0.5886085818395627	0.09035274104573746	0.3210386771146998
ATP2B4_0_multinomial_train1.42	0.5386324413688588	0.05302253106854235	0.40834502756259883
ATP2B4_0_multinomial_train1.43	0.5980318332248755	0.057660941524371	0.34430722525075347
ATP2B4_0_multinomial_train1.44	0.6334401450659531	0.10451814415957934	0.26204171077446764
ATP2B4_1_multinomial_train1.44	0.39217198918200885	0.08195085040679531	0.5258771604111959
ATP2B4_0_multinomial_train1.45	0.5038528610876891	0.10797933074713481	0.38816780816517604
ATP2B4_1_multinomial_train1.45	0.34901936819248786	0.11830147992430073	0.5326791518832115
ATP2B4_0_multinomial_train1.46	0.5339018473270729	0.11815489196982226	0.3479432607031046
ATP2B4_0_multinomial_train1.47	0.5164438443687576	0.1524349948864883	0.33112116074475406
ATP2B4_0_multinomial_train1.48	0.5407595763258206	0.11789082249175345	0.34134960118242597
ATP2B4_1_multinomial_train1.46	0.5026336646295176	0.12413523206630679	0.3732311033041755
ATP2B4_1_multinomial_train1.47	0.35628216744323365	0.19933597141218476	0.4443818611445818
ATP2B4_1_multinomial_train1.48	0.2441941933235575	0.21833210348681922	0.5374737031896232
PMS1_0_multinomial_train1	0.28019475317324005	0.4494061507596351	0.27039909606712503
MSH6_1_multinomial_train1	7.8e-322	1.0	4.4e-322
MSH6_0_multinomial_train1	7.4e-322	1.0	4.2e-322
MSH2_0_multinomial_train1	1.003e-321	1.0	4.25e-322
MSH6_0_multinomial_train1.1	7.7e-322	1.0	4.35e-322
MLH1_0_multinomial_train1	5.04e-322	1.0	2.1e-322
MSH6_1_multinomial_train1.1	7.4e-322	0.9999999999999999	8.35e-322
MLH1_0_multinomial_train1.1	5.04e-322	0.9999999999999999	2.1e-322
PMS1_0_multinomial_train1.1	0.4120383679657471	0.3466684240220725	0.2412932080121805
PMS1_0_multinomial_train1.2	0.3700528171821729	0.41917724264643996	0.21076994017138725
MSH6_1_multinomial_train1.2	4.9e-322	1.0	4.15e-322
MSH6_1_multinomial_train1.3	5e-322	1.0	2.1e-322
PMS1_0_multinomial_train1.3	0.2855341003076921	0.4100361459206623	0.3044297537716455
PMS1_0_multinomial_train1.4	0.3335883935759478	0.38777069242929896	0.27864091399475316
PMS2_0_multinomial_train1	0.1745244927682414	0.8254755072317586	7e-322
MSH6_1_multinomial_train1.4	7.6e-322	0.9999999999999999	6.4e-322
MSH6_0_multinomial_train1.2	7.56e-322	0.9999999999999999	4.25e-322
PMS1_0_multinomial_train1.5	0.3050996319314894	0.36489284438921976	0.3300075236792908
PMS1_0_multinomial_train1.6	0.2794721238908603	0.3761334257077319	0.34439445040140776
PMS1_0_multinomial_train1.7	0.40342709126601084	0.34884433721358	0.2477285715204091
MSH6_1_multinomial_train1.5	7.6e-322	1.0	1.077e-321
MLH1_0_multinomial_train1.2	4.7e-322	1.0	2e-322
PMS1_0_multinomial_train1.8	0.32339480893665395	0.47755066747456576	0.19905452358878023
PMS1_0_multinomial_train1.9	0.19890142234441002	0.41437298284755464	0.38672559480803526
MLH1_0_multinomial_train1.3	4.94e-322	0.9999999999999999	2.1e-322
MSH2_0_multinomial_train1.1	9.54e-322	1.0	6.1e-322
MSH6_1_multinomial_train1.6	7.56e-322	1.0	4.25e-322
MSH2_0_multinomial_train1.2	7.5e-322	1.0	4.2e-322
PMS1_0_multinomial_train1.10	0.2681982124263541	0.4745468557666358	0.25725493180701015
MSH6_0_multinomial_train1.3	7.5e-322	0.9999999999999999	4.25e-322
MLH1_0_multinomial_train1.4	4.84e-322	1.0	2.03e-322
MSH2_0_multinomial_train1.3	7.16e-322	1.0	4.05e-322
MSH6_1_multinomial_train1.7	8e-322	0.9999999999999999	4.55e-322
MLH1_0_multinomial_train1.5	5.04e-322	1.0	2.1e-322
MLH1_0_multinomial_train1.6	7.46e-322	1.0	2.1e-322
MLH1_0_multinomial_train1.7	4.84e-322	1.0	2.08e-322
MSH6_1_multinomial_train1.8	7.6e-322	0.9999999999999999	8.55e-322
PMS1_0_multinomial_train1.11	0.3595480256029435	0.34772204003216317	0.2927299343648932
PMS1_0_multinomial_train1.12	0.28718230730503697	0.3510991833273527	0.3617185093676104
MSH2_0_multinomial_train1.4	7.07e-322	1.0	4e-322
PMS2_0_multinomial_train1.1	0.18878813183867799	0.8112118681613221	1.413e-321
MLH1_0_multinomial_train1.8	4.8e-322	1.0	2.03e-322
PMS1_0_multinomial_train1.13	0.3382768204486495	0.3625575948935795	0.2991655846577711
MSH6_1_multinomial_train1.9	1.047e-321	1.0	1.107e-321
MSH2_0_multinomial_train1.5	7.26e-322	0.9999999999999999	4.1e-322
MLH1_0_multinomial_train1.9	7.7e-322	1.0	2.17e-322
MSH6_0_multinomial_train1.4	8e-322	1.0	4.55e-322
PMS2_0_multinomial_train1.2	0.19326555409817844	0.8067344459018215	6.87e-322
MLH1_0_multinomial_train1.10	4.9e-322	0.9999999999999999	2.08e-322
MSH6_0_multinomial_train1.5	7.6e-322	1.0	4.3e-322
PMS2_0_multinomial_train1.3	0.1802194373781779	0.8197805626218221	9.83e-322
MSH2_0_multinomial_train1.6	7.16e-322	0.9999999999999999	4e-322
MSH2_0_multinomial_train1.7	7.07e-322	1.0	4e-322
MLH1_0_multinomial_train1.11	4.84e-322	1.0	2.03e-322
MSH6_1_multinomial_train1.10	7.6e-322	1.0	6.4e-322
PMS2_0_multinomial_train1.4	0.2401012815217127	0.7598987184782873	9.34e-322
MSH6_1_multinomial_train1.11	8.1e-322	1.0	6.87e-322
MSH6_1_multinomial_train1.12	7.8e-322	1.0	4.4e-322
MSH6_0_multinomial_train1.6	5.14e-322	0.9999999999999999	2.17e-322
MSH6_0_multinomial_train1.7	4.9e-322	1.0	2.08e-322
MSH2_0_multinomial_train1.8	9.83e-322	1.0	6.23e-322
MLH1_0_multinomial_train1.12	4.7e-322	1.0	2e-322
PMS1_0_multinomial_train1.14	0.4040254878036852	0.3569224258636673	0.23905208633264755
MSH6_0_multinomial_train1.8	7.7e-322	1.0	4.35e-322
MSH6_0_multinomial_train1.9	7.6e-322	0.9999999999999999	4.3e-322
MLH1_0_multinomial_train1.13	4.94e-322	1.0	2.1e-322
MSH2_0_multinomial_train1.9	6.97e-322	1.0	3.95e-322
MLH1_0_multinomial_train1.14	5.14e-322	1.0	2.17e-322
PMS2_0_multinomial_train1.5	0.24137002433217591	0.758629975667824	6.47e-322
PMS1_0_multinomial_train1.15	0.3093056780730834	0.41995301419475783	0.2707413077321588
MLH1_0_multinomial_train1.15	4.84e-322	1.0	2.08e-322
MLH1_0_multinomial_train1.16	5.04e-322	0.9999999999999999	2.1e-322
MSH2_0_multinomial_train1.10	9.5e-322	0.9999999999999999	6.03e-322
MSH6_0_multinomial_train1.10	7.7e-322	1.0	6.5e-322
MSH6_0_multinomial_train1.11	7.8e-322	1.0	2.2e-322
PMS1_0_multinomial_train1.16	0.2948745676779262	0.4004690323425577	0.304656399979516
PMS2_0_multinomial_train1.6	0.24066686534010504	0.7593331346598949	6.23e-322
PMS1_0_multinomial_train1.17	0.1569344667453808	0.45180051026102563	0.3912650229935935
MSH6_1_multinomial_train1.13	7.36e-322	1.0	4.15e-322
MLH1_0_multinomial_train1.17	7.6e-322	1.0	2.1e-322
PMS1_0_multinomial_train1.18	0.3131063994078576	0.3962137982708147	0.29067980232132756
PMS1_0_multinomial_train1.19	0.2640329715992772	0.5031808948575553	0.2327861335431676
PMS2_0_multinomial_train1.7	0.25288142810647735	0.7471185718935225	9.14e-322
MLH1_0_multinomial_train1.18	4.94e-322	1.0	2.1e-322
PMS1_0_multinomial_train1.20	0.36355194691608195	0.2945627795659881	0.3418852735179301
MSH6_0_multinomial_train1.12	7.8e-322	1.0	4.45e-322
PMS1_0_multinomial_train1.21	0.2594551920907418	0.4547919510702725	0.28575285683898577
MSH6_0_multinomial_train1.13	7.4e-322	1.0	4.2e-322
MSH2_0_multinomial_train1.11	7.46e-322	1.0	6.3e-322
MSH6_0_multinomial_train1.14	5.14e-322	1.0	4.35e-322
MSH2_0_multinomial_train1.12	6.97e-322	0.9999999999999999	3.95e-322
PMS2_0_multinomial_train1.8	0.2537274096779294	0.7462725903220706	6.2e-322
MSH2_0_multinomial_train1.13	7.26e-322	0.9999999999999999	4.1e-322
PMS1_0_multinomial_train1.22	0.2868189653333003	0.40286738684243484	0.3103136478242648
OGG1_1_real_train2	1.7821585953691616e-267	1.49e-321	1.0
RNF168_1_real_train2	0.9040684805859938	0.0959315194140063	2.96e-322
UNG_1_real_train2	0.48927891738386964	0.4133543756731934	0.09736670694293682
ATP2B4_2_real_train2	0.4331468647395377	0.11626153419828333	0.4505916010621789
ATP2B4_3_real_train2	0.510311847588031	0.07150836293479343	0.41817978947717543
MLH1_1_real_train2	1.09e-321	0.9999999999999999	2.3e-322
MSH6_2_real_train2	7.8e-322	1.0	4.4e-322
MSH6_3_real_train2	5.24e-322	1.0	2.2e-322
PMS1_1_real_train2	0.3207137764144131	0.401250430535644	0.278035793049943
PMS2_1_real_train2	0.18437683270358413	0.8156231672964158	3.36e-322
OGG1_1_multinomial_train2	2.745488285210067e-225	2e-321	0.9999999999999999
UNG_1_multinomial_train2	0.4155056217021938	0.488219243491237	0.09627513480656917
UNG_1_multinomial_train2.1	0.5153211083072664	0.41016619173556873	0.07451269995716507
OGG1_1_multinomial_train2.1	6.67e-322	6.57e-322	1.0
UNG_1_multinomial_train2.2	0.5162711874425987	0.37331912074850565	0.11040969180889575
UNG_1_multinomial_train2.3	0.4955183866746753	0.3724726015231557	0.13200901180216904
UNG_1_multinomial_train2.4	0.419545251125244	0.39837334743156577	0.1820814014431902
UNG_1_multinomial_train2.5	0.5290361803882038	0.3809966350090242	0.08996718460277194
UNG_1_multinomial_train2.6	0.45591414320494467	0.45614204422767246	0.08794381256738286
UNG_1_multinomial_train2.7	0.3455681542487096	0.5747111128538147	0.07972073289747551
UNG_1_multinomial_train2.8	0.407462958720357	0.4440210182083386	0.14851602307130443
OGG1_1_multinomial_train2.2	3.7845809334733717e-258	1.49e-321	1.0
OGG1_1_multinomial_train2.3	1.08e-321	7.16e-322	0.9999999999999999
UNG_1_multinomial_train2.9	0.4863740262844386	0.3740951867448483	0.1395307869707131
OGG1_1_multinomial_train2.4	2.184437752760778e-258	9.7e-322	1.0
OGG1_1_multinomial_train2.5	2.3566667471241367e-257	1.25e-321	1.0
OGG1_1_multinomial_train2.6	7.205607854788503e-72	1.9611293952482773e-147	1.0
OGG1_1_multinomial_train2.7	1.235e-321	9.8e-322	1.0
OGG1_1_multinomial_train2.8	5.273667776197558e-200	2.367e-321	0.9999999999999999
UNG_1_multinomial_train2.10	0.5155490010701334	0.41003375595916475	0.074417242970702
OGG1_1_multinomial_train2.9	2.4359769574606792e-197	1.59e-321	1.0
UNG_1_multinomial_train2.11	0.5331539893974236	0.3588945192098787	0.10795149139269765
UNG_1_multinomial_train2.12	0.5498346717871887	0.35925454687805414	0.09091078133475712
OGG1_1_multinomial_train2.10	1.117e-321	9.8e-322	1.0
OGG1_1_multinomial_train2.11	5.019455135627464e-237	1.517e-321	1.0
UNG_1_multinomial_train2.13	0.46368731688885456	0.43664808834219393	0.09966459476895155
UNG_1_multinomial_train2.14	0.5167295093672678	0.3996116137299146	0.08365887690281772
UNG_1_multinomial_train2.15	0.4428141106199399	0.4436768534795622	0.11350903590049774
UNG_1_multinomial_train2.16	0.3836093196720207	0.4864092079427673	0.1299814723852119
OGG1_1_multinomial_train2.12	1.186e-321	1.17e-321	1.0
UNG_1_multinomial_train2.17	0.43560374703120613	0.46884368596416715	0.0955525670046267
OGG1_1_multinomial_train2.13	4.835233584368389e-210	1e-321	1.0
UNG_1_multinomial_train2.18	0.47781522789389186	0.4243863242371147	0.09779844786899354
OGG1_1_multinomial_train2.14	2.5773021169103e-292	9.3e-322	1.0
UNG_1_multinomial_train2.19	0.4333108649588927	0.45705445788767385	0.10963467715343335
UNG_1_multinomial_train2.20	0.46208413421705796	0.44220853388084325	0.09570733190209889
OGG1_1_multinomial_train2.15	8e-322	6.8e-322	1.0
UNG_1_multinomial_train2.21	0.5853145737240131	0.37644702942712377	0.03823839684886307
UNG_1_multinomial_train2.22	0.39247020074246025	0.501532368458077	0.1059974307994628
OGG1_1_multinomial_train2.16	5.453063245914386e-216	2.386e-321	1.0
OGG1_1_multinomial_train2.17	4.980251923744942e-277	1.26e-321	1.0
UNG_1_multinomial_train2.23	0.5499749866523007	0.3577389076775138	0.09228610567018551
OGG1_1_multinomial_train2.18	7.879434401611198e-262	1.986e-321	0.9999999999999999
UNG_1_multinomial_train2.24	0.45898629692865844	0.40993621484591214	0.13107748822542936
UNG_1_multinomial_train2.25	0.344254757326079	0.5154868735734571	0.14025836910046388
UNG_1_multinomial_train2.26	0.5161509575213148	0.3790952994053591	0.10475374307332609
UNG_1_multinomial_train2.27	0.5525538652590416	0.33890792524220664	0.10853820949875186
UNG_1_multinomial_train2.28	0.49390136228246573	0.38943155267709295	0.1166670850404413
OGG1_1_multinomial_train2.19	9.3e-322	9.2e-322	1.0
UNG_1_multinomial_train2.29	0.4872896000702145	0.4138832371651981	0.09882716276458725
OGG1_1_multinomial_train2.20	8.35e-322	7.07e-322	1.0
UNG_1_multinomial_train2.30	0.5395824146819164	0.3803828147534188	0.08003477056466476
UNG_1_multinomial_train2.31	0.5108435401698382	0.4426661431326674	0.046490316697494385
UNG_1_multinomial_train2.32	0.5171651123951657	0.4092613713453053	0.07357351625952888
UNG_1_multinomial_train2.33	0.4417290896787226	0.46077032578943067	0.09750058453184686
OGG1_1_multinomial_train2.21	1.186e-321	1.17e-321	1.0
UNG_1_multinomial_train2.34	0.5663504497584497	0.3434971878627308	0.09015236237881943
OGG1_1_multinomial_train2.22	1.3568150143812379e-195	1.0813145539895593e-293	1.0
OGG1_1_multinomial_train2.23	1.0021950595419172e-184	1.813e-321	1.0
UNG_1_multinomial_train2.35	0.49930321398735433	0.38520822306377017	0.11548856294887554
UNG_1_multinomial_train2.36	0.43426853930883214	0.4660339759530515	0.09969748473811639
OGG1_1_multinomial_train2.24	2.719085537406417e-159	2.406e-321	1.0
UNG_1_multinomial_train2.37	0.6076675806363696	0.355043373915295	0.037289045448335334
OGG1_1_multinomial_train2.25	1.5196657952218896e-293	9.6e-322	1.0
UNG_1_multinomial_train2.38	0.5080525715016029	0.38302964436141357	0.1089177841369835
OGG1_1_multinomial_train2.26	1.11e-321	9.8e-322	1.0
OGG1_1_multinomial_train2.27	3.1793539441891514e-206	1.793e-321	1.0
OGG1_1_multinomial_train2.28	6.580879689391579e-169	1.956e-321	0.9999999999999999
OGG1_1_multinomial_train2.29	3.099414701104886e-179	1.793e-321	1.0
OGG1_1_multinomial_train2.30	2.1929443525258164e-240	1.26e-321	1.0
UNG_1_multinomial_train2.39	0.5849009535198506	0.33433550906654014	0.08076353741360907
UNG_1_multinomial_train2.40	0.5376761114063613	0.3272614593944482	0.13506242919919062
OGG1_1_multinomial_train2.31	8.806272155984356e-138	1.6987466258582079e-208	0.9999999999999999
OGG1_1_multinomial_train2.32	6.391253229792167e-301	1.25e-321	1.0
OGG1_1_multinomial_train2.33	9.978868245432402e-59	1.3686415333830204e-191	1.0
UNG_1_multinomial_train2.41	0.605827219189828	0.3263088478258049	0.06786393298436721
UNG_1_multinomial_train2.42	0.602734473586608	0.37274203250480353	0.024523493908588424
OGG1_1_multinomial_train2.34	9.4e-322	6.97e-322	1.0
UNG_1_multinomial_train2.43	0.382607798247119	0.5022528981728092	0.11513930358007203
OGG1_1_multinomial_train2.35	1.0623669281243749e-243	1.2e-321	1.0
OGG1_1_multinomial_train2.36	2.9037384652057966e-136	3.501354764093234e-295	0.9999999999999999
UNG_1_multinomial_train2.44	0.5097283687460576	0.3781463507306641	0.11212528052327826
OGG1_1_multinomial_train2.37	2.8426765507575333e-251	2.115e-321	1.0
UNG_1_multinomial_train2.45	0.5425457216040712	0.3997198860573512	0.057734392338577425
UNG_1_multinomial_train2.46	0.47830348494297104	0.4630171971403187	0.05867931791671023
UNG_1_multinomial_train2.47	0.49578692862290663	0.3938816682889669	0.11033140308812628
UNG_1_multinomial_train2.48	0.5435104629737688	0.385175836076	0.07131370095023115
UNG_1_multinomial_train2.49	0.5086600424035577	0.4074310908608672	0.08390886673557513
UNG_1_multinomial_train2.50	0.43569010001859165	0.47001205821355974	0.09429784176784871
OGG1_1_multinomial_train2.38	7.034471440453459e-278	1.24e-321	1.0
UNG_1_multinomial_train2.51	0.6442432139016542	0.2817223500256947	0.07403443607265121
UNG_1_multinomial_train2.52	0.5058525049875386	0.3925408095011282	0.10160668551133321
OGG1_1_multinomial_train2.39	1.2736119381053712e-147	2.115e-321	1.0
OGG1_1_multinomial_train2.40	2.924541293779205e-250	1.27e-321	1.0
UNG_1_multinomial_train2.53	0.5245138617789662	0.36346378835637155	0.11202234986466207
OGG1_1_multinomial_train2.41	1.1087954823628653e-79	4.333699985181688e-240	1.0
OGG1_1_multinomial_train2.42	2.514936894497169e-248	1.245e-321	1.0
UNG_1_multinomial_train2.54	0.5641599099182004	0.33497290426615617	0.1008671858156434
RNF168_1_multinomial_train2	0.8775682953992199	0.1224317046007802	8.65e-322
RNF168_1_multinomial_train2.1	0.866414323546288	0.1335856764537121	3.1e-322
RNF168_1_multinomial_train2.2	0.8984684109353503	0.10153158906464965	4.8e-322
RNF168_1_multinomial_train2.3	0.8658049821224336	0.1341950178775663	1.5e-322
RNF168_1_multinomial_train2.4	0.9791018033834527	0.02089819661654741	2.96e-322
RNF168_1_multinomial_train2.5	0.8828198660818691	0.11718013391813074	4.55e-322
RNF168_1_multinomial_train2.6	0.9413625680468188	0.05863743195318119	1.43e-322
RNF168_1_multinomial_train2.7	1.0	1.262886e-318	4.5e-322
RNF168_1_multinomial_train2.8	0.915624386949778	0.08437561305022213	1.4e-322
RNF168_1_multinomial_train2.9	0.9988005197577844	0.0011994802422155705	1.3e-322
RNF168_1_multinomial_train2.10	0.9233438199607561	0.07665618003924392	1.53e-322
