Samples	SBS96A	SBS96B	SBS96C	SBS96D	SBS96E
OGG1_boot	0.9069078121905553	0.01794534815287466	5.7e-322	0.02051974763101475	0.05462709202555534
OGG1_boot.1	0.8568036568042469	7.343660076508459e-106	0.026331907118235617	0.025100242484305153	0.09176419359321229
OGG1_boot.2	0.841990671473129	0.0007607347842854388	0.07147432565211641	0.05349999585167806	0.03227427223879099
OGG1_boot.3	0.8002529350165761	2.89e-321	0.11242996644300551	0.01661943663465945	0.07069766190575895
OGG1_boot.4	0.7208290022391624	0.021102002524025373	0.1654171487298466	0.04982336294782604	0.042828483559139506
OGG1_boot.5	0.8698922028800609	0.051731522590905916	8.779674905985821e-27	2.297e-321	0.07837627452903319
OGG1_boot.6	0.8286414755384892	0.042175467403572114	0.014096174368630927	0.06510773308584646	0.04997914960346115
OGG1_boot.7	0.8433804071158552	0.019044495811361698	0.04271873738371034	0.028768766978274976	0.06608759271079767
OGG1_boot.8	0.8013966038830739	6.392218076806754e-235	0.09726034220933621	0.035377255991336905	0.06596579791625296
OGG1_boot.9	0.7507329203830851	0.012423639222513246	0.13107147417757908	0.0391538871247846	0.06661807909203799
OGG1_boot.10	0.8517534898304215	0.007110483849924852	0.10531323030862508	0.0030427869190500865	0.03278000909197824
OGG1_boot.11	0.7590331151872743	0.01711323644332165	0.17822298235643877	0.04317537181964517	0.0024552941933201895
OGG1_boot.12	0.8491070946073562	0.018808330106044383	0.04637113527017433	0.029747951713489616	0.055965488302935414
OGG1_boot.13	0.8501868102888134	0.006715975090826955	0.023107769710880504	0.06577956342986144	0.05420988147961771
OGG1_boot.14	0.7597971457490668	0.018470226290329263	0.13726088316634652	0.023481662825703818	0.06099008196855352
OGG1_boot.15	0.7303991632877455	8.226029392982581e-33	0.1758517145276199	0.04496110072060741	0.048788021464027075
OGG1_boot.16	0.8805734985879603	0.04691614511247224	7.530435012778485e-194	1.897e-321	0.07251035629956734
OGG1_boot.17	0.7620345520091734	4.965e-321	0.12291111281943562	0.025897997346581346	0.0891563378248096
OGG1_boot.18	0.7325903791674874	2.9460615396994585e-229	0.19387524495599456	1.833e-321	0.07353437587651819
OGG1_boot.19	0.7319905437991485	0.02845728174334153	0.17515337964163324	0.007992015752359095	0.05640677906351776
OGG1_boot.20	0.7779017927122971	0.03866427201977828	0.1123249654230289	0.033859258436749695	0.03724971140814606
OGG1_boot.21	0.8884553621405693	0.022209469573804444	0.010342876611748167	0.054392011541531796	0.024600280132346237
OGG1_boot.22	0.7104836181834788	0.03457227292160634	0.1435644002608851	0.0450171721250367	0.066362536508993
OGG1_boot.23	0.8227060307326314	0.006436169419653344	0.06759152354427045	0.03535932206784651	0.0679069542355983
OGG1_boot.24	0.7441514198201715	0.0845793957061187	0.06055289158741574	0.019333410960195252	0.09138288192609875
OGG1_boot.25	0.7746529988551286	3.456206466712012e-91	0.1010897330149893	0.03661239949552706	0.08764486863435494
OGG1_boot.26	0.7603564954061895	3.356104507882805e-267	0.13862758288981683	0.025415237855273505	0.07560068384872022
OGG1_boot.27	0.816725370711443	1.2964430306744784e-306	0.13186484949407498	8.115796350688967e-59	0.05140977979448187
OGG1_boot.28	0.7965186092444072	0.09219549015820032	0.042239087871041595	0.053219197430014915	0.015827615296335956
OGG1_boot.29	0.8472927463816899	0.0012241613780674232	0.03352384853294547	0.05338901832449589	0.06457022538280123
OGG1_boot.30	0.8798993248904484	2.46e-321	1.0346260717249628e-50	0.06500933306557488	0.055091342043976754
OGG1_boot.31	0.8398820959746077	0.01231859310760589	0.08283662425167437	0.025943282560084394	0.03901940410602751
OGG1_boot.32	0.7814253146801461	1.128310478130287e-55	0.15457351412177697	0.009253468308803345	0.05474770288927357
OGG1_boot.33	0.8124328677864433	2.362863249221155e-73	0.10194761672041044	0.038372928295896024	0.04724658719725017
OGG1_boot.34	0.7914118662747475	0.013932067550950885	0.114806608328277	0.04355670257290542	0.036292755273119336
OGG1_boot.35	0.7919362220704469	0.0394531420302331	0.11474048965455123	0.0005882750665703997	0.05328187117819827
OGG1_boot.36	0.8313751767310583	0.044857914299681945	0.07001147835717714	0.03842253899022097	0.015332891621861668
OGG1_boot.37	0.7898678611294042	2.95e-321	0.12852184526689683	0.02559556582717682	0.05601472777652216
OGG1_boot.38	0.8796193196178651	1.9854961847449265e-264	0.05259682091745213	0.03617609569056917	0.03160776377411371
OGG1_boot.39	0.7318845510428742	1.57e-321	0.1985982212345657	2.120833823505594e-282	0.06951722772256015
OGG1_boot.40	0.8377109057929512	4.606391248203499e-295	0.04429749205631824	0.030412263934822114	0.08757933821590858
OGG1_boot.41	0.8308701435757587	0.011969927499801043	0.03885453563992479	0.033079953220509065	0.08522544006400651
OGG1_boot.42	0.79571895417521	0.010119214387390378	0.1302987471899891	0.02026566494636939	0.04359741930104109
OGG1_boot.43	0.809355598616262	6.846207512842646e-47	0.13645449959828304	0.017342419152519224	0.03684748263293567
OGG1_boot.44	0.8070350173367906	1.5837018944522024e-228	0.14161602736921594	0.005855773665590866	0.045493181628402525
OGG1_boot.45	0.8369612805274631	2.480346077351953e-246	0.07585423874812054	0.016345868323423707	0.0708386124009927
OGG1_boot.46	0.7680197270630161	0.03061768239488495	0.09682832016031447	0.08127914549318557	0.023255124888598964
OGG1_boot.47	0.7896843784675	0.04910338563800873	0.10406075535242586	0.05715148054206533	9.78851271423572e-31
OGG1_boot.48	0.7977663786006477	0.06917975827198228	0.04659484199422597	0.0831434993059913	0.0033155218271528407
OGG1_boot.49	0.7435254516564527	0.07622398656911823	0.13430099426902825	0.04594956750540093	6.583339406041511e-304
OGG1_boot.50	0.8649303540571364	0.07275265413458679	0.017980823933669468	0.03666376070448708	0.00767240717012027
OGG1_boot.51	0.8312996116315994	0.07488509881876805	0.056185848747305846	0.03762944080232676	1.88e-321
OGG1_boot.52	0.8798735802085598	0.06070083452625362	0.005692653295007112	0.04570059624646707	0.00803233572371258
OGG1_boot.53	0.7513393062556994	0.051997090834741286	0.13486830924216744	0.06179529366739174	3.938378756828597e-219
OGG1_boot.54	0.8058280875832723	1.2881893164331864e-40	0.15071430831140734	0.015167068046179656	0.0282905360591409
OGG1_boot.55	0.7901845103940344	0.07895949357297838	0.04000656656160882	0.0908494294713784	2.614711491844763e-91
OGG1_boot.56	0.8040133688137485	0.06496361104576219	0.05143935876981535	0.07825176329540205	0.0013318980752718866
OGG1_boot.57	0.8193975912478524	0.044203612260619515	0.09115666400450291	0.03813899555078576	0.0071031369362393295
OGG1_boot.58	0.8321291636959973	0.05483947909953199	0.08483241385851843	0.02819894334595222	2.026e-321
OGG1_boot.59	0.7588113907217675	0.056285365006561026	0.16317850731294054	0.021724736958730943	3.034e-321
OGG1_boot.60	0.7365338135512769	0.07289902905260688	0.15603953727335063	0.03361312376014979	0.0009144963626157921
OGG1_boot.61	0.789413079264391	0.07571406326956624	0.11339175154194035	0.021481073040459955	3.2883642382543296e-08
OGG1_boot.62	0.7559942570580103	0.06918155288520174	0.10994277133175219	0.06488141872503583	3.113e-321
OGG1_boot.63	0.8339362996989967	0.06239141087474924	0.0408828746152281	0.028259093625466816	0.03453032118555907
OGG1_boot.64	0.8249019480235191	0.08765652755574103	0.06276684491824021	0.023538254911052308	0.0011364245914472627
OGG1_boot.65	0.747311337846418	0.07161756250988456	0.10077529856693587	0.08029580107676162	3.137886517372556e-247
OGG1_boot.66	0.8338215102757327	0.05979073502012055	0.04889537475373806	0.05749237995040884	4.7737e-319
OGG1_boot.67	0.8358687692273711	0.08946712096666239	0.016061762115723847	0.058602347690242744	3.0107260905033987e-286
OGG1_boot.68	0.7913834638940596	0.11849061323556376	0.011671550437848996	0.07845437243252774	6.78200526122942e-110
OGG1_boot.69	0.8370401907851853	0.04839395178306776	0.06882259908645239	0.045743258345273284	2.1133632257717377e-14
OGG1_boot.70	0.836758288495822	0.04751625173261441	0.04785339669504601	0.04989148016488401	0.017980582911633528
OGG1_boot.71	0.8125182196353611	0.042378600275000664	0.08827484810523865	0.05682833198439957	1.797433466268216e-234
OGG1_boot.72	0.791669558411608	0.08721095239522046	0.09051855787768803	0.030600931315483575	3.65e-321
OGG1_boot.73	0.8260226120971745	0.07377277533826053	0.04886503469001343	0.03511753855652009	0.01622203931803139
OGG1_boot.74	0.7883132061637301	0.07967777891202801	0.07045374114673689	0.06155527377750497	1.0085741024859035e-121
OGG1_boot.75	0.825347834001992	0.037905079874503006	0.07636416845708023	0.041532787389639635	0.018850130276785133
OGG1_boot.76	0.8588343978467562	0.02765847340109312	0.066238345709273	0.04726878304287758	8.089295973882782e-133
OGG1_boot.77	0.775627022482024	0.06939333228329223	0.13570796264126075	0.019271682515577475	7.784553876765866e-11
OGG1_boot.78	0.841241636777726	0.04005578908325807	0.09840327998650057	0.019016725427108448	0.0012825687254068244
OGG1_boot.79	0.7990553590109074	0.10330632356225398	0.038992143347536645	0.058646174079301915	3.06e-321
OGG1_boot.80	0.8047039136202201	0.05897595397195903	0.07469074132351998	0.053889021281098126	0.007740369803202743
OGG1_boot.81	0.8199091089551545	0.03472801887586603	0.09279888665203158	0.05256398551694795	2.67e-321
OGG1_boot.82	0.791252240038147	0.05449914802031381	0.11846598153011591	0.03578263041142324	2.5879308534526584e-280
OGG1_boot.83	0.8152052136379335	0.07217017782739239	0.07121283721665662	0.0414117713180174	6.236985512110454e-155
OGG1_boot.84	0.8115582897045164	0.02939615841139487	0.12462944183497977	0.0010495262552864782	0.03336658379382241
OGG1_boot.85	0.8287886791468618	0.0082544530846013	0.09938809484956468	0.036056702821589265	0.02751207009738296
OGG1_boot.86	0.7809268361180237	0.046034539383405675	0.1218542699482558	0.03891582727359164	0.01226852727672313
OGG1_boot.87	0.7974435703441382	0.07157345649604001	0.08804179841830932	0.033411404397203456	0.00952977034430902
OGG1_boot.88	0.790183106202834	0.07430156412459907	0.08897559055132193	0.04653973912124498	3.5264037625985164e-189
OGG1_boot.89	0.7841705942760296	0.08438043692798279	0.10211307460650013	0.0293358941894876	2.683e-321
OGG1_boot.90	0.6929857876440618	4.47e-321	0.2992858622583107	2.683394483808995e-153	0.007728350097627482
OGG1_boot.91	0.8281554695276208	0.024069372283487014	0.1155527170434854	0.0124668521054641	0.019755589039942876
OGG1_boot.92	0.7822215600092033	0.031117734517958465	0.16778667991220705	0.002072840633391307	0.016801184927239886
OGG1_boot.93	0.7232304938575398	0.017578023430301386	0.21961581476030487	0.025327242998349597	0.014248424953504367
OGG1_boot.94	0.643699759479518	7.141030306558965e-34	0.34495318393906294	1.754e-321	0.011347056581419107
OGG1_boot.95	0.7245843057361747	0.0357343182655591	0.23169554863831598	0.007985827359950062	1.5802899327312175e-28
OGG1_boot.96	0.6151346700840146	2.59e-321	0.37576524405400813	2.747e-321	0.009100085861977192
OGG1_boot.97	0.7750434405546008	0.02070677884071434	0.15274333049619754	0.0058813473496071795	0.04562510275888006
OGG1_boot.98	0.7352113714460793	3.89e-321	0.23316595452738528	2.47e-321	0.03162267402653541
OGG1_boot.99	0.6442287248819974	0.0003668660978103954	0.35540440902019205	4.5130529504785595e-107	3.01e-321
OGG1_boot.100	0.7760489164342241	0.022219001173616176	0.16130646009806893	0.010402352860855954	0.030023269433234755
OGG1_boot.101	0.8024356322646433	0.047386659323280594	0.09846619692793632	0.0069276835567528726	0.044783827927386825
OGG1_boot.102	0.7501227364485692	0.01908330535299095	0.1808998595311531	0.031052331568170333	0.01884176709911657
OGG1_boot.103	0.7282630209754375	0.03060286921675908	0.16900287727526192	0.035560632576655704	0.03657059995588594
OGG1_boot.104	0.8458595402155271	6.64565524560176e-61	0.12231811521824024	0.03182234456623262	3.305e-321
OGG1_boot.105	0.6525580294729769	0.020287824798250486	0.2929593214650071	0.021753407289328636	0.01244141697443688
OGG1_boot.106	0.6652922665688307	7.816310122106733e-120	0.2941881210010584	1.1306032480996302e-12	0.040519612428980285
OGG1_boot.107	0.7374086163668732	6.04239782143644e-286	0.24304806594270761	0.01954331769041912	4.9704625208494405e-52
OGG1_boot.108	0.7448012099089735	0.03997694376857303	0.21522184632245348	6.706907669874212e-154	3.3912664606540064e-47
OGG1_boot.109	0.7629918930467536	1.9441854649628905e-232	0.2075651438057895	0.010186362340170396	0.01925660080728636
OGG1_boot.110	0.7093508733104732	0.02191895388660023	0.2493602981465796	2.317e-321	0.019369874656346864
OGG1_boot.111	0.6811955815634427	7.943256089210411e-95	0.21891690780001288	0.004250115424031313	0.0956373952125129
OGG1_boot.112	0.7250016521938693	0.03369295880818281	0.17479003475859795	0.06651535423935008	3.092121446935006e-181
OGG1_boot.113	0.7384980557254859	0.021437304110003594	0.2123460579668152	6.283575627315746e-127	0.027718582197695494
OGG1_boot.114	0.7706263614351544	0.0005679851280790396	0.1881492573389362	7.659632932008767e-185	0.040656396097830234
OGG1_boot.115	0.7398684692441191	0.03235956327834186	0.2277719673084447	1.690942909015159e-10	3.731963325396833e-206
OGG1_boot.116	0.6165454773526899	0.06416467504690891	0.3192898476004011	5.272911007352459e-130	1.2497768951473196e-183
OGG1_boot.117	0.7587375371944343	5.31e-321	0.18010729191505467	0.021703420317755774	0.03945175057275543
OGG1_boot.118	0.7687200988543373	0.016210220468113212	0.1946925300191142	0.011285061845194394	0.009092088813240787
OGG1_boot.119	0.7709748153066635	1.987324658266553e-66	0.1612684759867762	0.033328559184594785	0.03442814952196574
OGG1_boot.120	0.7640345843474221	0.013753346176643947	0.16043540289718636	0.043051378443455315	0.01872528813529225
OGG1_boot.121	0.703149089267141	2.08e-321	0.2387437315760807	2.61e-321	0.05810717915677814
OGG1_boot.122	0.771834377517675	0.024508468301526334	0.2036571541807987	4.188299748982219e-149	1.1176596611379103e-72
OGG1_boot.123	0.8586442456734721	0.009342622958612089	0.053246743353163685	0.03769112978194401	0.04107525823280828
OGG1_boot.124	0.674469977619842	1.497e-321	0.2857818794371427	1.09e-321	0.03974814294301537
OGG1_boot.125	0.7029447056417951	0.03315514243278321	0.20382369655409469	0.009460702640578746	0.0506157527307483
OGG1_boot.126	0.740437219756328	0.0005236172968221966	0.22961358428593878	2.62e-321	0.029425578660911163
OGG1_boot.127	0.7482876834855839	0.021735480515879646	0.16340971612532887	0.025145017991436844	0.0414221018817707
OGG1_boot.128	0.6804741428038831	0.030695232172491548	0.27774756659457583	2.52e-321	0.011083058429049672
OGG1_boot.129	0.6363242487627179	2.154e-321	0.31868755053337394	6.057635507324915e-97	0.04498820070390815
OGG1_boot.130	0.7469089199246409	2.975645046784997e-153	0.20422816768433322	6.1803306355122136e-282	0.04886291239102594
OGG1_boot.131	0.6453148101811472	0.015070861197656023	0.3396143286211968	1.2946423719821478e-195	9.488273208759718e-207
OGG1_boot.132	0.6543683421292177	2.0894519294406997e-176	0.3317503975851442	0.013881260285638233	2.253e-321
OGG1_boot.133	0.7149033985081243	0.02904983670050748	0.25604676479136834	1.018292847181341e-124	4.338845940884518e-230
OGG1_boot.134	0.7302927849518419	0.054022414910161916	0.21375258266732883	0.0019322174706673458	4.1329670520745836e-53
OGG1_boot.135	0.7875235117015642	0.015642282073645934	0.16178177263775267	0.03505243358703705	1.8623487487785275e-67
OGG1_boot.136	0.7741303648389495	8.110231626085353e-111	0.19121998563224327	0.009434169699762797	0.02521547982904428
OGG1_boot.137	0.8309792369507858	1.4654e-320	0.16902076304921423	1.033e-321	1.5896295059916443e-173
OGG1_boot.138	0.7943758420826877	1.0553316797157255e-48	0.17940430580598893	3.030236749049912e-65	0.026219852111323303
OGG1_real	0.8214680385789814	0.006063227697703614	0.09111496861311447	0.021100348845470344	0.06025341626473019
OGG1_real.1	0.8086663841183065	0.06025941174096748	0.08231597719808895	0.04845694214225018	0.00030128480038701396
OGG1_real.2	0.7407171068822964	0.007135355079789315	0.21667189229053352	0.0061630683858524766	0.029312577361528126
UNG_boot	0.07498813705075098	0.09704647102540483	0.24872801390425772	0.5792373780195863	2.0196058665889318e-51
UNG_boot.1	0.12641535994236341	0.12616885643083522	0.13730746091262716	0.5798703936733587	0.030237929040815466
UNG_boot.2	0.13148200059810214	0.005546108202323794	0.2823276600978792	0.5585211759673613	0.02212305513433355
UNG_boot.3	0.1284996185853776	0.10789783454193712	0.21775444691521664	0.5458480999574686	8.55e-322
UNG_boot.4	0.0650738028609119	0.057912009754516075	0.3280284364331035	0.511638408205598	0.03734734274587056
UNG_boot.5	0.11242628422487587	0.09779690424349344	0.2767709672877641	0.5010039127169323	0.01200193152693414
UNG_boot.6	0.0770047496971647	0.10198031458158138	0.3255235277154689	0.49549140800578506	5.04e-322
UNG_boot.7	0.05167956390128082	0.0465258717242077	0.26367112796940034	0.6381234364051113	1.91019383282253e-204
UNG_boot.8	0.17327889697182408	0.07228259839635741	0.10117500222796962	0.5909621986477797	0.06230130375606926
UNG_boot.9	0.14748423374804295	0.021072665776483566	0.2810047331864322	0.5158439565705449	0.034594410718496255
UNG_boot.10	0.20420628683943307	0.019468241362443257	0.13384758245731437	0.6424778893408093	1.033948798679324e-186
UNG_boot.11	0.15033104294597088	0.053625221545311776	0.21537943128263262	0.5661201443813053	0.014544159844779246
UNG_boot.12	0.09961682205407471	0.056110303592160786	0.2555009393370883	0.5887719350166762	6.373721665180472e-27
UNG_boot.13	0.08241382170895759	0.10287190132193327	0.251433874313747	0.5089737700453173	0.054306632610044855
UNG_boot.14	0.03082732438112869	0.006374976900763703	0.30669627765180385	0.6561014210663038	1.09e-321
UNG_boot.15	0.0741646958534846	0.08662620628014094	0.1721493724405638	0.6670597254258108	6.391612248032752e-112
UNG_boot.16	0.0941163636864118	0.03364805959176086	0.2926245671455134	0.5796110095763138	6.338756629389572e-30
UNG_boot.17	0.10826887079197066	0.0966314237710535	0.25685590982520823	0.5286329080337999	0.009610887577967764
UNG_boot.18	0.16814519907318473	0.08584768632164644	0.1193752816858	0.6266318329193689	5.793238726649904e-266
UNG_boot.19	0.07895369165744219	3.0068637059978098e-05	0.2725947365198672	0.5592006384635709	0.08922086472205971
UNG_boot.20	0.16424447665093161	0.09887366059103021	0.1948119565848812	0.5420699061731569	8e-322
UNG_boot.21	0.07007544488882862	0.09243633897700713	0.32006322712434504	0.5174249890098193	1.245e-321
UNG_boot.22	0.09121021811302336	0.12147185814680339	0.14871231068305527	0.6386056130571178	7.26e-322
UNG_boot.23	0.12217332764183497	0.02878224822384564	0.27504968662558205	0.5739947375087373	1.2225552673983208e-166
UNG_boot.24	0.07884033669425845	0.053954120994789	0.19036717761449246	0.6768383646964602	5.2e-322
UNG_boot.25	0.1833961596783334	0.029172511497676197	0.2034222558231747	0.5840090730008156	1.457e-321
UNG_boot.26	0.1175725016206062	0.09116569492180651	0.3043252584509605	0.486936545006627	2.16e-321
UNG_boot.27	0.07670623899661382	0.1618139780810272	0.2148528003377053	0.5466269825846535	2.006e-321
UNG_boot.28	0.18581005231742684	0.07324580276088292	0.2115531013098907	0.5293910436117996	2.045e-321
UNG_boot.29	0.09061007388076513	0.10598921759077731	0.17916457320385254	0.624236135324605	2.134e-321
UNG_boot.30	0.14974096602391584	0.06030315849993628	0.1746697898139671	0.6152860856621809	3.6028497868315047e-19
UNG_boot.31	0.06816370412502472	0.06910870878919687	0.2609319190533053	0.6017956680324732	1.89e-321
UNG_boot.32	0.09042520748320089	0.03698806055050855	0.3759901321917967	0.4965965997744939	2.9570652896840387e-199
UNG_boot.33	0.05920369927441128	0.10383736444970466	0.32304136204483097	0.49911685136968353	0.014800722861369579
UNG_boot.34	0.15912868099746832	0.05985014942406934	0.17585697511630868	0.6051641944621537	1.37e-321
UNG_boot.35	0.07312626317360237	0.03751040328240911	0.28498054377156395	0.603313362250895	0.001069427521529634
UNG_boot.36	0.13534276892374533	0.05668056759312689	0.2174708147770265	0.5905058487061011	5.4e-322
UNG_boot.37	0.173760767984382	0.042226775669964335	0.2108482284300549	0.495233235010907	0.07793099290469178
UNG_boot.38	0.06938677954469168	0.012459464467727898	0.3260122387562379	0.5921415172313427	7.6e-322
UNG_boot.39	0.11253359885394486	0.02576831894023619	0.2672250564073012	0.5944730257985176	1.56e-321
UNG_boot.40	0.1934142463453317	0.12719952964347378	0.08204981850789174	0.5973364055033028	1.96e-321
UNG_boot.41	0.07797010314377038	1.5516540752407309e-80	0.2610741050252218	0.6337963929684944	0.02715939886251342
UNG_boot.42	0.07058356266440989	0.09885874934700677	0.26427297299513347	0.5662847149934498	8.4e-322
UNG_boot.43	0.1779875675514292	0.10710583439785921	0.1288103616515545	0.5860962363991571	2.006e-321
UNG_boot.44	0.14283995104387934	0.057202845210626664	0.2564431612121346	0.5435140425333593	5.986998365127899e-130
UNG_boot.45	0.11439207219414302	0.06517416022961028	0.16933034961333246	0.642815627206688	0.008287790756226415
UNG_boot.46	0.15263244481000282	0.024148640432290994	0.14382074375290538	0.6793981710048008	1.596e-321
UNG_boot.47	0.10501123860403883	0.029186925026577017	0.27703452664062717	0.588767309728757	1.05e-321
UNG_boot.48	0.12934521807628133	0.10851408587815697	0.16056738390334063	0.6015733121422211	2.42e-321
UNG_boot.49	0.11052126726854962	0.03952355279048507	0.36213551402311106	0.47658990218014285	0.011229763737711423
UNG_boot.50	0.0955754579475138	0.11835839246101097	0.14863755652043806	0.6308330296239613	0.00659556344707583
UNG_boot.51	0.10320765969530728	0.02661122589725415	0.18678884182978578	0.6022775874094501	0.0811146851682027
UNG_boot.52	0.0434405312061592	0.01897471834205589	0.291288948082277	0.6462958023695079	2.2831294278982805e-82
UNG_boot.53	0.12513024174123408	4.12e-321	0.21029631422300502	0.5855099586296773	0.07906348540608349
UNG_boot.54	0.07698244079921641	0.029769968518000723	0.20666849108284965	0.6643738088656006	0.02220529073433279
UNG_boot.55	0.09602895079097028	4.321478318563556e-18	0.2726667922727056	0.5618713274787328	0.06943292945759134
UNG_boot.56	0.07573060489757318	0.023124451253654855	0.1889040064085825	0.6640387051641201	0.04820223227606932
UNG_boot.57	0.12671212910098953	2.317e-321	0.14642271171563437	0.6152742695365979	0.11159088964677803
UNG_boot.58	0.1204891622285802	1.784e-321	0.18666389439337144	0.589095544485138	0.10375139889291053
UNG_boot.59	0.12694957430636158	0.04350305910690539	0.18935355026635323	0.6117497908983786	0.028444025422001355
UNG_boot.60	0.1172542667125131	0.01662868422267837	0.25055634142156086	0.5360428117201932	0.07951789592305464
UNG_boot.61	0.09878187484068338	4.165e-321	0.2020211144205461	0.588446755384278	0.11075025535449265
UNG_boot.62	0.0544854600995911	1.66e-321	0.22503972825274954	0.6220457234828398	0.09842908816481948
UNG_boot.63	0.08854149236218486	5.07e-321	0.1678550551557169	0.6743173912065433	0.06928606127555506
UNG_boot.64	0.08085617642376677	0.031688834924490705	0.26360923000633146	0.6198528003185408	0.003992958326870213
UNG_boot.65	0.15175610507438592	1.84e-321	0.1148549273952657	0.6509041418816846	0.08248482564866379
UNG_boot.66	0.1513307209951308	3.5663841987651976e-282	0.1441554228832755	0.6462039061508899	0.058309949970703816
UNG_boot.67	0.12670181178390943	2.507055648912936e-07	0.21340891935985287	0.5905068840178322	0.06938213413284063
UNG_boot.68	0.11597925771469862	0.007502142489487523	0.1391356896521953	0.6371828265827402	0.10020008356087844
UNG_boot.69	0.09274937540789491	0.05525523271001919	0.19753131878088132	0.6131781712079489	0.041285901893255685
UNG_boot.70	0.06713270319090671	0.04693655383983635	0.31214639399918537	0.5737843489700717	2.564e-321
UNG_boot.71	0.14971041411977418	0.01885260566780059	0.1684073615390471	0.6292561302210092	0.03377348845236887
UNG_boot.72	0.06060481225443372	0.10669030448427916	0.22441431620864308	0.5918278262378462	0.01646274081479778
UNG_boot.73	0.1293532546426365	1.645e-321	0.1468686853750808	0.577602579322967	0.14617548065931574
UNG_boot.74	0.10953698603781782	8.635896888555635e-114	0.15457565649391383	0.6069828990380262	0.12890445843024215
UNG_boot.75	0.1056155906179597	0.043729573227193765	0.16476789988175367	0.6229003354578202	0.0629866008152728
UNG_boot.76	0.11276712915235966	4.92e-321	0.172025969315323	0.6272054937013795	0.08800140783093777
UNG_boot.77	0.13978760610080984	0.005207159644199402	0.17304191144395875	0.599306522112522	0.08265680069851002
UNG_boot.78	0.09011077799922147	0.061593611270452694	0.25443646436620265	0.5537706900910515	0.04008845627307163
UNG_boot.79	0.1380308421310962	3.454e-321	0.2355320022519277	0.5597377256915241	0.06669942992545197
UNG_boot.80	0.0483547438378682	1.625e-321	0.2901341266094791	0.5439962653744319	0.11751486417822075
UNG_boot.81	0.11585646381117744	1.2157765929352583e-67	0.15716395713995548	0.5726776646954594	0.1543019143534077
UNG_boot.82	0.13143035244105097	0.0025574643303811462	0.12034515710755056	0.6689015563959424	0.0767654697250749
UNG_boot.83	0.08115437626663928	0.05746924594669505	0.23659011102357777	0.5926047271236022	0.0321815396394858
UNG_boot.84	0.0783085515844692	2.288e-321	0.2458801629311932	0.5851042549841179	0.09070703050021985
UNG_boot.85	0.15055386645728366	0.030074481465431232	0.16071888113528152	0.5931069268447554	0.06554584409724816
UNG_boot.86	0.12251922445834428	0.03023475670171062	0.16842304354042412	0.6498092565881639	0.029013718711357005
UNG_boot.87	0.12477277497442361	9.614938742636831e-231	0.23364375874907597	0.5671821993075332	0.07440126696896711
UNG_boot.88	0.11288374067989415	1.546e-321	0.18705195278697592	0.5913979077329979	0.10866639880013199
UNG_boot.89	0.09523238419264181	0.03439502489475937	0.1482822253156158	0.658459794755767	0.06363057084121594
UNG_boot.90	0.058321415563405726	1.0946910613217162e-12	0.2804027832870968	0.5853410384451831	0.07593476270321978
UNG_boot.91	0.10659373974896665	8.855156128666286e-186	0.1761776327262868	0.6318549307677834	0.08537369675696307
UNG_boot.92	0.07553206634536982	0.007853675768078343	0.20539316864153426	0.6316823766372296	0.07953871260778801
UNG_boot.93	0.12219110528619445	0.02517666541794096	0.22861148388156047	0.590688568965822	0.033332176448482076
UNG_boot.94	0.11205470591930392	0.028324368547593126	0.21790856833803568	0.5823124717400511	0.05939988545501631
UNG_boot.95	0.09967686227634796	4.8e-321	0.2297282070297967	0.5778340851092759	0.09276084558457941
UNG_boot.96	0.1273493780579432	0.05567716361839567	0.12800131216573335	0.6380193637207094	0.05095278243721826
UNG_boot.97	0.05386186593517829	3.07e-321	0.2143959733879296	0.6156896763090142	0.11605248436787795
UNG_boot.98	0.11645590307550437	0.03989110256767979	0.19283252273691742	0.6508204716198984	1.845350509268603e-171
UNG_boot.99	0.11611640112525239	0.012086323068880475	0.2704984214877998	0.581825807731364	0.01947304658670322
UNG_boot.100	0.06365815595593083	0.0534606713206746	0.13823536122068386	0.6419051178199879	0.10274069368272289
UNG_boot.101	0.08421873624038503	0.005849123876207361	0.2249138695428281	0.6377432923074562	0.047274978033123284
UNG_boot.102	0.06478032216980692	5.67e-321	0.26821908023480995	0.5688463944315718	0.09815420316381124
UNG_boot.103	0.11793392394231453	1.566e-321	0.2949362669010034	0.5338147614006828	0.05331504775599931
UNG_boot.104	0.08861544632693107	1.033e-321	0.23068233026570842	0.5662816173378458	0.11442060606951474
UNG_boot.105	0.055047187277909276	1.64e-321	0.2329892672878062	0.5746331289292137	0.13733041650507088
UNG_boot.106	0.2007963226936718	0.06861395052922213	0.17519109087023124	0.5383920300155218	0.017006605891352954
UNG_boot.107	0.13796900436780943	0.04601409465559533	0.10345352644095025	0.7006945611427189	0.011868813392925922
UNG_boot.108	0.11605537360525739	0.11734832198341662	0.21983767701975213	0.5467586273915739	2.7198830840414646e-296
UNG_boot.109	0.18467445387748518	0.06683300464462383	0.18649943932357205	0.49303816554853797	0.06895493660578093
UNG_boot.110	0.07870054581506265	0.011811362308147026	0.20585136648899272	0.7036367253877975	2.7288272513468134e-263
UNG_boot.111	0.12052919437140944	0.03926081762195918	0.25822935821595616	0.5819806297906752	2.535e-321
UNG_boot.112	0.11418684805601297	1.3395741408108257e-90	0.20266800490537137	0.6211676209025141	0.06197752613610154
UNG_boot.113	0.1211988232385032	0.04026475335607754	0.1483358472126243	0.6283251508541334	0.06187542533866157
UNG_boot.114	0.23314269587358685	0.027018230635884828	0.05592772843489605	0.6542606897933338	0.029650655262298427
UNG_boot.115	0.1698949475743058	3.693126206241227e-104	0.23558472035313935	0.5350230284818546	0.059497303590700164
UNG_boot.116	0.18942705215985178	0.038101813764627006	0.14155885781339633	0.630912276262125	2.1293753201666677e-20
UNG_boot.117	0.16966392403181765	0.02735148935911257	0.12429251321772425	0.6424951085249004	0.03619696486644514
UNG_boot.118	0.12676631722696566	4.0918499337425875e-247	0.2585817065988027	0.5594291959434056	0.055222780230826024
UNG_boot.119	0.17154599340426446	2.574e-321	0.20358627311200028	0.49879801004784496	0.12606972343589024
UNG_boot.120	0.20464733130900417	0.05909904661041933	0.08821187494152963	0.6259593798047882	0.022082367334258602
UNG_boot.121	0.1714286665110155	3.8e-321	0.1292588341686616	0.6949313545081057	0.004381144812217245
UNG_boot.122	0.11236545792065374	3.22e-321	0.22939305978122448	0.570459091386534	0.08778239091158782
UNG_boot.123	0.16403363870901344	7.209648041775739e-268	0.18174942869108215	0.6339520226624658	0.02026490993743868
UNG_boot.124	0.1359948371626713	0.04483880813431729	0.12549159237373325	0.6684206729560579	0.025254089373220243
UNG_boot.125	0.10393579857993619	2.796e-321	0.29582325605969745	0.5811297648452906	0.01911118051507569
UNG_boot.126	0.10820026476467565	2.633e-321	0.3005901589720941	0.501763113480722	0.08944646278250834
UNG_boot.127	0.18886149588632412	4.847e-321	0.14203885225357582	0.5615537576788343	0.1075458941812659
UNG_boot.128	0.1909629278398887	0.052198985267390204	0.1514816331887241	0.5256393731696524	0.07971708053434466
UNG_boot.129	0.06649991328266801	1.507e-321	0.24622763758423621	0.598541096939217	0.08873135219387877
UNG_boot.130	0.17389412694818582	0.030578424968942374	0.2099508104078173	0.5549452057509868	0.030631431924067552
UNG_boot.131	0.14086966904227655	0.1262495762711074	0.20068748415280874	0.49910016461398776	0.03309310591981939
UNG_boot.132	0.13796635455307193	0.03526162050554737	0.19032745310403446	0.5809934791647975	0.05545109267254863
UNG_boot.133	0.1624200648771348	7.217252449018826e-103	0.2034481652745644	0.539509986953599	0.09462178289470181
UNG_boot.134	0.16675664619150057	9.040069771228072e-220	0.1885963004405145	0.5825228976823852	0.06212415568559969
UNG_boot.135	0.1518920033239948	1.544472889398456e-264	0.23702648435458273	0.5814514369581593	0.029630075363263255
UNG_boot.136	0.11936816506249409	1.645e-321	0.2729083594906458	0.5720248995700045	0.03569857587685578
UNG_boot.137	0.14019599906781904	8.645740924053251e-199	0.13096127199598423	0.6549338464935425	0.07390888244265427
UNG_boot.138	0.15831426203993268	2.337e-321	0.19414871579070103	0.5498947746263577	0.09764224754300865
UNG_boot.139	0.1292813049107134	0.05146557048113006	0.2768428869365153	0.5187069905522034	0.0237032471194379
UNG_boot.140	0.19131815979539568	0.0385087947764651	0.12550656534854665	0.5818124485152119	0.06285403156438076
UNG_boot.141	0.13554427356511745	0.024810342537624964	0.14163651978335629	0.6779521488439793	0.020056715269922035
UNG_boot.142	0.18902732400444477	0.028901535686389132	0.1866567890081143	0.5801219021168761	0.015292449184175565
UNG_boot.143	0.1531057411705946	0.015021918174907976	0.23100999095746105	0.5460601159800803	0.054802233716955966
UNG_boot.144	0.21459765645966983	0.006288047569072077	0.19005400665422054	0.5615127175831365	0.027547571733900964
UNG_boot.145	0.14665476042689035	0.0039692439347465	0.19720679751560882	0.5940549462836777	0.05811425183907666
UNG_boot.146	0.13346271766749412	5.0741991603055226e-169	0.24854245341068823	0.5923984162881808	0.025596412633636878
UNG_boot.147	0.13935044587665318	2.747e-321	0.16391055628031728	0.6424800174127817	0.054258980430247836
UNG_boot.148	0.15037002026635352	3.5362508341430875e-228	0.17916253256494322	0.6019500352359409	0.06851741193276231
UNG_boot.149	0.1736513613847523	1.774e-321	0.12327931186822462	0.665805123679213	0.03726420306781023
UNG_boot.150	0.10707948101144431	3.236e-321	0.23168688963639328	0.5363019599474599	0.12493166940470243
UNG_boot.151	0.055399755897672896	0.029496819035757328	0.34321686054987466	0.5622785441723772	0.009608020344317935
UNG_boot.152	0.17382518229871713	1.5374384521952196e-37	0.19634296414388488	0.5817317020977083	0.04810015145968966
UNG_boot.153	0.16395070618600344	1.3023829915952248e-92	0.18570449614633042	0.5509998412582209	0.0993449564094451
UNG_boot.154	0.10741322732320668	2.793773602404758e-281	0.20195436701401726	0.6630489650603801	0.027583440602395922
UNG_real	0.11912737046265547	0.07793663275125903	0.236402178964054	0.5665338178220316	9.540030509085131e-270
UNG_real.1	0.1022895437184481	0.006978795446035968	0.20704574600804604	0.606674930825221	0.07701098400224891
UNG_real.2	0.16009301522259367	0.0017227413155896825	0.19012340345759068	0.5953664589564689	0.05269438104775723
ATP2B4_boot	0.20754653394652153	0.18722959024153737	0.5214606128394069	0.08376326297253407	1.596e-321
ATP2B4_boot.1	0.4132721356234713	0.08272667451608769	0.41583532905386	8.25e-322	0.08816586080658098
ATP2B4_boot.2	0.32874524019145557	0.12555619866957232	0.2869112179567487	0.10815580158527689	0.15063154159694656
ATP2B4_boot.3	0.3241118087951231	1.22e-321	0.46688968835247335	1.797938255061836e-284	0.20899850285240357
ATP2B4_boot.4	0.17381035927346308	0.15644117362931764	0.4458246717927439	0.18190389281714942	0.04201990248732597
ATP2B4_boot.5	0.27232523851011764	3.31e-321	0.5367379888372109	0.009592048754848734	0.18134472389782275
ATP2B4_boot.6	0.3581723405978251	0.03410012335499946	0.4549373784628009	1.3152029412172557e-67	0.15279015758437461
ATP2B4_boot.7	0.23736160427998063	0.16239729175383447	0.5042873831250562	0.0959537208411289	1.24e-321
ATP2B4_boot.8	0.37812639512994556	0.11695806490197076	0.44613022407397307	1.1961588125223276e-237	0.05878531589411055
ATP2B4_boot.9	0.30805062801041827	0.14867371687318187	0.38812135254392266	0.15515430257247725	2.673e-321
ATP2B4_boot.10	0.3716656227419284	0.012783663132298574	0.5365463399684348	0.0050958031614132026	0.07390857099592497
ATP2B4_boot.11	0.285157131910344	0.04566849780791773	0.4810286492935957	0.11092173770158306	0.07722398328655958
ATP2B4_boot.12	0.20956261737067938	1.65e-321	0.6723686730343288	0.02257258087667069	0.09549612871832129
ATP2B4_boot.13	0.37469665944445746	0.02743105854844955	0.508915698803907	7.36e-322	0.08895658320318614
ATP2B4_boot.14	0.3672398103394561	3.22e-321	0.4350382954035553	4.841831326541569e-122	0.1977218942569885
ATP2B4_boot.15	0.21495211744956366	0.14744417387485917	0.5897907356829972	0.04438285426677956	0.0034301187258002617
ATP2B4_boot.16	0.3182646826619494	0.10272553798056092	0.5072082876189685	1.2849307674478719e-286	0.07180149173852125
ATP2B4_boot.17	0.31037867964518334	0.10179704632860519	0.33180543407649077	0.18265537251014843	0.07336346743957237
ATP2B4_boot.18	0.40351142655197236	0.006471070982134637	0.4321681132830397	6.575787741018711e-69	0.1578493891828534
ATP2B4_boot.19	0.35883206922524746	0.074440575879851	0.3431889546839402	0.16021827934141072	0.06332012086955079
ATP2B4_boot.20	0.20482950397065	0.07312226923828338	0.5661250550334991	0.07243758092441084	0.08348559083315663
ATP2B4_boot.21	0.23360647146180682	0.08368360185217756	0.5461605904358936	0.07791443412644919	0.05863490212367268
ATP2B4_boot.22	0.3106299636336672	0.10951599706535574	0.36551386630341454	0.1879281540678592	0.026412018929703324
ATP2B4_boot.23	0.26128716738232804	0.09437910941743671	0.5691763456782039	0.006749833602684377	0.0684075439193471
ATP2B4_boot.24	0.18774647335586048	0.18059837664154577	0.4750951816036961	0.12134277510350742	0.035217193295390185
ATP2B4_boot.25	0.2922925782328911	0.05757526675640275	0.5800004802905777	0.05097060734382998	0.01916106737629834
ATP2B4_boot.26	0.36140914278039143	0.026962748636885747	0.5132147672046348	6.816850947866894e-99	0.09841334137808792
ATP2B4_boot.27	0.3370973058275472	3.25258335277355e-28	0.4768522363984773	4.477926882998056e-190	0.1860504577739755
ATP2B4_boot.28	0.3333701173760966	4.24e-321	0.6021254384598567	3.117492224103674e-223	0.06450444416404669
ATP2B4_boot.29	0.18003995800144518	0.21469454595688098	0.3780089697642949	0.22725652627737902	8.7e-322
ATP2B4_boot.30	0.22186977314655054	0.18051592971447955	0.3667484306944392	0.21390691414353183	0.01695895230099899
ATP2B4_boot.31	0.2784991136880591	0.003138324740955951	0.5689777968449208	0.014618351955330207	0.13476641277073403
ATP2B4_boot.32	0.23840326663634853	0.07232768066956309	0.4660703261818929	0.15641976933264665	0.06677895717954868
ATP2B4_boot.33	0.2605413427631599	0.10610951500379309	0.41212895789803716	0.20136814826481558	0.019852036070194364
ATP2B4_boot.34	0.251840130365506	0.05767104282878221	0.586392183361287	0.08651974891512966	0.01757689452929508
ATP2B4_boot.35	0.31040869439979984	0.06631089378944859	0.5504382752586807	1.057e-321	0.07284213655207077
ATP2B4_boot.36	0.30382108554139003	0.14332608698139895	0.3786667575787983	0.15851516683748873	0.01567090306092387
ATP2B4_boot.37	0.4158279275951562	0.056451956370563	0.37090987128632313	0.05599336994796028	0.10081687479999747
ATP2B4_boot.38	0.3212815659266688	0.19550498319227166	0.18787516170919727	0.27347033986578795	0.021867949306074375
ATP2B4_boot.39	0.3103994302594044	0.08103367669539685	0.45642541514826274	2.33994531062887e-194	0.15214147789693613
ATP2B4_boot.40	0.2942673947631911	0.0648119737335546	0.5119221069050456	0.12899852457818387	2.0024923677558863e-11
ATP2B4_boot.41	0.27400991057281393	0.0642958060979384	0.5647982742058095	1.48e-321	0.09689600912343811
ATP2B4_boot.42	0.33109053419235857	0.028119596404202276	0.5029400918246553	0.026909981201020085	0.11093979637776398
ATP2B4_boot.43	0.39700713344421595	0.030695351485146224	0.43555685854861237	0.05992998976933424	0.07681066675269119
ATP2B4_boot.44	0.36721085789422886	2.757e-321	0.4729944815568897	0.034742422133308075	0.12505223841557325
ATP2B4_boot.45	0.276762801453259	0.15017673947563787	0.3478927866078525	0.22516767246325073	3.283875808818629e-137
ATP2B4_boot.46	0.29633455358931127	0.18660553738908664	0.3159329355823306	0.16639493148078405	0.034732041958487406
ATP2B4_boot.47	0.18701740249610432	8.205433e-317	0.6658439591525764	0.05571488559013185	0.09142375276118755
ATP2B4_boot.48	0.3125017692016089	0.010430404994234121	0.5229750490419802	9.3e-322	0.1540927767621767
ATP2B4_boot.49	0.33763739916615776	0.06459680998849758	0.3925205101980678	8.25e-322	0.2052452806472768
ATP2B4_boot.50	0.2791482021284269	0.08375874050254518	0.4936080977385955	0.0167474220448514	0.12673753758558126
ATP2B4_boot.51	0.38727572710063507	0.04914877866133598	0.37490143087636385	0.02653661884484147	0.16213744451682346
ATP2B4_boot.52	0.2975819120002257	0.09172288187112451	0.3807173151673833	0.140919738570092	0.08905815239117433
ATP2B4_boot.53	0.3679730742596199	0.03979560172388155	0.4190256106961394	0.05610025842934786	0.11710545489101132
ATP2B4_boot.54	0.3619414434453555	0.12350818541099494	0.38452988487701256	0.059880823316071044	0.07013966295056595
ATP2B4_boot.55	0.2931086066056222	1.724e-321	0.5452684094916991	0.056143359863118886	0.10547962403955988
ATP2B4_boot.56	0.24436725989302704	0.04633594167333121	0.5889608457461991	0.03508341414110948	0.08525253854633305
ATP2B4_boot.57	0.34445666227398913	0.09288519204919445	0.45508231938717336	0.10757582628964292	2.623e-321
ATP2B4_boot.58	0.2581976123409576	0.060066594275683664	0.5826815160148974	0.022901811562916055	0.07615246580554524
ATP2B4_boot.59	0.30662155833300786	0.14788849825553363	0.35536635912674686	0.19012358428471182	1.907e-321
ATP2B4_boot.60	0.2373425558545714	0.08736146070506252	0.5587053402208436	0.03927938873013997	0.07731125448938245
ATP2B4_boot.61	0.35533008310251635	0.08570828684624604	0.35164895028870374	0.14908118053090558	0.058231499231628195
