Samples	SBS96A	SBS96B	SBS96C	SBS96D	SBS96E	SBS96F	SBS96G	SBS96H
OGG1_boot	0.0395440678138914	0.8239220472113717	3.705e-321	0.05483259092647316	0.05989812706889263	0.021803166979371083	1.14e-321	3.003306199843086e-243
OGG1_boot.1	6.03e-321	0.545665451073865	0.023845228113539577	0.3529734973059704	0.03687407469041778	0.04012795225618124	0.0005137965600259905	1.8514224997432675e-175
OGG1_boot.2	5.687e-321	0.7714819190422831	0.01670959842572659	0.0496390563533214	0.026577442408246537	0.025747310769273852	0.10984467300114852	2.1242179457015382e-209
OGG1_boot.3	2.663e-321	0.6510643065305244	5.804885371737644e-147	0.15766595958042276	0.05988914180177754	4.900740827253453e-295	0.039190328416160776	0.09219026367111449
OGG1_boot.4	2.136559525743087e-64	0.6899193841519331	0.018029342571698817	0.027490762302530093	0.050318541144751296	0.004452617485883973	0.10448565962324834	0.1053036927199542
OGG1_boot.5	0.044374623021853556	0.667361796699624	0.009717889635091239	0.21539821684882626	0.0516141322221348	1.556e-321	8.421736303305117e-131	0.011533341572469952
OGG1_boot.6	0.03689641920303908	0.6941077876168098	0.006469480865291897	0.13369669559545933	0.042962957144572905	0.04217758989123155	0.043689069683595566	8.721208505632675e-86
OGG1_boot.7	0.018999960915340227	0.6792029213851085	0.006179011728730936	0.1781050751546603	0.04923568963858882	0.017122482526841603	0.047988275916662854	0.003166582734066827
OGG1_boot.8	6.817546009752694e-70	0.7413716687570705	2.49106310097196e-11	0.060736273336771944	0.06397568086659593	2.867483911568027e-172	0.13391637701465098	7.46e-322
OGG1_boot.9	2.0092791443693123e-175	0.622899342048991	0.03347900368893666	0.1538004940448496	0.04063703706544836	0.02260335159148705	0.10413351226584117	0.022447259294446145
OGG1_boot.10	0.0014061742261203805	0.6008559615127809	6.586e-321	0.29838800355717726	0.013668771194728223	0.006939659145515194	0.07874143036367812	9.44e-322
OGG1_boot.11	1.87093751807901e-79	0.6575520441795952	0.0050056679783589495	0.13134722622311512	0.008816413324905579	0.021122686674659243	0.134917752961559	0.04123820865780686
OGG1_boot.12	0.00414346806169939	0.7008771651238448	0.014129783357862719	0.15650027775446315	0.0428703010727701	0.017301908475344414	0.0433695763825959	0.02080751977141964
OGG1_boot.13	0.0011434301285240117	0.6182492778756276	0.006294385760600735	0.25796868125593536	0.03149508451396228	0.05963703666929356	0.025212103796056363	2.6750562008072067e-136
OGG1_boot.14	0.02565777368617348	0.5778509974196572	3.903e-321	0.2204334827949176	0.052459439182602235	0.0042924215083526415	0.07682579007878786	0.042480095329509075
OGG1_boot.15	7.810794915608988e-204	0.6643112135118697	0.01509802592643522	0.08561082403713477	0.04343978098839778	0.012194017137423824	0.15036594948661003	0.02898018891212875
OGG1_boot.16	0.0252408929407128	0.6589138714640814	0.03951930440698615	0.24344245185982433	0.03288347932839539	5.1e-321	2.770740731255927e-289	6.87e-322
OGG1_boot.17	2.554e-321	0.683961879622913	0.03522507290866777	0.08313330544970145	0.058753017801178906	0.001971274366186315	0.13695544985135263	9.04e-322
OGG1_boot.18	3.854e-321	0.5837376307185962	0.024720393919920498	0.2054298502735128	0.0382221272719335	1.23e-321	0.1478899978160369	2.5745885448306993e-21
OGG1_boot.19	5.559680357527171e-34	0.6453979432587457	0.039888961261933156	0.11186537485882121	0.032245071027804266	6.63e-321	0.1329587223272819	0.03764392726541372
OGG1_boot.20	0.039162989810806965	0.6594235763807806	2.0974875027733975e-105	0.14176504154097713	0.03755064512232888	0.009147121294333262	0.10587598147286503	0.007074644377908142
OGG1_boot.21	1.1054788575497099e-14	0.8000417543653661	0.015443290423114646	0.06546091786727562	0.02515239508627692	0.029447213908367725	0.06445442834958791	1.4327988414100701e-202
OGG1_boot.22	0.041200424442096546	0.630554040133192	8.161690928257008e-228	0.09338001661878961	0.07162743952095528	2.4770895340503934e-19	0.09784599186177274	0.06539208742319373
OGG1_boot.23	1.1105450512339082e-52	0.7309602554472249	0.014831392842847894	0.08789310081350496	0.05867509881800564	0.009981892405264675	0.06970575861005822	0.02795250106309375
OGG1_boot.24	0.07668757394302497	0.6436624292621906	0.022740480280565658	0.0983559003708892	0.07043444315488145	4.427e-321	0.04652675790528629	0.04159241508316183
OGG1_boot.25	2.500357877355751e-218	0.6942838321926377	0.020029793003472348	0.08341841539526554	0.07364922763419525	0.005421070204835392	0.08800556697014457	0.03519209459944916
OGG1_boot.26	4.046e-321	0.7278229243622155	4.79e-321	8.372771202251262e-14	0.07994415906938976	1.13e-321	0.07239915678151669	0.11983375978679447
OGG1_boot.27	3.28e-321	0.5896788402613755	0.01625024913038697	0.27786457666629333	0.017726161720396427	0.007343095295527267	0.09113707692602038	5.57835425305781e-93
OGG1_boot.28	0.06932243225943956	0.7548672275635204	4.83e-321	2.4366585625268373e-54	0.04597169183439639	7.219375587216461e-63	0.02778471345605885	0.10205393488658474
OGG1_boot.29	5.736e-321	0.7142895570969179	0.024779054717149245	0.11640527794045052	0.04189426356650414	0.03673440316870392	0.0398978841790791	0.025999559331195132
OGG1_boot.30	2.08e-321	0.6756409012105327	2.716850226057296e-140	0.21684806805012638	0.041575110886190154	0.05832879679813413	0.0034652444561987304	0.004141878598817921
OGG1_boot.31	5.857902953077904e-305	0.6616960892238013	0.026542711471853678	0.1953757767421874	0.012125636610208525	0.02442929816898381	0.07983048778296543	1.9285867789337943e-140
OGG1_boot.32	4.224e-321	0.6307707021811846	0.02043743958490389	0.17156305090945828	0.031420763971833465	4.265365458443302e-118	0.09339446813710015	0.052413575215519606
OGG1_boot.33	4.817e-321	0.6808081047847072	0.020527671252646405	0.13713424538369945	0.029902254621081422	0.021645528150035686	0.08529318828552818	0.024689007522301583
OGG1_boot.34	4.85e-321	0.6712732111655872	0.011208755252451675	0.10269675552191816	0.03613113697363537	0.012049686879729836	0.019739787706700727	0.1469006664999769
OGG1_boot.35	0.014101962578873018	0.7083878312938809	0.036470351222065156	0.0909222825687889	0.028555213257721413	3.103e-321	0.12156235907867066	1.998673861346756e-81
OGG1_boot.36	0.02455452198827521	0.693234092789045	0.0028258180697486156	0.14595453960368313	0.017966609361909254	0.021935389132674586	0.05087376836409632	0.04265526069056781
OGG1_boot.37	2.095e-321	0.6073140816848368	0.0019126410739214604	0.22973712721589723	0.03853873258029614	0.017820321349980635	0.09331336866160052	0.01136372743346706
OGG1_boot.38	3.03e-321	0.6536817796114932	0.008323638744627364	0.2456985118829266	0.00895400334485491	0.03989748502225126	0.04344450100816263	8.038568390582101e-08
OGG1_boot.39	1.26e-321	0.6395180021122077	0.020297002700060823	0.12900108786842876	0.04009260554754554	1.176e-321	0.17109130177175735	4.146471006395631e-49
OGG1_boot.40	2.75e-321	0.5828344197709686	0.024293052928151673	0.27746427110867455	0.04273542024835186	0.03516648479169701	3.435534685641345e-14	0.037506351152122
OGG1_boot.41	0.0053682747341227055	0.7091391934056327	0.02436148658781309	0.12480433277094502	0.06267096337881756	0.015410848365647257	0.05798887642343169	0.00025602433358995106
OGG1_boot.42	0.001704683097362426	0.5942098228688999	3.394e-321	0.23364732457765602	0.04285171031014195	0.000760088263190089	0.04397679534173712	0.08284957554101267
OGG1_boot.43	2.796e-321	0.736445598810703	0.039498867222193326	0.06144747700785586	0.015141182032393596	0.0016168355503434373	0.13507907250167728	0.01077096687483352
OGG1_boot.44	2.5574194180444548e-229	0.5974052290059448	6.361859422426295e-32	0.26672636959772417	0.025533814528252582	0.005343842002827187	0.1049907448652512	3.636253632937953e-138
OGG1_boot.45	1.0659908507137234e-279	0.6453198588383939	0.008149910000289447	0.2227990071344328	0.04642481847702967	0.009206646196365352	0.06809975935348898	4.663990868351546e-156
OGG1_boot.46	7.05852840443263e-198	0.6571007440016801	0.02688808305996538	0.10600739027411828	0.01891049818602888	0.05335090005107089	0.05082932297167437	0.08691306145546211
OGG1_boot.47	0.004911992854870927	0.6928016534334697	0.031096338297363996	0.10724200717141634	3.731932036827927e-127	0.03982060163084623	0.09657602087981373	0.027551385732219293
OGG1_boot.48	0.04031636327746729	0.686803797401965	0.013969642663814105	0.10808871728352404	0.009286390677655762	0.057385085214331985	0.054182952823475794	0.029967050657766083
OGG1_boot.49	0.03789359243274056	0.674740338601878	0.02135040579964786	0.07526193372505666	8.26843777678205e-257	0.020561068813890596	0.0946427172994789	0.07554994332730731
OGG1_boot.50	0.03419228280260945	0.7195368681564004	0.020968759666327264	0.13983850876597134	0.00558228823024661	0.02415165307101347	0.02174115084149939	0.03398848846593209
OGG1_boot.51	0.05617222671976243	0.7846071244828179	0.006784119230090614	0.03443013394854624	1.57e-321	0.017996208875661005	0.10001018674312175	2.192948946798511e-56
OGG1_boot.52	0.015250403962336215	0.7683074477859324	0.025660816104986103	0.0866201336214547	0.010331203845488806	0.02599596531595139	0.010392929841817753	0.057441099522032794
OGG1_boot.53	0.03245557433265271	0.6897608486038267	0.009511873779370985	0.07326104655853383	0.0013178733928548593	0.03502130914099518	0.12652609330315273	0.03214538088861313
OGG1_boot.54	4.397e-321	0.6318828403324779	0.022249893580196644	0.20488133754612686	0.0020213795956448366	0.014210000887779276	0.12475454805777438	1.1096609125867307e-129
OGG1_boot.55	0.04515835639613114	0.6907175891794504	0.01599177067424515	0.08743052334761793	0.004588792924182414	0.06227739839992077	0.03822115732553133	0.05561441175292101
OGG1_boot.56	0.025966809344809477	0.689714428795662	0.022189753508197057	0.10904860083097452	0.005724043240707096	0.05206181571654528	0.04315681360778408	0.05213773495532041
OGG1_boot.57	0.0055536957464163055	0.696984512401131	0.027658146348239498	0.13512637879403755	0.0010311601010718925	0.02743160232946179	0.08254505065616734	0.023669453623474564
OGG1_boot.58	0.033133722678269605	0.7548099582517231	0.008329906724443972	0.07754435435133673	1.635e-321	0.012147215173018179	0.1140348428212084	2.8188055592880335e-176
OGG1_boot.59	0.021980766221544653	0.6985011235376178	0.025737635732987752	0.08172016319338876	1.95e-321	0.004785003519659303	0.15474046753461249	0.012534840260189003
OGG1_boot.60	0.020974444070989917	0.6855002158114304	0.038462955842075534	0.05462616109351472	0.0041997781741875085	0.005926580060366662	0.1086493107515263	0.08166055419590888
OGG1_boot.61	0.05069493527257224	0.6547212113833092	0.005348954286839969	0.1527431230655175	0.006472403119752569	0.0025024014931632798	0.07013146543567536	0.05738550594316981
OGG1_boot.62	0.018889818805093172	0.6901981126157718	0.03231151187079576	0.060750868816879924	2.95e-321	0.03920786605716525	0.0742223606483168	0.08441946118597735
OGG1_boot.63	0.015931397024716114	0.6589760196427681	0.04888165303142963	0.1919505701504815	0.004754538431438333	0.030851756364768827	0.04865406535439757	1.8504742204500963e-56
OGG1_boot.64	0.049330155054619296	0.7097850235510315	0.026767884517359595	0.12027001327478536	3.84167162806048e-104	0.011948781596902875	0.07435731294753586	0.007540829057765487
OGG1_boot.65	0.03880163799897858	0.7060332289047281	0.01681675791177526	0.029118686673755015	0.0053623552019922355	0.04439525266281859	0.07960531787512612	0.07986676277082597
OGG1_boot.66	0.0021550147274285027	0.7886490171340578	0.036854568656768776	0.015212308193095513	5.494e-321	0.03349244343818221	0.047603590235131714	0.07603305761533562
OGG1_boot.67	0.0573717864761006	0.7501363516030592	0.017927062678779804	0.06907975968156789	2.0547695840378843e-269	0.03856271944163391	0.04882685593105246	0.018095464187805915
OGG1_boot.68	0.08734754432715697	0.7561160627398882	0.01780577194286107	0.0001485562892532259	0.013276473037719224	0.03790029040512986	0.04710368553703979	0.04030161572095167
OGG1_boot.69	0.015175872486654652	0.6339148076913598	0.012936755959908565	0.23085426625302605	4.62e-321	0.03964239460103109	0.04761962948021926	0.01985627352780075
OGG1_boot.70	0.020629780016117587	0.6050207282350085	0.013325238667587228	0.26286130318064915	0.0027777493454931136	0.04893586186983969	0.021306826427825342	0.025142512257479255
OGG1_boot.71	0.013429599228172462	0.6671655839534022	0.014313976378053433	0.1677439863922504	2.456e-321	0.044477575765124525	0.08845694209187856	0.00441233619111845
OGG1_boot.72	0.04382783824097154	0.6582566058128047	0.026365251631588666	0.14944125874340428	1.556e-321	0.019712865095243594	0.07445672338239362	0.02793945709359355
OGG1_boot.73	0.032636661977593934	0.6762919025942542	0.02904047870501111	0.1550916369637759	0.006952160416988679	0.024813694072681858	0.035540311736324735	0.039633153533369464
OGG1_boot.74	0.05177778863229898	0.7610453655869078	0.006634899180403679	9.913346014940168e-35	0.019892588625703377	0.014747976581505262	0.07059561887873224	0.07530576251444848
OGG1_boot.75	7.175688730175779e-202	0.5895898136609901	0.032846477507837396	0.2642766246495177	9.282965051366674e-308	0.042958734826012736	0.02676126887688141	0.04356708047876075
OGG1_boot.76	1.1510747775599138e-152	0.6462357508159848	0.013871463352776777	0.23397599275228337	1.423e-321	0.04026172722539925	0.0656550658535558	4.3848445131736895e-253
OGG1_boot.77	0.02222291835424683	0.599058305754322	0.0269982611977282	0.21123940617388867	3.483e-321	0.011042621524864724	0.06996094940142514	0.05947753759352427
OGG1_boot.78	0.007986306082118158	0.6577599844168394	0.01188642361359956	0.21006972548329583	1.3430666452405678e-244	0.01629635247110495	0.06094129948550947	0.03505990844753262
OGG1_boot.79	0.05843885168309473	0.766625287627908	0.02338223174736736	1.4103903965820197e-111	2.9345330004281924e-38	0.019187844194960432	0.055350550299460524	0.077015234447209
OGG1_boot.80	0.00549743331138972	0.7251862750932548	0.050857544366795036	0.07948109925136634	4.609802312312984e-186	0.038363559247381634	0.10061408843908468	2.907278395426617e-10
OGG1_boot.81	0.011075320931879544	0.7320323819675055	0.009430955387565151	0.09640783554229133	2.456e-321	0.036190988728669396	0.10589230582808258	0.008970211614006384
OGG1_boot.82	0.03164935081784641	0.6927469235485129	0.00856919508443071	0.11426255159158663	2.8983240846999175e-256	0.01826831630573013	0.10310657515830354	0.03139708749358983
OGG1_boot.83	0.025519977247133924	0.7005822938267567	0.029669933539912933	0.11669300964004924	3.65e-321	0.026173962726769428	0.06418793893290937	0.037172884086468266
OGG1_boot.84	3.907721150029847e-208	0.623121637890618	0.04049316581880655	0.22599267649900334	0.001310685680925325	0.008033756941922316	0.0902403201126256	0.010807757056098757
OGG1_boot.85	7.05512398331065e-23	0.6324706307613512	0.0016898531914032603	0.23691671586835023	0.016284206474246412	0.03222430175986441	0.07955661385895453	0.000857678085829852
OGG1_boot.86	9.093453195589269e-101	0.6740131773436187	0.04771901783285024	0.1227774344819512	1.0645697781887748e-157	0.026733477470256936	0.11135110118213175	0.01740579168919123
OGG1_boot.87	0.030072490350957697	0.622613396068698	0.016204061849259346	0.19107959125327367	0.008759749748185218	0.017376193364130425	0.01823951542509523	0.0956550019404002
OGG1_boot.88	0.055434094468895724	0.670253562415903	0.007757877122152869	0.13656775132507074	1.57466280907735e-153	0.027612066127381173	0.0901286098197707	0.012246038720825813
OGG1_boot.89	0.036884412545011666	0.7568943750397055	0.020558120905699483	4.2373125255014845e-26	8.39598913801834e-06	2.436874719855091e-137	0.049158174707754625	0.13649652081269073
OGG1_boot.90	1.87e-321	0.5006874744240295	5.035e-321	0.2493647788210008	1.7940755516038758e-29	2.307e-321	0.1227547493916451	0.12719299736332457
OGG1_boot.91	2.5829020596276244e-113	0.6015524419928557	4.466e-321	0.24172493305631781	0.021343996946024766	0.000651671676230082	8.320699515238767e-109	0.13472695632857162
OGG1_boot.92	2.7394426827397053e-66	0.5940156071985029	6.08e-321	0.2106128816452768	0.018587110945643383	3.56e-321	0.02723026022962035	0.14955413998095646
OGG1_boot.93	5.020504123832203e-295	0.5746357474960324	3.073e-321	0.1620204747975868	0.026836046731396165	5.247e-321	0.048544037562380106	0.18796369341260455
OGG1_boot.94	3.113e-321	0.48199027785612014	0.006392225680272464	0.23755872667328493	3.403442793346307e-253	5.6e-322	0.1864664230575743	0.08759234673274813
OGG1_boot.95	8.40058206915157e-52	0.5410034843459607	5.756e-321	0.22123177388587703	0.006376007894112886	4.585e-321	0.0492569037157102	0.18213183015833917
OGG1_boot.96	1.13e-321	0.5320000288362577	3.97e-321	0.11268998308166557	0.007369553010660842	4.74e-322	0.16023226252711464	0.18770817254430122
OGG1_boot.97	1.6883472912977886e-131	0.5590464593605896	2.446e-321	0.22639356767129182	0.04147410150035017	2.56e-321	1.697225874279205e-161	0.17308587146776833
OGG1_boot.98	1.82e-321	0.45080773071304603	4.175e-321	0.3494501461299926	0.01322595710199121	1.734e-321	0.03943125951792336	0.1470849065370468
OGG1_boot.99	3.197e-321	0.5190576633596219	4.427e-321	0.17555159423654462	1.625e-321	1.126e-321	0.17783027758934586	0.12756046481448766
OGG1_boot.100	7.870295077770805e-21	0.6174750055761691	6.707728561888218e-207	0.18157370912643236	0.029773324222261383	6.26e-321	0.0520063103504639	0.11917165072467326
OGG1_boot.101	0.01936791493506659	0.5503792170015966	2.317e-321	0.2593895969861778	0.03666429522285253	4.55e-321	5.3e-322	0.13419897585430648
OGG1_boot.102	4.037e-321	0.5324084227875412	3.22e-321	0.21692893107364256	0.021671920326590752	0.0036030821625479934	8.1e-322	0.22538764364967734
OGG1_boot.103	1.1430957308611984e-71	0.5906695107403355	3.286e-321	0.13036575852023943	0.052347493747510576	4.17e-321	2.9774036869046e-122	0.22661723699191455
OGG1_boot.104	5.193e-321	0.6655569847076778	1.833e-321	0.18943843617827022	3.523e-321	0.022652381865194266	0.06902879406681209	0.053323403182045676
OGG1_boot.105	1.3354931338635938e-109	0.47646341421358607	3.103e-321	0.2342315412080066	0.02079178557707183	4.609060050057019e-270	0.09619515722195428	0.1723181017793812
OGG1_boot.106	3.09e-321	0.45134730211242036	2.8e-321	0.2670849322634805	0.028768518136953043	2.12e-321	0.07402689653161915	0.17877235095552696
OGG1_boot.107	1.99e-321	0.5496892728244215	3.157e-321	0.21825396072192635	0.001701645406993433	0.003681843267185884	0.0809143104792968	0.1457589673001759
OGG1_boot.108	9.008507646950884e-194	0.5508925263968781	3.276e-321	0.21155193018787127	0.007295443166815976	1.294e-321	0.006922097815574917	0.2233380024328596
OGG1_boot.109	3.503e-321	0.5540326773546714	2.44e-321	0.255213957929181	0.01724364644685736	1.6207291088237177e-167	0.09376672064557157	0.07974299762371877
OGG1_boot.110	4.417e-321	0.4347834357855127	4.41e-321	0.3290642318147368	0.009785848318108383	1.176e-321	0.0016771707819194324	0.22468931329972272
OGG1_boot.111	1.5481922544735742e-269	0.505519577821946	0.005822867656556703	0.21991593535232745	0.06723708884541293	2.703e-321	0.06437681564170844	0.13712771468204843
OGG1_boot.112	9.887100139125569e-54	0.5842748563759774	3.45e-321	0.15032146604606475	0.015284825139461354	0.030799932545585513	0.021089661687077297	0.19822925820583384
OGG1_boot.113	4.2909126664115306e-209	0.5261146398437645	4.476e-321	0.24911561332187518	0.02181295012076565	1.784e-321	0.033445454764784104	0.1695113419488107
OGG1_boot.114	5.36e-321	0.6322734327509667	3.18e-321	0.14170298223806904	0.03506104930407958	1.25e-321	0.0733144423496962	0.11764809335718841
OGG1_boot.115	1.2335154935897976e-228	0.604752502946356	0.0014060672265916079	0.15552056078677	9.985188242731557e-248	2.703e-321	0.07051532976797857	0.16780553927230396
OGG1_boot.116	0.008077845481761659	0.6119208354489054	1.7935146054088048e-188	0.0005443416157167795	0.01281780451984659	5.53e-322	0.09575936828736886	0.27087980464640077
OGG1_boot.117	1.84e-321	0.5549224887674388	2.915e-321	0.20079129114578367	0.035744220662842635	1.0151424000347189e-185	1.3460489880021431e-163	0.20854199942393484
OGG1_boot.118	4.886e-321	0.5581776723437404	1.6589e-319	0.23146143352899634	0.00945843304192233	2.1047978709763064e-93	0.01882673941447885	0.18207572167086203
OGG1_boot.119	4.106e-321	0.6005729808632353	4.066e-321	0.17561991834078883	0.03793770325433444	0.005049986596469255	0.03018587334403619	0.150633537601136
OGG1_boot.120	5.524e-321	0.5508957465303419	3.3e-321	0.2262151783971871	0.026409060071673186	0.014976191080945112	2.0838801749132633e-39	0.18150382391985265
OGG1_boot.121	1.87e-321	0.5239812173541345	8.605590835358215e-281	0.2511916810453381	0.038471255800163896	1.107e-321	0.1360893448467142	0.05026650095364927
OGG1_boot.122	8.357144984237735e-166	0.5536796827154385	3.493e-321	0.2593107205219775	0.0002576922421386423	2.97e-321	0.05056547100427385	0.13618643351617135
OGG1_boot.123	2.154471963526067e-301	0.5504334532999418	1.645e-321	0.3158196165980791	0.02436533761162475	0.028698596909334143	4.4e-322	0.08068299558102034
OGG1_boot.124	1.136e-321	0.3760413112028781	3.122e-321	0.4069186473783525	0.016023904026666987	1.03e-321	0.08983755322957492	0.11117858416252752
OGG1_boot.125	8.837442199358338e-115	0.631042719118152	2.987637543953699e-196	0.05326433666966856	0.05574487598063875	1.16e-321	0.024705808574236536	0.23524225965730428
OGG1_boot.126	3.95e-321	0.5118785384508213	9.356401102647226e-119	0.2816458155965789	0.012552649921275097	1.26e-321	0.06767459472426898	0.12624840130705584
OGG1_boot.127	3.165999409247072e-108	0.5979109281348689	4.862587011088084e-130	0.16028290796516473	0.04441399426959963	2.5807023473675907e-247	0.018100378319248916	0.17929179131111772
OGG1_boot.128	1.691138692522953e-100	0.5343443662251348	4.9170678327337605e-197	0.193843779460712	0.010171350994421057	5.9e-322	0.10215070063325009	0.15948980268648202
OGG1_boot.129	1.146e-321	0.46598554117720303	2.623e-321	0.20708492835604617	0.03479191189457921	9.44e-322	0.07434875139983865	0.2177888671723331
OGG1_boot.130	2.63e-321	0.5416779879362996	3.08e-321	0.21983635354481665	0.03687479333697124	1.186e-321	0.022114455904056998	0.17949640927785535
OGG1_boot.131	1.0131492520438447e-268	0.45092008673046724	3.01e-321	0.27275446977624684	2.52e-321	1.77e-321	0.14093949463026514	0.13538594886302066
OGG1_boot.132	1.176e-321	0.5198544026287042	2.144e-321	0.13612208478636162	2.446e-321	2.055e-321	0.053018987574068636	0.2910045250108656
OGG1_boot.133	1.7834654333070175e-128	0.5262199520470461	1.2010169277867533e-91	0.2454527921190692	2.66e-321	2.55e-321	0.0914735990641163	0.13685365676976846
OGG1_boot.134	0.01530943380504707	0.5374312495683944	3.01e-321	0.22640686387819017	0.006368274938122692	2.47e-321	0.03601265071588206	0.17847152709436354
OGG1_boot.135	6.497e-321	0.5606234478930321	4.387e-321	0.25187003982769324	1.3929432917489334e-22	0.023107932159435834	0.023307472003023928	0.14109110811681483
OGG1_boot.136	3.345e-321	0.5729062694213732	4.77e-321	0.22032677753890711	0.02007928704686353	1.7666364894690754e-179	0.04142372328208169	0.1452639427107743
OGG1_boot.137	2.026e-321	0.49245554839125594	2.32e-321	0.4146358273831182	1.344e-321	1.497e-321	0.05725830667667522	0.035650317548950684
OGG1_boot.138	5.05e-321	0.5935083771277663	5.123e-321	0.22947968545180386	0.016682256862243557	3.61e-321	0.07122213572203004	0.08910754483615622
OGG1_real	3.947712330260945e-123	0.6822646422825085	0.016908909891738336	0.15455779149375293	0.04216174082628497	0.008455923000838413	0.0776582051276015	0.0179927873772753
OGG1_real.1	0.023429352689986464	0.6809785615097514	0.02168774418087991	0.1384129708385123	2.7691420467558857e-25	0.03251154359582375	0.07095171216622048	0.03202811501882572
OGG1_real.2	5.415e-321	0.545573350656502	4.78e-321	0.22135682520251437	0.02397922245657786	3.76e-321	0.04629854544681722	0.16279205623758855
UNG_boot	0.05955671504417858	0.04001424230574724	0.05454849250921215	0.10678792845430878	0.00986021452227819	0.4503795331587328	0.1958302144586134	0.08302265954692895
UNG_boot.1	0.05946303204327159	0.14329541150769975	0.08149761762016075	1.8266807116579467e-285	0.03903189157774893	0.4388521904554975	0.11724837840315336	0.12061147839246801
UNG_boot.2	1.3e-321	0.06171904884061632	0.06580207926549085	0.13399293089855405	0.010086374358249765	0.4162978661089636	0.11121729732178393	0.20088440320634152
UNG_boot.3	1.210510058354905e-136	0.01720438537965895	0.09312707199848089	0.17620267120575261	4.2e-322	0.42931914128323656	0.02846266552811255	0.2556840646047584
UNG_boot.4	0.005834939865038362	7.021242226692133e-247	0.06986861197392354	0.1696156748112522	0.027350341281737276	0.4005839060983598	0.14718244132530853	0.17956408464438045
UNG_boot.5	0.043882835915112446	0.1166260108481511	0.06684155612135037	0.05005917765528092	0.023988451094845903	0.3742028840370052	0.18324151325641458	0.14115757107183952
UNG_boot.6	0.03605770155161757	5.73999438109877e-16	0.0428592359522552	0.1676453679758697	1.93e-322	0.39516908272853535	0.11899634880784883	0.23927226298387294
UNG_boot.7	3.157e-321	1.0270661888240724e-45	0.07187897389326187	0.11625220103648004	8.713734536267948e-248	0.4846214877779367	0.08832834944203599	0.2389189878502855
UNG_boot.8	9.225893510064729e-190	0.08271031057623644	0.1068593631970955	0.12960216819574857	0.03264018914441171	0.4692386542316572	0.038301055372030456	0.1406482592828202
UNG_boot.9	1.75e-321	0.11993777847432999	0.07851792583777302	0.07985551682360012	0.018074979792316127	0.3860573240885735	0.15265656213764545	0.1648999128457619
UNG_boot.10	2.1487e-320	0.08071661708427458	0.04993751571223427	0.18956126696655634	1.05780676894711e-296	0.5194382902085837	0.120491671508148	0.03985463852020319
UNG_boot.11	4.046e-321	0.13061904525117193	0.06994193091123954	0.050717991592559915	0.026118290419134424	0.4192222276533626	0.08782280602468098	0.2155577081478507
UNG_boot.12	2.8686705766e-314	0.11170215084189533	0.0973341779203724	0.04056779532133097	6.212650500106836e-154	0.45915210322725564	0.21953262996986916	0.07171114271927652
UNG_boot.13	0.00646444057849821	0.004682162942740601	0.11504055289449548	0.15191361148947483	0.02306766849946313	0.4012180647014565	0.08560246871378624	0.21201103018008496
UNG_boot.14	1.36e-321	0.027624751765044246	0.05039565176932901	0.05710386125750433	7.6e-322	0.48929870864103375	0.10647493717926741	0.26910208938782143
UNG_boot.15	1.6582852464496182e-26	0.08833857689810344	0.07511102653733952	1.3204404626154817e-145	0.021288678913983734	0.5019597218898638	0.05031842345021056	0.262983572310499
UNG_boot.16	2.9e-321	0.05497139812891985	0.06970062609300855	0.10992136124407056	1.6010179340833029e-62	0.4444302352436337	0.17201173056908228	0.14896464872128523
UNG_boot.17	3.43e-321	0.06403754263871453	0.13653392209524948	0.10861559447105244	1.324e-321	0.4086642421784362	0.1603282414384167	0.12182045717813078
UNG_boot.18	2.5e-321	0.11254940487368541	0.10725941051023749	0.06300892698473143	9e-322	0.47484765160426656	7.937676731037666e-229	0.24233460602707915
UNG_boot.19	1.92e-321	0.07566381637790541	0.08348685826988371	0.05622316036475486	0.05987266754240841	0.41362342510313643	0.15230339897407144	0.15882667336783965
UNG_boot.20	0.01995428377782724	0.07592685262287864	0.06737347308116488	0.14735496626952788	6.1e-322	0.4363293247289648	0.07737304871308268	0.17568805080655395
UNG_boot.21	0.025356280138678446	0.10430219812018797	0.05921573647463776	0.01027638619262785	6.743504317444327e-191	0.39320888076781024	0.13535329358750772	0.27228722471855005
UNG_boot.22	0.02076974844167144	0.062259277506342255	0.09232933868533198	0.05949020278328562	5.43e-322	0.5095867746017039	0.055479836321894876	0.2000848216597698
UNG_boot.23	2.22e-321	0.04173332370176734	0.06835293744917315	0.1596286097102494	1.5e-321	0.44329068207952704	0.14817175966821367	0.13882268739106957
UNG_boot.24	4.4803987723304485e-201	0.057946691736236025	0.05027125914375894	0.057124297837891226	3.8e-322	0.5391608993266498	0.07930628057664212	0.2161905713788217
UNG_boot.25	5.074576375900768e-208	0.1679837245613016	0.045552256636491414	0.05146841177917585	1.793e-321	0.46004086843296743	0.14194263033905172	0.1330121082510121
UNG_boot.26	0.04314708563300146	0.041430280608569466	0.04164797832375765	0.16024160780654695	2.0552328948464108e-196	0.37795426082481653	0.13414247654487832	0.20143631025842956
UNG_boot.27	0.044027759230832936	6.077012104415642e-45	0.11374148411197946	0.1474432708837194	6.4e-322	0.4353934717728771	0.0874129570253939	0.1719810569751972
UNG_boot.28	3.1211100082235054e-65	0.059301788497071774	0.05399388895273661	0.1937147771799465	1.55e-321	0.4213501113981609	0.027927481686051085	0.24371195228603315
UNG_boot.29	0.03776991651198089	0.08856169498178525	0.07305716323144079	0.031687173874352596	8.996969769134049e-155	0.4886758521461504	0.09777534533238373	0.1824728539219063
UNG_boot.30	3.74e-321	0.09265167361828595	0.09028918689034443	0.10315771592736053	2.9943249877934448e-301	0.48639723994050954	0.10703170574429186	0.12047247787920776
UNG_boot.31	9.950546802277314e-264	0.04297758015789	0.08686581586110059	0.0821379598089381	9.8e-322	0.4678963630176375	0.1251546405004385	0.1949676406539953
UNG_boot.32	2.707e-321	0.02555101836174691	0.06319394276514845	0.15561871648438716	1.803e-321	0.3733679400262264	0.15380280231860669	0.2284655800438844
UNG_boot.33	2.6341256074906024e-176	3.8698729426383865e-13	0.1216230414674571	0.1502549524674127	9.665756936237964e-222	0.393672181026099	0.15731689087940368	0.17713293415924047
UNG_boot.34	2.800274269731931e-108	0.15806314486421297	0.06443380664097295	0.02966089230864484	1.26e-321	0.4860367866687083	0.12499250475599238	0.13681286476146864
UNG_boot.35	8.129323158066471e-302	0.09915595095551204	0.06600988907237557	0.022572234395752296	0.011445349738593904	0.4615986942114766	0.18518385750108807	0.15403402412520162
UNG_boot.36	4.2666144e-316	0.031592170380306484	0.06050170204374124	0.17339091865045675	1.93e-322	0.47270879966146884	0.08509860043359642	0.17670780883043025
UNG_boot.37	5.613033254175193e-47	0.1378092743111913	0.07550186968531772	0.08317227709648688	0.06261762112410411	0.3767430809481084	0.1155989487531304	0.14855692808166132
UNG_boot.38	2.940060146024059e-263	0.007898926483167925	0.028539548172938814	0.15743193559808205	5.53e-322	0.4726688944774242	0.2016695694742529	0.13179112579413416
UNG_boot.39	1.265e-321	0.0004631900276930172	0.061064403941182774	0.188720947317053	5.4e-322	0.45352405668216267	0.07550103385961397	0.22072636817229468
UNG_boot.40	0.04944797627427052	0.13048394829296825	0.06448218264924559	0.07868367267150594	2.056784409973145e-195	0.4704319426058817	0.0018677629586869328	0.20460251454744105
UNG_boot.41	1.37e-321	0.1153693247014112	0.07585369102483122	1.5516960594080082e-145	0.028191862662621903	0.46156183905669734	0.19858966797549457	0.12043361457894385
UNG_boot.42	0.03353187321406756	0.006489921032256724	0.05239611961605929	0.13426732989146398	6.3e-322	0.44538264625324364	0.09169999977466607	0.23623211021824253
UNG_boot.43	7.186099949104738e-122	0.10586463687447904	0.08798476595506702	0.09363750041943278	1.3e-321	0.45786304932165034	1.5328864703005074e-243	0.2546500474293709
UNG_boot.44	3.3354003180792344e-281	8.223609052360572e-66	0.06998533495902531	0.24447966897232545	1.586e-321	0.4330121672417713	0.118031166895083	0.13449166193179496
UNG_boot.45	2.46620213301902e-305	0.06232089420103334	0.09611872345871239	0.1021823095752886	1.176812642166113e-12	0.5095249095522115	0.11743805066265076	0.11241511254892643
UNG_boot.46	2.787e-321	0.0855136784441164	0.05584785478097179	0.1061350793100678	1.126e-321	0.5349942164919361	0.08452092028817709	0.13298825068473075
UNG_boot.47	2.22e-321	0.07151425737904282	0.06068329624577134	0.08805246869664433	7.56e-322	0.44761661318745327	0.12394225591456101	0.2081911085765272
UNG_boot.48	0.020354826249015773	0.07504216733379378	0.08986288732266899	0.10024052726055122	1.21e-321	0.48184717881092054	0.09271043390242117	0.13994197912062847
UNG_boot.49	2.86e-321	0.042322376452939285	0.07339200940534757	0.15676402550422655	4.224420787973325e-39	0.3611068133269042	0.15800339415730047	0.2084113811532819
UNG_boot.50	0.046226963377054474	0.013376534350952462	0.08915265416246669	0.1435386912504564	0.0012895416631406667	0.5035829160346804	0.1014472915384638	0.10138540762278503
UNG_boot.51	0.07168241417380415	0.13347667551761272	2.213e-321	1.808480724749242e-181	0.12865082362499985	0.40913281475370167	0.18021912152776073	0.07683815040212102
UNG_boot.52	0.04298868504615585	0.09746546720534376	4.565e-321	3.7305443340719483e-19	0.05419783813326544	0.4706578591641589	0.26611098268940536	0.0685791677616708
UNG_boot.53	0.007683603416042956	0.028950641861126464	1.938760332363778e-141	0.18414614994696216	0.10305825715626642	0.44134179725218325	0.156872231484552	0.07794731888286684
UNG_boot.54	0.07339283304511109	0.05240893361139851	1.68e-321	0.08959849194044474	0.06745878666314539	0.48695237092985466	0.23018858381004545	1.7292829873354445e-171
UNG_boot.55	0.03883725836919867	0.14440349685783052	0.0048834710521158614	4.69216106819805e-44	0.10378006630966766	0.39275659808511	0.24736031547348	0.06797879385259731
UNG_boot.56	0.06477242756347441	0.0894696001673582	2.3014622709613488e-88	0.03358828563459876	0.08851873673857728	0.4864251642260625	0.22491107154219023	0.012314714127738654
UNG_boot.57	0.005394599461015319	0.1193432195123474	4.496e-321	0.05118617156793927	0.1547335210692583	0.45339641873825565	0.15706893725538298	0.058877132395801134
UNG_boot.58	2.807693154761385e-159	0.16016637467474348	3.58e-321	1.097e-321	0.16110409784906268	0.4113894768894393	0.22477922963188124	0.042560820954873235
UNG_boot.59	0.07795981014002445	0.13397451955337103	5.131324314246824e-211	0.037287961187436255	0.06788144721345832	0.4502864857400497	0.21012149374844924	0.022488282417210875
UNG_boot.60	0.08686956856868602	0.09996320070547082	1.57e-321	0.08545813796898671	0.11389800067890232	0.3601882675910427	0.25362282448691154	4.042842945754128e-161
UNG_boot.61	0.029356903475813215	0.14282760287721197	0.006202072197978007	8.4115e-320	0.14292633128387325	0.4189940093387412	0.25969308082638226	5.570463488964346e-120
UNG_boot.62	0.0003518246854428877	0.061231021722734945	4.753832211612264e-153	0.06256484858541458	0.14169850446734128	0.47229005433962656	0.2516800835817298	0.010183662617709848
UNG_boot.63	0.034393796136991006	0.12324532535350932	2.283e-321	2.530866354294224e-161	0.12201457024806536	0.4810592998816968	0.2392870083797374	1.477e-321
UNG_boot.64	0.04877655668954536	0.08847930418495778	2.3310186867665882e-107	0.054803104361725856	0.053663319142620174	0.45495734443779945	0.23402906197900733	0.0652913092043441
UNG_boot.65	1.7090881577592946e-191	0.08196269720565205	0.006727320928692942	0.13177324936638132	0.107009885431585	0.5044304743899555	0.16809637267773317	1.364e-321
UNG_boot.66	0.038632255055117935	0.13089410188736053	1.1e-321	0.06393116972496614	0.10980473345045422	0.4644178420258466	0.1923198978562546	5.27985495318602e-91
UNG_boot.67	0.044619887335217046	0.1644969767397862	3.6174101135061926e-138	9.667819730081361e-81	0.10503165636400535	0.4199932804572821	0.22752428911536277	0.038333909988346467
UNG_boot.68	0.07768298758135266	0.13867778530694252	1.08e-321	8.006906993474513e-76	0.15121706542976643	0.4247911981953566	0.17279086479895403	0.03484009868762779
UNG_boot.69	0.09031275349114948	0.12938582441828458	2.243e-321	5.1094782333721874e-250	0.09777361123969411	0.42710316010228766	0.21946032556000536	0.035964325188578845
UNG_boot.70	0.06533063367181656	0.07534409147142221	0.009894328001794166	0.07063823808378618	0.011756895548236607	0.44338417406068187	0.2821319975577121	0.04151964160455031
UNG_boot.71	0.05272984649328495	0.09050622175953481	4.886e-321	0.11869470820360079	0.06516820700509536	0.47076023179426285	0.1680098285865576	0.034130956157663636
UNG_boot.72	0.12358097800187424	0.09574058516547347	0.023853259739422494	0.009844460035077789	0.04808635461777795	0.4320457572217957	0.2316802772884886	0.03516832793008989
UNG_boot.73	0.021486591327313304	0.14539091511057836	1.4621896614638827e-251	0.026980752133300163	0.18406408125137433	0.4163751109600652	0.20570254921736847	3.398984962553044e-113
UNG_boot.74	0.04941937993258863	0.1419421053375324	0.00930109639148693	1.374e-321	0.15598331818319372	0.42092331701770314	0.21033276791269023	0.012098015224805105
UNG_boot.75	0.09488603940387143	0.13123355270455384	1.53e-321	1.126e-321	0.11590974550271242	0.4159326194148182	0.18139781588214887	0.06064022709189512
UNG_boot.76	0.0383748196740446	0.06703515149649596	1.66e-321	0.112747854744963	0.12668118003345016	0.45703751707895734	0.19812347697208896	1.0434975976247117e-47
UNG_boot.77	0.042490794596798304	0.14708162995595395	0.015536710926186352	0.03426495078942919	0.1007004202635742	0.441152457625294	0.20353462297545608	0.015238412867307934
UNG_boot.78	0.10015753451788703	0.1080563728458626	2.0402859537138254e-276	0.035837693719834605	0.08502045568630126	0.3810499978801737	0.23065149314868946	0.059226452201251396
UNG_boot.79	0.0162629335017586	0.1061559803023293	1.3743355930228257e-236	0.11127178307069018	0.1007078851423637	0.41833463000335414	0.24726678797950416	5.677805802543676e-32
UNG_boot.80	0.0273655946443319	0.1032420440273438	1.06e-321	0.01076390675162525	0.17760523431721922	0.37106567988104133	0.3001410890213481	0.009816451357090243
UNG_boot.81	0.05450194770068957	0.09510909791362199	0.026162259467501094	0.07325762081845479	0.14958698382092828	0.41076148765930176	0.1906206026195026	9.789543293044457e-81
UNG_boot.82	0.05911200034930777	0.09879835877606245	2.367e-321	0.0723436190944328	0.11594962741033817	0.47581365301606937	0.15157014667702653	0.0264125946767628
UNG_boot.83	0.09173529365535145	0.12339305580523978	3.5017455466521846e-281	2.3641596896621174e-77	0.08203071621830758	0.41462436398472036	0.23030820215032072	0.05790836818606002
UNG_boot.84	0.03345043131336098	0.031177356686061863	1.59e-321	0.13739665162487125	0.13149895915667464	0.4234110402828619	0.24299135118778517	7.420974838412365e-05
UNG_boot.85	0.06274940290451142	0.06649742415159732	0.013198362275246771	0.15703281460824897	0.07566171873460723	0.45027057585697605	0.17458970146881234	2.3268556540467347e-20
UNG_boot.86	0.06646070149382155	0.1534531590153278	2.727e-321	1.9621432457556342e-210	0.08088276344149431	0.46759766532091873	0.21244779608051698	0.01915791464792072
UNG_boot.87	0.03843733104244785	0.1713458405687906	3.953e-321	3.181757290870821e-21	0.1178075222393757	0.4020743041916598	0.2703350019577262	2.857780174492422e-50
UNG_boot.88	0.0013504301819826587	0.06044441786464774	2.016e-321	0.12847962906879495	0.14429987379826198	0.43819556040030916	0.22723008868600367	5.73e-322
UNG_boot.89	0.0881029056346359	0.0909179955926912	3.735e-321	0.04641775921960553	0.10339252196178625	0.4725052450627395	0.19866357252854175	2.901869449435501e-110
UNG_boot.90	0.06572260665139859	0.039109883011796326	2.05e-321	0.10336234770910893	0.10569752112119443	0.4131490614219624	0.2729585800845392	1.8484589743583565e-193
UNG_boot.91	0.050568559546854644	0.14180520593359416	2.71e-321	9.857272908683782e-117	0.12644235848183444	0.4483480118014215	0.23283586423629524	4.546268780329625e-196
UNG_boot.92	0.062458672820769646	0.08092501849296195	1.566e-321	0.040714326963171406	0.1286148942050085	0.4302121401388965	0.18230176543338789	0.07477318194580407
UNG_boot.93	0.06293410632942358	0.12957687239082133	2.604e-321	0.04437280427240493	0.08130768638675072	0.419293071077824	0.22475107758447155	0.03776438195830394
UNG_boot.94	0.07852262246599917	0.10519534362314054	3.463e-321	0.06490613837091151	0.09763219656449465	0.4110951679863746	0.22889241727015824	0.013756113718921185
UNG_boot.95	0.04604285822803563	0.10201341250991848	1.66e-321	0.061734656658180946	0.13346711357019486	0.40844065811183217	0.2483013009218377	3.802860414620162e-92
UNG_boot.96	0.10742215966132446	0.13654745162408405	2.846e-321	0.019838686310136158	0.09679840734942323	0.45330964500281734	0.18563421333725982	0.00044943671495482895
UNG_boot.97	0.033126567045213356	0.05976269771156589	4.64e-321	0.05926691183913295	0.15507984442276362	0.44724572152894193	0.24496207832706848	0.0005561791253137195
UNG_boot.98	0.06604105627934838	0.07777945820367281	0.004369305662267406	0.10295132200025978	0.023332614137079235	0.5018752719512126	0.2097759402453748	0.0138750315207848
